3994.4546	0.0101983576595544
3993.0377	0.0102744740761937
3991.6207	0.0100606769043167
3990.2037	0.0102604658458092
3988.7867	0.0106210226950133
3987.3698	0.00995646151772441
3985.9528	0.010793322861987
3984.5358	0.0102649869395031
3983.1188	0.0105241259181024
3981.7019	0.0102840599058446
3980.2849	0.0101885948102554
3978.8679	0.00998238361065269
3977.4509	0.0102813005533625
3976.034	0.0105679010850149
3974.617	0.0105782685764598
3973.2	0.010121779990447
3971.783	0.0102906348875355
3970.3661	0.00987650558566271
3968.9491	0.00986847020122034
3967.5321	0.00995624659649406
3966.1151	0.0102859694551452
3964.6982	0.00976176127577966
3963.2812	0.0101602293367365
3961.8642	0.0100730100157068
3960.4472	0.0104416294279451
3959.0303	0.010377207835003
3957.6133	0.00995995360902448
3956.1963	0.0101556957409967
3954.7793	0.0105347301153205
3953.3624	0.0104722374932627
3951.9454	0.0103540047797049
3950.5284	0.00987171271729976
3949.1114	0.010037417631081
3947.6944	0.0099751157793639
3946.2775	0.00977330317649682
3944.8605	0.0102708169141468
3943.4435	0.0104817272458341
3942.0265	0.0101988535067807
3940.6096	0.0102409025827769
3939.1926	0.00997946857130346
3937.7756	0.0103432532896398
3936.3586	0.0105488600242578
3934.9417	0.0103397179528156
3933.5247	0.0101705955566229
3932.1077	0.0108634881287892
3930.6907	0.0100809612713996
3929.2738	0.0102425948919963
3927.8568	0.0105261310996972
3926.4398	0.0102570731992513
3925.0228	0.00974579061024129
3923.6059	0.0101546725103128
3922.1889	0.0100365758841218
3920.7719	0.0101505162151144
3919.3549	0.0104934003023973
3917.938	0.010138696796581
3916.521	0.0102637766859835
3915.104	0.0104106921324522
3913.687	0.0105478123918149
3912.2701	0.0106566146798041
3910.8531	0.010267442690977
3909.4361	0.00981532225055244
3908.0191	0.00989254986801657
3906.6022	0.0100312472394391
3905.1852	0.0096652102132947
3903.7682	0.0102968818829894
3902.3512	0.0100308894196161
3900.9342	0.0100822308858049
3899.5173	0.0100249619222692
3898.1003	0.00957390533376266
3896.6833	0.00988129467242701
3895.2663	0.0100474171977143
3893.8494	0.0102050261600944
3892.4324	0.00938219065364821
3891.0154	0.00978929845868619
3889.5984	0.00979604927444038
3888.1815	0.00983893760876824
3886.7645	0.0102673946583745
3885.3475	0.010384941268609
3883.9305	0.00966324483511026
3882.5136	0.0103891296490148
3881.0966	0.00974856126285879
3879.6796	0.0103788013158515
3878.2626	0.0100483943866321
3876.8457	0.0102339976947191
3875.4287	0.0100624991070324
3874.0117	0.0100474297590245
3872.5947	0.00958615619096832
3871.1778	0.00961642123163526
3869.7608	0.00999213014791233
3868.3438	0.010368049686389
3866.9268	0.00987752468552331
3865.5099	0.0103018841351988
3864.0929	0.0102588971573821
3862.6759	0.00979946704663917
3861.2589	0.0103484357111266
3859.842	0.0102428539380766
3858.425	0.0100211376422914
3857.008	0.00986230471030114
3855.591	0.00937436445295381
3854.174	0.00941875309035089
3852.7571	0.00971723189436488
3851.3401	0.00996422333167428
3849.9231	0.0096070986498925
3848.5061	0.0096951472791251
3847.0892	0.00974592726226909
3845.6722	0.0100823742682537
3844.2552	0.00961317262105164
3842.8382	0.00968783289321824
3841.4213	0.00994091232366503
3840.0043	0.0097253222907515
3838.5873	0.00965439870010947
3837.1703	0.0100505822995138
3835.7534	0.0101317919753987
3834.3364	0.00984056950075896
3832.9194	0.00977268953735506
3831.5024	0.00972432626114011
3830.0855	0.00964870709668398
3828.6685	0.00959393793954517
3827.2515	0.0101629463050888
3825.8345	0.00942670564844226
3824.4176	0.00925373124809804
3823.0006	0.00967611212611736
3821.5836	0.00945815597428244
3820.1666	0.00906166778682688
3818.7497	0.00955711823570124
3817.3327	0.00995067713856992
3815.9157	0.00966805531559596
3814.4987	0.0105557300760072
3813.0818	0.00967992403018588
3811.6648	0.0100836406755305
3810.2478	0.00950982560960317
3808.8308	0.00963091091415965
3807.4138	0.00967775319693101
3805.9969	0.00972881449730867
3804.5799	0.00942998793498996
3803.1629	0.00961615088028755
3801.7459	0.0100307011178134
3800.329	0.00996473862663972
3798.912	0.00997983196679383
3797.495	0.010016766544849
3796.078	0.00977509788857075
3794.6611	0.00961870779967266
3793.2441	0.00948326946642675
3791.8271	0.00945386159285902
3790.4101	0.00977366538583448
3788.9932	0.00970254329543833
3787.5762	0.0100863429090562
3786.1592	0.00973120743902883
3784.7422	0.00955760560844616
3783.3253	0.00943950405279785
3781.9083	0.00906289480489361
3780.4913	0.00930047982353935
3779.0743	0.0099699623028388
3777.6574	0.00942433167834081
3776.2404	0.00909112746028575
3774.8234	0.00932332372919906
3773.4064	0.00982343132911852
3771.9895	0.00926606800959619
3770.5725	0.00948964722068261
3769.1555	0.00927477149117493
3767.7385	0.00968882063181123
3766.3216	0.00971498881234643
3764.9046	0.00898764270790708
3763.4876	0.00962982563770077
3762.0706	0.00908000883418179
3760.6536	0.00923344290117592
3759.2367	0.0096369844995908
3757.8197	0.00926800395388428
3756.4027	0.00960463690597062
3754.9857	0.00938023556471785
3753.5688	0.00945280712942693
3752.1518	0.00905678733489002
3750.7348	0.00931315117078102
3749.3178	0.00908347227527487
3747.9009	0.00970316030369061
3746.4839	0.00954587994634335
3745.0669	0.00956219494302518
3743.6499	0.00972292501215647
3742.233	0.00948705918705555
3740.816	0.00929841721327541
3739.399	0.00938353930497595
3737.982	0.00946149164007553
3736.5651	0.00952008691871931
3735.1481	0.00978063267368411
3733.7311	0.00962793498286682
3732.3141	0.00912842893456651
3730.8972	0.00879373182393642
3729.4802	0.00934574184315961
3728.0632	0.00892234615196301
3726.6462	0.00925900879178777
3725.2293	0.00955019833650316
3723.8123	0.00939168736843479
3722.3953	0.00917862383399141
3720.9783	0.00922456155177989
3719.5614	0.00893106730745642
3718.1444	0.00920820152867599
3716.7274	0.0088652236462678
3715.3104	0.00872641894583539
3713.8935	0.00944515466694281
3712.4765	0.00940961159093652
3711.0595	0.00908070358489422
3709.6425	0.00939674381191476
3708.2255	0.00944330148563704
3706.8086	0.00908433445682682
3705.3916	0.00942583958603411
3703.9746	0.00920075260244245
3702.5576	0.00918599869450345
3701.1407	0.00898303985329055
3699.7237	0.00907585262210768
3698.3067	0.0093840081068883
3696.8897	0.00860309838978951
3695.4728	0.00890637736932559
3694.0558	0.00864725465045753
3692.6388	0.00892260696134248
3691.2218	0.00922009151949964
3689.8049	0.00924708009788122
3688.3879	0.00899113082390833
3686.9709	0.00924939442484078
3685.5539	0.00909933939621131
3684.137	0.00883071904346519
3682.72	0.00907126953202688
3681.303	0.00939037408440471
3679.886	0.00848269216206874
3678.4691	0.00877570806122485
3677.0521	0.00898372630230047
3675.6351	0.00889363037560388
3674.2181	0.00923927181916337
3672.8012	0.00924629506294655
3671.3842	0.00922907064094361
3669.9672	0.00897084011491661
3668.5502	0.00936637203408808
3667.1333	0.00907586935625399
3665.7163	0.00918886706389452
3664.2993	0.00909253569654903
3662.8823	0.00860213001785804
3661.4653	0.00894734685250364
3660.0484	0.00911272623407275
3658.6314	0.00942885284323134
3657.2144	0.00849841622805975
3655.7974	0.00911534533674769
3654.3805	0.00904216330868413
3652.9635	0.00908546114710295
3651.5465	0.00938379191094245
3650.1295	0.00936859354569809
3648.7126	0.00911285565192406
3647.2956	0.0093231989567717
3645.8786	0.00905913220641846
3644.4616	0.00945657675184438
3643.0447	0.00905566926517209
3641.6277	0.00926888343730391
3640.2107	0.00911184489611855
3638.7937	0.00930204370451314
3637.3768	0.00953357216475438
3635.9598	0.00978247909503722
3634.5428	0.0095268875731767
3633.1258	0.00972250230556076
3631.7089	0.00980521630208788
3630.2919	0.00948814476768726
3628.8749	0.00946561018228557
3627.4579	0.00971685297744447
3626.041	0.00977053157312682
3624.624	0.00970781771332956
3623.207	0.00985090028833201
3621.79	0.00995896584607669
3620.3731	0.00955511758718996
3618.9561	0.00965917576829929
3617.5391	0.0103784741713714
3616.1221	0.0101430331988476
3614.7051	0.0105274117261586
3613.2882	0.0104269539135275
3611.8712	0.0106294978403737
3610.4542	0.0103761659147563
3609.0372	0.0107082811067063
3607.6203	0.0105993918873569
3606.2033	0.0106289509230476
3604.7863	0.010903159538665
3603.3693	0.0106791096237996
3601.9524	0.0107240701436887
3600.5354	0.0114705396862952
3599.1184	0.01061018118497
3597.7014	0.0110508927323896
3596.2845	0.0111629160417466
3594.8675	0.011138139484709
3593.4505	0.0112637669366827
3592.0335	0.0112966655010279
3590.6166	0.011357859600654
3589.1996	0.0114501970019704
3587.7826	0.0112580907987509
3586.3656	0.0120400184041661
3584.9487	0.0117882496935465
3583.5317	0.0123612959074049
3582.1147	0.0122185867910725
3580.6977	0.0121186155799772
3579.2808	0.0122570262862721
3577.8638	0.0121255231792581
3576.4468	0.0124658923665493
3575.0298	0.0125089739024586
3573.6129	0.012553907457154
3572.1959	0.012628382311857
3570.7789	0.0129828338689082
3569.3619	0.0133156008086058
3567.9449	0.0131685118055697
3566.528	0.0135249473728457
3565.111	0.0134605493096462
3563.694	0.0137273025760679
3562.277	0.0135661466866395
3560.8601	0.0141116042362896
3559.4431	0.0142176054376289
3558.0261	0.0143464780683133
3556.6091	0.014546293308884
3555.1922	0.0140063999439433
3553.7752	0.0143123033793937
3552.3582	0.0144432482929014
3550.9412	0.0145835992515281
3549.5243	0.0149958324543161
3548.1073	0.0149071968071343
3546.6903	0.0149698568196891
3545.2733	0.015274099471841
3543.8564	0.0155176197876922
3542.4394	0.0155427575987811
3541.0224	0.0162105545349721
3539.6054	0.0163327382680525
3538.1885	0.0162512340848737
3536.7715	0.0162420262018689
3535.3545	0.0158888900865736
3533.9375	0.0163844361957323
3532.5206	0.0168370843722921
3531.1036	0.0161948760787822
3529.6866	0.0171440574993565
3528.2696	0.0175276414889653
3526.8527	0.0172714125813998
3525.4357	0.0177571543702155
3524.0187	0.0176556440804498
3522.6017	0.0179076067268026
3521.1847	0.0177029006623404
3519.7678	0.0178980511843286
3518.3508	0.0184125277669831
3516.9338	0.0187752128387307
3515.5168	0.0188103348269864
3514.0999	0.0185896830723876
3512.6829	0.0186267638041013
3511.2659	0.0189470689828466
3509.8489	0.0189936047300014
3508.432	0.0192935898630976
3507.015	0.0192637530910468
3505.598	0.0196656354784583
3504.181	0.0196218723491585
3502.7641	0.0200059282834208
3501.3471	0.0198174460566313
3499.9301	0.0202214965598742
3498.5131	0.0201359648664042
3497.0962	0.0203381675760683
3495.6792	0.0203382284906113
3494.2622	0.0207724982099283
3492.8452	0.0212995865631591
3491.4283	0.0210445268912412
3490.0113	0.0213399937220594
3488.5943	0.0214136223998387
3487.1773	0.0218163231984966
3485.7604	0.0217203626914786
3484.3434	0.0220811061404397
3482.9264	0.0218548904222217
3481.5094	0.0221371814960545
3480.0925	0.0223060635064489
3478.6755	0.022071743098137
3477.2585	0.0227134659908772
3475.8415	0.0225621371255049
3474.4245	0.0229775564294686
3473.0076	0.0224980692257843
3471.5906	0.0229307164067853
3470.1736	0.0232859518694538
3468.7566	0.0230312835742446
3467.3397	0.0236079037074755
3465.9227	0.0236642527420133
3464.5057	0.0234559794254263
3463.0887	0.0241463468385116
3461.6718	0.0240103351963348
3460.2548	0.0241699544218221
3458.8378	0.024529015097071
3457.4208	0.0245655005165392
3456.0039	0.0248683649934658
3454.5869	0.024686338081451
3453.1699	0.0245640814443512
3451.7529	0.0249136064719382
3450.336	0.0253304503010002
3448.919	0.0251057649665687
3447.502	0.0254981334806124
3446.085	0.0255560776693706
3444.6681	0.0258898228546349
3443.2511	0.0260980237402241
3441.8341	0.0260593030708743
3440.4171	0.0267741175136795
3439.0002	0.0264053939447641
3437.5832	0.0265644863738508
3436.1662	0.0270283678864117
3434.7492	0.0269800821976766
3433.3323	0.0265258079082578
3431.9153	0.0270590385559779
3430.4983	0.0272671120606208
3429.0813	0.0272472052077216
3427.6643	0.0273638551983516
3426.2474	0.0271476764254531
3424.8304	0.0275225891183886
3423.4134	0.0275610764527551
3421.9964	0.0273082364747269
3420.5795	0.0277240589894829
3419.1625	0.0282299500165907
3417.7455	0.0283316195895948
3416.3285	0.0286379712747395
3414.9116	0.0282167290457003
3413.4946	0.0286823373185911
3412.0776	0.0292680465767307
3410.6606	0.0291644017003336
3409.2437	0.0288277108689565
3407.8267	0.0285245657925982
3406.4097	0.028823624849162
3404.9927	0.0293480868701042
3403.5758	0.0289404637144418
3402.1588	0.0296552398051168
3400.7418	0.0298681280671195
3399.3248	0.0297599815299913
3397.9079	0.0302459809704809
3396.4909	0.0302088234989229
3395.0739	0.0301268572258927
3393.6569	0.0304924352785215
3392.24	0.0307247047141479
3390.823	0.0305421068823526
3389.406	0.0307220441572976
3387.989	0.0308055473913038
3386.5721	0.0310334994463612
3385.1551	0.0309962896404757
3383.7381	0.0310784069119274
3382.3211	0.0310812955591978
3380.9041	0.0310530445463942
3379.4872	0.0312068007930735
3378.0702	0.0308619154587859
3376.6532	0.0311419839760953
3375.2362	0.0314241745706476
3373.8193	0.0318890697410408
3372.4023	0.0318154722985723
3370.9853	0.0316320962451603
3369.5683	0.0315203787110072
3368.1514	0.0317247374099316
3366.7344	0.0316275407317939
3365.3174	0.0322444584956625
3363.9004	0.0321261810182349
3362.4835	0.0318430824599874
3361.0665	0.0322765322767163
3359.6495	0.0327929220052421
3358.2325	0.0320403549559377
3356.8156	0.0324167453126845
3355.3986	0.0321359453705662
3353.9816	0.0321857652384928
3352.5646	0.0325147594883293
3351.1477	0.0324908742751653
3349.7307	0.0328196729196834
3348.3137	0.0328542331462636
3346.8967	0.0326804922617724
3345.4798	0.033279073093868
3344.0628	0.0328380812460935
3342.6458	0.0328448877128693
3341.2288	0.0331865845960966
3339.8119	0.0334063811531346
3338.3949	0.0334244740478787
3336.9779	0.0334284273635619
3335.5609	0.0335193365760572
3334.1439	0.0332074984964344
3332.727	0.0330474134782608
3331.31	0.0339074613890228
3329.893	0.0336837180561893
3328.476	0.0336679641998198
3327.0591	0.0339994426309885
3325.6421	0.0343178406208886
3324.2251	0.0334291123048402
3322.8081	0.033879485635599
3321.3912	0.0337316139562131
3319.9742	0.0339056672168604
3318.5572	0.0339731168277148
3317.1402	0.0340672281170699
3315.7233	0.0344399675324058
3314.3063	0.0342158696196759
3312.8893	0.0342219474613727
3311.4723	0.0342808317264197
3310.0554	0.0342168990715971
3308.6384	0.0343644900871197
3307.2214	0.0344473947509405
3305.8044	0.0341704446919736
3304.3875	0.03418274928272
3302.9705	0.0340795800259397
3301.5535	0.0348710720702531
3300.1365	0.0340268711957396
3298.7196	0.0341301166427159
3297.3026	0.0342476793682603
3295.8856	0.0346112298068746
3294.4686	0.034215771526847
3293.0517	0.0346215011127808
3291.6347	0.0345013757494536
3290.2177	0.0344759581891345
3288.8007	0.0341916474804754
3287.3837	0.0342537507314062
3285.9668	0.0346681934714965
3284.5498	0.0342237170250468
3283.1328	0.0345581689742198
3281.7158	0.034285860295297
3280.2989	0.0347282093901999
3278.8819	0.0341181482892343
3277.4649	0.0347309355263379
3276.0479	0.0345102833345859
3274.631	0.0348659776649878
3273.214	0.0344971279301676
3271.797	0.0343360840263204
3270.38	0.0345688146283496
3268.9631	0.0344395575301515
3267.5461	0.0345986812027759
3266.1291	0.0344394542453131
3264.7121	0.0340978975301394
3263.2952	0.0343767946333283
3261.8782	0.0342329328245732
3260.4612	0.034558166261449
3259.0442	0.0343183215602699
3257.6273	0.0343432586279606
3256.2103	0.0339051466419581
3254.7933	0.0343787941980371
3253.3763	0.034312911236761
3251.9594	0.0340873698998586
3250.5424	0.0342510327674618
3249.1254	0.0342253025374686
3247.7084	0.0343285453703243
3246.2915	0.03463307906841
3244.8745	0.0342393102871532
3243.4575	0.034407095701993
3242.0405	0.0341092620656218
3240.6235	0.0345310875292005
3239.2066	0.0342504056677766
3237.7896	0.0340906140349767
3236.3726	0.0339251188780785
3234.9556	0.0342668848161483
3233.5387	0.0338097361886259
3232.1217	0.033754893556926
3230.7047	0.0333911374295313
3229.2877	0.0334840597516613
3227.8708	0.0338139622032258
3226.4538	0.0334841554304944
3225.0368	0.0337251906472443
3223.6198	0.0333916999974466
3222.2029	0.0341106562309319
3220.7859	0.0335932696273738
3219.3689	0.0339383535274853
3217.9519	0.0337155708335303
3216.535	0.0333294101597559
3215.118	0.0334852487956363
3213.701	0.0335571442198927
3212.284	0.0330353639139271
3210.8671	0.033511325321592
3209.4501	0.0331802486608538
3208.0331	0.0328304129091694
3206.6161	0.0329652441197515
3205.1992	0.0332267284307978
3203.7822	0.0331518861573892
3202.3652	0.0325704090448205
3200.9482	0.0330122447980637
3199.5313	0.0326319197035905
3198.1143	0.0331935828806299
3196.6973	0.032151393085991
3195.2803	0.0321161431798069
3193.8633	0.0324258524329326
3192.4464	0.0325636037202705
3191.0294	0.0324644177098555
3189.6124	0.0325669877846987
3188.1954	0.0319895139550939
3186.7785	0.032203781532366
3185.3615	0.0322080800168883
3183.9445	0.0323542306171304
3182.5275	0.0321687096490111
3181.1106	0.03197041171412
3179.6936	0.0317987010443141
3178.2766	0.032253796467438
3176.8596	0.0318457522953108
3175.4427	0.0314600034398288
3174.0257	0.0314374126352011
3172.6087	0.0313768946868924
3171.1917	0.0318228369978645
3169.7748	0.0311824124726548
3168.3578	0.0309582440361092
3166.9408	0.0310938785256149
3165.5238	0.0311029145201103
3164.1069	0.0313871120695721
3162.6899	0.0305096552709768
3161.2729	0.0309080918085062
3159.8559	0.0307327254111093
3158.439	0.0307169084767141
3157.022	0.0305820634935858
3155.605	0.0298850653266061
3154.188	0.0304776447661371
3152.7711	0.0304614534271582
3151.3541	0.0305974480925877
3149.9371	0.0300682565355048
3148.5201	0.0295564413971656
3147.1031	0.0303901024486796
3145.6862	0.0297727303663144
3144.2692	0.0295372018175072
3142.8522	0.0298984599844942
3141.4352	0.0297965957308782
3140.0183	0.0296959162141148
3138.6013	0.0296954616230493
3137.1843	0.0292501032196931
3135.7673	0.0294881128932569
3134.3504	0.0290534352371079
3132.9334	0.0292036146084419
3131.5164	0.0291484998727894
3130.0994	0.0292118633656174
3128.6825	0.0288616709373287
3127.2655	0.0288013810227923
3125.8485	0.0287119238424005
3124.4315	0.028686004944745
3123.0146	0.0280057173351304
3121.5976	0.0278658009390806
3120.1806	0.0280346917010068
3118.7636	0.0282254568462612
3117.3467	0.0284982591969536
3115.9297	0.0279161269246667
3114.5127	0.0279214207612533
3113.0957	0.0279580780678058
3111.6788	0.0280143072930948
3110.2618	0.0277772844264558
3108.8448	0.0276541148048219
3107.4278	0.0278465412708223
3106.0109	0.0277331332494916
3104.5939	0.0271849961750166
3103.1769	0.0273091931572638
3101.7599	0.0271042595190834
3100.3429	0.0270919632748135
3098.926	0.0268822316617734
3097.509	0.0274457465815493
3096.092	0.0267676688493242
3094.675	0.0268186649846415
3093.2581	0.0268117028650775
3091.8411	0.0261473945730526
3090.4241	0.0265066127714322
3089.0071	0.0266420717684566
3087.5902	0.0261455855330391
3086.1732	0.0261104355815304
3084.7562	0.0264630055535327
3083.3392	0.0259973850957779
3081.9223	0.0259792875175587
3080.5053	0.0259030989245088
3079.0883	0.0255987794292677
3077.6713	0.0255917010365888
3076.2544	0.0257017208300561
3074.8374	0.0256679907333509
3073.4204	0.0257487631515535
3072.0034	0.0252090868997748
3070.5865	0.0255073278604
3069.1695	0.0252416561920405
3067.7525	0.0254310617578172
3066.3355	0.0255182360845686
3064.9186	0.0255698988829922
3063.5016	0.0253156506893082
3062.0846	0.0251281990766466
3060.6676	0.0246893790426345
3059.2507	0.0243493567151227
3057.8337	0.0245428142137688
3056.4167	0.0243337545092592
3054.9997	0.0245331266382945
3053.5827	0.0244292130488123
3052.1658	0.0243200236423998
3050.7488	0.0240995565594906
3049.3318	0.0240210858739722
3047.9148	0.0237714566868722
3046.4979	0.0241417604427891
3045.0809	0.0234756707861687
3043.6639	0.0234215576715565
3042.2469	0.023572773962271
3040.83	0.0236146903196031
3039.413	0.0233841372049642
3037.996	0.0232613770116667
3036.579	0.0234281833450325
3035.1621	0.0230300321122566
3033.7451	0.0229463736088837
3032.3281	0.0229835666976367
3030.9111	0.0231356335478444
3029.4942	0.0229819194012025
3028.0772	0.0228263643109617
3026.6602	0.0225992543436341
3025.2432	0.022701093039587
3023.8263	0.0224404187036014
3022.4093	0.0226727772644584
3020.9923	0.0223285468993179
3019.5753	0.0228828916384757
3018.1584	0.022313611464052
3016.7414	0.0221857228494574
3015.3244	0.0224943232742978
3013.9074	0.0221661556177868
3012.4905	0.022000852432879
3011.0735	0.0223180767623033
3009.6565	0.0217269613406939
3008.2395	0.0220937190937739
3006.8225	0.022661644136371
3005.4056	0.0216618866161942
3003.9886	0.0217440114750641
3002.5716	0.0215832832838812
3001.1546	0.0214645657075025
2999.7377	0.0218410702114242
2998.3207	0.0221088734869295
2996.9037	0.0218888548674003
2995.4867	0.0218815971149496
2994.0698	0.0216313413530953
2992.6528	0.0217852723852651
2991.2358	0.0218814170066749
2989.8188	0.0217009632977055
2988.4019	0.021341358209307
2986.9849	0.0222453208154388
2985.5679	0.0218494347720283
2984.1509	0.0218954569400299
2982.734	0.0220694049493703
2981.317	0.0220479708389054
2979.9	0.0224584151918368
2978.483	0.0219873408254693
2977.0661	0.0221922374573842
2975.6491	0.0223610527256221
2974.2321	0.0223984306004822
2972.8151	0.0218535026187424
2971.3982	0.0223524191832007
2969.9812	0.0224458597547997
2968.5642	0.0228034436720849
2967.1472	0.0227672718146795
2965.7303	0.0223220688803969
2964.3133	0.0224704917140623
2962.8963	0.0230821361517881
2961.4793	0.0234179934287721
2960.0623	0.0231750883732768
2958.6454	0.023457889858502
2957.2284	0.0237437336587659
2955.8114	0.0235623043663711
2954.3944	0.0240676238862861
2952.9775	0.0237688046602372
2951.5605	0.0239357988119042
2950.1435	0.023739068752163
2948.7265	0.0245058780637771
2947.3096	0.024627841060308
2945.8926	0.0249786998271383
2944.4756	0.0247849790037092
2943.0586	0.0253901401599627
2941.6417	0.0256530126690734
2940.2247	0.0258397320662586
2938.8077	0.0255635165462445
2937.3907	0.0255678096933855
2935.9738	0.026455230942953
2934.5568	0.0261586725301546
2933.1398	0.0262546759950187
2931.7228	0.0261359394136562
2930.3059	0.0266686248384817
2928.8889	0.0264660887826731
2927.4719	0.0269140658341227
2926.0549	0.0271177522332019
2924.638	0.026517928530126
2923.221	0.0268055081396829
2921.804	0.0267215073732004
2920.387	0.0269669134928797
2918.9701	0.0268175161113901
2917.5531	0.026805932382407
2916.1361	0.0269754483658482
2914.7191	0.0269886870298686
2913.3021	0.0265828427175216
2911.8852	0.0270116352522954
2910.4682	0.0263979805632971
2909.0512	0.0268054999799704
2907.6342	0.0263308795136361
2906.2173	0.0265439552199421
2904.8003	0.0264719352701596
2903.3833	0.0260371309171903
2901.9663	0.0262873919372558
2900.5494	0.0264849615910395
2899.1324	0.0261380259384947
2897.7154	0.0265181744860105
2896.2984	0.0259891780918938
2894.8815	0.0262493547629972
2893.4645	0.02571118061422
2892.0475	0.0261987815904325
2890.6305	0.0263603750164691
2889.2136	0.0261378672100969
2887.7966	0.026358240856532
2886.3796	0.0259205299169556
2884.9626	0.0265574859230317
2883.5457	0.026222927071317
2882.1287	0.0259528711103885
2880.7117	0.0255628707938235
2879.2947	0.0256104822688733
2877.8778	0.0255699801153997
2876.4608	0.0256482323416097
2875.0438	0.0250933117485377
2873.6268	0.0255614283982968
2872.2099	0.0256296970518172
2870.7929	0.0246787127698267
2869.3759	0.0252265504944787
2867.9589	0.0245882110263647
2866.5419	0.0250611740866819
2865.125	0.0248024541952135
2863.708	0.0251700820269744
2862.291	0.0245351821791916
2860.874	0.0243548671901594
2859.4571	0.0239589734307406
2858.0401	0.0239365164381719
2856.6231	0.0239139546926385
2855.2061	0.0239721387341367
2853.7892	0.0243891089550372
2852.3722	0.0237429930499257
2850.9552	0.0236538100716277
2849.5382	0.0236243063672085
2848.1213	0.0235834470117037
2846.7043	0.0237919778653957
2845.2873	0.0236382062259046
2843.8703	0.0235695886443436
2842.4534	0.0233014970928762
2841.0364	0.0230680436396632
2839.6194	0.0234343910603392
2838.2024	0.0226944476698756
2836.7855	0.0229525977004356
2835.3685	0.0234601924935078
2833.9515	0.0231408344649147
2832.5345	0.0226459663118028
2831.1176	0.0227170990282715
2829.7006	0.0227410940120291
2828.2836	0.0228312003768097
2826.8666	0.0224695810927298
2825.4497	0.0220628687739304
2824.0327	0.0219639875829679
2822.6157	0.0219410260661695
2821.1987	0.0224972213306455
2819.7817	0.0219733962279806
2818.3648	0.0215556192722893
2816.9478	0.021735143750035
2815.5308	0.0216059877308522
2814.1138	0.0211671420422692
2812.6969	0.0217128186361827
2811.2799	0.0213916878319356
2809.8629	0.0216359600241262
2808.4459	0.0210891256666948
2807.029	0.0217591094324369
2805.612	0.021454783724705
2804.195	0.021296075620625
2802.778	0.0212968749901958
2801.3611	0.0209586770184764
2799.9441	0.0213936525846009
2798.5271	0.0207390626656704
2797.1101	0.0210972818262574
2795.6932	0.0211269006676375
2794.2762	0.0208133135883679
2792.8592	0.0211160593882172
2791.4422	0.0205458266384217
2790.0253	0.0208636836983138
2788.6083	0.0210857575744264
2787.1913	0.0203434783741555
2785.7743	0.0204810435089029
2784.3574	0.0204870233475697
2782.9404	0.0208636174098962
2781.5234	0.0204766075534619
2780.1064	0.0204238995715622
2778.6895	0.0208701703881172
2777.2725	0.0206797345314756
2775.8555	0.0208054530420977
2774.4385	0.0208379264001764
2773.0215	0.0207132063165948
2771.6046	0.0202545564180523
2770.1876	0.0204069296720555
2768.7706	0.0202932014412903
2767.3536	0.0204261018664569
2765.9367	0.0201445492885819
2764.5197	0.020367475270134
2763.1027	0.0202987781046503
2761.6857	0.019938990898227
2760.2688	0.0197523862047642
2758.8518	0.0202774711525502
2757.4348	0.0202305877270071
2756.0178	0.0200267314554779
2754.6009	0.0201108611845886
2753.1839	0.0201238254633712
2751.7669	0.0202111905435097
2750.3499	0.0204979194997528
2748.933	0.0203786922979643
2747.516	0.0205011056822906
2746.099	0.0200275866657041
2744.682	0.0199223331265009
2743.2651	0.0202991434456022
2741.8481	0.0197038248381639
2740.4311	0.0197860222243749
2739.0141	0.0200368509370937
2737.5972	0.0199760663444692
2736.1802	0.0198749513900121
2734.7632	0.0202817311759354
2733.3462	0.0194249388879639
2731.9293	0.0199018082461057
2730.5123	0.0199621018875156
2729.0953	0.0200756685360256
2727.6783	0.0195252973422546
2726.2613	0.0198633705921205
2724.8444	0.0198412501904714
2723.4274	0.0198449169200701
2722.0104	0.0197169957723257
2720.5934	0.0199925005437199
2719.1765	0.019942183386075
2717.7595	0.0202353140537545
2716.3425	0.019487391048467
2714.9255	0.0196400382841856
2713.5086	0.0197693463620049
2712.0916	0.0193640129585738
2710.6746	0.0199863800800089
2709.2576	0.0195524610718685
2707.8407	0.0192043983551804
2706.4237	0.0193038753511421
2705.0067	0.0198691727309807
2703.5897	0.0193481429387455
2702.1728	0.0192326450045431
2700.7558	0.0192202995725613
2699.3388	0.0197747951208913
2697.9218	0.0197170589743359
2696.5049	0.0197170935634279
2695.0879	0.019185241071807
2693.6709	0.0195007829369041
2692.2539	0.0196405554321186
2690.837	0.0192459759403267
2689.42	0.0192509162622842
2688.003	0.0195185840358489
2686.586	0.019869525805468
2685.1691	0.0192363981095027
2683.7521	0.0193550315754293
2682.3351	0.0194549289989902
2680.9181	0.019408099766388
2679.5011	0.019247479001079
2678.0842	0.0193427088968432
2676.6672	0.0196881519144611
2675.2502	0.019241049117245
2673.8332	0.019371483308111
2672.4163	0.0188897492524618
2670.9993	0.019086878074455
2669.5823	0.0187311721270905
2668.1653	0.0185144043959923
2666.7484	0.0188403300022922
2665.3314	0.0188691219021611
2663.9144	0.0186674029916342
2662.4974	0.0187734769630366
2661.0805	0.0192871390213901
2659.6635	0.0187746624328976
2658.2465	0.0187587127841976
2656.8295	0.0187206672717144
2655.4126	0.0190613819080515
2653.9956	0.0189369400180131
2652.5786	0.0187231048909669
2651.1616	0.0188648074636276
2649.7447	0.0182712313498154
2648.3277	0.0190800534125241
2646.9107	0.018955571433275
2645.4937	0.0186860344131119
2644.0768	0.0187326161012538
2642.6598	0.0182318379186854
2641.2428	0.0183839259850983
2639.8258	0.0185022952749464
2638.4089	0.0188477684777097
2636.9919	0.018341428891182
2635.5749	0.0185840074194619
2634.1579	0.0185764408181209
2632.741	0.0184206632573682
2631.324	0.0181985204436165
2629.907	0.0181602094420269
2628.49	0.0179047760444354
2627.073	0.0182824312500991
2625.6561	0.0188196593197076
2624.2391	0.0182554953295289
2622.8221	0.0181148887539109
2621.4051	0.018630752031742
2619.9882	0.0178690549026323
2618.5712	0.0179571547628239
2617.1542	0.0177781615728745
2615.7372	0.0180031760364498
2614.3203	0.0180585186873181
2612.9033	0.0174947339768052
2611.4863	0.0182013161312982
2610.0693	0.0175208738634895
2608.6524	0.0179130915221952
2607.2354	0.0177679995663286
2605.8184	0.0180262850705978
2604.4014	0.0177122067850971
2602.9845	0.0175920964563782
2601.5675	0.0178856614790397
2600.1505	0.0177757120836751
2598.7335	0.0176248927880575
2597.3166	0.0175833791308734
2595.8996	0.0178600112384131
2594.4826	0.0176723334140198
2593.0656	0.0175318835212191
2591.6487	0.0174868281760692
2590.2317	0.0177135652893736
2588.8147	0.0176112514892697
2587.3977	0.0176023742891543
2585.9808	0.0173600417803572
2584.5638	0.0171148341822909
2583.1468	0.0174048657827303
2581.7298	0.0169130170189102
2580.3128	0.0171324946643091
2578.8959	0.0172704631503686
2577.4789	0.0173882543878074
2576.0619	0.0170176717010634
2574.6449	0.017143980138193
2573.228	0.0174561241133524
2571.811	0.0175359278073612
2570.394	0.0175207149220026
2568.977	0.0171011201197592
2567.5601	0.0169402262346259
2566.1431	0.0172294334598202
2564.7261	0.0169627723792945
2563.3091	0.017143802111449
2561.8922	0.0169502880599549
2560.4752	0.0169249488333793
2559.0582	0.0172996518618168
2557.6412	0.0171771450285754
2556.2243	0.0168057897518819
2554.8073	0.0175936482827473
2553.3903	0.0170383380655365
2551.9733	0.0169596680190668
2550.5564	0.0169485616352817
2549.1394	0.0172416212458817
2547.7224	0.0170263602630826
2546.3054	0.0168650448174126
2544.8885	0.0166996058694861
2543.4715	0.0166676501234912
2542.0545	0.0168367061067374
2540.6375	0.016646346101158
2539.2206	0.0162617817391117
2537.8036	0.0167601290587478
2536.3866	0.0171346603095436
2534.9696	0.0165375053710277
2533.5526	0.0161928497983679
2532.1357	0.016494016084892
2530.7187	0.0166387801380031
2529.3017	0.0164605752867443
2527.8847	0.0170454724709057
2526.4678	0.0169688444442588
2525.0508	0.0162478777559722
2523.6338	0.0163198294114956
2522.2168	0.0165624646074818
2520.7999	0.0163124694705793
2519.3829	0.0166439868839538
2517.9659	0.01625786685467
2516.5489	0.016658407499745
2515.132	0.0167830883055336
2513.715	0.0158188523190189
2512.298	0.0167211281239176
2510.881	0.0164066366672087
2509.4641	0.016677846033134
2508.0471	0.0165295355229189
2506.6301	0.0165583687079469
2505.2131	0.0161800336398162
2503.7962	0.0158034827236137
2502.3792	0.0157870769876912
2500.9622	0.0164187524664758
2499.5452	0.0164128050858305
2498.1283	0.0160667501137277
2496.7113	0.0164330789741762
2495.2943	0.0165785890761829
2493.8773	0.016787927371252
2492.4604	0.0162341645728369
2491.0434	0.0161027875284865
2489.6264	0.0162871895508241
2488.2094	0.0167473264467133
2486.7924	0.0161217251249951
2485.3755	0.0162363553963466
2483.9585	0.0161289442949612
2482.5415	0.0162706566082843
2481.1245	0.0160570268564998
2479.7076	0.016250469630436
2478.2906	0.0159916400637315
2476.8736	0.0160814292917721
2475.4566	0.0156469408937703
2474.0397	0.0164568859843321
2472.6227	0.0161573263227656
2471.2057	0.0156903533145386
2469.7887	0.0161845687913089
2468.3718	0.0163668584383351
2466.9548	0.0159395247144298
2465.5378	0.0161867624939265
2464.1208	0.0161655313357605
2462.7039	0.0159883490228505
2461.2869	0.0160244791731173
2459.8699	0.0161012448029557
2458.4529	0.015836818189952
2457.036	0.0159898799894157
2455.619	0.0162401033438792
2454.202	0.0160558198251792
2452.785	0.0160170254519701
2451.3681	0.0161713027149562
2449.9511	0.0156224858651012
2448.5341	0.0159244431455485
2447.1171	0.0157551623678676
2445.7002	0.0158996166086674
2444.2832	0.0154318913704068
2442.8662	0.0158112313178294
2441.4492	0.0158782787721845
2440.0322	0.0155764356659665
2438.6153	0.0158867034082011
2437.1983	0.0159429824362846
2435.7813	0.0158580269733974
2434.3643	0.0160111563980391
2432.9474	0.0157163901326024
2431.5304	0.0156380885733393
2430.1134	0.0156432051545964
2428.6964	0.0153538514131043
2427.2795	0.0155861343157506
2425.8625	0.0155839711780714
2424.4455	0.0154588701131252
2423.0285	0.0158888774651537
2421.6116	0.0155939102385334
2420.1946	0.0155191792676727
2418.7776	0.0150249816796998
2417.3606	0.0152489259481036
2415.9437	0.0154060073410842
2414.5267	0.0152509670717219
2413.1097	0.0157111488869645
2411.6927	0.015342177447534
2410.2758	0.0149539008334644
2408.8588	0.0154621207312779
2407.4418	0.0156531196669897
2406.0248	0.0156319400628861
2404.6079	0.0157406891382744
2403.1909	0.0153909694706698
2401.7739	0.0153760726155949
2400.3569	0.0154997205023581
2398.94	0.01551522502506
2397.523	0.0152037438957379
2396.106	0.0157322700033182
2394.689	0.0151247636139331
2393.272	0.0150629835249715
2391.8551	0.015290757747257
2390.4381	0.0148782710433897
2389.0211	0.0150420648061313
2387.6041	0.0153426396365934
2386.1872	0.014664213770361
2384.7702	0.0152439006670143
2383.3532	0.0149403072493111
2381.9362	0.0150781924811038
2380.5193	0.0147768642964089
2379.1023	0.0150988300428032
2377.6853	0.0149912262486958
2376.2683	0.0148256799757282
2374.8514	0.0149874965695034
2373.4344	0.0149893568240401
2372.0174	0.0147164739136838
2370.6004	0.0142297600742856
2369.1835	0.014097573933187
2367.7665	0.0143223091926679
2366.3495	0.0150043289136164
2364.9325	0.0153742313670681
2363.5156	0.0153411765559175
2362.0986	0.0159353047217764
2360.6816	0.0156105076563453
2359.2646	0.0154833541860717
2357.8477	0.015411368699149
2356.4307	0.0156036411960846
2355.0137	0.0154785202863811
2353.5967	0.0155064063574015
2352.1798	0.0154859741728054
2350.7628	0.0153071866287462
2349.3458	0.015510729865187
2347.9288	0.0152735954580663
2346.5118	0.0152846687152679
2345.0949	0.0153354544668847
2343.6779	0.0155316484410426
2342.2609	0.0154702498422437
2340.8439	0.0153668362413217
2339.427	0.0153342493811795
2338.01	0.0144824362018972
2336.593	0.0149931939024046
2335.176	0.0148792327293423
2333.7591	0.0150897986766253
2332.3421	0.0151796837493465
2330.9251	0.015235112074321
2329.5081	0.0148576187048322
2328.0912	0.0145028514502616
2326.6742	0.0154424487416609
2325.2572	0.0150074858914127
2323.8402	0.0147749685473312
2322.4233	0.0151108232201034
2321.0063	0.0153536896678805
2319.5893	0.0156131793939923
2318.1723	0.0150446418566635
2316.7554	0.0153029844317615
2315.3384	0.0152962492310391
2313.9214	0.0147637038884908
2312.5044	0.0147936663569107
2311.0875	0.0146571957572372
2309.6705	0.0150405723623461
2308.2535	0.0149909893033422
2306.8365	0.0147066142628857
2305.4196	0.0150469133187192
2304.0026	0.0149822193736367
2302.5856	0.0156343089688096
2301.1686	0.0152320613488255
2299.7516	0.0145584604111412
2298.3347	0.0153384515247027
2296.9177	0.0152043996153211
2295.5007	0.0151966703612531
2294.0837	0.0148419531738046
2292.6668	0.0146890143009933
2291.2498	0.0151170258138572
2289.8328	0.0149778647529207
2288.4158	0.0146211412043652
2286.9989	0.0147333647300923
2285.5819	0.0150812107931497
2284.1649	0.0152121432958283
2282.7479	0.0151752461017751
2281.331	0.0148610178280523
2279.914	0.0143759915503812
2278.497	0.0144393639095749
2277.08	0.0144968547549667
2275.6631	0.0151773402288865
2274.2461	0.0148357745319396
2272.8291	0.0150858024725585
2271.4121	0.0149778065373411
2269.9952	0.0145211945597278
2268.5782	0.0144206837398962
2267.1612	0.0144653175068163
2265.7442	0.0141248931465965
2264.3273	0.0140666895754655
2262.9103	0.0142197589303153
2261.4933	0.014208138355547
2260.0763	0.0145221918373189
2258.6594	0.0148588010798544
2257.2424	0.0148906958662238
2255.8254	0.0145220887412736
2254.4084	0.0151286515913194
2252.9914	0.0147479672386079
2251.5745	0.0146367175849174
2250.1575	0.0141980169540557
2248.7405	0.0142654501050507
2247.3235	0.0146379288244185
2245.9066	0.0145676066121079
2244.4896	0.0146328479113136
2243.0726	0.0143984433202
2241.6556	0.0147607805433402
2240.2387	0.0150239315320702
2238.8217	0.0146976945222833
2237.4047	0.0145272598402229
2235.9877	0.0143092967172024
2234.5708	0.0142363946768728
2233.1538	0.0141259235241021
2231.7368	0.0144137874554183
2230.3198	0.0142334016073723
2228.9029	0.0140973911424848
2227.4859	0.0140162001863906
2226.0689	0.0142935620217277
2224.6519	0.014361248645185
2223.235	0.0142529360075758
2221.818	0.0141160926082936
2220.401	0.014020177853853
2218.984	0.0143861462435526
2217.5671	0.0148308897815649
2216.1501	0.0143938147967079
2214.7331	0.0151558888293369
2213.3161	0.0146727830796811
2211.8992	0.0143441966509051
2210.4822	0.0142798331921012
2209.0652	0.0144536953092567
2207.6482	0.0146226617896128
2206.2312	0.0140997147077696
2204.8143	0.0150974373203818
2203.3973	0.0146120353943455
2201.9803	0.0143649148716032
2200.5633	0.0149808124024257
2199.1464	0.0142005526880068
2197.7294	0.0140456756065829
2196.3124	0.0141175411241252
2194.8954	0.0144585928216264
2193.4785	0.0138822802014757
2192.0615	0.0144341690490347
2190.6445	0.0137921218943992
2189.2275	0.0137036621884567
2187.8106	0.0135829303098588
2186.3936	0.0139204749235061
2184.9766	0.013734036592692
2183.5596	0.0139105670272705
2182.1427	0.0138099847944286
2180.7257	0.0138794281312457
2179.3087	0.0139561636945159
2177.8917	0.0136714325856455
2176.4748	0.0136837956070747
2175.0578	0.0136036397492227
2173.6408	0.0136843372795526
2172.2238	0.0137069871908043
2170.8069	0.0137416451331977
2169.3899	0.0137090543297574
2167.9729	0.0135145049107658
2166.5559	0.0141595971165512
2165.139	0.0140475039198991
2163.722	0.0147108587499584
2162.305	0.0146565815054429
2160.888	0.0127578408319753
2159.471	0.0123112620797464
2158.0541	0.0122831984779473
2156.6371	0.0119795232325311
2155.2201	0.0121903142594422
2153.8031	0.0129134353016175
2152.3862	0.0130920705947688
2150.9692	0.0139356997845067
2149.5522	0.0137758329241459
2148.1352	0.0132009966038464
2146.7183	0.0133635028955616
2145.3013	0.0134905920750439
2143.8843	0.0133327614312069
2142.4673	0.0131314702301891
2141.0504	0.0130724003769543
2139.6334	0.0131122870573892
2138.2164	0.0130603379332747
2136.7994	0.0128253969670756
2135.3825	0.0128662746942972
2133.9655	0.013110007287019
2132.5485	0.012644465472916
2131.1315	0.0129403770235421
2129.7146	0.0133612730115137
2128.2976	0.0132444158684838
2126.8806	0.0136169169272412
2125.4636	0.0134357479869686
2124.0467	0.0138568530853987
2122.6297	0.0135419619804496
2121.2127	0.0138039174730527
2119.7957	0.0132220485521152
2118.3788	0.0132847457261569
2116.9618	0.0139032940938001
2115.5448	0.0142602052460553
2114.1278	0.0139948731665434
2112.7108	0.0139482965094316
2111.2939	0.0140984714742388
2109.8769	0.0137492304686304
2108.4599	0.0142129931936549
2107.0429	0.0142450635231929
2105.626	0.0145993436220931
2104.209	0.0138631787184539
2102.792	0.0144524509838422
2101.375	0.0136992645303422
2099.9581	0.0143326783362641
2098.5411	0.0131848404897141
2097.1241	0.0138738922378006
2095.7071	0.013214145431945
2094.2902	0.0135503369279428
2092.8732	0.013655235593942
2091.4562	0.014092081333505
2090.0392	0.0134506978588241
2088.6223	0.0133802878006763
2087.2053	0.0135031999802109
2085.7883	0.0133830540014724
2084.3713	0.0135979292343528
2082.9544	0.0140387472274146
2081.5374	0.0139124802628031
2080.1204	0.0133696491613622
2078.7034	0.0129515479557468
2077.2865	0.0133062886960235
2075.8695	0.0134311323463518
2074.4525	0.0133863633435434
2073.0355	0.0135521462428026
2071.6186	0.0133389189382642
2070.2016	0.0136850765614004
2068.7846	0.0136215232013611
2067.3676	0.0131914106676887
2065.9506	0.0131865611101517
2064.5337	0.0136350425925084
2063.1167	0.0132640656229388
2061.6997	0.013122990962209
2060.2827	0.0131605720632049
2058.8658	0.0133986063815935
2057.4488	0.0134130480676408
2056.0318	0.0133898954582864
2054.6148	0.0135137189782319
2053.1979	0.0131120945182918
2051.7809	0.01354176931352
2050.3639	0.013201252102307
2048.9469	0.0139098390206132
2047.53	0.0134933737902604
2046.113	0.01351876824395
2044.696	0.013547888358452
2043.279	0.013422825515503
2041.8621	0.0129913465795957
2040.4451	0.0126873137040586
2039.0281	0.0127600349053594
2037.6111	0.0127058423808746
2036.1942	0.0129103297616595
2034.7772	0.012862982743463
2033.3602	0.0127307103765272
2031.9432	0.0129059219627564
2030.5263	0.0132478973872672
2029.1093	0.0128088325959225
2027.6923	0.0129819880097463
2026.2753	0.0128031544625423
2024.8584	0.0122735729463363
2023.4414	0.0132382238101426
2022.0244	0.0129420154593658
2020.6074	0.0128766808361638
2019.1904	0.0125042099765687
2017.7735	0.0121873229142527
2016.3565	0.0121089928694142
2014.9395	0.0123302683608912
2013.5225	0.0129420473507336
2012.1056	0.0126980887908493
2010.6886	0.0126678864531728
2009.2716	0.0118511442941894
2007.8546	0.0120174202984852
2006.4377	0.0126355509053699
2005.0207	0.0122012821549881
2003.6037	0.011919555837449
2002.1867	0.012129124538112
2000.7698	0.0122773842111777
1999.3528	0.0115987961948635
1997.9358	0.0119673552109427
1996.5188	0.0116672193655246
1995.1019	0.0122597578223021
1993.6849	0.0119548301903873
1992.2679	0.0127221975539141
1990.8509	0.0123039558708914
1989.434	0.0124676338537599
1988.017	0.0123986183165617
1986.6	0.0123527282283137
1985.183	0.0125109011444217
1983.7661	0.0124516909368272
1982.3491	0.0128221475652193
1980.9321	0.0127522877748558
1979.5151	0.0129231232272955
1978.0982	0.0127069737055005
1976.6812	0.0125259017821042
1975.2642	0.0127690775820882
1973.8472	0.0119334287916747
1972.4302	0.0118965477729405
1971.0133	0.0120956685370668
1969.5963	0.0125150770795337
1968.1793	0.0125447200873585
1966.7623	0.0123932646840156
1965.3454	0.0128056636577621
1963.9284	0.0118772667471701
1962.5114	0.0120318872673365
1961.0944	0.0119566214127953
1959.6775	0.0119732443066974
1958.2605	0.0116770023500471
1956.8435	0.0122803098045351
1955.4265	0.0117358575085273
1954.0096	0.0118759727750504
1952.5926	0.0113932085738069
1951.1756	0.0119708889581979
1949.7586	0.0123140292583792
1948.3417	0.0120544339652968
1946.9247	0.0118877638762253
1945.5077	0.0120472723637711
1944.0907	0.0121318517262865
1942.6738	0.0118690965159424
1941.2568	0.0122868980879621
1939.8398	0.0126080937261727
1938.4228	0.0123532758782284
1937.0059	0.0123718229888196
1935.5889	0.0122625715037733
1934.1719	0.0126231871016295
1932.7549	0.0116923205231687
1931.338	0.0119188196325677
1929.921	0.0120729184599097
1928.504	0.0123756483484431
1927.087	0.0119060386556513
1925.67	0.0126471900495598
1924.2531	0.0126983214378989
1922.8361	0.012583575492888
1921.4191	0.0123781677928525
1920.0021	0.0127998785554026
1918.5852	0.0129565894252388
1917.1682	0.012860842377924
1915.7512	0.0125541546299637
1914.3342	0.012904869222
1912.9173	0.0127074053400939
1911.5003	0.012774921437273
1910.0833	0.0126475535704806
1908.6663	0.0126999965455045
1907.2494	0.0118296682982072
1905.8324	0.0127776065710766
1904.4154	0.0127926865466565
1902.9984	0.0122866268308545
1901.5815	0.0123263046165628
1900.1645	0.012550427477751
1898.7475	0.0129887451556562
1897.3305	0.0124357779630898
1895.9136	0.0126022968291177
1894.4966	0.0121880355179967
1893.0796	0.0122702351118572
1891.6626	0.0126146639119458
1890.2457	0.0128081674035384
1888.8287	0.0126084967368243
1887.4117	0.012276808311771
1885.9947	0.0124806618424883
1884.5778	0.0126301220218659
1883.1608	0.0124755354056591
1881.7438	0.0128428377261516
1880.3268	0.0129707399875656
1878.9098	0.0126753938539097
1877.4929	0.0122105862299795
1876.0759	0.0126280965268988
1874.6589	0.0129478991654264
1873.2419	0.0124552700662289
1871.825	0.0126190948303651
1870.408	0.0128768152675941
1868.991	0.0122999928799675
1867.574	0.0122886033411166
1866.1571	0.0123221369236538
1864.7401	0.0122421164574302
1863.3231	0.0121139227509018
1861.9061	0.0124767027189923
1860.4892	0.0125768141512087
1859.0722	0.0125820280455134
1857.6552	0.012152685142302
1856.2382	0.0123120674225496
1854.8213	0.0120710206352908
1853.4043	0.0120437246942168
1851.9873	0.0125210693420713
1850.5703	0.0125763056455857
1849.1534	0.0125797925064969
1847.7364	0.0122691535274755
1846.3194	0.0124677169638328
1844.9024	0.0124790779790489
1843.4855	0.0123415978573099
1842.0685	0.012530349856037
1840.6515	0.0126085653449456
1839.2345	0.0120635050942766
1837.8176	0.0119583022416633
1836.4006	0.0121231508907655
1834.9836	0.0125675560932526
1833.5666	0.0122666026733148
1832.1496	0.0125515883463372
1830.7327	0.0122018908542255
1829.3157	0.0125526046360812
1827.8987	0.0125541002246845
1826.4817	0.0125782304750657
1825.0648	0.0119618527347955
1823.6478	0.012489999094935
1822.2308	0.0122145540185209
1820.8138	0.0120617144185508
1819.3969	0.0123559925771262
1817.9799	0.0120349455712328
1816.5629	0.0122990864392629
1815.1459	0.0119808600995175
1813.729	0.011992201402812
1812.312	0.0120470901354099
1810.895	0.0119101423908654
1809.478	0.0120876791930971
1808.0611	0.0117494064673064
1806.6441	0.0119807531077542
1805.2271	0.0121669154085495
1803.8101	0.0118037875870812
1802.3932	0.012409581742278
1800.9762	0.0121341723981276
1799.5592	0.0117530817253489
1798.1422	0.0123737935156393
1796.7253	0.011834379302318
1795.3083	0.0125090193428903
1793.8913	0.0120943892166792
1792.4743	0.0125491500609043
1791.0574	0.0123466763200033
1789.6404	0.0121411876426791
1788.2234	0.0124796144881638
1786.8064	0.0121942704375119
1785.3894	0.0122225116257657
1783.9725	0.0123054174019987
1782.5555	0.0124061107119959
1781.1385	0.0123921041375053
1779.7215	0.012461104670475
1778.3046	0.0124559603627101
1776.8876	0.0119865066961484
1775.4706	0.0121940634184999
1774.0536	0.0120880009974499
1772.6367	0.0123612053289816
1771.2197	0.0124819777782752
1769.8027	0.012009706931652
1768.3857	0.0123091430510992
1766.9688	0.0121946976340299
1765.5518	0.0126486074123412
1764.1348	0.0123239108040015
1762.7178	0.0125342226914907
1761.3009	0.0124346534985664
1759.8839	0.0129206791515051
1758.4669	0.01289392139471
1757.0499	0.0131335592096744
1755.633	0.0133195774125681
1754.216	0.0124096410454529
1752.799	0.0132173255241716
1751.382	0.0127169153697167
1749.9651	0.0133275574680042
1748.5481	0.0135196126142985
1747.1311	0.0130977232936774
1745.7141	0.0131775922006934
1744.2972	0.0132363105826909
1742.8802	0.0136551164772412
1741.4632	0.0137431648587047
1740.0462	0.014110870865854
1738.6292	0.0140077210690349
1737.2123	0.0138733993400609
1735.7953	0.014027412964705
1734.3783	0.0139693575881625
1732.9613	0.0142900603518833
1731.5444	0.0144645720643644
1730.1274	0.0141791035267079
1728.7104	0.0141643903571526
1727.2934	0.014608174295673
1725.8765	0.0142080771582865
1724.4595	0.014879437108155
1723.0425	0.0146318689690729
1721.6255	0.014651721938285
1720.2086	0.0147602009086857
1718.7916	0.0146478781126325
1717.3746	0.0149405343070436
1715.9576	0.0156081802759162
1714.5407	0.0156627880217025
1713.1237	0.015743497044755
1711.7067	0.015966157407244
1710.2897	0.0156131189874761
1708.8728	0.0162856205919732
1707.4558	0.0155719120398809
1706.0388	0.0161988756486284
1704.6218	0.0159414071208442
1703.2049	0.0161664549219244
1701.7879	0.0165548899430426
1700.3709	0.0161713916592538
1698.9539	0.0166168670115853
1697.537	0.0170727685888702
1696.12	0.0165920699228138
1694.703	0.0170705992042579
1693.286	0.0170718562875383
1691.869	0.0163392871338168
1690.4521	0.0171583484483407
1689.0351	0.0171927388688721
1687.6181	0.0164155489034124
1686.2011	0.0171509836402231
1684.7842	0.0172233176529676
1683.3672	0.0167780413961881
1681.9502	0.0174074906851874
1680.5332	0.017177035231682
1679.1163	0.0178101725049852
1677.6993	0.0172604713599262
1676.2823	0.0175192217330438
1674.8653	0.0169799777166184
1673.4484	0.0178930955222925
1672.0314	0.018005993164623
1670.6144	0.0177817539565647
1669.1974	0.0181750978523593
1667.7805	0.0182888755091303
1666.3635	0.0181552634216907
1664.9465	0.0181760514342818
1663.5295	0.0183289602746056
1662.1126	0.0184226478042892
1660.6956	0.0187174599522198
1659.2786	0.0185977728423202
1657.8616	0.0189593239016988
1656.4447	0.0189109630884136
1655.0277	0.0191091657823089
1653.6107	0.0193571870111369
1652.1937	0.01991681050483
1650.7768	0.0198830346196845
1649.3598	0.0199336048516099
1647.9428	0.0201338016662658
1646.5258	0.0204956209646935
1645.1088	0.0208911642280104
1643.6919	0.0211853233928556
1642.2749	0.0212052436333636
1640.8579	0.0219939315337283
1639.4409	0.022158031717557
1638.024	0.0221294811337549
1636.607	0.0221375705133528
1635.19	0.0228932463357608
1633.773	0.0234379807966106
1632.3561	0.0236550367632963
1630.9391	0.0235489999769441
1629.5221	0.0234387246755402
1628.1051	0.0240619241569572
1626.6882	0.0242842070364081
1625.2712	0.0244458904060796
1623.8542	0.0241928093887151
1622.4372	0.0246771821754099
1621.0203	0.0248885097021767
1619.6033	0.0250083317354755
1618.1863	0.0250266386305163
1616.7693	0.0254438712254761
1615.3524	0.0254181313737863
1613.9354	0.025657456484753
1612.5184	0.0261126083789855
1611.1014	0.0258213815942135
1609.6845	0.0262163975305108
1608.2675	0.027183879667991
1606.8505	0.0271399686028634
1605.4335	0.0274705595624657
1604.0166	0.0280518924792285
1602.5996	0.0279333229767126
1601.1826	0.0285935405340111
1599.7656	0.0280414259974071
1598.3486	0.0277469310967856
1596.9317	0.0281313050195865
1595.5147	0.0283687505005227
1594.0977	0.0273945479204725
1592.6807	0.0276860267165421
1591.2638	0.0274253148708382
1589.8468	0.0271730185514289
1588.4298	0.0271371042365469
1587.0128	0.0267858921297398
1585.5959	0.0262123769718108
1584.1789	0.0257435135653892
1582.7619	0.0254833920845817
1581.3449	0.0256889720555071
1579.928	0.0252836816560077
1578.511	0.0250601504457745
1577.094	0.0242982018885134
1575.677	0.0237970689821663
1574.2601	0.0238752040620559
1572.8431	0.0235285821995947
1571.4261	0.0236918801184624
1570.0091	0.0231646608300415
1568.5922	0.022906992202556
1567.1752	0.023018151532313
1565.7582	0.0226483699574617
1564.3412	0.0225020453795751
1562.9243	0.021729538156305
1561.5073	0.0210223723165901
1560.0903	0.0211954746204661
1558.6733	0.0205559373503454
1557.2564	0.0201377516834377
1555.8394	0.0201655186550579
1554.4224	0.0200061329979614
1553.0054	0.0194999818788705
1551.5885	0.0190814735765436
1550.1715	0.0185882002863758
1548.7545	0.0189637545872628
1547.3375	0.0182971138000183
1545.9205	0.0183899279380425
1544.5036	0.0179835819820472
1543.0866	0.0179667573753394
1541.6696	0.0170915045449452
1540.2526	0.0174385156664664
1538.8357	0.0179219074018394
1537.4187	0.017190549766898
1536.0017	0.0172439935498241
1534.5847	0.0173179385104342
1533.1678	0.0177221733512261
1531.7508	0.017346827911668
1530.3338	0.0171973888508167
1528.9168	0.0177709355340009
1527.4999	0.0175482325495964
1526.0829	0.0172293409237451
1524.6659	0.0178162979529152
1523.2489	0.0182153510576268
1521.832	0.0184183623746033
1520.415	0.0193149404122133
1518.998	0.0196860213964612
1517.581	0.0200316976010885
1516.1641	0.0209096210354258
1514.7471	0.0207394113215661
1513.3301	0.0208062657304899
1511.9131	0.021424817905044
1510.4962	0.0211846579343522
1509.0792	0.0213075631603537
1507.6622	0.022327871156452
1506.2452	0.0217245335805078
1504.8283	0.021705572371607
1503.4113	0.0211329333039194
1501.9943	0.0206557947017554
1500.5773	0.0200723006709288
1499.1603	0.0194284172196402
1497.7434	0.0195023261573173
1496.3264	0.0189739327480087
1494.9094	0.0183878791208833
1493.4924	0.0181667446030283
1492.0755	0.0179159853913591
1490.6585	0.0180025857919819
1489.2415	0.0180902704843782
1487.8245	0.0183292672106993
1486.4076	0.0182709393274177
1484.9906	0.0186939193704233
1483.5736	0.0186056136645357
1482.1566	0.0187325423232792
1480.7397	0.0192234570371951
1479.3227	0.019481651143592
1477.9057	0.019350672338284
1476.4887	0.0196581320115845
1475.0718	0.0196725712290904
1473.6548	0.0199284394094608
1472.2378	0.0207485421825432
1470.8208	0.0203857958773088
1469.4039	0.0213008043160334
1467.9869	0.0212056334811439
1466.5699	0.0221016208818232
1465.1529	0.0227845054203033
1463.736	0.023168087497992
1462.319	0.0238698142479295
1460.902	0.0235691769737342
1459.485	0.0234451948844926
1458.0681	0.0241189452694821
1456.6511	0.0248471865143305
1455.2341	0.0249479608204236
1453.8171	0.0254954542929609
1452.4001	0.0254549766619082
1450.9832	0.0255743798977744
1449.5662	0.025670246553464
1448.1492	0.025328782158751
1446.7322	0.0259368949495747
1445.3153	0.0257351336329721
1443.8983	0.0256087534363242
1442.4813	0.0256282048393567
1441.0643	0.025298624066988
1439.6474	0.025614684299557
1438.2304	0.0259309946538595
1436.8134	0.0261079312439582
1435.3964	0.026182198006838
1433.9795	0.0265856680520375
1432.5625	0.026612534389998
1431.1455	0.0266071955994037
1429.7285	0.0270747461783309
1428.3116	0.0274038826867546
1426.8946	0.0277611681335547
1425.4776	0.0280699999272289
1424.0606	0.028253795421326
1422.6437	0.0283649195734855
1421.2267	0.0280529586211727
1419.8097	0.0284926721584062
1418.3927	0.028994207524018
1416.9758	0.0288524438637872
1415.5588	0.0290112200776607
1414.1418	0.029052057733471
1412.7248	0.0290878794902981
1411.3079	0.029525157477962
1409.8909	0.0296201667608321
1408.4739	0.0293544469119235
1407.0569	0.0293936851526256
1405.6399	0.0291582926099542
1404.223	0.0296614707627597
1402.806	0.0291715325042925
1401.389	0.0293130813678084
1399.972	0.0291345026193119
1398.5551	0.0295454935796911
1397.1381	0.0300134139758084
1395.7211	0.0299539836114486
1394.3041	0.0299739806039745
1392.8872	0.0298143405244717
1391.4702	0.0299277603808
1390.0532	0.0307268900192952
1388.6362	0.0306547222314269
1387.2193	0.0311414496260796
1385.8023	0.0314060335886541
1384.3853	0.0314621349371772
1382.9683	0.031656891135317
1381.5514	0.0311045077098775
1380.1344	0.0310853272958036
1378.7174	0.0311466424637505
1377.3004	0.0308406691321144
1375.8835	0.0308862416562849
1374.4665	0.0308050930958988
1373.0495	0.0315869368317194
1371.6325	0.0317174092812821
1370.2156	0.0322035210143115
1368.7986	0.0322574633086491
1367.3816	0.0323656773213675
1365.9646	0.0329587137566378
1364.5477	0.033220995575834
1363.1307	0.0334369466175574
1361.7137	0.0329423315976348
1360.2967	0.0330044217905792
1358.8797	0.0328076968766024
1357.4628	0.0329345957558094
1356.0458	0.0322460768919435
1354.6288	0.0323588026049987
1353.2118	0.0316933033187828
1351.7949	0.0316014939897438
1350.3779	0.0315465981520557
1348.9609	0.0316958381980962
1347.5439	0.0317962916081555
1346.127	0.0318327120218603
1344.71	0.0317972320297684
1343.293	0.0314873179848801
1341.876	0.0321698789136328
1340.4591	0.031968896028047
1339.0421	0.0321707553032707
1337.6251	0.0319526112057674
1336.2081	0.0321428835306602
1334.7912	0.0318169803186736
1333.3742	0.0323469315236443
1331.9572	0.0321995443166951
1330.5402	0.0320489744872318
1329.1233	0.0314166425149158
1327.7063	0.0311206438319092
1326.2893	0.0307977524229262
1324.8723	0.0307419470285959
1323.4554	0.0304287495297866
1322.0384	0.0301977101103673
1320.6214	0.0297737382823039
1319.2044	0.0298883411731161
1317.7875	0.0295335679716703
1316.3705	0.0291972727184694
1314.9535	0.0294656937021738
1313.5365	0.0291846229323107
1312.1195	0.0289605699211058
1310.7026	0.0288224536157203
1309.2856	0.0286323083197621
1307.8686	0.0279428125970027
1306.4516	0.0283371326098712
1305.0347	0.0285836241185916
1303.6177	0.0282389078901256
1302.2007	0.0287933942977877
1300.7837	0.0290966652325116
1299.3668	0.0286614900919178
1297.9498	0.0283764130564614
1296.5328	0.0287925047967986
1295.1158	0.0290429207173099
1293.6989	0.0281015546449685
1292.2819	0.0285721661848396
1290.8649	0.0282519247321869
1289.4479	0.0285572054820501
1288.031	0.0291439222248295
1286.614	0.0286701230761779
1285.197	0.028681882845336
1283.78	0.0289213899163546
1282.3631	0.0288972646597609
1280.9461	0.0294163759805355
1279.5291	0.0293849114926328
1278.1121	0.0301364848993605
1276.6952	0.0299155152217455
1275.2782	0.0301171932363469
1273.8612	0.0306843473056222
1272.4442	0.0306276812897984
1271.0273	0.0309549415009822
1269.6103	0.0315533479865951
1268.1933	0.0310585970240973
1266.7763	0.0306219003228865
1265.3593	0.030474952232288
1263.9424	0.0305331607828078
1262.5254	0.0303361136278259
1261.1084	0.0307248321562822
1259.6914	0.0302919050136064
1258.2745	0.0303279778079934
1256.8575	0.0302829881728845
1255.4405	0.0305859727865219
1254.0235	0.0301924987346157
1252.6066	0.0307038292994355
1251.1896	0.0301543061817524
1249.7726	0.0300043430137456
1248.3556	0.0302549906223444
1246.9387	0.0299275099898264
1245.5217	0.0298104597112584
1244.1047	0.0303698339495177
1242.6877	0.0296204529508053
1241.2708	0.0295281993517599
1239.8538	0.030087382951181
1238.4368	0.0299558621103881
1237.0198	0.030291890089916
1235.6029	0.0302559970521489
1234.1859	0.0303350610582985
1232.7689	0.0299363207998437
1231.3519	0.0298772027651096
1229.935	0.0296351052764075
1228.518	0.0296857660614464
1227.101	0.0288343109662434
1225.684	0.0287096427194595
1224.2671	0.0282566883921879
1222.8501	0.0277906485342986
1221.4331	0.0277660995609272
1220.0161	0.0270644333497155
1218.5991	0.0267448074821481
1217.1822	0.0266158749122572
1215.7652	0.0263261683504002
1214.3482	0.0257198830320714
1212.9312	0.0265311464412054
1211.5143	0.0262090194344525
1210.0973	0.0257981467268599
1208.6803	0.0255806914987065
1207.2633	0.0251616944151013
1205.8464	0.025169873165298
1204.4294	0.025038152762471
1203.0124	0.0248615389511042
1201.5954	0.0241121821612693
1200.1785	0.0244506575437512
1198.7615	0.0243194149444135
1197.3445	0.0234952388469123
1195.9275	0.0238931103920246
1194.5106	0.0234495015373639
1193.0936	0.0228348727900992
1191.6766	0.0224729473543535
1190.2596	0.0218658161802832
1188.8427	0.0221923250117476
1187.4257	0.0219678748447091
1186.0087	0.0209588646321312
1184.5917	0.0207763054692442
1183.1748	0.0208087038690124
1181.7578	0.0211512052915835
1180.3408	0.0214814294474509
1178.9238	0.0213309078550795
1177.5069	0.0212828345040255
1176.0899	0.0214751901843567
1174.6729	0.0222191517524634
1173.2559	0.022549302865748
1171.8389	0.0235349523972653
1170.422	0.0245616137105526
1169.005	0.0252951819952696
1167.588	0.0263669662598753
1166.171	0.0274511546145454
1164.7541	0.0287816497379014
1163.3371	0.0306490161265486
1161.9201	0.0321128998480068
1160.5031	0.034060890673883
1159.0862	0.0356226849045382
1157.6692	0.0369398220966518
1156.2522	0.0383131093944154
1154.8352	0.0397147384258661
1153.4183	0.0404597925393193
1152.0013	0.0415829689785756
1150.5843	0.0422336294420505
1149.1673	0.0427487048738636
1147.7504	0.0425467826988751
1146.3334	0.0430025836283426
1144.9164	0.0430577299338789
1143.4994	0.0423328705641511
1142.0825	0.0427886998660513
1140.6655	0.0417548672965525
1139.2485	0.0413444826200494
1137.8315	0.0404829699751028
1136.4146	0.0396644595960392
1134.9976	0.0387228965110053
1133.5806	0.0389804063906924
1132.1636	0.0390084078711364
1130.7467	0.0385742326480523
1129.3297	0.0389071596706717
1127.9127	0.0393090532737553
1126.4957	0.0392824094036909
1125.0787	0.0395812577315444
1123.6618	0.039823325752024
1122.2448	0.0394256966725986
1120.8278	0.0400441684181979
1119.4108	0.0401111949629763
1117.9939	0.0400768920937691
1116.5769	0.0405926058960576
1115.1599	0.0403456893730744
1113.7429	0.0406186842257309
1112.326	0.0411704993174581
1110.909	0.0410281146701887
1109.492	0.0414922867264952
1108.075	0.0424889745333343
1106.6581	0.0420547050410538
1105.2411	0.0427936237062354
1103.8241	0.0435288652600261
1102.4071	0.0440035672320101
1100.9902	0.0441922697125749
1099.5732	0.0443191793363916
1098.1562	0.0446148664986087
1096.7392	0.0443694117802372
1095.3223	0.0446342898596792
1093.9053	0.0440357078495977
1092.4883	0.045054423040602
1091.0713	0.0454946095892071
1089.6544	0.0469209730334434
1088.2374	0.0478311966832246
1086.8204	0.0485672393302931
1085.4034	0.0507477423201815
1083.9865	0.0519749645400287
1082.5695	0.0531996188082083
1081.1525	0.05466984190025
1079.7355	0.0561631120118171
1078.3185	0.0572699433525119
1076.9016	0.0574696730804891
1075.4846	0.0580516428599302
1074.0676	0.0573802023465173
1072.6506	0.0561727218000401
1071.2337	0.0556219774131417
1069.8167	0.054277485413546
1068.3997	0.0535592640157773
1066.9827	0.0525655059930856
1065.5658	0.0523792661172946
1064.1488	0.052345260693057
1062.7318	0.0526446206978632
1061.3148	0.0533343543001669
1059.8979	0.0538444252401327
1058.4809	0.0551409727369642
1057.0639	0.0557828249142877
1055.6469	0.0566554268439154
1054.23	0.0582798594465596
1052.813	0.0591747253686966
1051.396	0.060126036108113
1049.979	0.0612532651769759
1048.5621	0.0626224070601329
1047.1451	0.0639449190577951
1045.7281	0.0647508932714719
1044.3111	0.0655580205749292
1042.8942	0.0667081898751092
1041.4772	0.0681335708237784
1040.0602	0.069429154495894
1038.6432	0.0703348723058821
1037.2263	0.071654823030602
1035.8093	0.0723996593691472
1034.3923	0.0734346629146005
1032.9753	0.0747589687866275
1031.5583	0.075916121934943
1030.1414	0.077373299382818
1028.7244	0.0779184363914006
1027.3074	0.0793704249588689
1025.8904	0.0808584616771618
1024.4735	0.0821370104226036
1023.0565	0.0829098414337452
1021.6395	0.0844421429900446
1020.2225	0.085304587791485
1018.8056	0.0859574834503897
1017.3886	0.0869418724946517
1015.9716	0.0875181625349436
1014.5546	0.0878694119917661
1013.1377	0.0881994286329191
1011.7207	0.0882861669382296
1010.3037	0.0885442728724761
1008.8867	0.0883924978300332
1007.4698	0.0887967071840068
1006.0528	0.0888482741189831
1004.6358	0.0895906634649286
1003.2188	0.0895645308629076
1001.8019	0.0900945061562276
1000.3849	0.0902698202312814
998.9679	0.0909337933711242
997.5509	0.0917694490220936
996.134	0.0920794314827761
994.717	0.0924581342420423
993.3	0.0927562613604843
991.883	0.0925382766359076
990.4661	0.0930784897336106
989.0491	0.0928478645349615
987.6321	0.0928719171694113
986.2151	0.0920093495802097
984.7981	0.0913599863747309
983.3812	0.0900790038408288
981.9642	0.0894971168841154
980.5472	0.0885673335997132
979.1302	0.0876739654274017
977.7133	0.0855322087475418
976.2963	0.0843829536268962
974.8793	0.0820970686419409
973.4623	0.080688400862289
972.0454	0.0791805209458136
970.6284	0.0771090992524111
969.2114	0.0756115147789774
967.7944	0.0743312044304307
966.3775	0.0723624457276418
964.9605	0.070916582761079
963.5435	0.0691016393006892
962.1265	0.0678583787516371
960.7096	0.0663544681586901
959.2926	0.0653178317799272
957.8756	0.0641721130272541
956.4586	0.0624444339897307
955.0417	0.0609400170658764
953.6247	0.0598289860106224
952.2077	0.0578674485078136
950.7907	0.0578050643374407
949.3738	0.0561582287810206
947.9568	0.0557141362292345
946.5398	0.0547491866862679
945.1228	0.0549362932639181
943.7059	0.0549322282070905
942.2889	0.054934077256487
940.8719	0.0549151451402574
939.4549	0.0550838698978033
938.0379	0.0550360769264687
936.621	0.055412675301409
935.204	0.0553729568630117
933.787	0.0553120880932026
932.37	0.0554154122443154
930.9531	0.0555045500968421
929.5361	0.0553750258948885
928.1191	0.0560282457914417
926.7021	0.0557985878164345
925.2852	0.0552868249879057
923.8682	0.054378799993362
922.4512	0.0548175795673964
921.0342	0.0551840274912542
919.6173	0.0541218126861184
918.2003	0.0543221400731631
916.7833	0.0542846569606587
915.3663	0.0537981253094969
913.9494	0.0532767481666009
912.5324	0.0532238123228278
911.1154	0.0527366131652195
909.6984	0.0519437903810795
908.2815	0.0517650891232579
906.8645	0.0509038987127961
905.4475	0.0496897244590489
904.0305	0.0497870999202177
902.6136	0.0490789892589394
901.1966	0.0488225370666994
899.7796	0.0484603540133036
898.3626	0.0479240012150229
896.9457	0.0476454142160715
895.5287	0.047801959604208
894.1117	0.04744394979128
892.6947	0.0473120919068838
891.2777	0.0472144056292455
889.8608	0.0464422945558667
888.4438	0.0455551735308647
887.0268	0.045647611329428
885.6098	0.0450623782901717
884.1929	0.0442408473958651
882.7759	0.0436284898299862
881.3589	0.0433139849232135
879.9419	0.0436126355828464
878.525	0.0432036509446961
877.108	0.0427344449610052
875.691	0.0422059380477048
874.274	0.0422863170765927
872.8571	0.0421083976699943
871.4401	0.0423814474161303
870.0231	0.0432812359939535
868.6061	0.0437013739236436
867.1892	0.0441929786161249
865.7722	0.044221600774467
864.3552	0.0442966553683659
862.9382	0.0444885638418995
861.5213	0.0447210272841246
860.1043	0.0448886625816383
858.6873	0.0448042055113751
857.2703	0.0448342491659219
855.8534	0.0450999122396958
854.4364	0.044933748914496
853.0194	0.045037279509666
851.6024	0.0449561095813925
850.1855	0.0455020643914196
848.7685	0.0455438551056341
847.3515	0.0453911167385442
845.9345	0.0457231663089415
844.5175	0.0453316884065957
843.1006	0.0453624819802256
841.6836	0.0454666583332739
840.2666	0.0449293984352793
838.8496	0.0446623616722505
837.4327	0.0439494582951795
836.0157	0.0440776413437926
834.5987	0.0438537708430784
833.1817	0.0432528162408465
831.7648	0.0427746778983006
830.3478	0.0425888320339483
828.9308	0.0424103498485986
827.5138	0.0423620489520849
826.0969	0.0419184501943643
824.6799	0.0418744773589396
823.2629	0.0414259287796914
821.8459	0.0418882755640232
820.429	0.0412126606892537
819.012	0.0416199735197382
817.595	0.0409497115331644
816.178	0.0414462285433494
814.7611	0.0410667670469929
813.3441	0.0408546479198398
811.9271	0.0406342869967853
810.5101	0.0402717531029269
809.0932	0.0402877875607039
807.6762	0.0406173204052273
806.2592	0.0399659336752426
804.8422	0.0398222656255114
803.4253	0.0400377722309014
802.0083	0.0406099083475452
800.5913	0.0401272974217628
799.1743	0.0404160131994561
797.7573	0.0403641147114681
796.3404	0.0401833789547093
794.9234	0.0403279228669552
793.5064	0.0400933417402432
792.0894	0.0406942846299124
790.6725	0.0407130249291465
789.2555	0.0407958732831649
787.8385	0.0408430700559835
786.4215	0.0411792468767748
785.0046	0.0416625652793993
783.5876	0.0414342735533656
782.1706	0.0416403974341831
780.7536	0.0421475504574002
779.3367	0.0421386029816148
777.9197	0.0424315181571758
776.5027	0.0431579504629291
775.0857	0.0429577949174079
773.6688	0.0432402335313729
772.2518	0.0444255903746158
770.8348	0.0452843022515566
769.4178	0.0453099148837111
768.0009	0.0459845077533045
766.5839	0.0461524601681081
765.1669	0.0467389884662401
763.7499	0.0470271096125554
762.333	0.0474147322991556
760.916	0.0480488500268974
759.499	0.0476015878003796
758.082	0.0478327790893208
756.6651	0.0480090660383213
755.2481	0.0478371772121539
753.8311	0.0474118025016741
752.4141	0.0468546158299145
750.9971	0.0465461478316168
749.5802	0.046098971781383
748.1632	0.0458478088785748
746.7462	0.0450528173159761
745.3292	0.0450692851455145
743.9123	0.0444013822035934
742.4953	0.0445315595093956
741.0783	0.0441811707859697
739.6613	0.0441126715678961
738.2444	0.0439605435231067
736.8274	0.0432857940264393
735.4104	0.0432170839812771
733.9934	0.0435754990280897
732.5765	0.0438014823296095
731.1595	0.0438715940975304
729.7425	0.0439649662513512
728.3255	0.0441002322254387
726.9086	0.0451640116402319
725.4916	0.0447439531780073
724.0746	0.0449107443391702
722.6576	0.0447200787145431
721.2407	0.0457518042038009
719.8237	0.0462915535840791
718.4067	0.0466180966928534
716.9897	0.0471872457373795
715.5728	0.0478106537477059
714.1558	0.0482602380377757
712.7388	0.0485219887807018
711.3218	0.048797102815548
709.9049	0.0491522526324034
708.4879	0.0499512933540421
707.0709	0.050112156087598
705.6539	0.050120695411007
704.2369	0.0506830658968231
702.82	0.0502610224043906
701.403	0.0501687885644199
699.986	0.0501284140961943
698.569	0.0504969326599385
697.1521	0.0503198277771615
695.7351	0.0496057836892019
694.3181	0.0498675183816881
692.9011	0.0497649320007721
691.4842	0.0495710950013549
690.0672	0.0495673035364497
688.6502	0.0494330812280734
687.2332	0.0493804844831381
685.8163	0.0492273360179
684.3993	0.0498873897105021
682.9823	0.0494908606587473
681.5653	0.0491338198656069
680.1484	0.0504802646830436
678.7314	0.0495145978281098
677.3144	0.0500661270372076
675.8974	0.0493223787230649
674.4805	0.0492596076565196
673.0635	0.0495684408794488
671.6465	0.0495330724312628
670.2295	0.04989086838316
668.8126	0.0503079871501916
667.3956	0.0506373868596738
665.9786	0.051249248583611
664.5616	0.0514957190719774
663.1447	0.0513728696398291
661.7277	0.051558330377289
660.3107	0.0520970864942452
658.8937	0.0523585829942173
657.4767	0.0523684947553635
656.0598	0.0521935752316536
654.6428	0.0525792498009917
653.2258	0.0524771425499259
651.8088	0.0522149157110602
650.3919	0.0528655969106943
648.9749	0.0528756996704373
647.5579	0.0525435092946343
646.1409	0.052804372999717
644.724	0.0527425403210631
643.307	0.0536023496082258
641.89	0.0534267748356198
640.473	0.0536820608345597
639.0561	0.0538425359953962
637.6391	0.053787694453675
636.2221	0.0542886870811212
634.8051	0.054149460524272
633.3882	0.0542350661309081
631.9712	0.0544431273472132
630.5542	0.05494066172555
629.1372	0.0554695687372227
627.7203	0.0554240413660348
626.3033	0.0555111712439539
624.8863	0.0561188447487678
623.4693	0.0560809254569284
622.0524	0.0572714570267384
620.6354	0.0579717862487981
619.2184	0.0578168130062913
617.8014	0.0587080826369236
616.3845	0.0594340869445535
614.9675	0.0594496264775003
613.5505	0.0602171370045741
612.1335	0.0609593391459368
610.7165	0.0616612058841538
609.2996	0.0623616009380471
607.8826	0.0628162028699221
606.4656	0.0626045881793437
605.0486	0.0624068883194487
603.6317	0.0627372754738309
602.2147	0.0626477051045888
600.7977	0.06288714772734
599.3807	0.0626515617544152
597.9638	0.0626159291500622
596.5468	0.0631119833466256
595.1298	0.0633433998328886
593.7128	0.0631000969110501
592.2959	0.0632625184814903
590.8789	0.0632089370282791
589.4619	0.0638061353546391
588.0449	0.0640090806124899
586.628	0.0648912961770989
585.211	0.0654746237485365
583.794	0.0663627941998393
582.377	0.0664623478733961
580.9601	0.0673600047364951
579.5431	0.0681884198588713
578.1261	0.0697308270633869
576.7091	0.070132507717908
575.2922	0.0711020903138645
573.8752	0.0713020045751945
572.4582	0.0720558817943041
571.0412	0.0713480467572026
569.6243	0.0721051752085521
568.2073	0.0712326756027466
566.7903	0.071429965606048
565.3733	0.0715790115731158
563.9563	0.0713477092967837
562.5394	0.0704708308168653
561.1224	0.0701909266903753
559.7054	0.0703022562375578
558.2884	0.0705249470414781
556.8715	0.0700840733646442
555.4545	0.0698809573523394
554.0375	0.0702365502580135
552.6205	0.0701125539895366
551.2036	0.0702233307109581
549.7866	0.0696104480752911
548.3696	0.0688783647810137
546.9526	0.0686496056037567
545.5357	0.0685470543007863
544.1187	0.0685007310938944
542.7017	0.0686431556056634
541.2847	0.0687226153223603
539.8678	0.0696028142005942
538.4508	0.0694979371563075
537.0338	0.0699737630630041
535.6168	0.0703687862949047
534.1999	0.0710069618671462
532.7829	0.0717144014936506
531.3659	0.0723880203227693
529.9489	0.0737261036327461
528.532	0.0737650878703907
527.115	0.0749072777514401
525.698	0.0750068245046764
524.281	0.0753261375047378
522.8641	0.0756503817054867
521.4471	0.0754254867686961
520.0301	0.0754591393073504
518.6131	0.0751623006264762
517.1962	0.0756322525631657
515.7792	0.076434641761899
514.3622	0.0763313371089196
512.9452	0.076758915917492
511.5282	0.0768725431478724
510.1113	0.076464024746898
508.6943	0.0765632289957905
507.2773	0.0755740792909113
505.8603	0.0750497808877488
504.4434	0.0751275057941735
503.0264	0.0747794667492078
501.6094	0.0745110567169384
500.1924	0.074564130807286
498.7755	0.0749173657716451
497.3585	0.0747679687956005
495.9415	0.0741393646625406
494.5245	0.07464574717573
493.1076	0.0746839704547138
491.6906	0.0749322672096834
490.2736	0.0743768209470748
488.8566	0.0744306363479491
487.4397	0.0743608587946617
486.0227	0.0747322591723415
484.6057	0.0753676247728648
483.1887	0.0750786275650813
481.7718	0.0754952728124809
480.3548	0.0750602167650305
478.9378	0.0752581207049293
477.5208	0.0751549539263903
476.1039	0.0752345103417109
474.6869	0.0746115668676255
473.2699	0.0744562077332254
471.8529	0.0749568296623667
470.436	0.0758282018186957
469.019	0.0760290949813471
467.602	0.0757709827209677
466.185	0.0752847399694226
464.768	0.0754344819594028
463.3511	0.0749449520647821
461.9341	0.0745169137085396
460.5171	0.0744340665998936
459.1001	0.074349644074808
457.6832	0.0739509646901902
456.2662	0.0736383739883657
454.8492	0.0737768900066454
453.4322	0.0739466217132245
452.0153	0.0729755016704579
450.5983	0.0732217867555579
449.1813	0.0736818340150761
447.7643	0.0741451855751204
446.3474	0.0751951026682124
444.9304	0.0759549567289271
443.5134	0.0772765789604938
442.0964	0.0780799396699631
440.6795	0.0785131127562285
439.2625	0.0792387303741518
437.8455	0.0789803124829296
436.4285	0.0789972390987072
435.0116	0.0791131890552999
433.5946	0.0793530960136753
432.1776	0.0792875340555199
430.7606	0.0791109196507209
429.3437	0.0788552634150741
427.9267	0.079586771414335
426.5097	0.0792541030653428
425.0927	0.0798300519193894
423.6758	0.0799797982308185
422.2588	0.0789205203368656
420.8418	0.0788456910286513
419.4248	0.078880063084376
418.0078	0.0795163085480956
416.5909	0.0808896855644862
415.1739	0.0817949683872039
413.7569	0.0823715228924219
412.3399	0.0818422189759182
410.923	0.0814314286840908
409.506	0.0804971551359362
408.089	0.0808619794233976
406.672	0.0803277098066588
405.2551	0.08128345426734
403.8381	0.0819085150610819
402.4211	0.0823676921004488
401.0041	0.0830782021161714
