3994.4546	0.0154667721864573
3993.0377	0.0154600996452101
3991.6207	0.0160953712176627
3990.2037	0.015597400960239
3988.7867	0.0154434998084892
3987.3698	0.0155334595167509
3985.9528	0.0157670806561351
3984.5358	0.0154838649728246
3983.1188	0.0152835429170919
3981.7019	0.015863129091707
3980.2849	0.0157839702916996
3978.8679	0.0158844256417264
3977.4509	0.015103281341373
3976.034	0.0156892495339717
3974.617	0.0156774601807918
3973.2	0.015795530707352
3971.783	0.0159680483676472
3970.3661	0.0157510453586445
3968.9491	0.015570784165427
3967.5321	0.0151292405629425
3966.1151	0.0147770217731168
3964.6982	0.0149541943086131
3963.2812	0.0154339573694999
3961.8642	0.0151058163506768
3960.4472	0.015234344492842
3959.0303	0.0149817226007679
3957.6133	0.0152396313452619
3956.1963	0.0147559155021694
3954.7793	0.0156931549141119
3953.3624	0.0155046070262913
3951.9454	0.0152063298522868
3950.5284	0.0155364878305463
3949.1114	0.0154789773196919
3947.6944	0.0154987020602208
3946.2775	0.0150203814759082
3944.8605	0.0150882799682015
3943.4435	0.0148561794848198
3942.0265	0.0149681406294226
3940.6096	0.0150950810111328
3939.1926	0.0154151007474764
3937.7756	0.0151645585366601
3936.3586	0.0153433082718027
3934.9417	0.0147152749987845
3933.5247	0.0153005430995946
3932.1077	0.0150688835189095
3930.6907	0.0156973521761732
3929.2738	0.0154763282750055
3927.8568	0.0152573777878233
3926.4398	0.0149055289862277
3925.0228	0.0151629459044432
3923.6059	0.0154243862777101
3922.1889	0.0152753456119233
3920.7719	0.0155482442883788
3919.3549	0.0148738303982443
3917.938	0.0154973460620053
3916.521	0.0156999147586589
3915.104	0.0150777073544457
3913.687	0.0152449596228839
3912.2701	0.0153471609797837
3910.8531	0.0155851970821524
3909.4361	0.0149304390118645
3908.0191	0.0151116483251224
3906.6022	0.0146809959331243
3905.1852	0.0146551227001913
3903.7682	0.0152805180869018
3902.3512	0.0143307027999903
3900.9342	0.0145846736616519
3899.5173	0.0156316171407757
3898.1003	0.0144307217982683
3896.6833	0.0152122891175799
3895.2663	0.014847053787753
3893.8494	0.0152146917627657
3892.4324	0.0146850432385052
3891.0154	0.0154429969893968
3889.5984	0.0143877284295269
3888.1815	0.0156822237648227
3886.7645	0.0151244430906318
3885.3475	0.0146087236579429
3883.9305	0.0154145700484632
3882.5136	0.0148372465556381
3881.0966	0.0154506926391866
3879.6796	0.0151117564907847
3878.2626	0.0149332917594082
3876.8457	0.0146479994101832
3875.4287	0.015232788647213
3874.0117	0.0144975566910515
3872.5947	0.0148999676505192
3871.1778	0.0152123297054206
3869.7608	0.015368196017352
3868.3438	0.0155378651066759
3866.9268	0.0157335073598841
3865.5099	0.0157699467589329
3864.0929	0.0147191313223749
3862.6759	0.0155445062902539
3861.2589	0.0150211805720309
3859.842	0.0156210283793015
3858.425	0.0147022853457296
3857.008	0.0150615352840917
3855.591	0.0150109827949097
3854.174	0.0146393506728637
3852.7571	0.0149593720458352
3851.3401	0.0148516959715018
3849.9231	0.01490862313064
3848.5061	0.0152486085230021
3847.0892	0.0151995919505652
3845.6722	0.0150519688311027
3844.2552	0.0141020943877096
3842.8382	0.0146650661157817
3841.4213	0.0153726820359748
3840.0043	0.0144997852621524
3838.5873	0.0141027238255259
3837.1703	0.013494682004661
3835.7534	0.0142849298304024
3834.3364	0.0145925643669928
3832.9194	0.0144759455927499
3831.5024	0.0144278141363884
3830.0855	0.0146417627794814
3828.6685	0.014931586079823
3827.2515	0.0150046515778142
3825.8345	0.0143378816699382
3824.4176	0.0150675347049324
3823.0006	0.0145985333709495
3821.5836	0.0151277585085202
3820.1666	0.0150565124949813
3818.7497	0.0147195105428315
3817.3327	0.0146034649182654
3815.9157	0.0153344358356904
3814.4987	0.014793059458768
3813.0818	0.0142741717959124
3811.6648	0.0146539974949748
3810.2478	0.0150838945325859
3808.8308	0.0139754275213393
3807.4138	0.0141570154780453
3805.9969	0.0138187145144269
3804.5799	0.0151339405928309
3803.1629	0.0145945555731005
3801.7459	0.0142185585625147
3800.329	0.0147782569766791
3798.912	0.0146502350613416
3797.495	0.0148824741619867
3796.078	0.014408514823258
3794.6611	0.0141159438301538
3793.2441	0.0142345910154481
3791.8271	0.0145217509309731
3790.4101	0.0145817723184231
3788.9932	0.0144247373652308
3787.5762	0.0139194464607341
3786.1592	0.0143595343665485
3784.7422	0.0142521003132779
3783.3253	0.0139864375677315
3781.9083	0.0142814433571496
3780.4913	0.013804675989462
3779.0743	0.0142356130433486
3777.6574	0.0146503288300399
3776.2404	0.0148475345955604
3774.8234	0.0145042036404111
3773.4064	0.0142868863199955
3771.9895	0.0132736936744622
3770.5725	0.013979785759198
3769.1555	0.0143586586574542
3767.7385	0.0139183637766933
3766.3216	0.0138347075943607
3764.9046	0.013606834106102
3763.4876	0.0142261170149516
3762.0706	0.014148282759877
3760.6536	0.0134889578038863
3759.2367	0.0140889564710727
3757.8197	0.0137493660948789
3756.4027	0.014314057274328
3754.9857	0.0141580757404625
3753.5688	0.0146648667792591
3752.1518	0.0148052429874255
3750.7348	0.0148889168667138
3749.3178	0.0146196291962119
3747.9009	0.014501052168012
3746.4839	0.0140181692814325
3745.0669	0.0140316477923311
3743.6499	0.0140141003685317
3742.233	0.0145429363300363
3740.816	0.0141783795597112
3739.399	0.0139816910357422
3737.982	0.0142401785129118
3736.5651	0.0146152292129683
3735.1481	0.0143513597448745
3733.7311	0.0135186012424957
3732.3141	0.0143666452026672
3730.8972	0.0134936416294274
3729.4802	0.0140922575861816
3728.0632	0.0142120503296764
3726.6462	0.0138665447551962
3725.2293	0.0143914584989799
3723.8123	0.0140420009825334
3722.3953	0.0136412638769451
3720.9783	0.0140789994454737
3719.5614	0.0136375236380116
3718.1444	0.0136933538280744
3716.7274	0.0139252614381713
3715.3104	0.0140002995603189
3713.8935	0.0132272626106705
3712.4765	0.0132555398516212
3711.0595	0.0128297148722684
3709.6425	0.0141316837458185
3708.2255	0.014100045473813
3706.8086	0.0139505607990902
3705.3916	0.0136272497901215
3703.9746	0.013552871039642
3702.5576	0.0138006420455529
3701.1407	0.0140329289946384
3699.7237	0.0135816669452626
3698.3067	0.0134232644399963
3696.8897	0.0141685840407078
3695.4728	0.0135841271990055
3694.0558	0.0136141201610616
3692.6388	0.0137987733244322
3691.2218	0.0138771458697156
3689.8049	0.0134252106724869
3688.3879	0.0130526636664449
3686.9709	0.013373564432043
3685.5539	0.0139112202490971
3684.137	0.0125683608271519
3682.72	0.0139306282523731
3681.303	0.0136355188520653
3679.886	0.0136415895323159
3678.4691	0.0131277622408418
3677.0521	0.0132299263781792
3675.6351	0.0132734919812409
3674.2181	0.0136199795862504
3672.8012	0.0142699757985536
3671.3842	0.0140742388066051
3669.9672	0.0141224272878173
3668.5502	0.0145359946538226
3667.1333	0.0136680120795311
3665.7163	0.0136163477264105
3664.2993	0.0133317028145378
3662.8823	0.0133065589881368
3661.4653	0.0136303337170414
3660.0484	0.013487132769477
3658.6314	0.0136701249649993
3657.2144	0.0131633002102872
3655.7974	0.0136422946815935
3654.3805	0.0140322543599136
3652.9635	0.0134681923323561
3651.5465	0.0134270014141766
3650.1295	0.0135390468842462
3648.7126	0.0141879109318517
3647.2956	0.0137258645193099
3645.8786	0.014037606797112
3644.4616	0.0137143947220758
3643.0447	0.0146633702916911
3641.6277	0.0140038291784014
3640.2107	0.0144024341891696
3638.7937	0.0141709651358885
3637.3768	0.0146978676161339
3635.9598	0.0147071325832988
3634.5428	0.0143916752960499
3633.1258	0.0140965320993355
3631.7089	0.0143250947053556
3630.2919	0.0151788386578494
3628.8749	0.0152050815560312
3627.4579	0.0153500764811093
3626.041	0.015128357290503
3624.624	0.014599435153671
3623.207	0.0152277042730997
3621.79	0.0142553992792417
3620.3731	0.014432950285845
3618.9561	0.0150835320170696
3617.5391	0.0155356679023232
3616.1221	0.0153655516874401
3614.7051	0.0150240767705371
3613.2882	0.0158299416191651
3611.8712	0.0152829703893463
3610.4542	0.0166947594733512
3609.0372	0.0158931423420352
3607.6203	0.0161989521956447
3606.2033	0.0161690462115619
3604.7863	0.0156899543663385
3603.3693	0.0163672560875323
3601.9524	0.0159044425684845
3600.5354	0.015925966692384
3599.1184	0.0163222340479357
3597.7014	0.0158336602056587
3596.2845	0.0159836172187125
3594.8675	0.0166801840528408
3593.4505	0.0166875245760472
3592.0335	0.0168971319927924
3590.6166	0.016256136950987
3589.1996	0.0170822930001072
3587.7826	0.0170263432120051
3586.3656	0.0179454626668916
3584.9487	0.0171902740537504
3583.5317	0.0174644222093143
3582.1147	0.0173781066985765
3580.6977	0.0178558035353071
3579.2808	0.0180494202103327
3577.8638	0.0180076374325536
3576.4468	0.0171917905464603
3575.0298	0.0184025927783998
3573.6129	0.0185970465070844
3572.1959	0.0190947542472999
3570.7789	0.0194706996411804
3569.3619	0.0188930225105226
3567.9449	0.0193744707466718
3566.528	0.0206822254977483
3565.111	0.020320599766988
3563.694	0.0197558394094955
3562.277	0.0197494802570979
3560.8601	0.0204393931000801
3559.4431	0.0206169517547325
3558.0261	0.0208908213439333
3556.6091	0.021554799052267
3555.1922	0.0205308187058943
3553.7752	0.0215257240483171
3552.3582	0.0211989934188773
3550.9412	0.0216356585897882
3549.5243	0.022016123356516
3548.1073	0.0220075320989822
3546.6903	0.0229198169762052
3545.2733	0.0224431966742457
3543.8564	0.0228040630998202
3542.4394	0.0227041963662928
3541.0224	0.0232572979681798
3539.6054	0.0237047083664037
3538.1885	0.0233588391685287
3536.7715	0.0241665928174807
3535.3545	0.0239988760951167
3533.9375	0.0241464340849109
3532.5206	0.0245537024893416
3531.1036	0.0244311638882793
3529.6866	0.0245547730216551
3528.2696	0.0252522600450499
3526.8527	0.0248484359704362
3525.4357	0.0256361916656504
3524.0187	0.0257143081383397
3522.6017	0.0258629199577253
3521.1847	0.0264234699685262
3519.7678	0.0266437768771567
3518.3508	0.0261997748488687
3516.9338	0.0260408022465801
3515.5168	0.0266316868538001
3514.0999	0.0264963298885394
3512.6829	0.0269946082056735
3511.2659	0.0271371704965993
3509.8489	0.0273389766607947
3508.432	0.0281123291853369
3507.015	0.0283909104220577
3505.598	0.0282900635627257
3504.181	0.0290454657607245
3502.7641	0.0284823385251997
3501.3471	0.0290806590897336
3499.9301	0.0290336516763301
3498.5131	0.0290508164279428
3497.0962	0.0294184859335043
3495.6792	0.0302869078891281
3494.2622	0.0305503772630532
3492.8452	0.0302603746535584
3491.4283	0.0304597662578375
3490.0113	0.0308922793037051
3488.5943	0.031264439098317
3487.1773	0.0310017481723823
3485.7604	0.031298994763138
3484.3434	0.0315716660593056
3482.9264	0.031969325901934
3481.5094	0.0316218824193085
3480.0925	0.0314216628372037
3478.6755	0.0328089601030845
3477.2585	0.0333635548080676
3475.8415	0.0324956563295755
3474.4245	0.0330630381620851
3473.0076	0.0334070567814315
3471.5906	0.0332150912422938
3470.1736	0.033928860060148
3468.7566	0.0334115151723602
3467.3397	0.0345012197061258
3465.9227	0.0343188005148818
3464.5057	0.0345949506362114
3463.0887	0.0340943485779431
3461.6718	0.034478149775166
3460.2548	0.0340632001720633
3458.8378	0.0347606292467229
3457.4208	0.0347814734743079
3456.0039	0.0358524072644807
3454.5869	0.0359054867780151
3453.1699	0.0355084553997878
3451.7529	0.03592972670271
3450.336	0.036243390602246
3448.919	0.0363184731333499
3447.502	0.0364318399084378
3446.085	0.0372810716555653
3444.6681	0.0374305296511845
3443.2511	0.0371902402953068
3441.8341	0.037483486734481
3440.4171	0.0378732024693177
3439.0002	0.0376173065362344
3437.5832	0.0386280043749838
3436.1662	0.0380038980596066
3434.7492	0.0384557728541113
3433.3323	0.0387519872593088
3431.9153	0.0390217776721356
3430.4983	0.0391326614551138
3429.0813	0.0396186023053138
3427.6643	0.0396961673542131
3426.2474	0.0395924683588672
3424.8304	0.0399142534294299
3423.4134	0.0395044553693804
3421.9964	0.0401655907323036
3420.5795	0.0397407573195951
3419.1625	0.040332715216174
3417.7455	0.0406550383827529
3416.3285	0.0409261055236817
3414.9116	0.0401303476236434
3413.4946	0.0411509557661601
3412.0776	0.0415432212650107
3410.6606	0.0416487980445558
3409.2437	0.0413117529484016
3407.8267	0.0419896752859882
3406.4097	0.0423525570511726
3404.9927	0.0419989999869832
3403.5758	0.0424639990612951
3402.1588	0.0431914112567016
3400.7418	0.0429452980617145
3399.3248	0.0436729114002387
3397.9079	0.0432269387581354
3396.4909	0.0429298784824841
3395.0739	0.0433426042346079
3393.6569	0.0436912421139131
3392.24	0.0438905819454372
3390.823	0.0432857911199755
3389.406	0.0442719444665882
3387.989	0.0438832469200372
3386.5721	0.0439722660201488
3385.1551	0.0442547202987852
3383.7381	0.0445948351926133
3382.3211	0.0446882585355975
3380.9041	0.0445172676003507
3379.4872	0.0451387758901449
3378.0702	0.0447578462052463
3376.6532	0.0449067225508496
3375.2362	0.0451189672108495
3373.8193	0.0462935214247146
3372.4023	0.046109033104371
3370.9853	0.0461566401122177
3369.5683	0.0456020723719427
3368.1514	0.0458542266808338
3366.7344	0.0458233178544026
3365.3174	0.0456948249255806
3363.9004	0.0461932678000694
3362.4835	0.0464387188842983
3361.0665	0.0463211789837317
3359.6495	0.0468618710350868
3358.2325	0.0469633802090902
3356.8156	0.0474915129027559
3355.3986	0.0465303229836919
3353.9816	0.0474455706100582
3352.5646	0.0472872564567471
3351.1477	0.0478458286013269
3349.7307	0.0479408006731743
3348.3137	0.0467038789876034
3346.8967	0.0476318547103731
3345.4798	0.0472310328473764
3344.0628	0.0473198704841177
3342.6458	0.0478560806509546
3341.2288	0.0473936212272357
3339.8119	0.0479932543939713
3338.3949	0.0478295411660138
3336.9779	0.0481786935270827
3335.5609	0.0470379359560368
3334.1439	0.0476828440350908
3332.727	0.049140358322748
3331.31	0.0484808839291684
3329.893	0.0487195252417244
3328.476	0.0479808975194037
3327.0591	0.0482175527024143
3325.6421	0.048496314183122
3324.2251	0.049321043895875
3322.8081	0.0486898530860536
3321.3912	0.0493361299792609
3319.9742	0.0490440673578773
3318.5572	0.0487239375287127
3317.1402	0.0489506980303642
3315.7233	0.0488026153480398
3314.3063	0.049646686676556
3312.8893	0.0490673022604678
3311.4723	0.0492535242440183
3310.0554	0.0488876163025465
3308.6384	0.0484771664704872
3307.2214	0.0486526061739516
3305.8044	0.04892636686676
3304.3875	0.0489303516109635
3302.9705	0.0497185167591527
3301.5535	0.0491248950592041
3300.1365	0.0496336176322072
3298.7196	0.0494238906925019
3297.3026	0.049689048851387
3295.8856	0.049707802669803
3294.4686	0.0490132278618716
3293.0517	0.0492720361390902
3291.6347	0.0491133228158834
3290.2177	0.0494193698808129
3288.8007	0.0495456784685196
3287.3837	0.0488353675513926
3285.9668	0.0498602152898485
3284.5498	0.0495209360032602
3283.1328	0.0495190625283778
3281.7158	0.0498936170198656
3280.2989	0.0493574876833609
3278.8819	0.0500516859973986
3277.4649	0.0501942333708095
3276.0479	0.0500086503978763
3274.631	0.0496919657660132
3273.214	0.0496705037476889
3271.797	0.0495120406034132
3270.38	0.0497856248566811
3268.9631	0.0491290206212521
3267.5461	0.0494039888149961
3266.1291	0.0498955444820137
3264.7121	0.0489776574122398
3263.2952	0.0496064178037659
3261.8782	0.0495451498076287
3260.4612	0.0494601725106379
3259.0442	0.0496719468226968
3257.6273	0.0493958164192769
3256.2103	0.0489799687789683
3254.7933	0.0499537760801041
3253.3763	0.0496077216321695
3251.9594	0.0489843798340395
3250.5424	0.0499121044675276
3249.1254	0.0499621034538754
3247.7084	0.0498675714136281
3246.2915	0.049658769674918
3244.8745	0.0494491352320833
3243.4575	0.0494356313313309
3242.0405	0.0497700541953427
3240.6235	0.0489115264041086
3239.2066	0.0493695752983163
3237.7896	0.0494720362229277
3236.3726	0.0493711451935444
3234.9556	0.0495318355144643
3233.5387	0.0493831886219003
3232.1217	0.0491287091574915
3230.7047	0.0490179504763887
3229.2877	0.0497324720387419
3227.8708	0.0487245842431481
3226.4538	0.0489881744222023
3225.0368	0.0490088759586278
3223.6198	0.0489890543990344
3222.2029	0.0493119001288849
3220.7859	0.049205251966433
3219.3689	0.04822409788192
3217.9519	0.0480866971479205
3216.535	0.0487632974363182
3215.118	0.0494083198904969
3213.701	0.048736300376508
3212.284	0.0483134813241878
3210.8671	0.0485699828268997
3209.4501	0.0480844078787759
3208.0331	0.0479300455150106
3206.6161	0.0484132886358625
3205.1992	0.047451560451552
3203.7822	0.0479051435762525
3202.3652	0.0475929159521463
3200.9482	0.0478660501885685
3199.5313	0.0475110392548852
3198.1143	0.0472375824714183
3196.6973	0.0473893315289285
3195.2803	0.0477973232262937
3193.8633	0.0471758103939696
3192.4464	0.0473440451413183
3191.0294	0.0466289753001242
3189.6124	0.0464525679803149
3188.1954	0.0468119169972049
3186.7785	0.0465833510402305
3185.3615	0.0465792619184917
3183.9445	0.0469497387105694
3182.5275	0.0461638547905001
3181.1106	0.0466429951495136
3179.6936	0.0460841798237088
3178.2766	0.0467061065137434
3176.8596	0.0468086498137837
3175.4427	0.045623001633784
3174.0257	0.0456375353728495
3172.6087	0.0452919042573705
3171.1917	0.0466027525891153
3169.7748	0.045219526026145
3168.3578	0.0455399843670761
3166.9408	0.0453346750214135
3165.5238	0.0451106477125175
3164.1069	0.0459273415556968
3162.6899	0.0456046327741719
3161.2729	0.0452989792611892
3159.8559	0.0450977235844741
3158.439	0.0444677336089959
3157.022	0.0454486916122349
3155.605	0.0433406999248372
3154.188	0.0443992581933077
3152.7711	0.0442595206540905
3151.3541	0.0444229645970624
3149.9371	0.0438080357359572
3148.5201	0.043910973715753
3147.1031	0.0440636618412041
3145.6862	0.0431862094830755
3144.2692	0.0433028363155664
3142.8522	0.0434947289434783
3141.4352	0.0425575825431722
3140.0183	0.0432355369179014
3138.6013	0.0428666625546659
3137.1843	0.0429969972922298
3135.7673	0.0430324140594453
3134.3504	0.0422023284241928
3132.9334	0.0424004390838318
3131.5164	0.0420454099601228
3130.0994	0.0418762839783858
3128.6825	0.0427229509973682
3127.2655	0.0412127209336251
3125.8485	0.0420717262066061
3124.4315	0.0417252336596787
3123.0146	0.0414315664314732
3121.5976	0.0417049991633193
3120.1806	0.0413647876920989
3118.7636	0.0406120971540149
3117.3467	0.0409009090987576
3115.9297	0.0412165755379399
3114.5127	0.0416048076626945
3113.0957	0.0407586999488771
3111.6788	0.0399210190773803
3110.2618	0.0405290092505741
3108.8448	0.0405614510037303
3107.4278	0.0403846121258966
3106.0109	0.0406502491940383
3104.5939	0.0397141421945231
3103.1769	0.0400119732541688
3101.7599	0.0398736091564546
3100.3429	0.0401545161122303
3098.926	0.0395088544136982
3097.509	0.0404076066242629
3096.092	0.0386368284061915
3094.675	0.0389125860782675
3093.2581	0.040065423220478
3091.8411	0.0390866652365071
3090.4241	0.0394525528125758
3089.0071	0.0388128062712736
3087.5902	0.0380656263325851
3086.1732	0.0384310300857099
3084.7562	0.0386813115421552
3083.3392	0.0382474035301817
3081.9223	0.0381396881263375
3080.5053	0.0376451769541634
3079.0883	0.0375651158627357
3077.6713	0.0376730422926581
3076.2544	0.0380222331377218
3074.8374	0.0378998926065765
3073.4204	0.0375482921208429
3072.0034	0.0374874480868488
3070.5865	0.037389989098905
3069.1695	0.0371929336435043
3067.7525	0.0372313845595669
3066.3355	0.0368141485896661
3064.9186	0.0369371402079288
3063.5016	0.0372449900609929
3062.0846	0.0367388580594138
3060.6676	0.0360253895931616
3059.2507	0.0365491149129274
3057.8337	0.036043095567446
3056.4167	0.0360114810025735
3054.9997	0.035365972250391
3053.5827	0.0356725146359109
3052.1658	0.0351279110940613
3050.7488	0.0352016520875754
3049.3318	0.0352910871944874
3047.9148	0.0352583470854748
3046.4979	0.0349885264409854
3045.0809	0.035129845198808
3043.6639	0.0348142643860405
3042.2469	0.0348368116439367
3040.83	0.0344333159360443
3039.413	0.0346886734299785
3037.996	0.0345892641499444
3036.579	0.0340984231558829
3035.1621	0.0330928277112759
3033.7451	0.0343886909991419
3032.3281	0.0342429327582487
3030.9111	0.0339436584954371
3029.4942	0.0332195531250981
3028.0772	0.0330223226775843
3026.6602	0.0327139235733825
3025.2432	0.0337594198924602
3023.8263	0.0337897193966741
3022.4093	0.0337487513667539
3020.9923	0.0335925977737464
3019.5753	0.0331266539760384
3018.1584	0.033282651947653
3016.7414	0.0328922996921392
3015.3244	0.0330337814116888
3013.9074	0.0329333651487627
3012.4905	0.0328917128724583
3011.0735	0.0329121629015741
3009.6565	0.0328935896469363
3008.2395	0.0324968283555227
3006.8225	0.0328186124696158
3005.4056	0.0319047473854676
3003.9886	0.0316724243174016
3002.5716	0.032945379416136
3001.1546	0.032026725720658
2999.7377	0.0321693857708261
2998.3207	0.0321229254538484
2996.9037	0.0325231032127048
2995.4867	0.0332794109620476
2994.0698	0.032272325088789
2992.6528	0.0327238027112569
2991.2358	0.0322429974402861
2989.8188	0.0316991030973534
2988.4019	0.0313372118018619
2986.9849	0.0314753420592275
2985.5679	0.0320326550606306
2984.1509	0.0328665153957832
2982.734	0.0319588199195128
2981.317	0.0324445328777813
2979.9	0.0323950570266099
2978.483	0.0322833400732138
2977.0661	0.0323694447960755
2975.6491	0.032160378029324
2974.2321	0.0330257225658045
2972.8151	0.0322201369258939
2971.3982	0.0325339435917129
2969.9812	0.0334823262889293
2968.5642	0.0335800683808804
2967.1472	0.0333697405540569
2965.7303	0.0335501984088808
2964.3133	0.0333970917849049
2962.8963	0.0335023061289133
2961.4793	0.0341537517251765
2960.0623	0.0333954623020921
2958.6454	0.0342795492445886
2957.2284	0.0345154749121924
2955.8114	0.0339858881047387
2954.3944	0.0345657937462819
2952.9775	0.0346862583083178
2951.5605	0.0350591585415649
2950.1435	0.0350722144623917
2948.7265	0.0358805287803447
2947.3096	0.0358787381504884
2945.8926	0.0366110772833771
2944.4756	0.0363888272334617
2943.0586	0.0367306027034105
2941.6417	0.0366947978789533
2940.2247	0.0368577098872982
2938.8077	0.037330808304571
2937.3907	0.0366792893061426
2935.9738	0.037280432341825
2934.5568	0.0379150295770738
2933.1398	0.0376734963121159
2931.7228	0.0379705123335586
2930.3059	0.03834722112384
2928.8889	0.0381090597493272
2927.4719	0.0384930240188017
2926.0549	0.0385858623827224
2924.638	0.0388869634397564
2923.221	0.0387562182486529
2921.804	0.0387048783438796
2920.387	0.039164177484187
2918.9701	0.0390211781748133
2917.5531	0.0385414601483466
2916.1361	0.0395150187950366
2914.7191	0.0383291210138806
2913.3021	0.0383023140375606
2911.8852	0.0386648223670948
2910.4682	0.0385453696440189
2909.0512	0.0385176407484484
2907.6342	0.0380452154295038
2906.2173	0.0390354843496681
2904.8003	0.0385517134941183
2903.3833	0.038220228776143
2901.9663	0.0376987268846619
2900.5494	0.0391578608395435
2899.1324	0.0380488461307253
2897.7154	0.0380834063716726
2896.2984	0.0382967427009012
2894.8815	0.0384159469112973
2893.4645	0.0385780460199044
2892.0475	0.0383271832251565
2890.6305	0.0384583355840137
2889.2136	0.0380688479129763
2887.7966	0.037691308822716
2886.3796	0.0383613909434024
2884.9626	0.0380790596832567
2883.5457	0.0378114601311452
2882.1287	0.0373984177373326
2880.7117	0.0374675791902032
2879.2947	0.0373877877293894
2877.8778	0.0372190147644019
2876.4608	0.037645934394802
2875.0438	0.036325577921545
2873.6268	0.0364493967311649
2872.2099	0.0367980734992617
2870.7929	0.0366281799319579
2869.3759	0.0359888853296804
2867.9589	0.0365383004934559
2866.5419	0.0361171680779405
2865.125	0.0364563195192056
2863.708	0.0357035162759777
2862.291	0.035386190918241
2860.874	0.0358300460622968
2859.4571	0.0352638691493614
2858.0401	0.0353108937734487
2856.6231	0.0350023162994301
2855.2061	0.0351065252152196
2853.7892	0.0351417253085529
2852.3722	0.0349436201373412
2850.9552	0.0348841256106516
2849.5382	0.0339631864929439
2848.1213	0.0345283742086449
2846.7043	0.0341700058586938
2845.2873	0.034385943390998
2843.8703	0.0338702663182193
2842.4534	0.0338192097650075
2841.0364	0.0341018850606034
2839.6194	0.0330582403359725
2838.2024	0.0336193733248737
2836.7855	0.0336170117875389
2835.3685	0.0337605335043596
2833.9515	0.0331239731396144
2832.5345	0.0340841665645663
2831.1176	0.0331655969633401
2829.7006	0.0332751643125069
2828.2836	0.0328618229787777
2826.8666	0.0327290886793431
2825.4497	0.0332369327830686
2824.0327	0.0323066229704739
2822.6157	0.0328606938293512
2821.1987	0.032097961941437
2819.7817	0.0320500023168404
2818.3648	0.0321783065452377
2816.9478	0.0317498407851365
2815.5308	0.0319579932284966
2814.1138	0.0323359681854837
2812.6969	0.0319845540787499
2811.2799	0.0314233379296366
2809.8629	0.0317330374609201
2808.4459	0.0315808927206222
2807.029	0.0313319674774565
2805.612	0.0316679755894511
2804.195	0.0314047921750933
2802.778	0.0314852757853321
2801.3611	0.0307323367838231
2799.9441	0.0308288356675475
2798.5271	0.0313584378875026
2797.1101	0.0310206972310027
2795.6932	0.0310056458562325
2794.2762	0.0311699515474119
2792.8592	0.0312008702152545
2791.4422	0.0309057103497927
2790.0253	0.0306559156216692
2788.6083	0.0310546004227811
2787.1913	0.0304582899075402
2785.7743	0.0310555354022754
2784.3574	0.0307405536982629
2782.9404	0.0303910650540738
2781.5234	0.030249594006601
2780.1064	0.0309205962702815
2778.6895	0.0299332504873938
2777.2725	0.0310319121686464
2775.8555	0.029940500437096
2774.4385	0.030605506740489
2773.0215	0.0299333150044076
2771.6046	0.0301470107846277
2770.1876	0.0298629291401935
2768.7706	0.029853867279481
2767.3536	0.0301438399616755
2765.9367	0.0301375228279141
2764.5197	0.0300927974715564
2763.1027	0.0301402808476972
2761.6857	0.0296923828741916
2760.2688	0.0303873360343417
2758.8518	0.0296411461282544
2757.4348	0.0303231119221553
2756.0178	0.0299866356762567
2754.6009	0.0300872440396339
2753.1839	0.0304394705900285
2751.7669	0.0297283769352607
2750.3499	0.0295739452896357
2748.933	0.029781359733164
2747.516	0.0299369122718858
2746.099	0.029260171657745
2744.682	0.0291675232416835
2743.2651	0.029711951976996
2741.8481	0.0297972726432761
2740.4311	0.0287310245034086
2739.0141	0.0293195846103983
2737.5972	0.028935671974003
2736.1802	0.0297767312782091
2734.7632	0.0294217065551902
2733.3462	0.0297826722898918
2731.9293	0.0300993510870864
2730.5123	0.0294952980598803
2729.0953	0.0301617822595398
2727.6783	0.0295527787409164
2726.2613	0.0296183850029777
2724.8444	0.029355528119244
2723.4274	0.0298764464070506
2722.0104	0.0283649088863256
2720.5934	0.0291357472000988
2719.1765	0.02959311091909
2717.7595	0.0289108763240921
2716.3425	0.0290881010173068
2714.9255	0.0287505478805344
2713.5086	0.0292321032028129
2712.0916	0.0287208575840382
2710.6746	0.0292303547907383
2709.2576	0.0288851097744504
2707.8407	0.0289363986982405
2706.4237	0.0289697024016399
2705.0067	0.0289524159903591
2703.5897	0.0291245429411023
2702.1728	0.0285286179707477
2700.7558	0.0287839139145019
2699.3388	0.028413926187993
2697.9218	0.0286351188150029
2696.5049	0.0286167790896962
2695.0879	0.0285270675037544
2693.6709	0.0287951331280537
2692.2539	0.0289864453126218
2690.837	0.0287464013942239
2689.42	0.029544737416352
2688.003	0.0283697370149109
2686.586	0.0281860013185964
2685.1691	0.0286200597555774
2683.7521	0.0286227307860175
2682.3351	0.029009711520358
2680.9181	0.028315111608557
2679.5011	0.0289942968556517
2678.0842	0.0281489644107437
2676.6672	0.028207176191806
2675.2502	0.028456953037567
2673.8332	0.0288778104097035
2672.4163	0.0284496906703079
2670.9993	0.0287506208690771
2669.5823	0.0286301397865539
2668.1653	0.0284526942005653
2666.7484	0.0282794885345722
2665.3314	0.0282716439565244
2663.9144	0.0281763237995292
2662.4974	0.0282037467296742
2661.0805	0.0281864282759641
2659.6635	0.0284046739057076
2658.2465	0.0286654824621714
2656.8295	0.0283329035752067
2655.4126	0.0284635375015321
2653.9956	0.0275884494134053
2652.5786	0.0284082757484495
2651.1616	0.0286172739140827
2649.7447	0.027571591158021
2648.3277	0.0282942502774097
2646.9107	0.0281611383327125
2645.4937	0.0277114940700082
2644.0768	0.0281350708655617
2642.6598	0.027980975405149
2641.2428	0.0277882676959266
2639.8258	0.027688422570234
2638.4089	0.0274138995237304
2636.9919	0.0276997096529203
2635.5749	0.0275927883892141
2634.1579	0.0271838999481423
2632.741	0.0277845707401743
2631.324	0.0276028310573908
2629.907	0.0271472758835424
2628.49	0.0278022328838048
2627.073	0.026632411847176
2625.6561	0.0273802088961226
2624.2391	0.0271069822368494
2622.8221	0.0284037145766972
2621.4051	0.0265082455430638
2619.9882	0.027348428578594
2618.5712	0.0276895862093003
2617.1542	0.0269597811482147
2615.7372	0.0270870688288001
2614.3203	0.0268207132294651
2612.9033	0.0267345458478098
2611.4863	0.0261004114938704
2610.0693	0.0271427483033991
2608.6524	0.0268952503201366
2607.2354	0.026605824265079
2605.8184	0.0263588046964858
2604.4014	0.0265335881254338
2602.9845	0.026589302599525
2601.5675	0.0265545809454805
2600.1505	0.0264845187801786
2598.7335	0.0265264276536316
2597.3166	0.0267834637716416
2595.8996	0.0264655046735359
2594.4826	0.0264405511626607
2593.0656	0.026440431549826
2591.6487	0.0260671578540797
2590.2317	0.0260895988406346
2588.8147	0.0263638680010039
2587.3977	0.0264236138045958
2585.9808	0.0261566489522401
2584.5638	0.0259356659567553
2583.1468	0.0257580228910549
2581.7298	0.0258086766634831
2580.3128	0.025628107838024
2578.8959	0.0264173820769592
2577.4789	0.0255867115455194
2576.0619	0.0257278029120719
2574.6449	0.0256507324279737
2573.228	0.0251976273123735
2571.811	0.0260287601451208
2570.394	0.0258170004434829
2568.977	0.025984470190774
2567.5601	0.0256333341904498
2566.1431	0.025955022870682
2564.7261	0.0256267622846329
2563.3091	0.0257499693335407
2561.8922	0.0252082379489389
2560.4752	0.0253059876783498
2559.0582	0.0258462695773098
2557.6412	0.0256931409145044
2556.2243	0.0263176438346006
2554.8073	0.0258760122459495
2553.3903	0.0262649626965985
2551.9733	0.0257403699383117
2550.5564	0.0260192419402587
2549.1394	0.0251874570179142
2547.7224	0.0254947994421368
2546.3054	0.0257711816922546
2544.8885	0.0258822728268807
2543.4715	0.025442338922984
2542.0545	0.0250228183222708
2540.6375	0.0258511909230338
2539.2206	0.0252789319589762
2537.8036	0.0249614846179105
2536.3866	0.0249652117790088
2534.9696	0.0250472230797827
2533.5526	0.0257494575307662
2532.1357	0.0246217636273558
2530.7187	0.0248999491632358
2529.3017	0.0251122612929236
2527.8847	0.0247336296008219
2526.4678	0.0259285825136503
2525.0508	0.0246436570329165
2523.6338	0.0250597543791071
2522.2168	0.0250451191386337
2520.7999	0.0250335876392663
2519.3829	0.0252653879385755
2517.9659	0.0249751683391672
2516.5489	0.0255341948547645
2515.132	0.0247846317366806
2513.715	0.0250186978514777
2512.298	0.024864344595496
2510.881	0.0252111524225313
2509.4641	0.0250247026044354
2508.0471	0.0249211529268259
2506.6301	0.0248057682726214
2505.2131	0.024789134510084
2503.7962	0.0246643551478865
2502.3792	0.0248604809643525
2500.9622	0.024239503914776
2499.5452	0.0249319319221486
2498.1283	0.0243475739217683
2496.7113	0.0247028647399733
2495.2943	0.0246808098320836
2493.8773	0.0248259618180271
2492.4604	0.0243970855598363
2491.0434	0.0249981874403838
2489.6264	0.0241074241698038
2488.2094	0.0245347979281468
2486.7924	0.0244792432617344
2485.3755	0.0248443157543295
2483.9585	0.0250377036301319
2482.5415	0.0248500309242744
2481.1245	0.0249539150245804
2479.7076	0.024252678792972
2478.2906	0.0250780449212076
2476.8736	0.0251248147751493
2475.4566	0.0237834469781105
2474.0397	0.0242846542580874
2472.6227	0.02473328569886
2471.2057	0.0247374312731251
2469.7887	0.0247898204981286
2468.3718	0.0250575854706304
2466.9548	0.0238964825857155
2465.5378	0.0243194471870308
2464.1208	0.0246118797067861
2462.7039	0.0244608345578013
2461.2869	0.0239634591312908
2459.8699	0.0248467300970024
2458.4529	0.0242455596369457
2457.036	0.0241059722624939
2455.619	0.0243301672475774
2454.202	0.0246232286017678
2452.785	0.024132094910805
2451.3681	0.0236999920092195
2449.9511	0.0237506322361637
2448.5341	0.0237844171324782
2447.1171	0.0247892355771706
2445.7002	0.0239169343190912
2444.2832	0.0238014517119697
2442.8662	0.0238942184199857
2441.4492	0.0241771585020422
2440.0322	0.0243921017497512
2438.6153	0.0235058768044484
2437.1983	0.024364563265736
2435.7813	0.0244647835901837
2434.3643	0.0235154777856447
2432.9474	0.0241264564193553
2431.5304	0.0239999112855234
2430.1134	0.0235487877645619
2428.6964	0.0238748762405486
2427.2795	0.0234574985496489
2425.8625	0.0245569759255488
2424.4455	0.0237900766490488
2423.0285	0.0235102488273742
2421.6116	0.0229902468879771
2420.1946	0.0233494242171723
2418.7776	0.0232261809867064
2417.3606	0.0229612444722516
2415.9437	0.0231979037972675
2414.5267	0.0230937613717725
2413.1097	0.0237919060802962
2411.6927	0.0237744835730436
2410.2758	0.0228447626194937
2408.8588	0.0236719389478037
2407.4418	0.0231382083230205
2406.0248	0.0235754668169104
2404.6079	0.0229671500003995
2403.1909	0.0224506807824363
2401.7739	0.0229745308291711
2400.3569	0.0227095813066548
2398.94	0.0231520752676382
2397.523	0.0230089809457648
2396.106	0.0228434393283839
2394.689	0.0228955973834618
2393.272	0.0235243359073291
2391.8551	0.0232005617592426
2390.4381	0.0231004021660159
2389.0211	0.0229858165262043
2387.6041	0.0232824369284715
2386.1872	0.0229009285575805
2384.7702	0.0230878607255933
2383.3532	0.0224669104109831
2381.9362	0.022906431460272
2380.5193	0.0223451773055114
2379.1023	0.0231678131859296
2377.6853	0.0224542717673619
2376.2683	0.0232538880439344
2374.8514	0.0231254216705277
2373.4344	0.0227611677799276
2372.0174	0.0226700912126782
2370.6004	0.0228339974596761
2369.1835	0.0221734009500252
2367.7665	0.0233503049417716
2366.3495	0.0227255223375152
2364.9325	0.0229002637866194
2363.5156	0.0231092023305678
2362.0986	0.0226794881134025
2360.6816	0.023036825317918
2359.2646	0.0235085778299981
2357.8477	0.0235370111152701
2356.4307	0.0237957068660505
2355.0137	0.0235752455069665
2353.5967	0.0237438636607834
2352.1798	0.0233570029019666
2350.7628	0.0234595319495075
2349.3458	0.0235543164778206
2347.9288	0.0227024353731454
2346.5118	0.0232105940038678
2345.0949	0.0239743772820639
2343.6779	0.0231455802116977
2342.2609	0.0226618966520682
2340.8439	0.0233282560660221
2339.427	0.0225258861243607
2338.01	0.0228336640679629
2336.593	0.0230920337377349
2335.176	0.022283636771876
2333.7591	0.0231007470954636
2332.3421	0.023289678201209
2330.9251	0.022996928373911
2329.5081	0.023678080328071
2328.0912	0.0230080105995095
2326.6742	0.0234306354421012
2325.2572	0.022785551048761
2323.8402	0.0231676374870376
2322.4233	0.023529492895316
2321.0063	0.0235311298631786
2319.5893	0.0234589416605352
2318.1723	0.023231967788796
2316.7554	0.0229176111445452
2315.3384	0.0232716998068504
2313.9214	0.0234615624920788
2312.5044	0.0228416166392232
2311.0875	0.0227235229769875
2309.6705	0.0230778361003663
2308.2535	0.0233879402776481
2306.8365	0.0229473118633447
2305.4196	0.0228260560717149
2304.0026	0.0230998220809364
2302.5856	0.023092063956787
2301.1686	0.022461431267589
2299.7516	0.0226908842456814
2298.3347	0.0231221874950155
2296.9177	0.0229541678814767
2295.5007	0.0229458565381063
2294.0837	0.0230694988151601
2292.6668	0.023167341527383
2291.2498	0.022802059926742
2289.8328	0.0222628801126166
2288.4158	0.0227082465387206
2286.9989	0.0223682334626489
2285.5819	0.0224563508281376
2284.1649	0.0221551637852076
2282.7479	0.0226745785189476
2281.331	0.0224022573163907
2279.914	0.0226727229580813
2278.497	0.0223120821004933
2277.08	0.0220276878498594
2275.6631	0.021862316068795
2274.2461	0.0214531414036973
2272.8291	0.0221757950774966
2271.4121	0.0227151573650432
2269.9952	0.0219998302748074
2268.5782	0.0224108106493383
2267.1612	0.0220017031261089
2265.7442	0.0225140976682187
2264.3273	0.0224139049475921
2262.9103	0.0221472340257214
2261.4933	0.0222646589398957
2260.0763	0.0219325947546819
2258.6594	0.0220917229125787
2257.2424	0.0224936511947703
2255.8254	0.0221988091595329
2254.4084	0.0224078395071954
2252.9914	0.0224185712465088
2251.5745	0.0220559420368892
2250.1575	0.0219487992375754
2248.7405	0.0221829629925837
2247.3235	0.0219031131575643
2245.9066	0.0223532294170185
2244.4896	0.0218055619206429
2243.0726	0.0220167015849609
2241.6556	0.0221497445199051
2240.2387	0.0215908169875409
2238.8217	0.0224454120552759
2237.4047	0.021997747825152
2235.9877	0.0222273375349528
2234.5708	0.0221713397573809
2233.1538	0.0214312710113846
2231.7368	0.0209023759839759
2230.3198	0.021581640260044
2228.9029	0.0214279411050496
2227.4859	0.0218575031854148
2226.0689	0.0216178573119498
2224.6519	0.0219939979687838
2223.235	0.0219557206859803
2221.818	0.0217746534842562
2220.401	0.0217567972155824
2218.984	0.0218720408917052
2217.5671	0.0216576975943701
2216.1501	0.0223569646667726
2214.7331	0.0218890938624799
2213.3161	0.0222362500808121
2211.8992	0.0214277355033379
2210.4822	0.0220790337242205
2209.0652	0.0216315010002198
2207.6482	0.0216129941448005
2206.2312	0.0225249852438658
2204.8143	0.0229750420682613
2203.3973	0.0226092850653448
2201.9803	0.0223649459335184
2200.5633	0.0217873884116062
2199.1464	0.0221874352912101
2197.7294	0.0221933408613811
2196.3124	0.0216496352760592
2194.8954	0.021735992724685
2193.4785	0.0226752544655374
2192.0615	0.0226457001078158
2190.6445	0.02349573380948
2189.2275	0.023199326139912
2187.8106	0.0227871505566408
2186.3936	0.0231048236720447
2184.9766	0.0230730920104212
2183.5596	0.0224525961168641
2182.1427	0.0224695141564319
2180.7257	0.0212178926896716
2179.3087	0.0215175232108748
2177.8917	0.0213860843457255
2176.4748	0.0209091895636463
2175.0578	0.0212620308937226
2173.6408	0.0220103776713267
2172.2238	0.0218444205881951
2170.8069	0.0215172994355445
2169.3899	0.0221923796269243
2167.9729	0.0221041476154242
2166.5559	0.0226611583931756
2165.139	0.0235922670964241
2163.722	0.0230959694159161
2162.305	0.0225814950718084
2160.888	0.0226414635228815
2159.471	0.0214719368657155
2158.0541	0.0204005037071908
2156.6371	0.020210694639753
2155.2201	0.0197316500729515
2153.8031	0.0200784064737642
2152.3862	0.0203180667347453
2150.9692	0.020281970141674
2149.5522	0.0208870259813601
2148.1352	0.0207369982312053
2146.7183	0.0211921297998677
2145.3013	0.021231935118226
2143.8843	0.0205280771673488
2142.4673	0.0209387678623332
2141.0504	0.02113813217157
2139.6334	0.0208646625423352
2138.2164	0.0213042594386053
2136.7994	0.0206066431658564
2135.3825	0.02054053878747
2133.9655	0.0205805306636174
2132.5485	0.0208412345113105
2131.1315	0.0199285214373986
2129.7146	0.0207431639118601
2128.2976	0.0206067017868853
2126.8806	0.0210007448998588
2125.4636	0.0210073337855125
2124.0467	0.0210093567309727
2122.6297	0.0205320948009493
2121.2127	0.0212378941977039
2119.7957	0.0215711432807212
2118.3788	0.0211890434779916
2116.9618	0.0209176558746676
2115.5448	0.0209244475895856
2114.1278	0.0208764535610245
2112.7108	0.0217474335916855
2111.2939	0.0218054602020146
2109.8769	0.0218305278398846
2108.4599	0.0219050863160107
2107.0429	0.0215375486984264
2105.626	0.0216762284485098
2104.209	0.0212767687563791
2102.792	0.0214453396292726
2101.375	0.0217862918156995
2099.9581	0.0215802877936974
2098.5411	0.0218278766342189
2097.1241	0.0214864611016153
2095.7071	0.0211552325950035
2094.2902	0.0207255229694506
2092.8732	0.0205196304678446
2091.4562	0.0208717219800183
2090.0392	0.0221893110487377
2088.6223	0.0204179073006418
2087.2053	0.0210686585051865
2085.7883	0.0207162759128419
2084.3713	0.0215764837372804
2082.9544	0.0216007005191986
2081.5374	0.0205968082198157
2080.1204	0.0208301708566294
2078.7034	0.0210047612639237
2077.2865	0.0212246400603985
2075.8695	0.0210936714954953
2074.4525	0.0212026347662269
2073.0355	0.0216953392956673
2071.6186	0.0213809237918612
2070.2016	0.020573039420791
2068.7846	0.021247819264476
2067.3676	0.0205232008236066
2065.9506	0.02070829272254
2064.5337	0.0210686005780704
2063.1167	0.0212221805377535
2061.6997	0.0214506584024455
2060.2827	0.0208292690313662
2058.8658	0.0210465537041494
2057.4488	0.0211474046025838
2056.0318	0.0210771140911216
2054.6148	0.0207284621310358
2053.1979	0.0207229387841586
2051.7809	0.020823611171976
2050.3639	0.0210427967015541
2048.9469	0.0199312780061683
2047.53	0.0208994397323278
2046.113	0.0207414517747953
2044.696	0.0207248987990676
2043.279	0.020456941242305
2041.8621	0.0203310415695543
2040.4451	0.020426205810648
2039.0281	0.0203791192988902
2037.6111	0.0205281383218812
2036.1942	0.0207516779102438
2034.7772	0.0209889075037539
2033.3602	0.0206416503990928
2031.9432	0.0210548924778461
2030.5263	0.0204761331153421
2029.1093	0.0201469819584077
2027.6923	0.0207744281878059
2026.2753	0.0201230185175148
2024.8584	0.019395973604475
2023.4414	0.0200396274220348
2022.0244	0.0198659806281445
2020.6074	0.0202609230361928
2019.1904	0.0204823843345811
2017.7735	0.01955616447826
2016.3565	0.0191920098376774
2014.9395	0.0191495544276391
2013.5225	0.0186712593824548
2012.1056	0.0190820550304689
2010.6886	0.0185986573293472
2009.2716	0.0187301651342221
2007.8546	0.0189869146000014
2006.4377	0.0191481475650439
2005.0207	0.0195644042851508
2003.6037	0.0196458199165682
2002.1867	0.0201249497309688
2000.7698	0.0201758338347076
1999.3528	0.019585875825113
1997.9358	0.0194488168452153
1996.5188	0.0190107579335732
1995.1019	0.0192681857979546
1993.6849	0.0190016842437753
1992.2679	0.0202715987649914
1990.8509	0.0196012545216532
1989.434	0.0199029787867681
1988.017	0.0204720026257517
1986.6	0.0207628988142519
1985.183	0.0209275364054914
1983.7661	0.0212686962995159
1982.3491	0.0208827088332168
1980.9321	0.0207352915417012
1979.5151	0.0203117767838625
1978.0982	0.0200531985426334
1976.6812	0.0201262608608192
1975.2642	0.0191452711557291
1973.8472	0.0190719742771722
1972.4302	0.0189784803142233
1971.0133	0.0197837090211771
1969.5963	0.0201352040585252
1968.1793	0.0192602568539389
1966.7623	0.0191608197137212
1965.3454	0.0195934028560683
1963.9284	0.0198935730342884
1962.5114	0.0190845667093094
1961.0944	0.0194158086104393
1959.6775	0.0200718030500874
1958.2605	0.019490575320505
1956.8435	0.0190511519979409
1955.4265	0.019147008631789
1954.0096	0.0195610640657029
1952.5926	0.0192751081762923
1951.1756	0.019142290865137
1949.7586	0.0185226197472057
1948.3417	0.0187300728279012
1946.9247	0.0188090267900434
1945.5077	0.019325832677041
1944.0907	0.0194193444225704
1942.6738	0.0188349744122914
1941.2568	0.019157473715417
1939.8398	0.0196703699407513
1938.4228	0.0192492281071725
1937.0059	0.0197118214335531
1935.5889	0.0194295873005849
1934.1719	0.0187488153686244
1932.7549	0.0185942324577012
1931.338	0.0188718982207866
1929.921	0.0195410977788018
1928.504	0.0200512725905953
1927.087	0.0184965474527502
1925.67	0.0194562911480174
1924.2531	0.0191728768044276
1922.8361	0.0203965638357693
1921.4191	0.0197385205581421
1920.0021	0.0201245515695849
1918.5852	0.0193696154967976
1917.1682	0.0201998171890039
1915.7512	0.0186991107341505
1914.3342	0.019555986460918
1912.9173	0.0202444033415838
1911.5003	0.0194935101120014
1910.0833	0.0188121249509545
1908.6663	0.0193715886835882
1907.2494	0.0199167678085047
1905.8324	0.0192042676010883
1904.4154	0.0201802705766992
1902.9984	0.0198652742406012
1901.5815	0.0193516656309737
1900.1645	0.0194745393653238
1898.7475	0.0201661698630346
1897.3305	0.0195923503779351
1895.9136	0.0195994065904887
1894.4966	0.0196779945380471
1893.0796	0.0190028773848577
1891.6626	0.0195595815892625
1890.2457	0.0194970129605036
1888.8287	0.0201700102506259
1887.4117	0.0196451923588134
1885.9947	0.0195136757953531
1884.5778	0.0190708177991257
1883.1608	0.0193474839428842
1881.7438	0.01966783513475
1880.3268	0.0197364434700999
1878.9098	0.0189788302870417
1877.4929	0.0190003479176067
1876.0759	0.0193779024278221
1874.6589	0.0188792103107387
1873.2419	0.0191996210634212
1871.825	0.0183198471430641
1870.408	0.0183285950607661
1868.991	0.0194646082748314
1867.574	0.0193341788114893
1866.1571	0.0193675105149255
1864.7401	0.0190195060059353
1863.3231	0.018863219612937
1861.9061	0.0185738828089769
1860.4892	0.018918693449615
1859.0722	0.0194252503089799
1857.6552	0.0192999784708692
1856.2382	0.0191468199734977
1854.8213	0.0187539445449671
1853.4043	0.0192166108065463
1851.9873	0.0191229908680892
1850.5703	0.0188835584973415
1849.1534	0.0196899669482554
1847.7364	0.0196422936809404
1846.3194	0.0194275343686195
1844.9024	0.0188723917228295
1843.4855	0.0192924275587302
1842.0685	0.0190093371223215
1840.6515	0.0190215351967875
1839.2345	0.0192087499753898
1837.8176	0.0187316295736682
1836.4006	0.0185849981617227
1834.9836	0.0184302384372997
1833.5666	0.0188105643694011
1832.1496	0.018392618785445
1830.7327	0.0193126625492864
1829.3157	0.0184785433135374
1827.8987	0.0182012306635367
1826.4817	0.0182323945866446
1825.0648	0.0188412407107236
1823.6478	0.0190543324747318
1822.2308	0.0185825700553302
1820.8138	0.018304504394243
1819.3969	0.018638455802617
1817.9799	0.0185747451650897
1816.5629	0.0182073898112552
1815.1459	0.0183528729174428
1813.729	0.0184153155344617
1812.312	0.0182983046703826
1810.895	0.0186269264298242
1809.478	0.0191721144017383
1808.0611	0.017972845339213
1806.6441	0.0185391719380746
1805.2271	0.0188926028569252
1803.8101	0.0189702513922923
1802.3932	0.0189592122836948
1800.9762	0.0182567354578288
1799.5592	0.0187486430371537
1798.1422	0.0192400012798818
1796.7253	0.0191188511975101
1795.3083	0.018069274477954
1793.8913	0.0196047627282763
1792.4743	0.0185419820589807
1791.0574	0.0189297879710046
1789.6404	0.0191045713799297
1788.2234	0.019010886100762
1786.8064	0.0187068791577889
1785.3894	0.0184691588297504
1783.9725	0.0188235853400421
1782.5555	0.0190892262995197
1781.1385	0.0186080828956406
1779.7215	0.0186614012178324
1778.3046	0.0183149061963349
1776.8876	0.0189734409485906
1775.4706	0.018403064153902
1774.0536	0.0193092940072986
1772.6367	0.0189560470413018
1771.2197	0.0191484022592676
1769.8027	0.0182593784234772
1768.3857	0.0188427327731013
1766.9688	0.018620366262084
1765.5518	0.0193286049275992
1764.1348	0.0188046275699534
1762.7178	0.0189945529111074
1761.3009	0.0190010990444901
1759.8839	0.0197013079293758
1758.4669	0.0189719224326695
1757.0499	0.0191868706769151
1755.633	0.0189132366269624
1754.216	0.0190825707710143
1752.799	0.0194339120484462
1751.382	0.0187799977537058
1749.9651	0.0201089682158851
1748.5481	0.0201801680065483
1747.1311	0.0198106920723609
1745.7141	0.0205594222944796
1744.2972	0.0198564324655333
1742.8802	0.0196545505792646
1741.4632	0.0203909715596397
1740.0462	0.0203261562974892
1738.6292	0.0203987936386834
1737.2123	0.0207401626632161
1735.7953	0.0201470125712548
1734.3783	0.0208254700301197
1732.9613	0.021189940502574
1731.5444	0.0210231952726644
1730.1274	0.0222262643623063
1728.7104	0.0215608523741386
1727.2934	0.0218177730799101
1725.8765	0.0220684071569905
1724.4595	0.021719242615171
1723.0425	0.0220089877212922
1721.6255	0.0218712231037973
1720.2086	0.0215900217042756
1718.7916	0.0221356997682381
1717.3746	0.0227885973500705
1715.9576	0.0224684364951683
1714.5407	0.0234225646946975
1713.1237	0.0236432973700619
1711.7067	0.0236250746069298
1710.2897	0.0226752109288829
1708.8728	0.0228728419449794
1707.4558	0.0239616516498333
1706.0388	0.0240994647410867
1704.6218	0.0240047419887761
1703.2049	0.0245592403632806
1701.7879	0.0237746674665799
1700.3709	0.0238876464309429
1698.9539	0.0246460239806257
1697.537	0.0243944992536745
1696.12	0.0254416882691107
1694.703	0.0249009909816002
1693.286	0.0250855928274551
1691.869	0.0257428363265183
1690.4521	0.0252252679600317
1689.0351	0.0249732516382822
1687.6181	0.0250581318246462
1686.2011	0.0251030834601293
1684.7842	0.0251928852848994
1683.3672	0.0261529998248339
1681.9502	0.025400322085398
1680.5332	0.0255388465652038
1679.1163	0.0267653474138903
1677.6993	0.0257296006252603
1676.2823	0.0262602047214216
1674.8653	0.0258466960197158
1673.4484	0.0261403642710553
1672.0314	0.0266130026977825
1670.6144	0.0260635086924107
1669.1974	0.0269132922177911
1667.7805	0.0265681239075121
1666.3635	0.0262416005710415
1664.9465	0.0268834174474033
1663.5295	0.0273555560998925
1662.1126	0.0276304039656142
1660.6956	0.0276693873387266
1659.2786	0.0279998795655822
1657.8616	0.0278451845473191
1656.4447	0.0278120680188302
1655.0277	0.027460538192708
1653.6107	0.0283660216806323
1652.1937	0.0291852483727628
1650.7768	0.0289425636109071
1649.3598	0.0291864247273856
1647.9428	0.0297495286983353
1646.5258	0.0298893846051783
1645.1088	0.030011223881695
1643.6919	0.0313996276363208
1642.2749	0.031990343604609
1640.8579	0.0320608032053399
1639.4409	0.0320177942574538
1638.024	0.0327439630354242
1636.607	0.0331405979328281
1635.19	0.0339070935881858
1633.773	0.0348204737561774
1632.3561	0.0351798572453909
1630.9391	0.0345648857035778
1629.5221	0.0353643455535908
1628.1051	0.0356792784493799
1626.6882	0.0359887652196198
1625.2712	0.0358666555312324
1623.8542	0.0366844897149342
1622.4372	0.03742645541505
1621.0203	0.0369760710944336
1619.6033	0.0363239855541549
1618.1863	0.037656262950232
1616.7693	0.0374866650828909
1615.3524	0.0378786647410801
1613.9354	0.0388514447251526
1612.5184	0.0386804536759209
1611.1014	0.0392224363092875
1609.6845	0.0393832796538481
1608.2675	0.0394369018983906
1606.8505	0.0404690373881349
1605.4335	0.0401301305216739
1604.0166	0.0412057192582503
1602.5996	0.0416055560547156
1601.1826	0.0423436578214661
1599.7656	0.0416105391344354
1598.3486	0.0419559061961219
1596.9317	0.0414170115105375
1595.5147	0.0416300071578067
1594.0977	0.0413127973576277
1592.6807	0.0411359173940236
1591.2638	0.0408531227806912
1589.8468	0.0408853617168827
1588.4298	0.0402017360955031
1587.0128	0.0400482259177493
1585.5959	0.0389044959287609
1584.1789	0.0394253571739577
1582.7619	0.0382950425325077
1581.3449	0.0382445447434423
1579.928	0.0378607786438376
1578.511	0.0367094212869322
1577.094	0.0364569954832741
1575.677	0.0363843262395301
1574.2601	0.0361254004870722
1572.8431	0.0353945078631006
1571.4261	0.0361705514913289
1570.0091	0.0352962607236022
1568.5922	0.03490873610449
1567.1752	0.0344188300107743
1565.7582	0.0336755981929273
1564.3412	0.0331516993000939
1562.9243	0.0322800234076856
1561.5073	0.0318192351081984
1560.0903	0.0315021473044272
1558.6733	0.0311387518526447
1557.2564	0.0301804992008404
1555.8394	0.029874624701536
1554.4224	0.0288840304573246
1553.0054	0.0289713892043181
1551.5885	0.029130649221109
1550.1715	0.0281874097081538
1548.7545	0.0279886791660993
1547.3375	0.0273216860945537
1545.9205	0.0273368099789207
1544.5036	0.0268072062708388
1543.0866	0.0268408048611878
1541.6696	0.0260011074442079
1540.2526	0.0261289345857661
1538.8357	0.0259735000655764
1537.4187	0.0258586817183876
1536.0017	0.0257616364473296
1534.5847	0.0256137631555456
1533.1678	0.0250694502143881
1531.7508	0.0259207622863952
1530.3338	0.0263111969936346
1528.9168	0.0259049828308336
1527.4999	0.0256262858036234
1526.0829	0.0264715453860714
1524.6659	0.0265088626578685
1523.2489	0.0266689406845325
1521.832	0.0275856073358086
1520.415	0.0287175348529882
1518.998	0.0296321163295233
1517.581	0.0296991217946771
1516.1641	0.0311025003240034
1514.7471	0.0314825494796893
1513.3301	0.0310095214159917
1511.9131	0.032058763237981
1510.4962	0.0322550509169739
1509.0792	0.0318484528054308
1507.6622	0.0327041081814121
1506.2452	0.0325457696824978
1504.8283	0.0327720966193056
1503.4113	0.0317940442068234
1501.9943	0.0312126554368535
1500.5773	0.0310058376569895
1499.1603	0.0296130241554688
1497.7434	0.0288408271480173
1496.3264	0.0280321794182551
1494.9094	0.0277808026842301
1493.4924	0.0264286316165348
1492.0755	0.0264093887649284
1490.6585	0.0266751704423176
1489.2415	0.0263713026325042
1487.8245	0.0260244507435102
1486.4076	0.0278322798665894
1484.9906	0.0270671901040692
1483.5736	0.0280892204193577
1482.1566	0.0282747348075521
1480.7397	0.0280191357280314
1479.3227	0.028638760836922
1477.9057	0.0287556215689664
1476.4887	0.0281271046314399
1475.0718	0.0288510555135542
1473.6548	0.0293585444615277
1472.2378	0.0300363568483004
1470.8208	0.0306904385668767
1469.4039	0.0309221269460156
1467.9869	0.0317815596355108
1466.5699	0.0325138621164455
1465.1529	0.0331568369282438
1463.736	0.0332234308033204
1462.319	0.0344035162908308
1460.902	0.0345515601328145
1459.485	0.0346275878533573
1458.0681	0.0353029742998744
1456.6511	0.0362626497600015
1455.2341	0.0369639840714544
1453.8171	0.0373034760555458
1452.4001	0.0372677855881248
1450.9832	0.0371345725962704
1449.5662	0.03772652095495
1448.1492	0.0372997199791994
1446.7322	0.0376491401319857
1445.3153	0.0377372899570471
1443.8983	0.037780812921253
1442.4813	0.0375050267268265
1441.0643	0.0377754839079823
1439.6474	0.0378510102857894
1438.2304	0.0376816807709135
1436.8134	0.038483935821428
1435.3964	0.037934051772123
1433.9795	0.0383955953496242
1432.5625	0.0389994916054181
1431.1455	0.0388977246614904
1429.7285	0.0396752228768596
1428.3116	0.039821720965069
1426.8946	0.0397976802931881
1425.4776	0.0409694111943367
1424.0606	0.0415896994395551
1422.6437	0.0407631560290557
1421.2267	0.0421085818867194
1419.8097	0.0422546265943691
1418.3927	0.0428038706807022
1416.9758	0.04266402620235
1415.5588	0.0427908942495527
1414.1418	0.0424025627666991
1412.7248	0.0426974770194582
1411.3079	0.0430225549098925
1409.8909	0.0427920131832364
1408.4739	0.0425376350825402
1407.0569	0.0427189739363533
1405.6399	0.0432627131913369
1404.223	0.0430635543913159
1402.806	0.0431178847938958
1401.389	0.0430545747596257
1399.972	0.043783651129978
1398.5551	0.0431512861185994
1397.1381	0.0431268049479119
1395.7211	0.0433447029249389
1394.3041	0.0442265181977997
1392.8872	0.043764423901191
1391.4702	0.0441487831535574
1390.0532	0.0450527224470559
1388.6362	0.0451238227611377
1387.2193	0.0460001769405207
1385.8023	0.0468122319057045
1384.3853	0.0456988211912498
1382.9683	0.0461349633645243
1381.5514	0.0465211043675267
1380.1344	0.0454123402766361
1378.7174	0.0459214683899522
1377.3004	0.0458734755759141
1375.8835	0.0459892512577136
1374.4665	0.0460705680392996
1373.0495	0.0465584082327835
1371.6325	0.046346589549025
1370.2156	0.0466518875723828
1368.7986	0.0480688427212926
1367.3816	0.0482695282583391
1365.9646	0.0482950582590946
1364.5477	0.0481550944738503
1363.1307	0.0485214779332982
1361.7137	0.0488262789523741
1360.2967	0.0487063417607402
1358.8797	0.0481648418805986
1357.4628	0.0478258310944409
1356.0458	0.0472914457198414
1354.6288	0.0465331078400933
1353.2118	0.0459831041761292
1351.7949	0.0459507338613884
1350.3779	0.0456733476320022
1348.9609	0.0464665902649665
1347.5439	0.0458999196513249
1346.127	0.0457242865467692
1344.71	0.0459536036324088
1343.293	0.047138913657693
1341.876	0.0464427403170162
1340.4591	0.0476015170954046
1339.0421	0.0469856394790707
1337.6251	0.0475722842067396
1336.2081	0.0473591603875674
1334.7912	0.0466903983630422
1333.3742	0.0468408154851657
1331.9572	0.0467058469557724
1330.5402	0.0463577935645638
1329.1233	0.0460801267490197
1327.7063	0.0458616674675918
1326.2893	0.0449460237789796
1324.8723	0.0445217371017578
1323.4554	0.0452287334642556
1322.0384	0.045023092294819
1320.6214	0.0440477747198312
1319.2044	0.0432300969379562
1317.7875	0.0432640231602068
1316.3705	0.0436694056343709
1314.9535	0.0427171360694523
1313.5365	0.0421046404783509
1312.1195	0.0424736897233995
1310.7026	0.0423340215468308
1309.2856	0.0426256903577032
1307.8686	0.0419774969078002
1306.4516	0.0417978372803828
1305.0347	0.0416689146596934
1303.6177	0.0416927472390112
1302.2007	0.041844674383758
1300.7837	0.0414425775693136
1299.3668	0.0420249258342067
1297.9498	0.0420063565367362
1296.5328	0.0421213483779523
1295.1158	0.0418713245819666
1293.6989	0.0416632797357772
1292.2819	0.0427091452586424
1290.8649	0.0416709868048088
1289.4479	0.0411790817192146
1288.031	0.0422937858153676
1286.614	0.0424597116247192
1285.197	0.0419883112038941
1283.78	0.0422997187256471
1282.3631	0.0431628595338491
1280.9461	0.0434063408719868
1279.5291	0.0430894567450502
1278.1121	0.0441628750980362
1276.6952	0.0438495002268578
1275.2782	0.0443310213211205
1273.8612	0.0450939047510261
1272.4442	0.0454371445083608
1271.0273	0.0454767634816892
1269.6103	0.0458091938201651
1268.1933	0.0455165476441666
1266.7763	0.0455454048442368
1265.3593	0.0452157446769045
1263.9424	0.0451538244202347
1262.5254	0.0443593495547411
1261.1084	0.0448900390357543
1259.6914	0.0444046979675476
1258.2745	0.0453405498196773
1256.8575	0.0447256829752748
1255.4405	0.0454148147290256
1254.0235	0.0451277773860923
1252.6066	0.0445886615455341
1251.1896	0.0455600965423664
1249.7726	0.0450933578586019
1248.3556	0.0446649711289059
1246.9387	0.0439147329673067
1245.5217	0.0437600577250032
1244.1047	0.0442897094250492
1242.6877	0.0435182608835995
1241.2708	0.0440313233719667
1239.8538	0.0439834202977708
1238.4368	0.0443897007480867
1237.0198	0.0439582136834348
1235.6029	0.0442862652874919
1234.1859	0.0451347269124971
1232.7689	0.0445387228125127
1231.3519	0.0449793898554567
1229.935	0.0434910730926206
1228.518	0.0428293574865591
1227.101	0.0435249880650288
1225.684	0.0418528082471722
1224.2671	0.0413061280960465
1222.8501	0.0409065938228176
1221.4331	0.0405865988025648
1220.0161	0.0396533742256343
1218.5991	0.0401891129503112
1217.1822	0.03884160622861
1215.7652	0.0390466230222763
1214.3482	0.0386845856923395
1212.9312	0.0380257826807327
1211.5143	0.0380066384061451
1210.0973	0.0378826037621926
1208.6803	0.036924842443102
1207.2633	0.0378409883034039
1205.8464	0.0372495975548144
1204.4294	0.0366921204272617
1203.0124	0.0362061074192964
1201.5954	0.0360734612468822
1200.1785	0.0359765859192631
1198.7615	0.0356002753342684
1197.3445	0.0349692926406843
1195.9275	0.0344581844183714
1194.5106	0.0337876824615557
1193.0936	0.0334999153225766
1191.6766	0.0331843667205643
1190.2596	0.0330874865217799
1188.8427	0.0322749407360052
1187.4257	0.0320271045151322
1186.0087	0.0310497016308342
1184.5917	0.0313343448214823
1183.1748	0.0310050700501279
1181.7578	0.0307959779143354
1180.3408	0.0311567240105679
1178.9238	0.0311719159148505
1177.5069	0.0320354831984564
1176.0899	0.0324874670461438
1174.6729	0.0328629112298424
1173.2559	0.0335050717055275
1171.8389	0.0341830418885426
1170.422	0.0351770957526547
1169.005	0.0365707572132689
1167.588	0.0382266745675661
1166.171	0.0397419988906459
1164.7541	0.0421278103071024
1163.3371	0.0443356557091965
1161.9201	0.0461930341792863
1160.5031	0.0484601822803575
1159.0862	0.0516250127447766
1157.6692	0.0534312378761544
1156.2522	0.0556714100806956
1154.8352	0.0569992270261051
1153.4183	0.0590561246724127
1152.0013	0.0598528809127258
1150.5843	0.0606932609649846
1149.1673	0.0619332252133819
1147.7504	0.062449932121123
1146.3334	0.0623439848539212
1144.9164	0.061528467724649
1143.4994	0.0617744975408461
1142.0825	0.0607483986508309
1140.6655	0.0598057717964647
1139.2485	0.0597675775085086
1137.8315	0.0587784871132184
1136.4146	0.0574570532121219
1134.9976	0.0567495593249704
1133.5806	0.0563498180735282
1132.1636	0.0558501451773495
1130.7467	0.0570404601934137
1129.3297	0.0562163962211631
1127.9127	0.0569262035079405
1126.4957	0.0569829442070127
1125.0787	0.0577506941685265
1123.6618	0.0580074435739418
1122.2448	0.0575164520039288
1120.8278	0.0580406432628095
1119.4108	0.0579884922456867
1117.9939	0.0588284025893209
1116.5769	0.0587973982465793
1115.1599	0.059119566951949
1113.7429	0.0587236733877238
1112.326	0.060081366652909
1110.909	0.0601769136785919
1109.492	0.0598120918611932
1108.075	0.0605835688614442
1106.6581	0.0619235187197993
1105.2411	0.0617852649730083
1103.8241	0.0627033173771149
1102.4071	0.0631374961143552
1100.9902	0.0636278662472139
1099.5732	0.0645813724152035
1098.1562	0.0642595567631416
1096.7392	0.0641972148592258
1095.3223	0.0647717470864638
1093.9053	0.0652421964729452
1092.4883	0.0649491964767144
1091.0713	0.066448771569648
1089.6544	0.0674940877029667
1088.2374	0.0691526296653646
1086.8204	0.0704402446941704
1085.4034	0.0729647433171172
1083.9865	0.0750809919222134
1082.5695	0.077567606530053
1081.1525	0.0795171501906241
1079.7355	0.0808476618677135
1078.3185	0.0819627735006956
1076.9016	0.0833687615730308
1075.4846	0.0839860506177525
1074.0676	0.0828548366763789
1072.6506	0.0818706675172172
1071.2337	0.080756588961742
1069.8167	0.0785749013746153
1068.3997	0.0771729074151379
1066.9827	0.0763450018712679
1065.5658	0.0760104518503453
1064.1488	0.0761271383378286
1062.7318	0.076703040576138
1061.3148	0.0774856875647572
1059.8979	0.0781165778805417
1058.4809	0.0801012450164519
1057.0639	0.0804406080950736
1055.6469	0.0817145958466468
1054.23	0.0836337389206686
1052.813	0.0854110061421697
1051.396	0.0869436509469597
1049.979	0.0886187547500314
1048.5621	0.0905870508701505
1047.1451	0.0921861770209423
1045.7281	0.0938491414927912
1044.3111	0.0950411527319881
1042.8942	0.0971287411117943
1041.4772	0.0978460035183599
1040.0602	0.0995259697630231
1038.6432	0.101534748971329
1037.2263	0.1031220603762
1035.8093	0.10476638953636
1034.3923	0.106735192777341
1032.9753	0.107798320635125
1031.5583	0.109410322798399
1030.1414	0.111382759651798
1028.7244	0.113102817433584
1027.3074	0.114511011438538
1025.8904	0.116525858963757
1024.4735	0.11852935976157
1023.0565	0.120284785985024
1021.6395	0.122353684133827
1020.2225	0.12329594384337
1018.8056	0.124784628982633
1017.3886	0.125793079853193
1015.9716	0.126624666121792
1014.5546	0.127142678987877
1013.1377	0.126814703634544
1011.7207	0.127521705252774
1010.3037	0.127743534013005
1008.8867	0.127407221113377
1007.4698	0.128577520485501
1006.0528	0.128716730536557
1004.6358	0.129527670163564
1003.2188	0.128888332868836
1001.8019	0.129168618999684
1000.3849	0.130307880830854
998.9679	0.131502792946262
997.5509	0.132192422273853
996.134	0.132796224837693
994.717	0.133150388101408
993.3	0.133628147393116
991.883	0.133627998251474
990.4661	0.134053672600898
989.0491	0.133840665585428
987.6321	0.133034393806338
986.2151	0.132789294011944
984.7981	0.132546657316965
983.3812	0.130276405567784
981.9642	0.129100730372943
980.5472	0.126774251565829
979.1302	0.125109609138856
977.7133	0.12315068068388
976.2963	0.120966759890636
974.8793	0.119014497797024
973.4623	0.116057948511475
972.0454	0.113886640910069
970.6284	0.111439836466259
969.2114	0.108514181631661
967.7944	0.107206041417727
966.3775	0.103929727378442
964.9605	0.102233084803897
963.5435	0.0998149619375595
962.1265	0.0975767396705107
960.7096	0.0958820775875446
959.2926	0.0936979646307914
957.8756	0.0916227893413565
956.4586	0.0900051781787386
955.0417	0.0883740235629779
953.6247	0.0872463856092092
952.2077	0.0846376502419097
950.7907	0.0832656510045281
949.3738	0.0813138186711568
947.9568	0.0805978435580686
946.5398	0.0795488732871291
945.1228	0.0797525329433569
943.7059	0.079508226232333
942.2889	0.0786759664683666
940.8719	0.0792326241026412
939.4549	0.079715092421947
938.0379	0.0796584075392026
936.621	0.0802692663891316
935.204	0.0802877591910839
933.787	0.0795567566701833
932.37	0.0797521807344696
930.9531	0.0799209434124201
929.5361	0.0797221076070146
928.1191	0.080393167930334
926.7021	0.0800303657999342
925.2852	0.0797772846532017
923.8682	0.0794724110610515
922.4512	0.0794261353740491
921.0342	0.078426974559731
919.6173	0.0784962137176925
918.2003	0.0786365285007338
916.7833	0.0782826171991249
915.3663	0.0778241960887149
913.9494	0.0763490752301195
912.5324	0.0766797254408421
911.1154	0.0759753136411135
909.6984	0.075501875045398
908.2815	0.0746890142194457
906.8645	0.0738942388417072
905.4475	0.0728001410555787
904.0305	0.0725334690540027
902.6136	0.0718494609359705
901.1966	0.0714190944397175
899.7796	0.0705849059267883
898.3626	0.0696917660325992
896.9457	0.0693373593314277
895.5287	0.0694454803452621
894.1117	0.0682310115017265
892.6947	0.0685743412282705
891.2777	0.0672564105984099
889.8608	0.0675047940467812
888.4438	0.0669013138455057
887.0268	0.0661064094127994
885.6098	0.0657494738028751
884.1929	0.0651980129207923
882.7759	0.0636834163202133
881.3589	0.0634960504753181
879.9419	0.0631312112308307
878.525	0.0619522497250924
877.108	0.0627729673769002
875.691	0.0624172166199663
874.274	0.0624855794494617
872.8571	0.0628042759503958
871.4401	0.0628672058649976
870.0231	0.062882824364638
868.6061	0.0635970247229063
867.1892	0.0631669080793642
865.7722	0.0641959325095492
864.3552	0.0646026769999484
862.9382	0.0649427276160224
861.5213	0.0648658052675107
860.1043	0.0653852844362348
858.6873	0.0657493269017863
857.2703	0.0655535966336682
855.8534	0.0657880957459091
854.4364	0.0654400941532079
853.0194	0.0662502599683756
851.6024	0.0660084711113195
850.1855	0.0662777418608259
848.7685	0.0656977014568186
847.3515	0.066477024998832
845.9345	0.066814117864598
844.5175	0.066322557900648
843.1006	0.0657016519122593
841.6836	0.0656629605313041
840.2666	0.0653278240713179
838.8496	0.0647745291080534
837.4327	0.0649816934248776
836.0157	0.0642428032532962
834.5987	0.0634751252609319
833.1817	0.0632808428389433
831.7648	0.0620385328566388
830.3478	0.0627027883989077
828.9308	0.0618041396679659
827.5138	0.0619413279511358
826.0969	0.0615130584646509
824.6799	0.060309886380376
823.2629	0.0609671150949362
821.8459	0.061172831144678
820.429	0.0608161507136905
819.012	0.0615817797681995
817.595	0.0604522222861883
816.178	0.0605752812844843
814.7611	0.0602988933839891
813.3441	0.059808325360831
811.9271	0.0597535171003163
810.5101	0.0588866570129129
809.0932	0.0591289799903044
807.6762	0.0588044871005271
806.2592	0.0590667692742507
804.8422	0.0585250069997446
803.4253	0.0590988198620188
802.0083	0.0580993095461048
800.5913	0.0575982667223224
799.1743	0.0583163441246408
797.7573	0.0584732061473071
796.3404	0.0578517822858561
794.9234	0.0587975573281886
793.5064	0.0584632349027926
792.0894	0.0595938993483027
790.6725	0.0600219945886663
789.2555	0.0602460221738397
787.8385	0.0593413896249219
786.4215	0.0610846700025174
785.0046	0.0604829959079444
783.5876	0.0609955815585108
782.1706	0.060566550858958
780.7536	0.0617363871092951
779.3367	0.062317682975362
777.9197	0.0614546634372605
776.5027	0.062257102329305
775.0857	0.0632782413760304
773.6688	0.0633878962829508
772.2518	0.0640004586042951
770.8348	0.0656595568364576
769.4178	0.0658398432376075
768.0009	0.0665676579032137
766.5839	0.0679751133867316
765.1669	0.0682185532324927
763.7499	0.0690330704142828
762.333	0.0691879538609292
760.916	0.0697659593126562
759.499	0.0694564986488041
758.082	0.0693775223114718
756.6651	0.0701317647532995
755.2481	0.0689617824734829
753.8311	0.0683066303953832
752.4141	0.0679024654450381
750.9971	0.0680711645751255
749.5802	0.0669955853444262
748.1632	0.0658837045606786
746.7462	0.0659535236499939
745.3292	0.065218065518122
743.9123	0.0644791265668169
742.4953	0.063983802409712
741.0783	0.0640013168757882
739.6613	0.0642553950236451
738.2444	0.0636937037608552
736.8274	0.0633153913649035
735.4104	0.0629592253330643
733.9934	0.063420712258618
732.5765	0.0637964614581718
731.1595	0.0637689548961348
729.7425	0.0637037701867956
728.3255	0.0638307517426589
726.9086	0.0640450575975333
725.4916	0.0647091482134926
724.0746	0.0649094897162212
722.6576	0.0653993017873235
721.2407	0.0665103282668503
719.8237	0.0671305887643363
718.4067	0.0674086420897913
716.9897	0.0683332748759904
715.5728	0.0687594244134684
714.1558	0.0697289232757189
712.7388	0.0704149120580061
711.3218	0.0720078215675562
709.9049	0.0721779993674549
708.4879	0.0723812759068505
707.0709	0.0723622302732846
705.6539	0.0729912068362972
704.2369	0.0727155935405981
702.82	0.073192370103259
701.403	0.0728310195627856
699.986	0.0730149017748856
698.569	0.0732136423798344
697.1521	0.0733324186364368
695.7351	0.0722886122426704
694.3181	0.0722351989268443
692.9011	0.0716832886786466
691.4842	0.0724481377467516
690.0672	0.0723944462065358
688.6502	0.0716449832816417
687.2332	0.0726703417032266
685.8163	0.0728066991726876
684.3993	0.0726051649922245
682.9823	0.0720449884452056
681.5653	0.0723692191223873
680.1484	0.0726489366283065
678.7314	0.07285681568778
677.3144	0.0724503323361806
675.8974	0.0724432590291275
674.4805	0.0725776957604228
673.0635	0.0726445313038988
671.6465	0.0730272688253914
670.2295	0.073914822076102
668.8126	0.0742200256455272
667.3956	0.0750040073278323
665.9786	0.0746044953008273
664.5616	0.0738497254826003
663.1447	0.0747843780502028
661.7277	0.0749120950655176
660.3107	0.0749362553988181
658.8937	0.0751630968218085
657.4767	0.075687333380342
656.0598	0.0760366107580641
654.6428	0.0764172290281338
653.2258	0.0767626108383517
651.8088	0.0765701375359121
650.3919	0.0764279282919149
648.9749	0.0764784395365329
647.5579	0.0764384135137627
646.1409	0.077120275082122
644.724	0.0770041051073668
643.307	0.0774384105323585
641.89	0.0784392618354352
640.473	0.0774804101887366
639.0561	0.0778338242025925
637.6391	0.0781331491665438
636.2221	0.0776285112610992
634.8051	0.0792179435255815
633.3882	0.0796645232646262
631.9712	0.0792223140561367
630.5542	0.080221363798685
629.1372	0.0798619695421939
627.7203	0.0801920794047435
626.3033	0.0808050053418741
624.8863	0.0812232604282817
623.4693	0.0818721151333404
622.0524	0.082299544576674
620.6354	0.0835209668426421
619.2184	0.0845987961939947
617.8014	0.0856598768514802
616.3845	0.0861763159767448
614.9675	0.0867670118431761
613.5505	0.0874063783527827
612.1335	0.0881287391546151
610.7165	0.0892664752852095
609.2996	0.0899010568359192
607.8826	0.0899509571833237
606.4656	0.0904863963433536
605.0486	0.0912660637183478
603.6317	0.0908994831024849
602.2147	0.0913879239967096
600.7977	0.091510097120433
599.3807	0.0909140222388833
597.9638	0.0912217410913977
596.5468	0.0916310207317472
595.1298	0.0909295104161954
593.7128	0.0917062828642599
592.2959	0.091924468050732
590.8789	0.0920016765608736
589.4619	0.0924776862757464
588.0449	0.0929496976651275
586.628	0.0928707419997637
585.211	0.0943114772291504
583.794	0.0963049446851439
582.377	0.0976177066033913
580.9601	0.0990851357876093
579.5431	0.100398633279259
578.1261	0.101306095647688
576.7091	0.102284040588515
575.2922	0.102792718824555
573.8752	0.104237791690152
572.4582	0.104456918794311
571.0412	0.10447732807169
569.6243	0.104413215508873
568.2073	0.10434066467488
566.7903	0.104460531129711
565.3733	0.104134708240776
563.9563	0.104458436210998
562.5394	0.103768617523848
561.1224	0.103126129638488
559.7054	0.102574666269221
558.2884	0.102383364058445
556.8715	0.102187405195022
555.4545	0.10174341046451
554.0375	0.102686580208925
552.6205	0.102729585232358
551.2036	0.10173244925008
549.7866	0.100547036600539
548.3696	0.100584087916439
546.9526	0.100983255837535
545.5357	0.099383280912532
544.1187	0.0990785261885469
542.7017	0.0992914039751445
541.2847	0.100052873786269
539.8678	0.100354293325925
538.4508	0.101104995682038
537.0338	0.101823437597002
535.6168	0.10299694476822
534.1999	0.103430672566438
532.7829	0.104643547338732
531.3659	0.106229811020457
529.9489	0.107280260975732
528.532	0.107867092231151
527.115	0.108499549821892
525.698	0.109298053353195
524.281	0.109352671871641
522.8641	0.109644581991031
521.4471	0.11014832350797
520.0301	0.110076369388355
518.6131	0.110446345490543
517.1962	0.110655194314375
515.7792	0.110508142888422
514.3622	0.109862596948101
512.9452	0.110475489097597
511.5282	0.110806874572398
510.1113	0.110854670274563
508.6943	0.110480189169873
507.2773	0.11044534011181
505.8603	0.109175879125523
504.4434	0.10971734923163
503.0264	0.108239174000225
501.6094	0.109112988937321
500.1924	0.10874563130188
498.7755	0.108219307616721
497.3585	0.109116047436256
495.9415	0.108750283875456
494.5245	0.108519122203614
493.1076	0.109075487996306
491.6906	0.108744542081696
490.2736	0.108723730022203
488.8566	0.109126347559319
487.4397	0.108858725199882
486.0227	0.108981145553038
484.6057	0.109742723988927
483.1887	0.109816793618902
481.7718	0.110303097138259
480.3548	0.110100386187976
478.9378	0.109412309905276
477.5208	0.109914211344351
476.1039	0.109078356610672
474.6869	0.109334965357342
473.2699	0.109002006843974
471.8529	0.109552576319114
470.436	0.108967004862676
469.019	0.108182741993236
467.602	0.108618402615203
466.185	0.107517772619575
464.768	0.108076836195963
463.3511	0.107740657067314
461.9341	0.108120175980332
460.5171	0.107928700921621
459.1001	0.107994510015851
457.6832	0.107846984965706
456.2662	0.107396606107943
454.8492	0.107416709722094
453.4322	0.107165867192669
452.0153	0.107353962761287
450.5983	0.107158730332734
449.1813	0.109166567152605
447.7643	0.108776901123417
446.3474	0.109129682674321
444.9304	0.110564011130337
443.5134	0.111854460918705
442.0964	0.114125747533215
440.6795	0.1147528383281
439.2625	0.116251461758914
437.8455	0.116947837715057
436.4285	0.11613822475294
435.0116	0.115930780437823
433.5946	0.116348255685906
432.1776	0.117181831660816
430.7606	0.117687438641318
429.3437	0.119117751334707
427.9267	0.119672502373272
426.5097	0.119669200539807
425.0927	0.120340073507527
423.6758	0.121110480942181
422.2588	0.121494853111478
420.8418	0.121840308234458
419.4248	0.122000016133144
418.0078	0.122610137532356
416.5909	0.121487419899608
415.1739	0.120697699514832
413.7569	0.120525056187781
412.3399	0.12107943780539
410.923	0.12121253763621
409.506	0.121896197723495
408.089	0.122716576425231
406.672	0.122852249335465
405.2551	0.124106470309382
403.8381	0.124407368262269
402.4211	0.125346178422728
401.0041	0.125982766826069
