3994.4546	0.013834821898554
3993.0377	0.0146172093397277
3991.6207	0.0137181895711918
3990.2037	0.0143195962777206
3988.7867	0.0143587882608303
3987.3698	0.0141402312444796
3985.9528	0.0142702511207659
3984.5358	0.0139699903224411
3983.1188	0.0133356506976466
3981.7019	0.0141803362262024
3980.2849	0.0137215629200185
3978.8679	0.014295425804364
3977.4509	0.0134476618651604
3976.034	0.0134660045896481
3974.617	0.0136815491801567
3973.2	0.0146281501080925
3971.783	0.0137773113838757
3970.3661	0.0144500941435813
3968.9491	0.0140836116619613
3967.5321	0.0144247904037273
3966.1151	0.0139109021473874
3964.6982	0.0137575039149166
3963.2812	0.0140000386690815
3961.8642	0.0141937621375346
3960.4472	0.0142906740308367
3959.0303	0.0142102715690532
3957.6133	0.0137904842904372
3956.1963	0.0135713964980285
3954.7793	0.0137731506883077
3953.3624	0.0136531252990046
3951.9454	0.0136747757526017
3950.5284	0.0136843060237604
3949.1114	0.0140497896987038
3947.6944	0.0143623856834358
3946.2775	0.0141671311876902
3944.8605	0.0141870775937903
3943.4435	0.0137980659296524
3942.0265	0.0136577225568594
3940.6096	0.0141737698695011
3939.1926	0.0142597884650788
3937.7756	0.0136084294026439
3936.3586	0.0136436515214027
3934.9417	0.0130735526395461
3933.5247	0.0135559995027788
3932.1077	0.0136163892783641
3930.6907	0.0142588552895374
3929.2738	0.0138435798077362
3927.8568	0.0139599812549092
3926.4398	0.0140520562323991
3925.0228	0.0137041763000653
3923.6059	0.0143456255472182
3922.1889	0.0136943209024444
3920.7719	0.01344520842394
3919.3549	0.0137696098190564
3917.938	0.0129142272655538
3916.521	0.0133450121208424
3915.104	0.0137112686358539
3913.687	0.0133396020635974
3912.2701	0.0136374237768496
3910.8531	0.0135562095657138
3909.4361	0.0133897475163122
3908.0191	0.0134422845786037
3906.6022	0.0137876559005903
3905.1852	0.0135216059175005
3903.7682	0.0138690335404179
3902.3512	0.0139736662155938
3900.9342	0.0142373356003623
3899.5173	0.0134734939814433
3898.1003	0.0136896108473382
3896.6833	0.0141010235354129
3895.2663	0.0135752571413534
3893.8494	0.0134456101388921
3892.4324	0.0134701441723106
3891.0154	0.0139453307628484
3889.5984	0.0131922349607737
3888.1815	0.0138348214322383
3886.7645	0.0135122786637787
3885.3475	0.0129866520356116
3883.9305	0.0133176049378669
3882.5136	0.013583621025362
3881.0966	0.0131837287037933
3879.6796	0.0136303535606394
3878.2626	0.0131679566834802
3876.8457	0.0134632633434996
3875.4287	0.0130434125728402
3874.0117	0.0135235881340637
3872.5947	0.0133135279755863
3871.1778	0.0135348532959236
3869.7608	0.013282644585401
3868.3438	0.0141068580434488
3866.9268	0.0140813965681441
3865.5099	0.0134968983633479
3864.0929	0.0131086913306252
3862.6759	0.0135419302132651
3861.2589	0.0135429686839878
3859.842	0.0132060530066584
3858.425	0.0133306330009563
3857.008	0.0127904194891778
3855.591	0.0137091605540882
3854.174	0.0130333465413565
3852.7571	0.0138099899592548
3851.3401	0.0135044731038566
3849.9231	0.0136044822879885
3848.5061	0.0137415814516066
3847.0892	0.013027023124435
3845.6722	0.0139857687142291
3844.2552	0.0138734491337781
3842.8382	0.013001658555232
3841.4213	0.0134474653412611
3840.0043	0.0131308144822488
3838.5873	0.0132267705890475
3837.1703	0.0135042406125043
3835.7534	0.0133910074039596
3834.3364	0.0140311682857592
3832.9194	0.013037640204688
3831.5024	0.0133462667861117
3830.0855	0.0135126633351496
3828.6685	0.0132927533044071
3827.2515	0.0141187975196835
3825.8345	0.0135069830878602
3824.4176	0.0125577499197191
3823.0006	0.0134893514323733
3821.5836	0.0136904119965658
3820.1666	0.0133643309963998
3818.7497	0.013003305603686
3817.3327	0.0127653283686773
3815.9157	0.0127983085655486
3814.4987	0.0129399833454839
3813.0818	0.0131928223548748
3811.6648	0.0126182734085914
3810.2478	0.0127337368829745
3808.8308	0.0128731514906012
3807.4138	0.0126589267678711
3805.9969	0.0130687789747016
3804.5799	0.0132337736392902
3803.1629	0.0132191131697652
3801.7459	0.0133275050932489
3800.329	0.0123315983978532
3798.912	0.0126205650270563
3797.495	0.0129257402892339
3796.078	0.013164274284067
3794.6611	0.0133800518699085
3793.2441	0.0128338780630188
3791.8271	0.0127844424203614
3790.4101	0.0127640253498624
3788.9932	0.0129839045870205
3787.5762	0.0131352988799327
3786.1592	0.0131303790225227
3784.7422	0.0127904788610123
3783.3253	0.0129449846338692
3781.9083	0.0131719386260605
3780.4913	0.0128018207826505
3779.0743	0.0127958019764808
3777.6574	0.0132185387956711
3776.2404	0.0128694576962438
3774.8234	0.0128529073405686
3773.4064	0.0128649306114865
3771.9895	0.012891717730794
3770.5725	0.0127947576071435
3769.1555	0.012648189461288
3767.7385	0.0125377070154729
3766.3216	0.0126587414987802
3764.9046	0.0128060079566198
3763.4876	0.0127282790710432
3762.0706	0.0126420471560244
3760.6536	0.012837074708687
3759.2367	0.0125958179650319
3757.8197	0.0128466681369297
3756.4027	0.012702820601382
3754.9857	0.0129580646186955
3753.5688	0.0130515790234596
3752.1518	0.01310944311123
3750.7348	0.013166781284808
3749.3178	0.0126607321040368
3747.9009	0.0131233095560378
3746.4839	0.0128986315129271
3745.0669	0.0128883346831153
3743.6499	0.0132479298199812
3742.233	0.0127083366830479
3740.816	0.0122620543031621
3739.399	0.0126276439883143
3737.982	0.0127658939152203
3736.5651	0.0124048867956467
3735.1481	0.0125725760145266
3733.7311	0.0122542520645367
3732.3141	0.0123966596630306
3730.8972	0.0125393708058001
3729.4802	0.0129405690789105
3728.0632	0.011912900387978
3726.6462	0.0129624754885764
3725.2293	0.0125067347205712
3723.8123	0.0122285052318459
3722.3953	0.0123319542740971
3720.9783	0.0125717167586892
3719.5614	0.0125185779030412
3718.1444	0.0123673546574412
3716.7274	0.0119171557152608
3715.3104	0.0125338943074548
3713.8935	0.0116430829334913
3712.4765	0.0128211614207736
3711.0595	0.0124313431006673
3709.6425	0.0125300991581213
3708.2255	0.0126821445981302
3706.8086	0.012156572659823
3705.3916	0.0120846372495653
3703.9746	0.0126728455615981
3702.5576	0.0119002001019502
3701.1407	0.0122152244652185
3699.7237	0.011985538299715
3698.3067	0.0118461896960953
3696.8897	0.0121072907565155
3695.4728	0.012396702059209
3694.0558	0.0123759090518947
3692.6388	0.0119983552041453
3691.2218	0.0122096481653542
3689.8049	0.0115200371231956
3688.3879	0.0117131980961623
3686.9709	0.0117619983542979
3685.5539	0.0124080853477083
3684.137	0.0121925855083125
3682.72	0.01184197019188
3681.303	0.0122094540943699
3679.886	0.0122378277776712
3678.4691	0.0120620930089677
3677.0521	0.0121894850300698
3675.6351	0.0119381577755093
3674.2181	0.0121344396824548
3672.8012	0.0119219212445789
3671.3842	0.0118814097790818
3669.9672	0.012842438365607
3668.5502	0.0112965195096643
3667.1333	0.0123394862469836
3665.7163	0.0118116371602571
3664.2993	0.0120115552202758
3662.8823	0.0125676370796232
3661.4653	0.0116500090066299
3660.0484	0.0123115341339592
3658.6314	0.0123627748796338
3657.2144	0.0122376549837416
3655.7974	0.0124263019486291
3654.3805	0.0127346333585497
3652.9635	0.0124230639183409
3651.5465	0.012302028848647
3650.1295	0.0123485360583491
3648.7126	0.0124371419576993
3647.2956	0.0120513309395123
3645.8786	0.0124864568176014
3644.4616	0.0128635838052963
3643.0447	0.0125720638340692
3641.6277	0.012894313879509
3640.2107	0.0129414538767148
3638.7937	0.0127446462894129
3637.3768	0.0129535282966802
3635.9598	0.0123089590086922
3634.5428	0.012738554970063
3633.1258	0.0129752469553242
3631.7089	0.0126699008887419
3630.2919	0.013024898973359
3628.8749	0.0127292201251948
3627.4579	0.0133358759546616
3626.041	0.0132855851508758
3624.624	0.0130833703691773
3623.207	0.0134704914856159
3621.79	0.0129007521485888
3620.3731	0.0136322599052755
3618.9561	0.0133089249225352
3617.5391	0.013292864932164
3616.1221	0.013693029089422
3614.7051	0.0137064134955269
3613.2882	0.0142078946426637
3611.8712	0.0138308956936465
3610.4542	0.0133115853312022
3609.0372	0.0143654689210917
3607.6203	0.0142056804512243
3606.2033	0.0141615653802438
3604.7863	0.0141649487272522
3603.3693	0.0145411034096889
3601.9524	0.0140308380373063
3600.5354	0.014763042698497
3599.1184	0.0145449112953154
3597.7014	0.0146238774230564
3596.2845	0.0149075604850634
3594.8675	0.0149581091430483
3593.4505	0.0151148846799904
3592.0335	0.015306211311342
3590.6166	0.0154897161772689
3589.1996	0.0151240125351487
3587.7826	0.0154044110618308
3586.3656	0.0155933972941687
3584.9487	0.015385981540015
3583.5317	0.0158726821738092
3582.1147	0.0154193152419949
3580.6977	0.0162186148673995
3579.2808	0.016236092267566
3577.8638	0.0165076036813127
3576.4468	0.0164054275111527
3575.0298	0.0164102412543415
3573.6129	0.0170799749962418
3572.1959	0.0169837921847875
3570.7789	0.0172538099311464
3569.3619	0.0169814372875859
3567.9449	0.0174498773937281
3566.528	0.0175058662679
3565.111	0.0176962383161217
3563.694	0.018003058990599
3562.277	0.018059443920049
3560.8601	0.0180437772855535
3559.4431	0.0179748276543519
3558.0261	0.0190553614324892
3556.6091	0.0189344028412084
3555.1922	0.0191495719872099
3553.7752	0.0193863337100359
3552.3582	0.0195018048528765
3550.9412	0.0190487724428175
3549.5243	0.0195312720496628
3548.1073	0.0201373827925375
3546.6903	0.0204389441150349
3545.2733	0.0205685759598172
3543.8564	0.0204019824902748
3542.4394	0.0214551389800505
3541.0224	0.0207182497060433
3539.6054	0.0208187200143173
3538.1885	0.020927875254171
3536.7715	0.0217395139453774
3535.3545	0.02173571989791
3533.9375	0.0211331925901923
3532.5206	0.0213023231372354
3531.1036	0.0221992073326449
3529.6866	0.0220048161281691
3528.2696	0.0222910191608336
3526.8527	0.0222005399823879
3525.4357	0.0235120037258002
3524.0187	0.0227296678255025
3522.6017	0.0231678794995701
3521.1847	0.0233731743765532
3519.7678	0.0232394628035289
3518.3508	0.0236003787815612
3516.9338	0.0238389427497239
3515.5168	0.023571025395597
3514.0999	0.024456381050668
3512.6829	0.0244708706234886
3511.2659	0.0246394908555383
3509.8489	0.0242221554514462
3508.432	0.0250138147974451
3507.015	0.025312276141566
3505.598	0.02528294924301
3504.181	0.0254951875652015
3502.7641	0.0252501572012941
3501.3471	0.0264564507157272
3499.9301	0.0263433811811269
3498.5131	0.0265417645288941
3497.0962	0.0265221594661463
3495.6792	0.0271691883499787
3494.2622	0.0272333657842167
3492.8452	0.0269076185700801
3491.4283	0.0273723079685158
3490.0113	0.0274013014958435
3488.5943	0.0280348992076667
3487.1773	0.0277689399808318
3485.7604	0.0284711371815186
3484.3434	0.0279776986563946
3482.9264	0.0291716094264534
3481.5094	0.0286871155065573
3480.0925	0.0293241817104518
3478.6755	0.0291045498067353
3477.2585	0.0297424471189469
3475.8415	0.0293842563387198
3474.4245	0.0296276504332844
3473.0076	0.0299007705969994
3471.5906	0.0302433275165537
3470.1736	0.0297289928079696
3468.7566	0.0302017879245141
3467.3397	0.0305043564718671
3465.9227	0.0306496768377183
3464.5057	0.0304876118016466
3463.0887	0.030436855605729
3461.6718	0.0311475823825725
3460.2548	0.0311898172004334
3458.8378	0.0312933414625601
3457.4208	0.0318585335710159
3456.0039	0.0318131915630781
3454.5869	0.0322362506538054
3453.1699	0.0321224546385132
3451.7529	0.0326576114651699
3450.336	0.0328929736135088
3448.919	0.0329492040113228
3447.502	0.032981266236576
3446.085	0.0332171246498308
3444.6681	0.0330962540950335
3443.2511	0.0336713661776957
3441.8341	0.0340612140588401
3440.4171	0.0335453621909804
3439.0002	0.0342808988552066
3437.5832	0.0338722214776154
3436.1662	0.0338256084372661
3434.7492	0.0349523211636363
3433.3323	0.0347901752354542
3431.9153	0.0351024091398396
3430.4983	0.035513120237709
3429.0813	0.0352576381124474
3427.6643	0.0351518552643689
3426.2474	0.0351445435414057
3424.8304	0.0360469097402461
3423.4134	0.0361379958658072
3421.9964	0.036291117064928
3420.5795	0.0358592575665431
3419.1625	0.0367367265493895
3417.7455	0.0364542136504239
3416.3285	0.036808856962824
3414.9116	0.03629053446986
3413.4946	0.0369827869410113
3412.0776	0.0375404422580987
3410.6606	0.0373066785651014
3409.2437	0.0374201944397772
3407.8267	0.0376529294708933
3406.4097	0.0377536682021968
3404.9927	0.037737892471401
3403.5758	0.0381438648484484
3402.1588	0.0380834799323551
3400.7418	0.0382436792203761
3399.3248	0.0384342693225961
3397.9079	0.0386245646757093
3396.4909	0.0381061370363066
3395.0739	0.0391995731357324
3393.6569	0.0391463907673155
3392.24	0.039235417332674
3390.823	0.039482576525103
3389.406	0.039772795213449
3387.989	0.0389958318815027
3386.5721	0.0400913428470811
3385.1551	0.0395467720063792
3383.7381	0.0399539977955245
3382.3211	0.0396867222819952
3380.9041	0.0401923494734907
3379.4872	0.0401664615507103
3378.0702	0.0400742841854875
3376.6532	0.0406419320630289
3375.2362	0.0406793723770574
3373.8193	0.0409750276117212
3372.4023	0.0406149186769172
3370.9853	0.0410453503854673
3369.5683	0.0408888508881204
3368.1514	0.0410761933037521
3366.7344	0.0411935348269295
3365.3174	0.0415139033738519
3363.9004	0.0418209709315899
3362.4835	0.041721660637168
3361.0665	0.0418310088768654
3359.6495	0.0423563996223577
3358.2325	0.042243296482864
3356.8156	0.0422989393258049
3355.3986	0.0427192559137702
3353.9816	0.0423128086492044
3352.5646	0.0429052222761835
3351.1477	0.0424019231653599
3349.7307	0.0423229548642321
3348.3137	0.0428542507269601
3346.8967	0.0425553656696154
3345.4798	0.0426982868951603
3344.0628	0.04222643282189
3342.6458	0.0426150057401947
3341.2288	0.0429761334470857
3339.8119	0.0428468824050266
3338.3949	0.0429786961246561
3336.9779	0.0428863404273579
3335.5609	0.0433471559884577
3334.1439	0.0431347107922498
3332.727	0.0431422278560886
3331.31	0.0435900021612476
3329.893	0.0437543339283675
3328.476	0.0427559227542255
3327.0591	0.0438673477866438
3325.6421	0.0434505771562605
3324.2251	0.0434010908150137
3322.8081	0.0438589402298444
3321.3912	0.0435972713878356
3319.9742	0.0443519145697085
3318.5572	0.0444116034166045
3317.1402	0.044112310683435
3315.7233	0.0436445293073305
3314.3063	0.044526131431167
3312.8893	0.0439786455741898
3311.4723	0.044174289758929
3310.0554	0.0435944210297275
3308.6384	0.0436782014599478
3307.2214	0.0439432077276528
3305.8044	0.0438236923653917
3304.3875	0.0441071527353663
3302.9705	0.0447139182423226
3301.5535	0.04430790940916
3300.1365	0.0449417176057416
3298.7196	0.0445039432152905
3297.3026	0.0445247827811803
3295.8856	0.0438662228427111
3294.4686	0.0445853154933374
3293.0517	0.0448345658780844
3291.6347	0.0443547293396435
3290.2177	0.0443877722945439
3288.8007	0.0441444503763115
3287.3837	0.0448606092806299
3285.9668	0.0448250563912151
3284.5498	0.0443160407621142
3283.1328	0.0445557207079523
3281.7158	0.0447417486941398
3280.2989	0.0444160520348931
3278.8819	0.044095767222182
3277.4649	0.0440935046468712
3276.0479	0.0441791165394323
3274.631	0.0447687592291093
3273.214	0.0450012878087698
3271.797	0.0446533943820676
3270.38	0.0444367384331799
3268.9631	0.044982720224253
3267.5461	0.0450210256557213
3266.1291	0.0445862743551026
3264.7121	0.0446820689561132
3263.2952	0.0444946293385566
3261.8782	0.0440667227197143
3260.4612	0.0447479075813565
3259.0442	0.0450818299567775
3257.6273	0.044078074210624
3256.2103	0.0443294027903908
3254.7933	0.0441026592962532
3253.3763	0.044611554247681
3251.9594	0.0444582970080622
3250.5424	0.0447532248654859
3249.1254	0.0444036165583561
3247.7084	0.0441068455315583
3246.2915	0.0442083437406055
3244.8745	0.0443808650113836
3243.4575	0.0444459612862675
3242.0405	0.0440675018020142
3240.6235	0.0442361009157786
3239.2066	0.0443952510438785
3237.7896	0.0446669030077788
3236.3726	0.0444872799225729
3234.9556	0.0442182354057072
3233.5387	0.0446002958739006
3232.1217	0.0443038416223442
3230.7047	0.0436791714315797
3229.2877	0.0447091107600166
3227.8708	0.044123954210937
3226.4538	0.0434843970465909
3225.0368	0.0439760698454399
3223.6198	0.0439986892504595
3222.2029	0.0437638662321237
3220.7859	0.0433016880614746
3219.3689	0.0436867498312815
3217.9519	0.0437902078996952
3216.535	0.0435403455797697
3215.118	0.0440614535422509
3213.701	0.043736643234341
3212.284	0.043280334227546
3210.8671	0.0437962027407383
3209.4501	0.0439299874564647
3208.0331	0.0431392214102568
3206.6161	0.0430759652140294
3205.1992	0.0429015508315233
3203.7822	0.0433886963826692
3202.3652	0.0433690415380465
3200.9482	0.0427258923898377
3199.5313	0.0430032667734732
3198.1143	0.0429625238328853
3196.6973	0.0424021759724836
3195.2803	0.0427510865411942
3193.8633	0.0427819579773264
3192.4464	0.0424739095542871
3191.0294	0.0428347429077794
3189.6124	0.0419825315541354
3188.1954	0.0424124499875403
3186.7785	0.0421229805521864
3185.3615	0.0421389684578714
3183.9445	0.0422129344226613
3182.5275	0.041858916729164
3181.1106	0.0418731173845081
3179.6936	0.0423226001665716
3178.2766	0.041546912457933
3176.8596	0.0414322765924213
3175.4427	0.0418392788506775
3174.0257	0.0414057251327919
3172.6087	0.0410964687619254
3171.1917	0.0407493067844501
3169.7748	0.0411957364422275
3168.3578	0.0413427040593933
3166.9408	0.0413692590086676
3165.5238	0.040729021447031
3164.1069	0.0408924209251645
3162.6899	0.0403393704435651
3161.2729	0.0405603571447681
3159.8559	0.0405059715106179
3158.439	0.0399317553611789
3157.022	0.0396465586824461
3155.605	0.0399175912339465
3154.188	0.0396654316764878
3152.7711	0.0394699445582055
3151.3541	0.0400812384733332
3149.9371	0.0396402822411762
3148.5201	0.0392594322030759
3147.1031	0.0395095966045703
3145.6862	0.0389402875239799
3144.2692	0.0393156996443112
3142.8522	0.0392436611147207
3141.4352	0.0387543733937692
3140.0183	0.0392266927602181
3138.6013	0.039031656042075
3137.1843	0.0384966429886163
3135.7673	0.0381811281824966
3134.3504	0.0386726276809052
3132.9334	0.0382335554677315
3131.5164	0.0385899076734685
3130.0994	0.0381483968812613
3128.6825	0.0373815816872027
3127.2655	0.0376518698829676
3125.8485	0.0376895689666238
3124.4315	0.0374131291634186
3123.0146	0.0373859257054418
3121.5976	0.0372753854362647
3120.1806	0.0375534886535335
3118.7636	0.0373180222233711
3117.3467	0.0371899063785226
3115.9297	0.0370951833983109
3114.5127	0.0366685278871302
3113.0957	0.0365607351880802
3111.6788	0.0366229873990674
3110.2618	0.0365272594509464
3108.8448	0.0365299815335515
3107.4278	0.0364790564447996
3106.0109	0.0364677833249979
3104.5939	0.0360684546545827
3103.1769	0.0363031638264276
3101.7599	0.0355296015984202
3100.3429	0.0355823420608799
3098.926	0.0353748026172468
3097.509	0.0353601579338851
3096.092	0.0352062425661336
3094.675	0.0350994189489111
3093.2581	0.0353164135651959
3091.8411	0.03460498980895
3090.4241	0.0351076904826216
3089.0071	0.0344755663228975
3087.5902	0.0348515789634172
3086.1732	0.034138407793816
3084.7562	0.0341950622727946
3083.3392	0.0340588485926799
3081.9223	0.0342406888388105
3080.5053	0.0335960239949571
3079.0883	0.0339807419746513
3077.6713	0.0340364612401015
3076.2544	0.0337700277601131
3074.8374	0.0338211088400249
3073.4204	0.0335529524330011
3072.0034	0.0335000105070465
3070.5865	0.0333824745157236
3069.1695	0.0338799611657878
3067.7525	0.0329805583007601
3066.3355	0.0327124733965967
3064.9186	0.0330998326369549
3063.5016	0.0328625430868484
3062.0846	0.032500730609162
3060.6676	0.0327209281593055
3059.2507	0.0325339340731547
3057.8337	0.0327643452550933
3056.4167	0.0321473078653585
3054.9997	0.0319422677218007
3053.5827	0.0318889372028382
3052.1658	0.0315189942444435
3050.7488	0.032087322272333
3049.3318	0.0319725180309111
3047.9148	0.0318583220377213
3046.4979	0.03132575480533
3045.0809	0.0311243756921058
3043.6639	0.0311536480674883
3042.2469	0.0310205513629709
3040.83	0.0312330131943299
3039.413	0.0313921664647811
3037.996	0.0310162049844526
3036.579	0.0306831937951783
3035.1621	0.0309760301697655
3033.7451	0.0311479855244942
3032.3281	0.0304828910174502
3030.9111	0.0305130100591704
3029.4942	0.0303711496221609
3028.0772	0.0295983900340227
3026.6602	0.0301226869398897
3025.2432	0.0296107974253995
3023.8263	0.0301353406049051
3022.4093	0.0300695040610186
3020.9923	0.0296044481537865
3019.5753	0.030326373817158
3018.1584	0.0298281573953578
3016.7414	0.0301069385414283
3015.3244	0.0298454400444325
3013.9074	0.0293377887334956
3012.4905	0.030314687416221
3011.0735	0.0297117781604817
3009.6565	0.0296448441226719
3008.2395	0.0292851177573933
3006.8225	0.0287926208604671
3005.4056	0.0289619607953767
3003.9886	0.0286066548594609
3002.5716	0.0288776634559149
3001.1546	0.0287434176525145
2999.7377	0.0283787959162087
2998.3207	0.0290478536666038
2996.9037	0.0286982330668477
2995.4867	0.0290908065906687
2994.0698	0.0285608674777839
2992.6528	0.0281188084711366
2991.2358	0.0283263648634939
2989.8188	0.0283148554088651
2988.4019	0.0289295992022115
2986.9849	0.0286888032651095
2985.5679	0.0287615646520892
2984.1509	0.0287332501873363
2982.734	0.0292247123220503
2981.317	0.0291742311075679
2979.9	0.0287243963737451
2978.483	0.0294088483972329
2977.0661	0.0292692225874463
2975.6491	0.0293703845022835
2974.2321	0.0291440663918922
2972.8151	0.0294383037622454
2971.3982	0.0294816973625129
2969.9812	0.0300347538974676
2968.5642	0.0297342360655261
2967.1472	0.0298641511435555
2965.7303	0.0300277865186452
2964.3133	0.0302837995794768
2962.8963	0.0299066696843944
2961.4793	0.0302775919148674
2960.0623	0.0305740822830566
2958.6454	0.0304095013049301
2957.2284	0.0308291252677937
2955.8114	0.0312247849704123
2954.3944	0.0316284480424089
2952.9775	0.0314063258568551
2951.5605	0.0320443207320511
2950.1435	0.031833943974689
2948.7265	0.0317983363830772
2947.3096	0.03273088869835
2945.8926	0.0334877212144486
2944.4756	0.0327050975156392
2943.0586	0.0334964908959731
2941.6417	0.0336188791124477
2940.2247	0.0329809623191794
2938.8077	0.0339370461474611
2937.3907	0.0343439494710955
2935.9738	0.03459110242
2934.5568	0.0351652353515791
2933.1398	0.0345727354596063
2931.7228	0.0344926782511288
2930.3059	0.0353537562336697
2928.8889	0.0352207972515596
2927.4719	0.0352400055051795
2926.0549	0.0349652187456228
2924.638	0.0354880593107185
2923.221	0.0350120305409187
2921.804	0.0349622627683415
2920.387	0.0358913975281489
2918.9701	0.0351083234029188
2917.5531	0.0350149227730708
2916.1361	0.0349824293491752
2914.7191	0.0348561876426414
2913.3021	0.0351198353012714
2911.8852	0.0352872183891768
2910.4682	0.0347827731157594
2909.0512	0.0352180728556651
2907.6342	0.0348771603356632
2906.2173	0.0340484343012888
2904.8003	0.0340261728564639
2903.3833	0.0349679064471182
2901.9663	0.0346896330983871
2900.5494	0.0346795003580391
2899.1324	0.0343720685930758
2897.7154	0.0343898994925657
2896.2984	0.0350368393432118
2894.8815	0.0335914965999613
2893.4645	0.0345323382638267
2892.0475	0.0341887447975794
2890.6305	0.0338135877346513
2889.2136	0.0341898969618256
2887.7966	0.0343815783011619
2886.3796	0.0345071483414968
2884.9626	0.0337439425672302
2883.5457	0.033987899836326
2882.1287	0.034514629118765
2880.7117	0.0339350302696432
2879.2947	0.0335944755335035
2877.8778	0.033582896134919
2876.4608	0.0329149789521254
2875.0438	0.0337027657914177
2873.6268	0.0330113274129695
2872.2099	0.0327216018677381
2870.7929	0.0328611424911128
2869.3759	0.0329712291073475
2867.9589	0.0320108117018644
2866.5419	0.0328909889539843
2865.125	0.0328800363647807
2863.708	0.0327685980402197
2862.291	0.0321978803800916
2860.874	0.0324657762020416
2859.4571	0.0313610042495382
2858.0401	0.0321840038349519
2856.6231	0.0318118303600455
2855.2061	0.03165582939495
2853.7892	0.0315671813969683
2852.3722	0.0315682064235961
2850.9552	0.0318671355003853
2849.5382	0.0309475883393659
2848.1213	0.031451119437197
2846.7043	0.0306619652558613
2845.2873	0.0310072212553269
2843.8703	0.0310291588919993
2842.4534	0.0307987761373876
2841.0364	0.0307476550838349
2839.6194	0.0304966490927633
2838.2024	0.0303891571325196
2836.7855	0.0306710375215664
2835.3685	0.0293770655589816
2833.9515	0.030491183066941
2832.5345	0.0302501107466576
2831.1176	0.029733947881894
2829.7006	0.029980245026293
2828.2836	0.0299688615671963
2826.8666	0.0295216984630056
2825.4497	0.0298309452705252
2824.0327	0.028860688501176
2822.6157	0.0288346246893428
2821.1987	0.0293994982131603
2819.7817	0.0291926778101947
2818.3648	0.0287906699656076
2816.9478	0.028865305315464
2815.5308	0.0291641053566066
2814.1138	0.0291461435971031
2812.6969	0.0287335940618699
2811.2799	0.0284442427372409
2809.8629	0.0281114897773045
2808.4459	0.0283467951208058
2807.029	0.0282276079062901
2805.612	0.0286128503276458
2804.195	0.0285007423676901
2802.778	0.0284421672777777
2801.3611	0.0281400931190067
2799.9441	0.0280662364567934
2798.5271	0.0283390480928087
2797.1101	0.0280587071693763
2795.6932	0.0278661619753987
2794.2762	0.0279845054265976
2792.8592	0.0273997758417241
2791.4422	0.0277535599142809
2790.0253	0.0284856061769891
2788.6083	0.0275173255775065
2787.1913	0.0276533015349019
2785.7743	0.0278557747718569
2784.3574	0.0274419171509738
2782.9404	0.0272743090119147
2781.5234	0.0278305827880371
2780.1064	0.0268234206085718
2778.6895	0.0272353244243807
2777.2725	0.0274034396417797
2775.8555	0.0273582605993154
2774.4385	0.0273831825416438
2773.0215	0.0270523427976806
2771.6046	0.0270347291080616
2770.1876	0.0272372234416419
2768.7706	0.0269741497750958
2767.3536	0.026811113221125
2765.9367	0.0271021516160082
2764.5197	0.0272933134300348
2763.1027	0.0269681847643744
2761.6857	0.0265743945758422
2760.2688	0.0261515245547447
2758.8518	0.0264858613558794
2757.4348	0.0269769141402594
2756.0178	0.026183394028577
2754.6009	0.0269653857794092
2753.1839	0.0271492646196536
2751.7669	0.0266702744829137
2750.3499	0.026801702053453
2748.933	0.0270026379534451
2747.516	0.0261624743703584
2746.099	0.026946088782215
2744.682	0.0266830349593564
2743.2651	0.0264688324275147
2741.8481	0.0264987419370888
2740.4311	0.0261565377496094
2739.0141	0.0260474801445982
2737.5972	0.0261635385903846
2736.1802	0.0264916439682066
2734.7632	0.0261593137093524
2733.3462	0.0264363714562929
2731.9293	0.0261810407202037
2730.5123	0.0264739928057763
2729.0953	0.0260247411500393
2727.6783	0.0265224881745796
2726.2613	0.0263058539671414
2724.8444	0.0263176491507612
2723.4274	0.0258902135732603
2722.0104	0.0264172671383719
2720.5934	0.0263500319134284
2719.1765	0.0261913745045127
2717.7595	0.0259961796099183
2716.3425	0.025769629448261
2714.9255	0.0262548360402598
2713.5086	0.0262210880346269
2712.0916	0.0257052280806691
2710.6746	0.0262051929431258
2709.2576	0.0259464816093621
2707.8407	0.0256857128336036
2706.4237	0.0257854971117359
2705.0067	0.0259090456144108
2703.5897	0.026233821816678
2702.1728	0.0259643718316099
2700.7558	0.0262536453514594
2699.3388	0.0260399139218403
2697.9218	0.0256541994144509
2696.5049	0.0256623799749051
2695.0879	0.0260232614326357
2693.6709	0.0253085201938452
2692.2539	0.0256562226478225
2690.837	0.0258860588964219
2689.42	0.0258254874036868
2688.003	0.0254971946379337
2686.586	0.0255743914907311
2685.1691	0.0255331543914969
2683.7521	0.0259644902396589
2682.3351	0.0254680590702313
2680.9181	0.0253769872992234
2679.5011	0.0253479056287839
2678.0842	0.0262562345974389
2676.6672	0.0256723127583449
2675.2502	0.0254611990342122
2673.8332	0.0255756900984317
2672.4163	0.0252327646746059
2670.9993	0.0248515564498066
2669.5823	0.0255407110698528
2668.1653	0.0250052934864159
2666.7484	0.0251855620116771
2665.3314	0.0259827539533379
2663.9144	0.0256144259404851
2662.4974	0.0258786322497351
2661.0805	0.0254937759580047
2659.6635	0.0252668718986335
2658.2465	0.0251197342737358
2656.8295	0.0252849480403281
2655.4126	0.0250554974849463
2653.9956	0.0249029806650956
2652.5786	0.0255460840892086
2651.1616	0.0250569632082763
2649.7447	0.0248525698750282
2648.3277	0.0243435975047901
2646.9107	0.025112461244276
2645.4937	0.0247740032885517
2644.0768	0.0245813664837144
2642.6598	0.0250896829206929
2641.2428	0.0246676904132352
2639.8258	0.0246150084587831
2638.4089	0.0250592963628744
2636.9919	0.0246139850288662
2635.5749	0.0250188661737874
2634.1579	0.0241494412119793
2632.741	0.024361980562979
2631.324	0.024423618356404
2629.907	0.0246776314039498
2628.49	0.0241818962138482
2627.073	0.0244279784332696
2625.6561	0.0241177537280987
2624.2391	0.0244395339232747
2622.8221	0.0239910068869427
2621.4051	0.0240259974715213
2619.9882	0.0240580916928894
2618.5712	0.0236218701516385
2617.1542	0.0233879503540051
2615.7372	0.023950277154791
2614.3203	0.0236525266767505
2612.9033	0.023919509610619
2611.4863	0.0235272963698627
2610.0693	0.0240070760287854
2608.6524	0.0243596696606715
2607.2354	0.023596550208182
2605.8184	0.0232233179434249
2604.4014	0.0238720614509402
2602.9845	0.0237511149617491
2601.5675	0.0232801381539032
2600.1505	0.023578266612819
2598.7335	0.023003835759556
2597.3166	0.0234412868162131
2595.8996	0.0234786494723071
2594.4826	0.023632750969597
2593.0656	0.0236243413922358
2591.6487	0.0235290667612353
2590.2317	0.0231229796276615
2588.8147	0.0231771718956211
2587.3977	0.0231155965103233
2585.9808	0.0232357089958837
2584.5638	0.0237011485541452
2583.1468	0.0232975893737221
2581.7298	0.0235775139754602
2580.3128	0.0240614964186228
2578.8959	0.0231835346978752
2577.4789	0.0226583084891866
2576.0619	0.0229206451755778
2574.6449	0.0229046001511111
2573.228	0.0232742571807532
2571.811	0.0230223939509214
2570.394	0.0232206070449755
2568.977	0.0227270010609601
2567.5601	0.0227834629524772
2566.1431	0.0229354155230213
2564.7261	0.0226092625458444
2563.3091	0.0233715690970262
2561.8922	0.0233073905007588
2560.4752	0.0233145911631798
2559.0582	0.0232838483092183
2557.6412	0.0230289372229621
2556.2243	0.0230269134868404
2554.8073	0.0232235767409852
2553.3903	0.0228986887203343
2551.9733	0.0223260758730347
2550.5564	0.0223513213878831
2549.1394	0.0224689757439869
2547.7224	0.0222873935590789
2546.3054	0.0224355939890036
2544.8885	0.0227243157074933
2543.4715	0.0222594521325293
2542.0545	0.0226090085119044
2540.6375	0.0223469827743118
2539.2206	0.0221833999947296
2537.8036	0.0226922644063261
2536.3866	0.0228604568256608
2534.9696	0.0224570980646019
2533.5526	0.0222634277304006
2532.1357	0.0223687075844418
2530.7187	0.022298995633918
2529.3017	0.0218231282365035
2527.8847	0.0221487208600555
2526.4678	0.0226050017815164
2525.0508	0.0222647491456161
2523.6338	0.0218229089672969
2522.2168	0.022010442469936
2520.7999	0.0221336606805281
2519.3829	0.0228381248570774
2517.9659	0.0218455628163694
2516.5489	0.0220323785984148
2515.132	0.0223111515743116
2513.715	0.0221007955998863
2512.298	0.0220506271918438
2510.881	0.0218544883204576
2509.4641	0.022243207579708
2508.0471	0.0217451025839997
2506.6301	0.0215675701767956
2505.2131	0.0222833035654004
2503.7962	0.0218250058880526
2502.3792	0.0216352378501299
2500.9622	0.021918007563321
2499.5452	0.0215441376746064
2498.1283	0.0222394761673957
2496.7113	0.0221131772647477
2495.2943	0.0219876451132929
2493.8773	0.0215503991371248
2492.4604	0.021658994878607
2491.0434	0.0215792979561058
2489.6264	0.021491325342172
2488.2094	0.0214064181632958
2486.7924	0.0222540389216764
2485.3755	0.0213784394873226
2483.9585	0.02204158961968
2482.5415	0.0215111208365574
2481.1245	0.0217194285830552
2479.7076	0.0219064588560305
2478.2906	0.021398011799675
2476.8736	0.0211825293156366
2475.4566	0.0214762407260187
2474.0397	0.0214917217538112
2472.6227	0.0216151366690011
2471.2057	0.0218980169996663
2469.7887	0.0214308241338688
2468.3718	0.0213001684620543
2466.9548	0.0213030228975329
2465.5378	0.0217538157860463
2464.1208	0.0218158202170188
2462.7039	0.0212213063283814
2461.2869	0.0214316671390719
2459.8699	0.0216646833012499
2458.4529	0.0212693499773739
2457.036	0.0215715882369411
2455.619	0.0211376862713127
2454.202	0.0207961572704439
2452.785	0.0209688021792186
2451.3681	0.0211121799554246
2449.9511	0.021354530365209
2448.5341	0.0218469410969293
2447.1171	0.0213651492974094
2445.7002	0.0207975530000909
2444.2832	0.0212408507295442
2442.8662	0.0212635095551858
2441.4492	0.0211105235230629
2440.0322	0.0213945467531791
2438.6153	0.0210650793790783
2437.1983	0.0204932077361353
2435.7813	0.0205772575207317
2434.3643	0.020947606938945
2432.9474	0.0206374973042513
2431.5304	0.0205938894939443
2430.1134	0.0210192815310362
2428.6964	0.0213242438306359
2427.2795	0.0216809659354068
2425.8625	0.0207174968573547
2424.4455	0.0204918585555641
2423.0285	0.0207969494958181
2421.6116	0.0206180408901643
2420.1946	0.0207882443454179
2418.7776	0.0212775326339017
2417.3606	0.020598314684174
2415.9437	0.0208484555172004
2414.5267	0.0205770000857852
2413.1097	0.0211662256775799
2411.6927	0.0207292505056118
2410.2758	0.0212309109919148
2408.8588	0.0211356266551076
2407.4418	0.0212737081837864
2406.0248	0.0211309271739285
2404.6079	0.0203102379345866
2403.1909	0.0204134217153188
2401.7739	0.0205725863447607
2400.3569	0.0206191191257491
2398.94	0.0205060790722734
2397.523	0.0203366708968821
2396.106	0.0199325566950564
2394.689	0.020871656877615
2393.272	0.0201949279505106
2391.8551	0.0208927650839652
2390.4381	0.0203474465090403
2389.0211	0.0199201395436688
2387.6041	0.0206400804865879
2386.1872	0.0201579510380709
2384.7702	0.020587752700788
2383.3532	0.0197524930381767
2381.9362	0.0202370849479712
2380.5193	0.0202317086130965
2379.1023	0.0202918317205786
2377.6853	0.0207100852033086
2376.2683	0.0200487517770177
2374.8514	0.0206065702680154
2373.4344	0.0203090972482061
2372.0174	0.0201741108030804
2370.6004	0.0196968116921309
2369.1835	0.0199459744449925
2367.7665	0.0202061555127304
2366.3495	0.0206640000527385
2364.9325	0.0201112317944153
2363.5156	0.0200578390269711
2362.0986	0.0201830013559677
2360.6816	0.0204988410245262
2359.2646	0.0200886663270324
2357.8477	0.019712755122816
2356.4307	0.0207686693848222
2355.0137	0.0205144032477572
2353.5967	0.0200196577899903
2352.1798	0.0207867761003797
2350.7628	0.0200672296531811
2349.3458	0.020231164924076
2347.9288	0.0204830302755039
2346.5118	0.0203418745134159
2345.0949	0.02051098896229
2343.6779	0.0207052795688742
2342.2609	0.0205593002410089
2340.8439	0.0203509121218042
2339.427	0.0198775898181165
2338.01	0.0202318198160723
2336.593	0.0197829366619399
2335.176	0.0198152345060278
2333.7591	0.0201814851778112
2332.3421	0.0201652051253398
2330.9251	0.0205497347937992
2329.5081	0.0203206398765388
2328.0912	0.0200567863844789
2326.6742	0.0205136176274154
2325.2572	0.0205042945481825
2323.8402	0.0208249140232139
2322.4233	0.0203277180451019
2321.0063	0.0200681737054444
2319.5893	0.0200662482975993
2318.1723	0.0203388112683047
2316.7554	0.0201412313110493
2315.3384	0.0198217148997343
2313.9214	0.0199784422852738
2312.5044	0.0207297848214785
2311.0875	0.0202330156337058
2309.6705	0.0199542103621879
2308.2535	0.0203095972629474
2306.8365	0.0199634211731981
2305.4196	0.0202423430255941
2304.0026	0.019675655821921
2302.5856	0.0199519340067804
2301.1686	0.0201163304276447
2299.7516	0.0198181387873243
2298.3347	0.019866088234635
2296.9177	0.0198639329720594
2295.5007	0.0196418437814313
2294.0837	0.0199722947980356
2292.6668	0.0201762490196712
2291.2498	0.0203209503220063
2289.8328	0.0204086685675451
2288.4158	0.0204056315471636
2286.9989	0.0203964133319244
2285.5819	0.0204177138484119
2284.1649	0.0199014900177822
2282.7479	0.0199642541791245
2281.331	0.0196908959475042
2279.914	0.0197134547028335
2278.497	0.0199051975818537
2277.08	0.0191200312465463
2275.6631	0.0198276218002901
2274.2461	0.0190083297096858
2272.8291	0.019459751969373
2271.4121	0.0192265271985384
2269.9952	0.019673844960253
2268.5782	0.019301842470456
2267.1612	0.0193105812004202
2265.7442	0.0191864673605364
2264.3273	0.0199704132913857
2262.9103	0.0191241070417393
2261.4933	0.0191166437190005
2260.0763	0.0198739751190247
2258.6594	0.0192872366498448
2257.2424	0.0190113131452309
2255.8254	0.0186519002187796
2254.4084	0.0192918458494333
2252.9914	0.0189985561984297
2251.5745	0.0194471883130898
2250.1575	0.0187434608908724
2248.7405	0.018830409392244
2247.3235	0.0191602180710533
2245.9066	0.0194392804870475
2244.4896	0.01951274478054
2243.0726	0.0192610846576096
2241.6556	0.0189935985774794
2240.2387	0.0192447811270067
2238.8217	0.0188223847783283
2237.4047	0.0192332198149872
2235.9877	0.0183247801275094
2234.5708	0.0186839488458207
2233.1538	0.0185834060916015
2231.7368	0.018628492857797
2230.3198	0.0191076187432079
2228.9029	0.0188570952104374
2227.4859	0.0193767132509678
2226.0689	0.0193446476665087
2224.6519	0.0190613314424967
2223.235	0.0189043665224287
2221.818	0.0190035674612139
2220.401	0.018791410622862
2218.984	0.0194707098329297
2217.5671	0.0191322803566589
2216.1501	0.0188330988433403
2214.7331	0.0185339643308722
2213.3161	0.0183089821738833
2211.8992	0.0177166630844497
2210.4822	0.0184050990132684
2209.0652	0.0182450606973702
2207.6482	0.0183798896072885
2206.2312	0.0189636644267481
2204.8143	0.0193712361588373
2203.3973	0.0197344793321242
2201.9803	0.0199092671489712
2200.5633	0.0190464553594912
2199.1464	0.0186966858836159
2197.7294	0.0191995134969859
2196.3124	0.0187898111372716
2194.8954	0.0190979979092607
2193.4785	0.0195978070257474
2192.0615	0.0206825733106024
2190.6445	0.01985303313751
2189.2275	0.0195734136386524
2187.8106	0.0195064237188315
2186.3936	0.0196981333230296
2184.9766	0.0191992047436102
2183.5596	0.0190298187022021
2182.1427	0.0188159579843498
2180.7257	0.0189092015900972
2179.3087	0.0185560905085234
2177.8917	0.0186008877094676
2176.4748	0.0185700962416389
2175.0578	0.0180333917088412
2173.6408	0.01806752065432
2172.2238	0.0180181156391832
2170.8069	0.01832290697222
2169.3899	0.0185026366896227
2167.9729	0.0180010970536259
2166.5559	0.0182372206234935
2165.139	0.0185524929766573
2163.722	0.0190226564602192
2162.305	0.0185689509677263
2160.888	0.0192305130131054
2159.471	0.0181155865966661
2158.0541	0.0165121182083071
2156.6371	0.0177776510137338
2155.2201	0.017561436229694
2153.8031	0.0171276462495173
2152.3862	0.0173062604301954
2150.9692	0.0174724881678563
2149.5522	0.0177943982053237
2148.1352	0.0176970239726409
2146.7183	0.0169848750837573
2145.3013	0.0178004877015481
2143.8843	0.0182945925646205
2142.4673	0.0176641923394259
2141.0504	0.0181054066137648
2139.6334	0.0176651828606312
2138.2164	0.0182404083546734
2136.7994	0.017942398751104
2135.3825	0.0179500495609726
2133.9655	0.017969069307678
2132.5485	0.0177410443989995
2131.1315	0.0175732189181053
2129.7146	0.0176575013997942
2128.2976	0.0175050969952088
2126.8806	0.0178239548137485
2125.4636	0.0173667157650664
2124.0467	0.0180056264982948
2122.6297	0.0181476340315944
2121.2127	0.0184933989140001
2119.7957	0.0186427292762472
2118.3788	0.0187610191594344
2116.9618	0.0183987924630606
2115.5448	0.0191109252485317
2114.1278	0.0188190391366617
2112.7108	0.0186200965633465
2111.2939	0.0185963473829617
2109.8769	0.0185054446439089
2108.4599	0.0186055085382236
2107.0429	0.0193288790996535
2105.626	0.0183874457982047
2104.209	0.0184668097649566
2102.792	0.019113671227787
2101.375	0.0192096419186347
2099.9581	0.0179234072998588
2098.5411	0.0192535330331918
2097.1241	0.0185025657984056
2095.7071	0.0182131391943591
2094.2902	0.0183551559346657
2092.8732	0.0179975028861583
2091.4562	0.0180611492843351
2090.0392	0.018439824482105
2088.6223	0.0188502308093815
2087.2053	0.0184586456499363
2085.7883	0.0186619465534957
2084.3713	0.0190614124683216
2082.9544	0.0185090972613145
2081.5374	0.0181837336434569
2080.1204	0.0183802015186209
2078.7034	0.0184564503482034
2077.2865	0.0189278089189866
2075.8695	0.0185683438703287
2074.4525	0.0187700681955653
2073.0355	0.0187799622761907
2071.6186	0.0186934068155954
2070.2016	0.0185511923927707
2068.7846	0.0179127358922713
2067.3676	0.0175461229027069
2065.9506	0.0174938294240869
2064.5337	0.0179345996211486
2063.1167	0.0175795998855503
2061.6997	0.018273369471461
2060.2827	0.0177212673037022
2058.8658	0.0186472821070055
2057.4488	0.0187601914343756
2056.0318	0.0181154125389209
2054.6148	0.017822078589525
2053.1979	0.0183300302691858
2051.7809	0.0182105989775182
2050.3639	0.0181661531602238
2048.9469	0.0172472050238384
2047.53	0.0187017078324147
2046.113	0.0175860816870157
2044.696	0.0178681726740857
2043.279	0.0181055275892328
2041.8621	0.0176775773666318
2040.4451	0.0173507106088875
2039.0281	0.017433788293516
2037.6111	0.0175362133549266
2036.1942	0.0174823523855413
2034.7772	0.0175392250065484
2033.3602	0.0172740983981576
2031.9432	0.0174333224634533
2030.5263	0.0174854677728469
2029.1093	0.0169252319714946
2027.6923	0.0163916146266403
2026.2753	0.0164482091907778
2024.8584	0.0169417596489799
2023.4414	0.0171710303554725
2022.0244	0.0173886147311198
2020.6074	0.0174655631672276
2019.1904	0.0169118590717039
2017.7735	0.0174694159201984
2016.3565	0.0165191725369626
2014.9395	0.016435305003852
2013.5225	0.0158200329047511
2012.1056	0.0161510766748965
2010.6886	0.0152215112573917
2009.2716	0.015886019462231
2007.8546	0.0156444734214593
2006.4377	0.0157595110176221
2005.0207	0.0161872679023044
2003.6037	0.0160724192966537
2002.1867	0.0159119539481305
2000.7698	0.0159378458643383
1999.3528	0.0168482142083488
1997.9358	0.0167741335426934
1996.5188	0.0166119905824948
1995.1019	0.0167086794050006
1993.6849	0.0159350131703176
1992.2679	0.0162830747746804
1990.8509	0.0165374603349271
1989.434	0.0165258533074365
1988.017	0.0176473821979886
1986.6	0.0179786737333422
1985.183	0.0177094552558195
1983.7661	0.0173703540049972
1982.3491	0.01723490259996
1980.9321	0.0181076467087737
1979.5151	0.0170582512655222
1978.0982	0.017484173484548
1976.6812	0.0162103288201886
1975.2642	0.0157250470094699
1973.8472	0.016114007897197
1972.4302	0.0161485540629607
1971.0133	0.016348871518155
1969.5963	0.0164527424786645
1968.1793	0.0161077950098099
1966.7623	0.0161876140824318
1965.3454	0.0169299890298204
1963.9284	0.0162450679183829
1962.5114	0.0165958209734284
1961.0944	0.0168995817092025
1959.6775	0.0163656928754573
1958.2605	0.0159808883078541
1956.8435	0.0164223297626017
1955.4265	0.0160902388799936
1954.0096	0.0164011718500823
1952.5926	0.0172229944131414
1951.1756	0.0171364311756518
1949.7586	0.0166393907735158
1948.3417	0.0166047487784604
1946.9247	0.0164450020475708
1945.5077	0.0163238724388784
1944.0907	0.0169117044293914
1942.6738	0.0170372052073777
1941.2568	0.0170303460438708
1939.8398	0.0170571960893375
1938.4228	0.0167156581742325
1937.0059	0.0173509334088216
1935.5889	0.0167171226326421
1934.1719	0.0165210804256439
1932.7549	0.0166361421868922
1931.338	0.0161548796741869
1929.921	0.0161950588464528
1928.504	0.0167994839040037
1927.087	0.0164145132713013
1925.67	0.0171464387312674
1924.2531	0.0162814803453128
1922.8361	0.0168650575226852
1921.4191	0.0171198479322231
1920.0021	0.0173875859230337
1918.5852	0.0166913601721965
1917.1682	0.0167156033473996
1915.7512	0.0171575197362906
1914.3342	0.0168003087439227
1912.9173	0.0168645708558273
1911.5003	0.0170056321931143
1910.0833	0.016371658923
1908.6663	0.0165463808096172
1907.2494	0.0171256313402587
1905.8324	0.0171192347976441
1904.4154	0.0172178111078972
1902.9984	0.0175190180996917
1901.5815	0.0172178097786892
1900.1645	0.0173953203454579
1898.7475	0.0173392388582349
1897.3305	0.0167021260161533
1895.9136	0.0165633518153468
1894.4966	0.0162836153416517
1893.0796	0.0174277828958408
1891.6626	0.0166089334173803
1890.2457	0.0173952770322365
1888.8287	0.0170307908220853
1887.4117	0.0173217538932941
1885.9947	0.0169992073563947
1884.5778	0.0170104830141209
1883.1608	0.0169345372962853
1881.7438	0.0165894171149421
1880.3268	0.0171083737547771
1878.9098	0.0167775020943443
1877.4929	0.0163192094456487
1876.0759	0.0165020041226125
1874.6589	0.0161958457792646
1873.2419	0.015977763719178
1871.825	0.0159768481580529
1870.408	0.0169097041749634
1868.991	0.0172139204167321
1867.574	0.0173838059113581
1866.1571	0.017215627009486
1864.7401	0.0168440520723572
1863.3231	0.017204994536422
1861.9061	0.017354698249673
1860.4892	0.0165965374403513
1859.0722	0.0169092244913805
1857.6552	0.0169227116980051
1856.2382	0.0166768122449747
1854.8213	0.016279715296011
1853.4043	0.0166665672801644
1851.9873	0.0165063632656577
1850.5703	0.0168938445094383
1849.1534	0.0161028263343401
1847.7364	0.0165182486244692
1846.3194	0.0172460652527795
1844.9024	0.0170791082834272
1843.4855	0.0169659766490064
1842.0685	0.0163760244720673
1840.6515	0.0169220690722569
1839.2345	0.0165501617679354
1837.8176	0.0163519200674008
1836.4006	0.0165013104846575
1834.9836	0.0168580882533765
1833.5666	0.0166852545115282
1832.1496	0.0173414995560555
1830.7327	0.016834637906154
1829.3157	0.0173908698849045
1827.8987	0.016801270629071
1826.4817	0.0159229475544782
1825.0648	0.016657250759728
1823.6478	0.016576299478211
1822.2308	0.0168599468609983
1820.8138	0.0169399237431304
1819.3969	0.0167064371411087
1817.9799	0.0169507458011682
1816.5629	0.0162790104914886
1815.1459	0.0163027466102729
1813.729	0.0162985128661515
1812.312	0.0158581675802393
1810.895	0.0159241692060146
1809.478	0.0164493451820908
1808.0611	0.0165021542210648
1806.6441	0.0167374597690455
1805.2271	0.0161278897033535
1803.8101	0.0164356101814974
1802.3932	0.0162741348275742
1800.9762	0.0165681824938125
1799.5592	0.0163965550602544
1798.1422	0.0166534563685492
1796.7253	0.0159520401229181
1795.3083	0.01633223335546
1793.8913	0.0156080258097684
1792.4743	0.0164135903425047
1791.0574	0.0161022271288706
1789.6404	0.0170709226875265
1788.2234	0.016358162486906
1786.8064	0.0162999748945199
1785.3894	0.01685994993784
1783.9725	0.0165792835369947
1782.5555	0.0162658064486212
1781.1385	0.0164356879814721
1779.7215	0.0164173871646391
1778.3046	0.016046457259118
1776.8876	0.0162037485450409
1775.4706	0.0165713520878689
1774.0536	0.0164933632578164
1772.6367	0.016413308755443
1771.2197	0.0171271764911461
1769.8027	0.0160446193530472
1768.3857	0.0166955368505358
1766.9688	0.0169796646435285
1765.5518	0.0167988340960207
1764.1348	0.0169728978329222
1762.7178	0.0166281992815749
1761.3009	0.0170667414942369
1759.8839	0.0175132650522433
1758.4669	0.0172865808563273
1757.0499	0.0173550298641254
1755.633	0.0171301198660424
1754.216	0.0164906666583303
1752.799	0.0174952345712105
1751.382	0.0175391190406471
1749.9651	0.0180547534298144
1748.5481	0.0172389921129704
1747.1311	0.0179638573437945
1745.7141	0.0178934653394772
1744.2972	0.0179988929257721
1742.8802	0.0183201166565373
1741.4632	0.0177108003367919
1740.0462	0.0181381708102568
1738.6292	0.0181294117604542
1737.2123	0.0179581587715059
1735.7953	0.0188792111387489
1734.3783	0.0185542600078154
1732.9613	0.0190280132601592
1731.5444	0.0188879201199063
1730.1274	0.0193331214128743
1728.7104	0.0193843620177017
1727.2934	0.0191502494163449
1725.8765	0.0194307021225093
1724.4595	0.0197133620602327
1723.0425	0.0195072625852057
1721.6255	0.0198232362919343
1720.2086	0.0197921030464964
1718.7916	0.0197638673487242
1717.3746	0.0206334284919321
1715.9576	0.0200365111599507
1714.5407	0.0215800811432474
1713.1237	0.020824277332848
1711.7067	0.0210492960121754
1710.2897	0.0212285393540685
1708.8728	0.0213208908402439
1707.4558	0.0209949202234866
1706.0388	0.0212959842771149
1704.6218	0.0210909729054721
1703.2049	0.0211134265600325
1701.7879	0.0210913885489291
1700.3709	0.021730473822224
1698.9539	0.0222524102108352
1697.537	0.0220240038327392
1696.12	0.0217450548146778
1694.703	0.0218903211236736
1693.286	0.0222735821355173
1691.869	0.0224897349958197
1690.4521	0.0227235322333088
1689.0351	0.0224559646312381
1687.6181	0.0219494606582044
1686.2011	0.0225735268876263
1684.7842	0.0228104585970913
1683.3672	0.0230932451805289
1681.9502	0.0233757270438299
1680.5332	0.0232018690739446
1679.1163	0.0230281089611504
1677.6993	0.0230505853595184
1676.2823	0.0233332574787877
1674.8653	0.0231123030885959
1673.4484	0.0239131523868874
1672.0314	0.0234740814927912
1670.6144	0.0236609103960813
1669.1974	0.0245377663921729
1667.7805	0.0247286961175119
1666.3635	0.0243960241984274
1664.9465	0.0238281247616304
1663.5295	0.0242730080287005
1662.1126	0.0245203603843732
1660.6956	0.0247524077584925
1659.2786	0.0248691797569244
1657.8616	0.025441929590537
1656.4447	0.0252694721898405
1655.0277	0.0251967590519095
1653.6107	0.0255653928698582
1652.1937	0.0255372174197062
1650.7768	0.0266147662326768
1649.3598	0.0267870723930713
1647.9428	0.0268112762268502
1646.5258	0.0273955749310514
1645.1088	0.0277864383277954
1643.6919	0.0281807938737913
1642.2749	0.0287019253824914
1640.8579	0.0283165469761219
1639.4409	0.0291569925287912
1638.024	0.0292576320123657
1636.607	0.0301463025854596
1635.19	0.0300720583220481
1633.773	0.0313282482715975
1632.3561	0.031424421748674
1630.9391	0.0317416416812928
1629.5221	0.0316649182617505
1628.1051	0.0318434674273303
1626.6882	0.0323474672991368
1625.2712	0.0329766769148789
1623.8542	0.0328852759075115
1622.4372	0.0334366097200262
1621.0203	0.0334337401644491
1619.6033	0.0340740690990764
1618.1863	0.0337615246173912
1616.7693	0.0345318841456515
1615.3524	0.0345926049839373
1613.9354	0.0349707752348604
1612.5184	0.0347371592290919
1611.1014	0.0347209359550932
1609.6845	0.0356923162244317
1608.2675	0.0363544459246097
1606.8505	0.0363787237434204
1605.4335	0.0373693165869094
1604.0166	0.0380024454064874
1602.5996	0.0376489525701114
1601.1826	0.0374691894472522
1599.7656	0.0382176182319003
1598.3486	0.0378616873866016
1596.9317	0.0379089946634149
1595.5147	0.03779558835448
1594.0977	0.0371888192336973
1592.6807	0.0369484868596025
1591.2638	0.0373302130211903
1589.8468	0.0365853281074124
1588.4298	0.0365701650517191
1587.0128	0.0361419851393516
1585.5959	0.0361330104997701
1584.1789	0.0349516462897095
1582.7619	0.0356452733106996
1581.3449	0.0341663348801482
1579.928	0.0344286921566051
1578.511	0.033830992697108
1577.094	0.0335079810531297
1575.677	0.0333017832427786
1574.2601	0.0328001314078927
1572.8431	0.0318986439897375
1571.4261	0.0316952504255612
1570.0091	0.031404377586722
1568.5922	0.0310088769847466
1567.1752	0.0310567029205358
1565.7582	0.0306034770408929
1564.3412	0.0302001199861092
1562.9243	0.029299602172424
1561.5073	0.0295058729905518
1560.0903	0.0280988494371123
1558.6733	0.0276969827498705
1557.2564	0.0278404619410597
1555.8394	0.0278308940032847
1554.4224	0.0267236829852224
1553.0054	0.026015341834365
1551.5885	0.0259521060526398
1550.1715	0.0259885262000864
1548.7545	0.0243710064417265
1547.3375	0.0247602146607142
1545.9205	0.0242037827218185
1544.5036	0.0240559019928513
1543.0866	0.0242334597838777
1541.6696	0.0239114656352847
1540.2526	0.024127973686256
1538.8357	0.023999776726603
1537.4187	0.0234946056100824
1536.0017	0.0237732165472278
1534.5847	0.0237454363320178
1533.1678	0.0235424272509475
1531.7508	0.0235461660866823
1530.3338	0.0225502921072292
1528.9168	0.0233321780367208
1527.4999	0.0227123590537465
1526.0829	0.0237158881776568
1524.6659	0.0239226479623765
1523.2489	0.0248130881759272
1521.832	0.0250942464653388
1520.415	0.025580548740338
1518.998	0.0267634473549357
1517.581	0.0269146584326334
1516.1641	0.0278778052531055
1514.7471	0.0284670798878073
1513.3301	0.0286256354378552
1511.9131	0.0284336473549508
1510.4962	0.0287277151652579
1509.0792	0.0295782867832716
1507.6622	0.0296915005656657
1506.2452	0.029588312017738
1504.8283	0.0292487571831469
1503.4113	0.0285500484191901
1501.9943	0.0278952447824549
1500.5773	0.0274827864233966
1499.1603	0.0271075897202053
1497.7434	0.0261152079179859
1496.3264	0.0247581433408343
1494.9094	0.0250973010900471
1493.4924	0.0243934263376221
1492.0755	0.0247380449607173
1490.6585	0.0245105475565272
1489.2415	0.0240887100856193
1487.8245	0.0250739206581587
1486.4076	0.0250698768550445
1484.9906	0.0251181813766147
1483.5736	0.0256326795507693
1482.1566	0.0258970583822376
1480.7397	0.0261088352744224
1479.3227	0.0256751873859204
1477.9057	0.0263335673531251
1476.4887	0.0260553533479104
1475.0718	0.0259633339076152
1473.6548	0.0266770238580664
1472.2378	0.0268347344373965
1470.8208	0.0277865794303714
1469.4039	0.0279770773386774
1467.9869	0.0286938897900229
1466.5699	0.0294345061337837
1465.1529	0.0299271978364719
1463.736	0.030965947942895
1462.319	0.0313141404963583
1460.902	0.0318404833528874
1459.485	0.0317341789069687
1458.0681	0.0321940219930576
1456.6511	0.033008182410127
1455.2341	0.0336550698144459
1453.8171	0.0338159772334539
1452.4001	0.034349646074618
1450.9832	0.0339099172744983
1449.5662	0.0337700158772302
1448.1492	0.0334209629984096
1446.7322	0.0340209393589208
1445.3153	0.034021373994734
1443.8983	0.0338900145327815
1442.4813	0.0339774251141117
1441.0643	0.0334718495822452
1439.6474	0.0342333786228476
1438.2304	0.0338555491010742
1436.8134	0.0341075138040395
1435.3964	0.0346104548668316
1433.9795	0.0351584742910396
1432.5625	0.0353368533498186
1431.1455	0.0358344825246074
1429.7285	0.036097968080447
1428.3116	0.0367652184273746
1426.8946	0.0368128381800515
1425.4776	0.0374726203299367
1424.0606	0.0372221568090008
1422.6437	0.0375377083239993
1421.2267	0.0380399999993122
1419.8097	0.0379888315474671
1418.3927	0.0384158859683794
1416.9758	0.038343526987567
1415.5588	0.0380695967569353
1414.1418	0.0392547904806468
1412.7248	0.0385088078609963
1411.3079	0.0382323117632066
1409.8909	0.0396892372699337
1408.4739	0.0388225028332589
1407.0569	0.0385990352300823
1405.6399	0.0389708054902245
1404.223	0.0388119233351559
1402.806	0.0388133530674103
1401.389	0.0393630291423057
1399.972	0.0388839218622909
1398.5551	0.0387191181972543
1397.1381	0.0392902781648298
1395.7211	0.0387140143053735
1394.3041	0.0399158423258479
1392.8872	0.0397975942320064
1391.4702	0.0408259613520974
1390.0532	0.0402925693544692
1388.6362	0.0409934001908116
1387.2193	0.0417793027349026
1385.8023	0.0423064847962409
1384.3853	0.0423852213342739
1382.9683	0.042576192744741
1381.5514	0.0415273339875642
1380.1344	0.0420523559084133
1378.7174	0.0416138925282345
1377.3004	0.0417133207995669
1375.8835	0.0415780568568155
1374.4665	0.0413495836088115
1373.0495	0.0417541740772073
1371.6325	0.042332535997872
1370.2156	0.0426906271168781
1368.7986	0.0424080091820668
1367.3816	0.042763006646224
1365.9646	0.0442861406348137
1364.5477	0.0437624796582308
1363.1307	0.0442031670825037
1361.7137	0.0440806341809823
1360.2967	0.0442289794817596
1358.8797	0.0437064375095676
1357.4628	0.0439669549462416
1356.0458	0.0435280373626453
1354.6288	0.0423001768559605
1353.2118	0.0426349741191971
1351.7949	0.0421046887398257
1350.3779	0.041892784452733
1348.9609	0.0412736453990873
1347.5439	0.0417242988637746
1346.127	0.0423927054154593
1344.71	0.0419880929421146
1343.293	0.0422139933439842
1341.876	0.0426879961934901
1340.4591	0.0423160858226225
1339.0421	0.0426079619767305
1337.6251	0.0426783580681102
1336.2081	0.0426034601380671
1334.7912	0.0425211590193219
1333.3742	0.0428318900095962
1331.9572	0.042262569011006
1330.5402	0.0426174915167243
1329.1233	0.0421357577410253
1327.7063	0.0412400282753498
1326.2893	0.0410840429518024
1324.8723	0.0413309560737776
1323.4554	0.0400447425964039
1322.0384	0.0404387357620762
1320.6214	0.0402211635150804
1319.2044	0.0395010196614597
1317.7875	0.0393699211477876
1316.3705	0.0383600873499714
1314.9535	0.0387615366955712
1313.5365	0.0388500974661154
1312.1195	0.0382489647853236
1310.7026	0.0380959511621055
1309.2856	0.0379008276373715
1307.8686	0.0379939773591051
1306.4516	0.0377989888937791
1305.0347	0.0387528999489193
1303.6177	0.0376058812654618
1302.2007	0.0381651339615494
1300.7837	0.0376495718366308
1299.3668	0.0378680893078069
1297.9498	0.0378777616343978
1296.5328	0.0379632885644602
1295.1158	0.0380125931971843
1293.6989	0.0380510810992976
1292.2819	0.0383792163533545
1290.8649	0.0380805892684786
1289.4479	0.0377820304158511
1288.031	0.0387535524560899
1286.614	0.0380409268815442
1285.197	0.0382021247848579
1283.78	0.0391365392693152
1282.3631	0.0390947114811853
1280.9461	0.039110197870133
1279.5291	0.0395030542185228
1278.1121	0.0397961105725164
1276.6952	0.040010946122524
1275.2782	0.0407668700617993
1273.8612	0.0412436678994583
1272.4442	0.0411147914881797
1271.0273	0.0419655554713094
1269.6103	0.0418717797353315
1268.1933	0.0418359187401747
1266.7763	0.041871432806295
1265.3593	0.041490898270545
1263.9424	0.0415665876644354
1262.5254	0.04133206832999
1261.1084	0.0414594420691922
1259.6914	0.0403283562972621
1258.2745	0.0410043320546567
1256.8575	0.041282048385675
1255.4405	0.0406444699850919
1254.0235	0.0406265898026815
1252.6066	0.0411318287839209
1251.1896	0.0411231104382434
1249.7726	0.040561868023724
1248.3556	0.0408742152982154
1246.9387	0.0405051014514795
1245.5217	0.0402546531931741
1244.1047	0.0401156601074424
1242.6877	0.0398425926441192
1241.2708	0.040303610583186
1239.8538	0.0402439842443864
1238.4368	0.0403098802146289
1237.0198	0.0404173325526173
1235.6029	0.0402913172042625
1234.1859	0.0402807013791333
1232.7689	0.0406567397547207
1231.3519	0.0403346013573299
1229.935	0.0403330648523286
1228.518	0.0397686740141931
1227.101	0.0390071314530777
1225.684	0.0382323112077245
1224.2671	0.0384115291651701
1222.8501	0.0379853655131552
1221.4331	0.0370444619900444
1220.0161	0.0363645253684467
1218.5991	0.0360418286194333
1217.1822	0.0360766116777191
1215.7652	0.0353494067123215
1214.3482	0.0351871140178753
1212.9312	0.0348512877434282
1211.5143	0.0351758252952608
1210.0973	0.0348568179758479
1208.6803	0.0344044809569308
1207.2633	0.0340330638230882
1205.8464	0.0333102664399125
1204.4294	0.0337179931386676
1203.0124	0.0332024236342923
1201.5954	0.0331328958457157
1200.1785	0.0320743943273603
1198.7615	0.0323439427270774
1197.3445	0.0321181732526502
1195.9275	0.0314092636161592
1194.5106	0.0306202152475757
1193.0936	0.0314368090406262
1191.6766	0.0309999814991059
1190.2596	0.0304147803300725
1188.8427	0.0290975743725159
1187.4257	0.0287640903922642
1186.0087	0.029151662826145
1184.5917	0.0284437930970841
1183.1748	0.0281223040504229
1181.7578	0.0288758844141181
1180.3408	0.0282975012182855
1178.9238	0.0290539564042211
1177.5069	0.0289950072437184
1176.0899	0.0294574944059753
1174.6729	0.0298641537388504
1173.2559	0.0304706384347136
1171.8389	0.0309117606060122
1170.422	0.0317846136882272
1169.005	0.0337883346835176
1167.588	0.0349595199531148
1166.171	0.0368128245081172
1164.7541	0.0384451208271762
1163.3371	0.0395738360710145
1161.9201	0.0423053132872902
1160.5031	0.0446830461790052
1159.0862	0.0464633960835057
1157.6692	0.0489851192959839
1156.2522	0.0504444201212457
1154.8352	0.0518855072625617
1153.4183	0.0530081239777153
1152.0013	0.0545842208132016
1150.5843	0.0555499217578924
1149.1673	0.0563010893113089
1147.7504	0.0565222979777964
1146.3334	0.0570544720119664
1144.9164	0.0571848157361442
1143.4994	0.0563236080781261
1142.0825	0.0557537793006996
1140.6655	0.0550437408737149
1139.2485	0.0534237994188354
1137.8315	0.0528772027351146
1136.4146	0.0525883051066451
1134.9976	0.0513522316683357
1133.5806	0.0511800670797354
1132.1636	0.0510668822211355
1130.7467	0.0512273426053019
1129.3297	0.0514516269555522
1127.9127	0.0516132959428512
1126.4957	0.0524244020786093
1125.0787	0.0522535949264398
1123.6618	0.05225478626309
1122.2448	0.052475950645033
1120.8278	0.0532922250201311
1119.4108	0.0531476829835083
1117.9939	0.0533405244768147
1116.5769	0.0537915545437999
1115.1599	0.0537314224092362
1113.7429	0.0544075215860577
1112.326	0.0535517011471218
1110.909	0.053822330138796
1109.492	0.0549331736629334
1108.075	0.0551995718874437
1106.6581	0.0552742654135118
1105.2411	0.0565368452418813
1103.8241	0.0562375996831277
1102.4071	0.0574128566572632
1100.9902	0.0578584878743905
1099.5732	0.0581384125286622
1098.1562	0.0581857346026464
1096.7392	0.0580933993836333
1095.3223	0.0584927253200684
1093.9053	0.0591357236787407
1092.4883	0.0599879656092955
1091.0713	0.0605133983423791
1089.6544	0.0608901737649017
1088.2374	0.0630566651442978
1086.8204	0.0636641284923433
1085.4034	0.0656207483566894
1083.9865	0.068029145596204
1082.5695	0.0696121643013918
1081.1525	0.0716784512749337
1079.7355	0.0735035726632574
1078.3185	0.0747730223370826
1076.9016	0.0755925298411487
1075.4846	0.0758541015126109
1074.0676	0.0752464048174688
1072.6506	0.0742009826003811
1071.2337	0.073420652370039
1069.8167	0.071370476913898
1068.3997	0.0704992339183305
1066.9827	0.0694271325774266
1065.5658	0.0689079034469728
1064.1488	0.0688408037259039
1062.7318	0.0694555550874123
1061.3148	0.0704858091044293
1059.8979	0.0708848898894361
1058.4809	0.072370524650585
1057.0639	0.0733763289872112
1055.6469	0.0740304401316505
1054.23	0.0761006292891413
1052.813	0.077089351446659
1051.396	0.0790356167639864
1049.979	0.0807432317104688
1048.5621	0.0816490188787506
1047.1451	0.0831989657987833
1045.7281	0.0845015094730269
1044.3111	0.0852705196925632
1042.8942	0.0872884466648974
1041.4772	0.088881580118186
1040.0602	0.0907202989669438
1038.6432	0.0920181768856788
1037.2263	0.0931324090799787
1035.8093	0.0945167620046336
1034.3923	0.0958961218413956
1032.9753	0.097665066106902
1031.5583	0.0996203267375618
1030.1414	0.101515006212959
1028.7244	0.102509663190872
1027.3074	0.103908911923066
1025.8904	0.105736986578493
1024.4735	0.10734306931235
1023.0565	0.108668056840481
1021.6395	0.110946236261279
1020.2225	0.111891072170329
1018.8056	0.113400595601289
1017.3886	0.115095741378558
1015.9716	0.115281100006853
1014.5546	0.115851193227199
1013.1377	0.116402346613149
1011.7207	0.116096789774774
1010.3037	0.116463653542589
1008.8867	0.116305142983317
1007.4698	0.116496939238183
1006.0528	0.116797888293778
1004.6358	0.116857472896578
1003.2188	0.117761205917728
1001.8019	0.117879482474456
1000.3849	0.118785430282984
998.9679	0.119514480259456
997.5509	0.119740920003787
996.134	0.120771093808754
994.717	0.121914232030231
993.3	0.121871507895075
991.883	0.122256792262355
990.4661	0.122226403971439
989.0491	0.121761869355706
987.6321	0.12167810912886
986.2151	0.120640082860991
984.7981	0.120627377027609
983.3812	0.119033153466617
981.9642	0.117535038831168
980.5472	0.115698694338889
979.1302	0.113517893867875
977.7133	0.111868958227421
976.2963	0.110272618152775
974.8793	0.108466127724275
973.4623	0.10644227687691
972.0454	0.103895608258275
970.6284	0.101801342765169
969.2114	0.0994895183573749
967.7944	0.0975094225266028
966.3775	0.0950974322458337
964.9605	0.0934214457395625
963.5435	0.0911480104952522
962.1265	0.0896227967156835
960.7096	0.0873120454656949
959.2926	0.0850280316241264
957.8756	0.0832959238438056
956.4586	0.0818633405087249
955.0417	0.0802252905913545
953.6247	0.0793033325031792
952.2077	0.0768394890381964
950.7907	0.076019106400378
949.3738	0.0752677650062675
947.9568	0.0734845819906853
946.5398	0.072908912034154
945.1228	0.0726450302288549
943.7059	0.0729436457743587
942.2889	0.0720607949968026
940.8719	0.0719666128318821
939.4549	0.072302485257999
938.0379	0.0724188150469142
936.621	0.0726608708896196
935.204	0.0727702201380934
933.787	0.0723301180502396
932.37	0.072713218644693
930.9531	0.0728234129944732
929.5361	0.0726270190025063
928.1191	0.0725304113108105
926.7021	0.0726581104441439
925.2852	0.072717623499644
923.8682	0.0724783879870069
922.4512	0.0718374673327906
921.0342	0.0714514681553033
919.6173	0.071691836685385
918.2003	0.0717904253244438
916.7833	0.0703034441162444
915.3663	0.0699782088280815
913.9494	0.0700092640898505
912.5324	0.0695027125164859
911.1154	0.0686433106547956
909.6984	0.0679647071758196
908.2815	0.0676589897060605
906.8645	0.0668838293651132
905.4475	0.0660153320732573
904.0305	0.0663147359295342
902.6136	0.0650514090598865
901.1966	0.0646887293856703
899.7796	0.0639849234752507
898.3626	0.0633327571562851
896.9457	0.0631312819563731
895.5287	0.0630595767666681
894.1117	0.0624041843648519
892.6947	0.0622791497109884
891.2777	0.0615520311876831
889.8608	0.0608242392922488
888.4438	0.0607493437026549
887.0268	0.0601178864717249
885.6098	0.0591109134432315
884.1929	0.0590293808410761
882.7759	0.0584415028483817
881.3589	0.057965471388732
879.9419	0.0562603263190882
878.525	0.0565443955015721
877.108	0.056548130019758
875.691	0.0556693208144579
874.274	0.05609886076012
872.8571	0.0560689890872128
871.4401	0.0562036395112352
870.0231	0.0564696306631756
868.6061	0.0572191524102133
867.1892	0.0575993026005686
865.7722	0.0583551170224256
864.3552	0.0581705602126121
862.9382	0.0593586373586152
861.5213	0.0592778697716992
860.1043	0.0592816497234006
858.6873	0.0592999061103062
857.2703	0.0600675528632781
855.8534	0.0597745749973689
854.4364	0.0593590608607945
853.0194	0.0597307564522382
851.6024	0.0595540343650199
850.1855	0.0596722085424965
848.7685	0.0600951869210017
847.3515	0.0593580986474499
845.9345	0.0597275341307763
844.5175	0.0595098781353675
843.1006	0.0590942246374368
841.6836	0.0596000058838119
840.2666	0.0584834679109084
838.8496	0.0586838385505788
837.4327	0.0582528409334216
836.0157	0.0576219745131423
834.5987	0.0572101739161342
833.1817	0.0574646400124274
831.7648	0.0568948553921407
830.3478	0.0563580409061876
828.9308	0.0560633276233983
827.5138	0.0564484907668318
826.0969	0.055678232953832
824.6799	0.0552085280838663
823.2629	0.0555404602389784
821.8459	0.0557406426339323
820.429	0.0552130770041147
819.012	0.055299658695923
817.595	0.0553720603536554
816.178	0.0546854304763242
814.7611	0.0544502947222009
813.3441	0.054096877457132
811.9271	0.0537207358224491
810.5101	0.053859345385943
809.0932	0.0535130870764855
807.6762	0.0533933282481635
806.2592	0.0538135021317792
804.8422	0.0531037937604745
803.4253	0.0525169341588997
802.0083	0.052845771281914
800.5913	0.0531863465735088
799.1743	0.0529631431899033
797.7573	0.0525087256966551
796.3404	0.053462159952549
794.9234	0.0530223047179898
793.5064	0.0531107822719217
792.0894	0.0535644027622612
790.6725	0.0540061034168516
789.2555	0.0542264047848964
787.8385	0.0537857488427707
786.4215	0.0539102723937337
785.0046	0.0546764765218719
783.5876	0.0551641254291757
782.1706	0.0552401732268084
780.7536	0.0554050165686149
779.3367	0.0559886401427239
777.9197	0.0562788091992082
776.5027	0.0565128048345352
775.0857	0.0575052171273393
773.6688	0.0578338966981473
772.2518	0.0587911861657405
770.8348	0.05902474196149
769.4178	0.0597460689096591
768.0009	0.0611506471546358
766.5839	0.0613225890623495
765.1669	0.0618395168889579
763.7499	0.0625663220458106
762.333	0.0628580403187751
760.916	0.062945188162076
759.499	0.0630437456540668
758.082	0.062938852259385
756.6651	0.0622662497107113
755.2481	0.0628973172770197
753.8311	0.0618138678218009
752.4141	0.06177345027703
750.9971	0.0609279313734961
749.5802	0.0605118208084065
748.1632	0.0593813687821002
746.7462	0.0595717894516207
745.3292	0.0589231596187444
743.9123	0.0585749844596074
742.4953	0.058473659646961
741.0783	0.0581437536612421
739.6613	0.057834499691533
738.2444	0.0576886528800519
736.8274	0.0575244296686298
735.4104	0.0575991806508477
733.9934	0.0574584048225619
732.5765	0.0578241882413778
731.1595	0.0575463607481552
729.7425	0.0579165559176089
728.3255	0.0582559269420782
726.9086	0.0584825556158361
725.4916	0.0585414232362128
724.0746	0.0592950862907154
722.6576	0.0593281977607786
721.2407	0.0602953563781146
719.8237	0.0605145783056151
718.4067	0.0617226707280693
716.9897	0.0614537318666315
715.5728	0.0628351175406705
714.1558	0.0635540618765798
712.7388	0.0633103281429486
711.3218	0.0645978716826915
709.9049	0.0648340790249424
708.4879	0.0658173327746157
707.0709	0.0663248631617613
705.6539	0.0664925051461007
704.2369	0.066637574388779
702.82	0.0667335093719033
701.403	0.0656352161379047
699.986	0.0657679654438537
698.569	0.0663870746360831
697.1521	0.0653771232049132
695.7351	0.0656114950659425
694.3181	0.0652660499843857
692.9011	0.0651371467493604
691.4842	0.0653861711221142
690.0672	0.0650191762167098
688.6502	0.0661471808847598
687.2332	0.0651477194105004
685.8163	0.0661717562632361
684.3993	0.0655740794418692
682.9823	0.066123859181082
681.5653	0.0653678756186729
680.1484	0.0654480163452877
678.7314	0.0653207738772848
677.3144	0.0664894588689687
675.8974	0.0658402606020055
674.4805	0.0652724063676126
673.0635	0.0663163078943383
671.6465	0.0671849604973147
670.2295	0.0664363535136593
668.8126	0.0663672557356218
667.3956	0.0676430566817165
665.9786	0.0675667691047732
664.5616	0.0678209550390482
663.1447	0.0678208750721926
661.7277	0.0672920509560654
660.3107	0.067834268046908
658.8937	0.0685499009658067
657.4767	0.0672549440615164
656.0598	0.0677691224664542
654.6428	0.0687247540804434
653.2258	0.0688177386927896
651.8088	0.0689263613690595
650.3919	0.0692795478527314
648.9749	0.0693175426908353
647.5579	0.069418897126013
646.1409	0.070528570431401
644.724	0.0706347250526185
643.307	0.0704287681344171
641.89	0.0710790208204168
640.473	0.0707738675671272
639.0561	0.0716238807450935
637.6391	0.0712094392276012
636.2221	0.0712996264932265
634.8051	0.0712163342267333
633.3882	0.0717200392840222
631.9712	0.0710457746268018
630.5542	0.07260429693275
629.1372	0.0724659422223249
627.7203	0.0730594865870073
626.3033	0.0728253249638639
624.8863	0.0733914423497373
623.4693	0.0746965814723481
622.0524	0.0748329968292456
620.6354	0.0756290822768088
619.2184	0.0767051145967728
617.8014	0.0772531761420187
616.3845	0.0781505235771357
614.9675	0.0784201978868732
613.5505	0.0791930604544062
612.1335	0.0803398381264068
610.7165	0.0806582498215728
609.2996	0.0815215014322553
607.8826	0.0816834350108284
606.4656	0.081707692412443
605.0486	0.0824065384007999
603.6317	0.083059887970371
602.2147	0.0823000588686152
600.7977	0.0828699430915962
599.3807	0.0829938192527177
597.9638	0.0836709042193392
596.5468	0.0831285164512988
595.1298	0.0826466191890706
593.7128	0.0832577817445574
592.2959	0.0830541537756168
590.8789	0.0833687414234214
589.4619	0.0837152011250465
588.0449	0.0836917143151222
586.628	0.0851779751387388
585.211	0.086538775149107
583.794	0.0873351039524198
582.377	0.0884170725732707
580.9601	0.0895214293132504
579.5431	0.0903535495102513
578.1261	0.0916067369620301
576.7091	0.0924947234103045
575.2922	0.09388437887558
573.8752	0.0948683671908294
572.4582	0.0951070974861381
571.0412	0.0955753536223252
569.6243	0.0955528294127506
568.2073	0.0948004122841099
566.7903	0.0949131244180306
565.3733	0.094840565949688
563.9563	0.0942457633406035
562.5394	0.0937664660063064
561.1224	0.0928647208296312
559.7054	0.092714058061336
558.2884	0.0924979015144426
556.8715	0.0920891020461522
555.4545	0.0919132919791155
554.0375	0.091418720291294
552.6205	0.0911631148736141
551.2036	0.0915356423128392
549.7866	0.0907224119574165
548.3696	0.0906912360220977
546.9526	0.0904124455693558
545.5357	0.0908747961824077
544.1187	0.0904173461264396
542.7017	0.0906540460421234
541.2847	0.0912680675623706
539.8678	0.0911943735210966
538.4508	0.0914898043358953
537.0338	0.0925517555094155
535.6168	0.0930781356185205
534.1999	0.093873654295343
532.7829	0.0955235973653537
531.3659	0.0962482805956413
529.9489	0.0964679383452134
528.532	0.0968427964213652
527.115	0.0980380738224845
525.698	0.0985953228829973
524.281	0.0989417471062092
522.8641	0.0993559664026925
521.4471	0.0998278065319207
520.0301	0.0996950145710804
518.6131	0.0997853674630331
517.1962	0.100200032055282
515.7792	0.0997086961463791
514.3622	0.100679270017071
512.9452	0.0999033994308009
511.5282	0.0995673461474654
510.1113	0.0999939910539066
508.6943	0.0992374306831446
507.2773	0.0997654575218907
505.8603	0.0987941258309381
504.4434	0.0984395379855094
503.0264	0.0986365262657331
501.6094	0.0982242075841126
500.1924	0.0978608978449524
498.7755	0.0985339468440259
497.3585	0.0985860519834397
495.9415	0.0986200419957509
494.5245	0.0975662011120676
493.1076	0.0973336509558548
491.6906	0.0967975606764184
490.2736	0.0968495092555588
488.8566	0.0971919202297731
487.4397	0.097267222364863
486.0227	0.0975579195819781
484.6057	0.0981719187935119
483.1887	0.0980273692172683
481.7718	0.0989258788956893
480.3548	0.0988823121925643
478.9378	0.0990462205130801
477.5208	0.0991700494302837
476.1039	0.0996680371657975
474.6869	0.0988764409688893
473.2699	0.0990587932404079
471.8529	0.0984673043845678
470.436	0.0985107829921621
469.019	0.098024597862809
467.602	0.0972958360485146
466.185	0.0976124037370155
464.768	0.0971356169358723
463.3511	0.0973648429445963
461.9341	0.0965841374429619
460.5171	0.0968272956893486
459.1001	0.0970496596756264
457.6832	0.0969525573603973
456.2662	0.0972277777309809
454.8492	0.0972025533089689
453.4322	0.0984604597404992
452.0153	0.098037374760948
450.5983	0.0984678273447009
449.1813	0.0983332778428825
447.7643	0.0985452467122123
446.3474	0.0984389224056758
444.9304	0.099542773858814
443.5134	0.100675527634373
442.0964	0.101393998995148
440.6795	0.101990242592264
439.2625	0.102516831918633
437.8455	0.103003230837566
436.4285	0.103455572067131
435.0116	0.104652643045053
433.5946	0.104216646985966
432.1776	0.105521597067769
430.7606	0.105912356263381
429.3437	0.10507704978004
427.9267	0.105643496627497
426.5097	0.106296604004025
425.0927	0.106921262877906
423.6758	0.106947605340628
422.2588	0.107330193667639
420.8418	0.107795067380282
419.4248	0.107692567180167
418.0078	0.107627927593772
416.5909	0.107650363114158
415.1739	0.107132261669653
413.7569	0.106783376792678
412.3399	0.107790079295311
410.923	0.107607095622277
409.506	0.109883695471453
408.089	0.109962371110779
406.672	0.110350215424959
405.2551	0.109271626159186
403.8381	0.10946972577319
402.4211	0.109192715295163
401.0041	0.107959439065965
