3994.4546	0.0129365510738462
3993.0377	0.0127307016308782
3991.6207	0.0126599416525681
3990.2037	0.0124416655207998
3988.7867	0.0129472974104488
3987.3698	0.0134061573658286
3985.9528	0.0130027731099698
3984.5358	0.0127529974222872
3983.1188	0.0129253950335322
3981.7019	0.0131119233007808
3980.2849	0.0135550882732236
3978.8679	0.0131901953516511
3977.4509	0.012890128144461
3976.034	0.0132717339955103
3974.617	0.0132037067933208
3973.2	0.0127615933028203
3971.783	0.012896655840254
3970.3661	0.0126172387699213
3968.9491	0.0128927539752729
3967.5321	0.0134202298282886
3966.1151	0.0128695279930554
3964.6982	0.0127543879114771
3963.2812	0.0122796390731708
3961.8642	0.0128997524179468
3960.4472	0.0124068805848009
3959.0303	0.0128148128878518
3957.6133	0.0128219968978898
3956.1963	0.012669209596321
3954.7793	0.0128982030707763
3953.3624	0.0128498916414192
3951.9454	0.0129465932598514
3950.5284	0.0127499731810302
3949.1114	0.0120690158394587
3947.6944	0.0125059679043116
3946.2775	0.0129438171066803
3944.8605	0.0128003675561364
3943.4435	0.0130952035175359
3942.0265	0.0129444242057942
3940.6096	0.0132554761171289
3939.1926	0.012943474366286
3937.7756	0.0130861804991346
3936.3586	0.0128956521493074
3934.9417	0.0128387493574635
3933.5247	0.0124154691687603
3932.1077	0.0122504938577136
3930.6907	0.0129718110978035
3929.2738	0.0128412920650153
3927.8568	0.0126879023929912
3926.4398	0.0126463931271041
3925.0228	0.0130586744655678
3923.6059	0.012068103505431
3922.1889	0.0128619298222595
3920.7719	0.0128900348463962
3919.3549	0.012888182150927
3917.938	0.0127392866429517
3916.521	0.0126970735924802
3915.104	0.0130630484884145
3913.687	0.012738448121075
3912.2701	0.0130550825352942
3910.8531	0.0127157831110528
3909.4361	0.0129545899119258
3908.0191	0.0128529712265803
3906.6022	0.0118792282502437
3905.1852	0.0123168968867273
3903.7682	0.0124726948444568
3902.3512	0.0126359117069915
3900.9342	0.0128646384649401
3899.5173	0.0125470164004349
3898.1003	0.0129000356377018
3896.6833	0.0123907554039021
3895.2663	0.0123879766680932
3893.8494	0.0129684255613844
3892.4324	0.012869670239511
3891.0154	0.0119106461221839
3889.5984	0.0126119001821188
3888.1815	0.0121942491491657
3886.7645	0.0124790643766294
3885.3475	0.0126400554036227
3883.9305	0.0117026784451218
3882.5136	0.0127862389721096
3881.0966	0.0126571420918987
3879.6796	0.0125204760136797
3878.2626	0.0122257671152047
3876.8457	0.0129820529898324
3875.4287	0.0123961563068905
3874.0117	0.0121633569547369
3872.5947	0.0123608700203924
3871.1778	0.0121546753830753
3869.7608	0.0126983999356381
3868.3438	0.0128263288951647
3866.9268	0.0125582806059192
3865.5099	0.0121422427947892
3864.0929	0.0121808755151375
3862.6759	0.0120132688210583
3861.2589	0.012476546474443
3859.842	0.0126122725592481
3858.425	0.0125696962301208
3857.008	0.0123021611976241
3855.591	0.0122350023232923
3854.174	0.0120541992407753
3852.7571	0.012267907228367
3851.3401	0.0121930110971019
3849.9231	0.0120948375179822
3848.5061	0.0124869199235758
3847.0892	0.0125291492048955
3845.6722	0.01196275890385
3844.2552	0.0123997040918703
3842.8382	0.0123013346665926
3841.4213	0.0121426632530005
3840.0043	0.012205359049952
3838.5873	0.0122781180828635
3837.1703	0.0120275550426166
3835.7534	0.0121090041884629
3834.3364	0.0120710024185404
3832.9194	0.0123109800702082
3831.5024	0.012463440952979
3830.0855	0.0124544566460726
3828.6685	0.0121251106409329
3827.2515	0.0121949011598256
3825.8345	0.0128094483864106
3824.4176	0.0117202991336952
3823.0006	0.0120091181064791
3821.5836	0.0122088251018935
3820.1666	0.0117521789232659
3818.7497	0.0119570408417992
3817.3327	0.0121402107377237
3815.9157	0.0123259104194818
3814.4987	0.0131365603245073
3813.0818	0.0125358682817028
3811.6648	0.0122810787531569
3810.2478	0.0116693912163495
3808.8308	0.012312951322016
3807.4138	0.0126386600955672
3805.9969	0.0124327509890475
3804.5799	0.0123335875392815
3803.1629	0.0115882710410394
3801.7459	0.012423417658086
3800.329	0.0127806427903144
3798.912	0.0120183064593407
3797.495	0.0120228235587417
3796.078	0.0125006140424045
3794.6611	0.0120280022647067
3793.2441	0.0120521759929533
3791.8271	0.0120263935033237
3790.4101	0.0116121736260255
3788.9932	0.0120208450613865
3787.5762	0.0117476242960316
3786.1592	0.0119923178619551
3784.7422	0.0116952397513379
3783.3253	0.0115966336233468
3781.9083	0.0115741681003165
3780.4913	0.0113264179989705
3779.0743	0.0123569169106104
3777.6574	0.0121447048045442
3776.2404	0.0115404326330179
3774.8234	0.0114788802975724
3773.4064	0.0117067271486062
3771.9895	0.0118038834153434
3770.5725	0.0116035961111691
3769.1555	0.0118693918740218
3767.7385	0.0120788537386381
3766.3216	0.012080994908277
3764.9046	0.0115166906400869
3763.4876	0.0112225564923278
3762.0706	0.0116668837312695
3760.6536	0.012268239751303
3759.2367	0.0117908174192901
3757.8197	0.0118674144774294
3756.4027	0.0118331402033338
3754.9857	0.0120830921268643
3753.5688	0.0106813382012805
3752.1518	0.0112873439698896
3750.7348	0.0114977364262914
3749.3178	0.0119036419886566
3747.9009	0.0117596643905993
3746.4839	0.0122737727539219
3745.0669	0.0121467225909047
3743.6499	0.0122346897943878
3742.233	0.0119261008425139
3740.816	0.0118535044177884
3739.399	0.0118095674005481
3737.982	0.0116484145388404
3736.5651	0.0115912629857672
3735.1481	0.0121010214618481
3733.7311	0.0123052712121429
3732.3141	0.0118728097451142
3730.8972	0.0119458667173362
3729.4802	0.0119292577949864
3728.0632	0.0118123166227497
3726.6462	0.0116468318375737
3725.2293	0.0115990582400099
3723.8123	0.012181535645556
3722.3953	0.0111266826663502
3720.9783	0.0114866393562992
3719.5614	0.0117152844625
3718.1444	0.0111700046988333
3716.7274	0.0117129212481609
3715.3104	0.0111722825033312
3713.8935	0.011104637772314
3712.4765	0.01093952072339
3711.0595	0.0107906323794964
3709.6425	0.0117458125328383
3708.2255	0.0118805751698992
3706.8086	0.0117027570750427
3705.3916	0.0114813549333612
3703.9746	0.011698301350712
3702.5576	0.0111155045478831
3701.1407	0.0118391525797773
3699.7237	0.0113552769070769
3698.3067	0.0111081642324157
3696.8897	0.0107428748879764
3695.4728	0.0108180873900424
3694.0558	0.0115352787921609
3692.6388	0.0109376476796379
3691.2218	0.0111556085162512
3689.8049	0.0117314602433789
3688.3879	0.0111872542806204
3686.9709	0.0110356522290414
3685.5539	0.0111125389985087
3684.137	0.0117985664246482
3682.72	0.0118672575977887
3681.303	0.0106744968896739
3679.886	0.0113687289155812
3678.4691	0.0114422179921814
3677.0521	0.011038626516216
3675.6351	0.0111401455344775
3674.2181	0.0121071450926901
3672.8012	0.0111003000135474
3671.3842	0.0105094183780187
3669.9672	0.0113731610614106
3668.5502	0.0117193922279622
3667.1333	0.0119422192493953
3665.7163	0.0113315439692154
3664.2993	0.0112755019684153
3662.8823	0.0114453150257316
3661.4653	0.0115213375655989
3660.0484	0.0106013255650247
3658.6314	0.0110583744165136
3657.2144	0.0111934478785168
3655.7974	0.011096544017087
3654.3805	0.0105002467350105
3652.9635	0.0110424177878736
3651.5465	0.0113861949908255
3650.1295	0.0115006520171683
3648.7126	0.0115759144138109
3647.2956	0.0117109275217423
3645.8786	0.0115295707342
3644.4616	0.0116667086775003
3643.0447	0.0111778939644167
3641.6277	0.0115819962454498
3640.2107	0.0113473699422234
3638.7937	0.0117418593982458
3637.3768	0.011372145276366
3635.9598	0.012336621095197
3634.5428	0.0114548860176719
3633.1258	0.0120242308291876
3631.7089	0.0113705878027949
3630.2919	0.0117341179906831
3628.8749	0.0117091415163667
3627.4579	0.0119723777052009
3626.041	0.011733139688449
3624.624	0.0123177747551316
3623.207	0.0119329042043153
3621.79	0.0120782558084823
3620.3731	0.0123741674557251
3618.9561	0.012135036065788
3617.5391	0.0124306484465654
3616.1221	0.0125524936499348
3614.7051	0.0126046622014142
3613.2882	0.0127838831452329
3611.8712	0.0128335030637752
3610.4542	0.012848227852992
3609.0372	0.0125815223802972
3607.6203	0.0130586601678462
3606.2033	0.0135562570663042
3604.7863	0.0135482302524457
3603.3693	0.0131224789022745
3601.9524	0.0139409086390788
3600.5354	0.0140804557273521
3599.1184	0.013479471426266
3597.7014	0.01353425110157
3596.2845	0.0139942801216034
3594.8675	0.0140179522105447
3593.4505	0.0143177825532872
3592.0335	0.0142905884475129
3590.6166	0.0145248081980482
3589.1996	0.0143252440685091
3587.7826	0.0151523189646078
3586.3656	0.0150632237723028
3584.9487	0.0153068617203373
3583.5317	0.0144883815657003
3582.1147	0.0157961237420968
3580.6977	0.0154452331256935
3579.2808	0.01489342787904
3577.8638	0.0153239527675299
3576.4468	0.0159942833510418
3575.0298	0.0150391775267325
3573.6129	0.0159070931100567
3572.1959	0.016326874023358
3570.7789	0.0157497055369462
3569.3619	0.0169307106584476
3567.9449	0.0165291995145625
3566.528	0.0171096966859453
3565.111	0.0171332768090198
3563.694	0.0169647045527019
3562.277	0.0173539847839151
3560.8601	0.0172135156083967
3559.4431	0.0178036441804046
3558.0261	0.0182463702216626
3556.6091	0.0178456376449677
3555.1922	0.0177670584295568
3553.7752	0.0181994751014804
3552.3582	0.0182716515830255
3550.9412	0.0189535281079271
3549.5243	0.0186577209542468
3548.1073	0.0186237847679629
3546.6903	0.0189252919572572
3545.2733	0.0191557912339945
3543.8564	0.0192984703189327
3542.4394	0.0201422401399114
3541.0224	0.0203104292010552
3539.6054	0.0205058482947595
3538.1885	0.0200909458559502
3536.7715	0.0199823574123947
3535.3545	0.0208276036671207
3533.9375	0.020456651668914
3532.5206	0.0208533231539087
3531.1036	0.0210485082475286
3529.6866	0.0219317326735515
3528.2696	0.0215282457704669
3526.8527	0.0221736757175176
3525.4357	0.0216080751416675
3524.0187	0.0222357230222825
3522.6017	0.0224298738123501
3521.1847	0.0224217063688699
3519.7678	0.0223040390746347
3518.3508	0.023279390210732
3516.9338	0.0230977146558871
3515.5168	0.0232718480766207
3514.0999	0.0240034364005121
3512.6829	0.0235835825533308
3511.2659	0.0237293577273549
3509.8489	0.023944656942441
3508.432	0.0241195075773603
3507.015	0.0248682606295858
3505.598	0.0247161044119019
3504.181	0.0246873276569974
3502.7641	0.0252091940891421
3501.3471	0.0256137914521002
3499.9301	0.0255287616538401
3498.5131	0.025433488166319
3497.0962	0.0260471513640563
3495.6792	0.0260425596691767
3494.2622	0.0263699134979639
3492.8452	0.0270647893365095
3491.4283	0.0262281744021171
3490.0113	0.0266877084881539
3488.5943	0.027011465141063
3487.1773	0.0269826312210488
3485.7604	0.0272476235159833
3484.3434	0.0273113845672874
3482.9264	0.0274137186821271
3481.5094	0.0278772303951259
3480.0925	0.0279756534918483
3478.6755	0.0279014863508925
3477.2585	0.0279718446909977
3475.8415	0.0282958229153147
3474.4245	0.0282009697512385
3473.0076	0.0287747518870417
3471.5906	0.0286498265777823
3470.1736	0.029116075562147
3468.7566	0.0295008113935643
3467.3397	0.0292036082686429
3465.9227	0.0300201239227489
3464.5057	0.0302425819816921
3463.0887	0.0301711301107987
3461.6718	0.0299962967833372
3460.2548	0.0300253727447239
3458.8378	0.0298603291069264
3457.4208	0.0309191196661315
3456.0039	0.0305631849201042
3454.5869	0.0309374967976995
3453.1699	0.0314376421300736
3451.7529	0.0310606742505263
3450.336	0.031791907979522
3448.919	0.031338814117773
3447.502	0.0325144426461546
3446.085	0.0318633029729829
3444.6681	0.0327275202097407
3443.2511	0.0328176007246004
3441.8341	0.0330213839822157
3440.4171	0.0336238659583296
3439.0002	0.0329904980006347
3437.5832	0.0331227942298109
3436.1662	0.0340438424150938
3434.7492	0.0338997292780515
3433.3323	0.0343704703294937
3431.9153	0.0337200003148081
3430.4983	0.0340801420050435
3429.0813	0.0340838006334149
3427.6643	0.0343238281435325
3426.2474	0.0345162672759044
3424.8304	0.0349839642732482
3423.4134	0.0352179298386265
3421.9964	0.0353158463437584
3420.5795	0.0352423563827453
3419.1625	0.0359106433907835
3417.7455	0.0361155843183952
3416.3285	0.0354603194596547
3414.9116	0.0361543516868613
3413.4946	0.035808732448261
3412.0776	0.0361681256918857
3410.6606	0.0361755269273652
3409.2437	0.036620598857121
3407.8267	0.0365940208884083
3406.4097	0.0365293917062494
3404.9927	0.0369686644881038
3403.5758	0.0369691481294473
3402.1588	0.0372354005110949
3400.7418	0.0374493122590854
3399.3248	0.0375712082983281
3397.9079	0.0372847183939341
3396.4909	0.0379749931261119
3395.0739	0.0382048408001093
3393.6569	0.0382442548445329
3392.24	0.0382202678270547
3390.823	0.0390088690365271
3389.406	0.0384667669575927
3387.989	0.0391854372912614
3386.5721	0.03888741276583
3385.1551	0.0388347473520854
3383.7381	0.0388980291585015
3382.3211	0.0390128645722509
3380.9041	0.0394301422153456
3379.4872	0.0391459777808975
3378.0702	0.0395619743328712
3376.6532	0.0391541111209285
3375.2362	0.0399134557578438
3373.8193	0.0397605968673372
3372.4023	0.0394061960155632
3370.9853	0.0397061824884075
3369.5683	0.0404546359841271
3368.1514	0.0396759309833501
3366.7344	0.0401909352829666
3365.3174	0.0406057063976935
3363.9004	0.0402867561613243
3362.4835	0.0404213588364657
3361.0665	0.0403886394915549
3359.6495	0.0405481559838008
3358.2325	0.0409297667966325
3356.8156	0.0406437853371294
3355.3986	0.0403220139785301
3353.9816	0.0408006790992835
3352.5646	0.0408517967782366
3351.1477	0.0415387333133088
3349.7307	0.0419449719829799
3348.3137	0.0409822273220873
3346.8967	0.0409525667472888
3345.4798	0.0420179266933675
3344.0628	0.041901611579287
3342.6458	0.0424606957663541
3341.2288	0.0416199794808938
3339.8119	0.0424391797844596
3338.3949	0.0421070952767532
3336.9779	0.0421284609578929
3335.5609	0.0417659047866079
3334.1439	0.0418918191155362
3332.727	0.041563211756571
3331.31	0.0423025298328355
3329.893	0.0421080034603908
3328.476	0.0422981158955807
3327.0591	0.0423747167102672
3325.6421	0.042347798306912
3324.2251	0.0426102528153368
3322.8081	0.0426904235843098
3321.3912	0.0427260365290672
3319.9742	0.0425735977339461
3318.5572	0.0425165361101743
3317.1402	0.0429929970107437
3315.7233	0.0429638966182882
3314.3063	0.0432397565507327
3312.8893	0.0432999854399383
3311.4723	0.0432852289433733
3310.0554	0.0433628372831476
3308.6384	0.043111440216478
3307.2214	0.0428863967255072
3305.8044	0.0429950129323625
3304.3875	0.0427403992597638
3302.9705	0.0434974463769503
3301.5535	0.0429865848580564
3300.1365	0.0434357483932843
3298.7196	0.0428920848172681
3297.3026	0.0433470244754457
3295.8856	0.0430923642867184
3294.4686	0.0429856387479364
3293.0517	0.0430128679486889
3291.6347	0.0434949795892636
3290.2177	0.0432638528551376
3288.8007	0.0432927471357164
3287.3837	0.0427959592909607
3285.9668	0.0432758555542302
3284.5498	0.0432785264171612
3283.1328	0.0431622163344418
3281.7158	0.0437394256859709
3280.2989	0.0433981194456084
3278.8819	0.0426842692948122
3277.4649	0.0432927123196005
3276.0479	0.0431192512683361
3274.631	0.0427056415657575
3273.214	0.0436576885036885
3271.797	0.0435863032936823
3270.38	0.0438879428036548
3268.9631	0.0431373214293091
3267.5461	0.0428242463819654
3266.1291	0.0433673341470594
3264.7121	0.0433937500564804
3263.2952	0.0431260268829532
3261.8782	0.0435597141287887
3260.4612	0.0433400765059361
3259.0442	0.0436423163269501
3257.6273	0.0431250262270471
3256.2103	0.0427045964252839
3254.7933	0.0433402339815226
3253.3763	0.0428032975122525
3251.9594	0.0431162112480375
3250.5424	0.043032594492628
3249.1254	0.0428953980722734
3247.7084	0.042539825358903
3246.2915	0.0431863701133029
3244.8745	0.0428633458130634
3243.4575	0.043445923807579
3242.0405	0.043212376291646
3240.6235	0.0431532800243408
3239.2066	0.0429249749958363
3237.7896	0.0423091365713099
3236.3726	0.04299959722236
3234.9556	0.0426560710935973
3233.5387	0.0428854753573273
3232.1217	0.0423833965374746
3230.7047	0.0426758515849895
3229.2877	0.0430671667435572
3227.8708	0.0422330069372388
3226.4538	0.0424509305899638
3225.0368	0.0425947653190075
3223.6198	0.0423254293296573
3222.2029	0.0421353153772196
3220.7859	0.0423967631828167
3219.3689	0.0423468403734986
3217.9519	0.0429631397741444
3216.535	0.0419621872669141
3215.118	0.041677564482234
3213.701	0.0418682633479716
3212.284	0.0423341649640384
3210.8671	0.0419216704668914
3209.4501	0.0420742737493103
3208.0331	0.0419995359595972
3206.6161	0.0422569699082657
3205.1992	0.0418652503334475
3203.7822	0.0421206629835525
3202.3652	0.0413702749450943
3200.9482	0.0415250975552844
3199.5313	0.0408888282304433
3198.1143	0.0409294520999848
3196.6973	0.0409693342505721
3195.2803	0.0406902155879707
3193.8633	0.041230395226049
3192.4464	0.0410811328865053
3191.0294	0.0406138827629626
3189.6124	0.0411067637874027
3188.1954	0.0407619147971025
3186.7785	0.0402358408899432
3185.3615	0.0408429934206767
3183.9445	0.0406904428673788
3182.5275	0.03964175480456
3181.1106	0.0408079768770796
3179.6936	0.0403200310858448
3178.2766	0.0408717399437772
3176.8596	0.0404767355151991
3175.4427	0.0404185447729068
3174.0257	0.0394320304137265
3172.6087	0.0395240333074529
3171.1917	0.0397767091317097
3169.7748	0.0393926035142697
3168.3578	0.0394029456098249
3166.9408	0.0401876487419895
3165.5238	0.0393136212082166
3164.1069	0.038702421429843
3162.6899	0.0386997998530436
3161.2729	0.0386731878262676
3159.8559	0.0391246254732239
3158.439	0.0393212647984601
3157.022	0.0384484785110168
3155.605	0.0383087822601446
3154.188	0.0379053048035763
3152.7711	0.0380214108021392
3151.3541	0.0377633106869542
3149.9371	0.0382561756678239
3148.5201	0.0379097119073488
3147.1031	0.0372285424719584
3145.6862	0.0373931150124265
3144.2692	0.0374566774875187
3142.8522	0.0369986092305534
3141.4352	0.0372565737085281
3140.0183	0.0371926129302473
3138.6013	0.0376930805611106
3137.1843	0.0371862044147076
3135.7673	0.0374296766742597
3134.3504	0.0364434714102356
3132.9334	0.0368105741476019
3131.5164	0.0367457530838018
3130.0994	0.0367263151473541
3128.6825	0.0366558140420389
3127.2655	0.0357800411628621
3125.8485	0.0355446105466452
3124.4315	0.0357261569518107
3123.0146	0.0358498432902336
3121.5976	0.0355860851680828
3120.1806	0.0353501969630757
3118.7636	0.0354765892969215
3117.3467	0.0353188959624738
3115.9297	0.035348159044475
3114.5127	0.0353989155915522
3113.0957	0.0350965842822987
3111.6788	0.0347865022032939
3110.2618	0.0345703234215986
3108.8448	0.0350421796066481
3107.4278	0.0350851938730979
3106.0109	0.0341186880834498
3104.5939	0.0346621808144508
3103.1769	0.0338244360585526
3101.7599	0.0345990907721212
3100.3429	0.0340786638648683
3098.926	0.0334743788474124
3097.509	0.0336644581074119
3096.092	0.0336783158717887
3094.675	0.0333757769994858
3093.2581	0.0332723386426024
3091.8411	0.0329681735249656
3090.4241	0.0332669930232191
3089.0071	0.0331545016652818
3087.5902	0.0331956379755186
3086.1732	0.03300753230282
3084.7562	0.0329648071038704
3083.3392	0.0325112017290179
3081.9223	0.0319517262056495
3080.5053	0.0315663126836996
3079.0883	0.0323415234941734
3077.6713	0.032375940115151
3076.2544	0.0322238149054108
3074.8374	0.0319949982034578
3073.4204	0.0320044735521891
3072.0034	0.0321843917664641
3070.5865	0.0323830495939765
3069.1695	0.0316103325194457
3067.7525	0.0321039757459866
3066.3355	0.0312044202561096
3064.9186	0.0313054784686533
3063.5016	0.0309979474362689
3062.0846	0.0318937120704937
3060.6676	0.0314269467398451
3059.2507	0.0305183900121934
3057.8337	0.0303779972636852
3056.4167	0.0303604591724756
3054.9997	0.030511341732098
3053.5827	0.0302386521038749
3052.1658	0.0304816615171912
3050.7488	0.0306233580903858
3049.3318	0.0299625774657801
3047.9148	0.0302954742009016
3046.4979	0.0294098330885541
3045.0809	0.0298062463665
3043.6639	0.0289669806012492
3042.2469	0.0292234923881386
3040.83	0.0294635025602239
3039.413	0.0295422785536267
3037.996	0.0289719357671433
3036.579	0.0291923973632607
3035.1621	0.0290513251595443
3033.7451	0.0284517858913159
3032.3281	0.0289842051170161
3030.9111	0.0294389858187738
3029.4942	0.0296114132740853
3028.0772	0.0284083687169704
3026.6602	0.0281951547955283
3025.2432	0.0287160989262157
3023.8263	0.0281105499640679
3022.4093	0.0279564495565969
3020.9923	0.0286459167808741
3019.5753	0.0281523638450594
3018.1584	0.0277851339762633
3016.7414	0.0279786178353557
3015.3244	0.0274591735098667
3013.9074	0.0280965938397052
3012.4905	0.0275774252843269
3011.0735	0.0281203795781998
3009.6565	0.0279317846192367
3008.2395	0.028147776534433
3006.8225	0.0277243366159986
3005.4056	0.0282071759492408
3003.9886	0.0277481206399374
3002.5716	0.0283612966735344
3001.1546	0.0275096203077547
2999.7377	0.0277800821090834
2998.3207	0.0274080149747486
2996.9037	0.0277790375676564
2995.4867	0.0277259945389379
2994.0698	0.0272570005462846
2992.6528	0.0275964693432545
2991.2358	0.0273639155388329
2989.8188	0.0277117024041238
2988.4019	0.0280244353142509
2986.9849	0.0273272292953246
2985.5679	0.0277083176726415
2984.1509	0.028173500273705
2982.734	0.0268917836246339
2981.317	0.0276635006480353
2979.9	0.0275027199106142
2978.483	0.0280266757336718
2977.0661	0.028176627227973
2975.6491	0.027729069395254
2974.2321	0.0284504597924183
2972.8151	0.0279707413496826
2971.3982	0.0277194570833132
2969.9812	0.0286580973032152
2968.5642	0.0283377143115885
2967.1472	0.0285232729244978
2965.7303	0.0290633295654206
2964.3133	0.0282937300027607
2962.8963	0.0287020297857955
2961.4793	0.0288145581475954
2960.0623	0.028944101789787
2958.6454	0.0290345538304525
2957.2284	0.0300602195310813
2955.8114	0.029465502088273
2954.3944	0.0300676885124823
2952.9775	0.0303129426118311
2951.5605	0.0306515173444742
2950.1435	0.0306302168143211
2948.7265	0.0306045971056514
2947.3096	0.0306647121628621
2945.8926	0.0313149807596713
2944.4756	0.0317493671427374
2943.0586	0.0311638262201748
2941.6417	0.0322980246837397
2940.2247	0.0318923377008981
2938.8077	0.0322711502486802
2937.3907	0.0327737437678361
2935.9738	0.0324286285198542
2934.5568	0.0329670564857045
2933.1398	0.0330184954619374
2931.7228	0.0338286797385136
2930.3059	0.0338980855856452
2928.8889	0.0336366455499052
2927.4719	0.0338161330950969
2926.0549	0.034306846908068
2924.638	0.0336422509697819
2923.221	0.0341462544070866
2921.804	0.0334861206933512
2920.387	0.0337576641038997
2918.9701	0.0334119391424732
2917.5531	0.0333940886374187
2916.1361	0.0337406980540577
2914.7191	0.0336600278997241
2913.3021	0.0336561215584076
2911.8852	0.0337662269139935
2910.4682	0.0336977893119051
2909.0512	0.0339785026479177
2907.6342	0.0335775169400072
2906.2173	0.0334838737637961
2904.8003	0.0329225206056149
2903.3833	0.0329724419308345
2901.9663	0.0339263796718557
2900.5494	0.0337326814476767
2899.1324	0.0329389580867991
2897.7154	0.0332583223452583
2896.2984	0.032774560586215
2894.8815	0.0327383715143096
2893.4645	0.0327427041077908
2892.0475	0.0330941040763552
2890.6305	0.0330677573105027
2889.2136	0.0329301256641574
2887.7966	0.0334853234968862
2886.3796	0.0328056992486173
2884.9626	0.0328708952318938
2883.5457	0.0324929984459999
2882.1287	0.0326015902634471
2880.7117	0.032280844122936
2879.2947	0.0323258086056874
2877.8778	0.0319642507533247
2876.4608	0.0323781747870215
2875.0438	0.031562466528746
2873.6268	0.0324056502478676
2872.2099	0.0315067092127343
2870.7929	0.0315435338248122
2869.3759	0.0310454083719242
2867.9589	0.0312220232264935
2866.5419	0.0312854502844975
2865.125	0.0307386187784831
2863.708	0.0306753762476324
2862.291	0.0311212630086608
2860.874	0.0303114089745488
2859.4571	0.0302125632780986
2858.0401	0.0302714411742714
2856.6231	0.0304488877108747
2855.2061	0.0302266534487041
2853.7892	0.0300118511980883
2852.3722	0.0299051052046303
2850.9552	0.029554443199176
2849.5382	0.0301268225786334
2848.1213	0.0298080339374596
2846.7043	0.0294354446376271
2845.2873	0.0294410535463
2843.8703	0.0294521295969412
2842.4534	0.0290998084688951
2841.0364	0.0290829615793432
2839.6194	0.0289849664069304
2838.2024	0.0291541588974398
2836.7855	0.0284898051007366
2835.3685	0.027936974884223
2833.9515	0.0282971927098666
2832.5345	0.0288670695639274
2831.1176	0.0283719351920524
2829.7006	0.0278855985855476
2828.2836	0.0282869926532398
2826.8666	0.0281184724204009
2825.4497	0.0278853092912
2824.0327	0.0277828262601823
2822.6157	0.0279061754908055
2821.1987	0.0274454751722028
2819.7817	0.0277304911952385
2818.3648	0.0274302859515288
2816.9478	0.02678676001415
2815.5308	0.0270269277773992
2814.1138	0.0272763932743555
2812.6969	0.0266551871042834
2811.2799	0.0267041543367389
2809.8629	0.027129410510519
2808.4459	0.0265640996359324
2807.029	0.0262547324648301
2805.612	0.0272523593261263
2804.195	0.0261788957677266
2802.778	0.0266669573959696
2801.3611	0.027053489544262
2799.9441	0.0265494526634611
2798.5271	0.0265711431206558
2797.1101	0.0265045835454217
2795.6932	0.0264559660254368
2794.2762	0.0263875784159243
2792.8592	0.0263855118504679
2791.4422	0.0266811072330671
2790.0253	0.0263507698675099
2788.6083	0.0263130478525178
2787.1913	0.0259578400655177
2785.7743	0.0257426730236842
2784.3574	0.0255077482719904
2782.9404	0.025479054754435
2781.5234	0.0267005228518232
2780.1064	0.0261225995718897
2778.6895	0.0252816813698661
2777.2725	0.0257692858732256
2775.8555	0.0261595007815647
2774.4385	0.0252104884867145
2773.0215	0.0259559907513212
2771.6046	0.0265779379556004
2770.1876	0.0258105536762247
2768.7706	0.025234535539931
2767.3536	0.0251896819947295
2765.9367	0.0255360160353979
2764.5197	0.0254822378865418
2763.1027	0.0253431125542171
2761.6857	0.02559352595855
2760.2688	0.025570219852715
2758.8518	0.0257734741595334
2757.4348	0.02468462209159
2756.0178	0.025713957026931
2754.6009	0.0250820178992597
2753.1839	0.0260006984188746
2751.7669	0.0252478159090317
2750.3499	0.0253892203299764
2748.933	0.0255264445735628
2747.516	0.0256242708621228
2746.099	0.0253535384132225
2744.682	0.0251814240183402
2743.2651	0.0253029412117135
2741.8481	0.0247111424071578
2740.4311	0.0246552542400956
2739.0141	0.0248184770999638
2737.5972	0.0253173961804759
2736.1802	0.0248618743016079
2734.7632	0.0254538401617739
2733.3462	0.0250123258140949
2731.9293	0.0248712792491646
2730.5123	0.0249358099697667
2729.0953	0.0251429227231039
2727.6783	0.0248618184394784
2726.2613	0.0254721585348949
2724.8444	0.0244917641762323
2723.4274	0.0249793129992983
2722.0104	0.0241929924300199
2720.5934	0.0244663159580371
2719.1765	0.0249245508356344
2717.7595	0.0254096221530345
2716.3425	0.0245873915097402
2714.9255	0.0244465700282208
2713.5086	0.0251610645354599
2712.0916	0.0246861720121655
2710.6746	0.0245666643951456
2709.2576	0.0243577933836905
2707.8407	0.0249150759073669
2706.4237	0.0243718251208603
2705.0067	0.0242968453645077
2703.5897	0.0241803871497377
2702.1728	0.0242782914829722
2700.7558	0.0244417281522077
2699.3388	0.0241378550997081
2697.9218	0.0242248772662287
2696.5049	0.0247843464089506
2695.0879	0.0246673682392132
2693.6709	0.0246116998273316
2692.2539	0.0243073508138747
2690.837	0.0244339862049139
2689.42	0.0241216095332542
2688.003	0.0244778476663127
2686.586	0.02438235809224
2685.1691	0.0245525620894538
2683.7521	0.0241601325092463
2682.3351	0.0239773237265671
2680.9181	0.0236352465776819
2679.5011	0.0238906703201291
2678.0842	0.0241308923931604
2676.6672	0.0240835379675327
2675.2502	0.0240452109886554
2673.8332	0.0241581023359638
2672.4163	0.0234502086919326
2670.9993	0.0243412600080135
2669.5823	0.0242975972979614
2668.1653	0.0236416331399756
2666.7484	0.0230033639405191
2665.3314	0.0241040556494831
2663.9144	0.0239729499783263
2662.4974	0.0242855976143271
2661.0805	0.0238950695951749
2659.6635	0.0243388696718048
2658.2465	0.023822890500611
2656.8295	0.0235705307098522
2655.4126	0.0241789382232197
2653.9956	0.0231781093904807
2652.5786	0.0233064720872062
2651.1616	0.0240175574708644
2649.7447	0.0231766127846743
2648.3277	0.0235818096167376
2646.9107	0.0234932753248705
2645.4937	0.0232390255794517
2644.0768	0.0230754871822421
2642.6598	0.0232716382322421
2641.2428	0.022495875619293
2639.8258	0.0227573443046523
2638.4089	0.0233671649504794
2636.9919	0.0232523438740359
2635.5749	0.023471361894772
2634.1579	0.0230444788377659
2632.741	0.0231757922164553
2631.324	0.0229907973540472
2629.907	0.023841450778582
2628.49	0.0226845892451776
2627.073	0.0234082486963431
2625.6561	0.0230215754597686
2624.2391	0.0224957325778279
2622.8221	0.0226999082745665
2621.4051	0.0229922848003874
2619.9882	0.0229549675986491
2618.5712	0.0228681317802106
2617.1542	0.0226161344227451
2615.7372	0.0226773219110893
2614.3203	0.0224521209404325
2612.9033	0.0221960067350268
2611.4863	0.0223568231713863
2610.0693	0.0225583227089711
2608.6524	0.02274104501166
2607.2354	0.0221427278103498
2605.8184	0.0218248401011415
2604.4014	0.0222955815037472
2602.9845	0.0221645756197936
2601.5675	0.0222830159698666
2600.1505	0.0224076700424957
2598.7335	0.0222732624608559
2597.3166	0.0221931293870616
2595.8996	0.0219932293719112
2594.4826	0.0217274208795834
2593.0656	0.0218798776042006
2591.6487	0.0220889070997756
2590.2317	0.0226206416065978
2588.8147	0.0221081522279559
2587.3977	0.0213178702631381
2585.9808	0.0217788183834889
2584.5638	0.0218111340475693
2583.1468	0.0218854093701235
2581.7298	0.0221635547725532
2580.3128	0.0218280130386284
2578.8959	0.0215027795830283
2577.4789	0.0214515666023087
2576.0619	0.0216448305395289
2574.6449	0.0213417708762322
2573.228	0.021599398795935
2571.811	0.0214393776465149
2570.394	0.021328754569498
2568.977	0.0221632151198921
2567.5601	0.0216803591229632
2566.1431	0.0211914632807267
2564.7261	0.0212740331374375
2563.3091	0.0213630923761336
2561.8922	0.0215870067042082
2560.4752	0.0217380564686059
2559.0582	0.0216032925724709
2557.6412	0.0215547789779671
2556.2243	0.02175644093237
2554.8073	0.021895841562604
2553.3903	0.0214024588332976
2551.9733	0.0212363036097249
2550.5564	0.0214088009503728
2549.1394	0.0211577703542806
2547.7224	0.0212870266267622
2546.3054	0.0216503122988948
2544.8885	0.0217255084661224
2543.4715	0.0212482208302527
2542.0545	0.0213563589408899
2540.6375	0.0208943938969608
2539.2206	0.0214427651934124
2537.8036	0.0204062396096194
2536.3866	0.0218384206724688
2534.9696	0.0209707484707967
2533.5526	0.0205674653858444
2532.1357	0.0209321521887384
2530.7187	0.0213480821495626
2529.3017	0.020877612695894
2527.8847	0.0210459894019715
2526.4678	0.0208875059444605
2525.0508	0.0206251964368476
2523.6338	0.0210477528579144
2522.2168	0.021117046477281
2520.7999	0.0205075786036547
2519.3829	0.0207795320247717
2517.9659	0.0202105261501256
2516.5489	0.0209520499889773
2515.132	0.0204348576844305
2513.715	0.0207970535703946
2512.298	0.0206363829733039
2510.881	0.0209835740162615
2509.4641	0.0207665956845178
2508.0471	0.020836946302588
2506.6301	0.0208069958105467
2505.2131	0.0210908849803953
2503.7962	0.0204135508519842
2502.3792	0.020395675029868
2500.9622	0.020315722035243
2499.5452	0.0204122548994522
2498.1283	0.0200000658002056
2496.7113	0.0201458323678676
2495.2943	0.0204668346957275
2493.8773	0.0203101831381818
2492.4604	0.020335460427087
2491.0434	0.0207925778901807
2489.6264	0.0206443543148611
2488.2094	0.0213165401366458
2486.7924	0.0202092101440131
2485.3755	0.0201733232006177
2483.9585	0.0204695813949013
2482.5415	0.0206693452847123
2481.1245	0.0203877243190796
2479.7076	0.0204615690868282
2478.2906	0.0205946171808278
2476.8736	0.0202885436447916
2475.4566	0.0197281502795336
2474.0397	0.0204477863988175
2472.6227	0.0198661221199461
2471.2057	0.0202484151183467
2469.7887	0.0199951969616449
2468.3718	0.0204933944272899
2466.9548	0.0203365355720963
2465.5378	0.0207128591083787
2464.1208	0.0203172758911558
2462.7039	0.0199198731197503
2461.2869	0.0203325960646936
2459.8699	0.020046349128125
2458.4529	0.0203492437772861
2457.036	0.0202791172642817
2455.619	0.0200744002528076
2454.202	0.0195245077522458
2452.785	0.0201967907308532
2451.3681	0.0198425012037953
2449.9511	0.0199337799488893
2448.5341	0.0194637251019311
2447.1171	0.0193597283657748
2445.7002	0.0200462476351783
2444.2832	0.0197255066105981
2442.8662	0.0200515935909494
2441.4492	0.0202418655997086
2440.0322	0.0199867731854085
2438.6153	0.0201135688946255
2437.1983	0.0201482295000334
2435.7813	0.0199731557470456
2434.3643	0.0198870054636558
2432.9474	0.0201170635044217
2431.5304	0.0195813602672958
2430.1134	0.0194987597290768
2428.6964	0.019580690609899
2427.2795	0.0188916222575619
2425.8625	0.0193994038827433
2424.4455	0.0191355569571368
2423.0285	0.0197859150633577
2421.6116	0.0196909096156699
2420.1946	0.0193587588820704
2418.7776	0.0196137412283394
2417.3606	0.019653689143589
2415.9437	0.0196531282670031
2414.5267	0.0192668994802589
2413.1097	0.0196803472798312
2411.6927	0.0191018332842007
2410.2758	0.0191974620787248
2408.8588	0.0187406897842799
2407.4418	0.0197002261405027
2406.0248	0.0191351160743311
2404.6079	0.0189933501796205
2403.1909	0.0192180257016238
2401.7739	0.0189080463332339
2400.3569	0.0190837626652749
2398.94	0.0193412564363358
2397.523	0.0189831826559961
2396.106	0.0187996641724903
2394.689	0.0198649673978603
2393.272	0.0188201561786578
2391.8551	0.0192017246241412
2390.4381	0.0190203123981461
2389.0211	0.0191480567837502
2387.6041	0.0197001675790417
2386.1872	0.0193263380128707
2384.7702	0.0194550713899826
2383.3532	0.0191042607784032
2381.9362	0.0189434840795282
2380.5193	0.018730180437258
2379.1023	0.0191517645378673
2377.6853	0.018754004778732
2376.2683	0.0194335127289604
2374.8514	0.0190758265379494
2373.4344	0.0185846386817366
2372.0174	0.0187123031739866
2370.6004	0.0185010704012957
2369.1835	0.0182453254212739
2367.7665	0.0183661004994005
2366.3495	0.0187355755617404
2364.9325	0.0191348958832608
2363.5156	0.0190241679427333
2362.0986	0.0197037845254913
2360.6816	0.0196105716470125
2359.2646	0.0199449341503341
2357.8477	0.0198287624338438
2356.4307	0.0198291987753244
2355.0137	0.0193542422751
2353.5967	0.0194628848192128
2352.1798	0.0191861634766534
2350.7628	0.0191589922566056
2349.3458	0.0192459194935143
2347.9288	0.019261616241902
2346.5118	0.0190355302622823
2345.0949	0.0187714150453346
2343.6779	0.0189231885664021
2342.2609	0.0189444072404796
2340.8439	0.0189073629359551
2339.427	0.019055888855541
2338.01	0.0188956508159131
2336.593	0.0192546058314373
2335.176	0.0183713584051464
2333.7591	0.0196049616678509
2332.3421	0.0193123746795355
2330.9251	0.0186432154489442
2329.5081	0.0194862214233766
2328.0912	0.0190637882778073
2326.6742	0.0187896518857568
2325.2572	0.0192158209563682
2323.8402	0.0193029491009112
2322.4233	0.0195921973075813
2321.0063	0.0195459154544945
2319.5893	0.0191342556060514
2318.1723	0.019647648015581
2316.7554	0.0189219960927837
2315.3384	0.0188835902230352
2313.9214	0.0190151924164367
2312.5044	0.0187504437332992
2311.0875	0.018668676204649
2309.6705	0.018651761820784
2308.2535	0.0186606535091798
2306.8365	0.0188759423058714
2305.4196	0.0187843023190512
2304.0026	0.0189332854848997
2302.5856	0.0180892223576423
2301.1686	0.0189357524512503
2299.7516	0.0186905722180099
2298.3347	0.0185721390969161
2296.9177	0.0191258254105609
2295.5007	0.0190006430652003
2294.0837	0.0192401797783726
2292.6668	0.0188053078230017
2291.2498	0.0188538972943602
2289.8328	0.0186899762358184
2288.4158	0.0195048826529445
2286.9989	0.0187864995545089
2285.5819	0.0185063590706773
2284.1649	0.0189507690361461
2282.7479	0.0185937081390479
2281.331	0.0186038247880462
2279.914	0.0184481260422181
2278.497	0.0184437626985852
2277.08	0.0181929566467159
2275.6631	0.01843656651318
2274.2461	0.0190721430778971
2272.8291	0.0192753954321515
2271.4121	0.0189314603165182
2269.9952	0.0187160119506933
2268.5782	0.0186262512394394
2267.1612	0.0179881457071243
2265.7442	0.0174549742776098
2264.3273	0.0184370067583317
2262.9103	0.0182196715259611
2261.4933	0.0180570676233058
2260.0763	0.0184533318208793
2258.6594	0.0182953818230906
2257.2424	0.0186809842579558
2255.8254	0.018734018076086
2254.4084	0.0185738449725234
2252.9914	0.0183657663961141
2251.5745	0.0184852454944129
2250.1575	0.0185475729994631
2248.7405	0.0190231968779561
2247.3235	0.0186737894972743
2245.9066	0.0192114002734371
2244.4896	0.0184199197401316
2243.0726	0.0184457301409459
2241.6556	0.0183621672191437
2240.2387	0.0186736882000399
2238.8217	0.0182396674865569
2237.4047	0.0183815361788536
2235.9877	0.0183781296412832
2234.5708	0.0178542333788895
2233.1538	0.0181644394670603
2231.7368	0.018031839087252
2230.3198	0.0182555244216513
2228.9029	0.0181597409142046
2227.4859	0.0183520165577352
2226.0689	0.0182394890008582
2224.6519	0.0189053028833364
2223.235	0.0182248453826073
2221.818	0.0183982847988801
2220.401	0.017866044085735
2218.984	0.0181991447906154
2217.5671	0.0183214301402791
2216.1501	0.0186031829435167
2214.7331	0.0179332847331226
2213.3161	0.0179701987567822
2211.8992	0.0176380064880022
2210.4822	0.0181789920094322
2209.0652	0.0177655632017716
2207.6482	0.0177184987583123
2206.2312	0.0178442438275589
2204.8143	0.0182310275866745
2203.3973	0.0185107239009209
2201.9803	0.0185611817131094
2200.5633	0.0185601405153974
2199.1464	0.0186227800251478
2197.7294	0.0177568223930577
2196.3124	0.0183100598904552
2194.8954	0.0183266059640705
2193.4785	0.0177005748217937
2192.0615	0.0180571131031836
2190.6445	0.0177974941538262
2189.2275	0.0170237784934029
2187.8106	0.0175427424879588
2186.3936	0.0170933170515999
2184.9766	0.0179738145192792
2183.5596	0.0178840173860766
2182.1427	0.0180009186754509
2180.7257	0.0175681035289084
2179.3087	0.0182413854280361
2177.8917	0.017541693731383
2176.4748	0.0172771908507659
2175.0578	0.0177080594976341
2173.6408	0.0176999168345576
2172.2238	0.0171013068376914
2170.8069	0.017831414369142
2169.3899	0.0174988196762041
2167.9729	0.0178995895540963
2166.5559	0.0184774461950882
2165.139	0.0181689897116797
2163.722	0.0182600580954081
2162.305	0.0178787613389582
2160.888	0.0167927198905502
2159.471	0.0164743830446507
2158.0541	0.0148293345435537
2156.6371	0.0154184193810049
2155.2201	0.015669173164355
2153.8031	0.0168896836379822
2152.3862	0.0166722494660164
2150.9692	0.017112919261517
2149.5522	0.0177849521503732
2148.1352	0.0168756545811713
2146.7183	0.0168936690018047
2145.3013	0.0173297853967591
2143.8843	0.0171772764233577
2142.4673	0.017060071926831
2141.0504	0.0168860795617975
2139.6334	0.0170422836015497
2138.2164	0.0168484162063039
2136.7994	0.0161743321221389
2135.3825	0.0163648506347538
2133.9655	0.016859607690544
2132.5485	0.0159263955281227
2131.1315	0.0165442458214833
2129.7146	0.0167487350505425
2128.2976	0.0166678497426855
2126.8806	0.0168247509005968
2125.4636	0.0168176505975593
2124.0467	0.0175092837112892
2122.6297	0.0171060250962511
2121.2127	0.0171845709539655
2119.7957	0.0173022848157394
2118.3788	0.0173678277001261
2116.9618	0.0176388299498667
2115.5448	0.0182091737279717
2114.1278	0.0178131041347222
2112.7108	0.0175573770625511
2111.2939	0.017768941872191
2109.8769	0.0173635799169887
2108.4599	0.0182919173744098
2107.0429	0.018270201912942
2105.626	0.0177016904502425
2104.209	0.0184153319750549
2102.792	0.0177040367090512
2101.375	0.0175301578974502
2099.9581	0.0177518372142799
2098.5411	0.0179238069230081
2097.1241	0.0170456329336211
2095.7071	0.0173537559995421
2094.2902	0.017000460259141
2092.8732	0.0172102432066773
2091.4562	0.0172222998987089
2090.0392	0.0173601210823564
2088.6223	0.0171052689514636
2087.2053	0.0171734259369824
2085.7883	0.0171033537100309
2084.3713	0.0170297725992191
2082.9544	0.0172309587926336
2081.5374	0.0171596877923207
2080.1204	0.0171156454592485
2078.7034	0.0168484645085657
2077.2865	0.0162920910724405
2075.8695	0.0167837673547112
2074.4525	0.0171580946200942
2073.0355	0.0173681830680677
2071.6186	0.0177662355262837
2070.2016	0.0169883246472191
2068.7846	0.0169207633748107
2067.3676	0.017096645709538
2065.9506	0.0159754189321732
2064.5337	0.0169870083879524
2063.1167	0.0171273197961727
2061.6997	0.0167121527862033
2060.2827	0.0172031967194234
2058.8658	0.0167065716188767
2057.4488	0.0169558943784305
2056.0318	0.0168650872093616
2054.6148	0.0167096201102313
2053.1979	0.0171385565205683
2051.7809	0.0163069673798082
2050.3639	0.0169814329711008
2048.9469	0.0176848274550732
2047.53	0.0167845113607163
2046.113	0.0167811268443585
2044.696	0.0164791294047062
2043.279	0.0167408657982555
2041.8621	0.0168438213657333
2040.4451	0.015928139136656
2039.0281	0.0163083372721256
2037.6111	0.0162920654232963
2036.1942	0.0160666810181004
2034.7772	0.0158742782978809
2033.3602	0.0161839256987176
2031.9432	0.0170478616212918
2030.5263	0.016482184543675
2029.1093	0.0158141211240138
2027.6923	0.0168213192417005
2026.2753	0.016108451065775
2024.8584	0.0159102970403029
2023.4414	0.0164527146787901
2022.0244	0.016562968299542
2020.6074	0.0169864704272958
2019.1904	0.0163271008429518
2017.7735	0.0154796369337519
2016.3565	0.0153174275551318
2014.9395	0.0151362666457539
2013.5225	0.0153489621352168
2012.1056	0.0151159934812893
2010.6886	0.0151946990040093
2009.2716	0.0154917835250412
2007.8546	0.0150131352624837
2006.4377	0.0154438725949917
2005.0207	0.0149211697009269
2003.6037	0.0146956627784358
2002.1867	0.0156243541569785
2000.7698	0.0154694611379588
1999.3528	0.0144157923257098
1997.9358	0.0147687440247443
1996.5188	0.0149736449525538
1995.1019	0.0150607737384114
1993.6849	0.015263985404177
1992.2679	0.0152483612070089
1990.8509	0.015732355833716
1989.434	0.0158637714816588
1988.017	0.0149607114171882
1986.6	0.0154348412043468
1985.183	0.015842443229098
1983.7661	0.0159228424765586
1982.3491	0.016511780871926
1980.9321	0.0166414941127097
1979.5151	0.0166548832864595
1978.0982	0.0163120534352505
1976.6812	0.015590935866671
1975.2642	0.0154074028120241
1973.8472	0.0156502192585351
1972.4302	0.0150186662144933
1971.0133	0.0151039767724975
1969.5963	0.0153809751285116
1968.1793	0.0159053431908771
1966.7623	0.0159851053992892
1965.3454	0.0161659244793673
1963.9284	0.0159326238394226
1962.5114	0.0156788776651831
1961.0944	0.0149261687840259
1959.6775	0.014484006577836
1958.2605	0.0148591758025676
1956.8435	0.0147450462921029
1955.4265	0.0146566658227066
1954.0096	0.0146728418125786
1952.5926	0.0145273751946375
1951.1756	0.0151088903357602
1949.7586	0.0155564287620051
1948.3417	0.0149022230329304
1946.9247	0.0154704210559008
1945.5077	0.015501118135571
1944.0907	0.0155943322664243
1942.6738	0.0149763694419032
1941.2568	0.0157958165719518
1939.8398	0.0156736939349676
1938.4228	0.0159772415709548
1937.0059	0.0157669117846069
1935.5889	0.0152572417639462
1934.1719	0.0152978095677435
1932.7549	0.0147510622222869
1931.338	0.0148729875520956
1929.921	0.0156223486024302
1928.504	0.0151570015093758
1927.087	0.0156007577529426
1925.67	0.0153588933064702
1924.2531	0.0151608995899986
1922.8361	0.0156589753286259
1921.4191	0.0160498838608039
1920.0021	0.0163002598529271
1918.5852	0.0156567806511538
1917.1682	0.01610423360981
1915.7512	0.016067030728972
1914.3342	0.015961921772787
1912.9173	0.0161289716788257
1911.5003	0.0165305383948989
1910.0833	0.0161654385809957
1908.6663	0.0157958751829288
1907.2494	0.0156119029139823
1905.8324	0.015930905710376
1904.4154	0.0162823657400092
1902.9984	0.0157450638566478
1901.5815	0.015864199689241
1900.1645	0.0158961072759784
1898.7475	0.0166083015401682
1897.3305	0.0152767335255595
1895.9136	0.0163179890516319
1894.4966	0.0161433219886891
1893.0796	0.0160251648416454
1891.6626	0.0163228383910556
1890.2457	0.0156310911628925
1888.8287	0.0158117341373107
1887.4117	0.0162828169512956
1885.9947	0.0162219361180367
1884.5778	0.0155479579893288
1883.1608	0.0157286970228338
1881.7438	0.0160122729691444
1880.3268	0.0157794907059657
1878.9098	0.0154357271044933
1877.4929	0.0157879532061946
1876.0759	0.0150906978356713
1874.6589	0.0157486217755443
1873.2419	0.015856394544638
1871.825	0.0161472064354446
1870.408	0.0163851844110956
1868.991	0.0161787045283232
1867.574	0.0159452610485458
1866.1571	0.0158290467439692
1864.7401	0.0154413085063289
1863.3231	0.0155385485483215
1861.9061	0.0156032310533467
1860.4892	0.0156103690606318
1859.0722	0.0158615311606143
1857.6552	0.0156887905114993
1856.2382	0.0152500334224037
1854.8213	0.0152458572850526
1853.4043	0.0154488305849267
1851.9873	0.0155278879912161
1850.5703	0.0154236849572818
1849.1534	0.0158442068347355
1847.7364	0.0163893534503066
1846.3194	0.0154213154943426
1844.9024	0.0161357708886669
1843.4855	0.01612858328231
1842.0685	0.0155322387586048
1840.6515	0.0160066747785749
1839.2345	0.0156599865337268
1837.8176	0.0156333890683397
1836.4006	0.0153594075861683
1834.9836	0.0155562879430862
1833.5666	0.0156233099597758
1832.1496	0.015877392440792
1830.7327	0.0158205493304453
1829.3157	0.0158745475417226
1827.8987	0.0152228672557823
1826.4817	0.0149820046097656
1825.0648	0.0155500411837308
1823.6478	0.0156629230769289
1822.2308	0.0157140256032768
1820.8138	0.0150989914074823
1819.3969	0.0157946424978185
1817.9799	0.0155503206160647
1816.5629	0.0154493945697819
1815.1459	0.0152681804982737
1813.729	0.0151939501028618
1812.312	0.0150471261230792
1810.895	0.0153586804972054
1809.478	0.015038743487631
1808.0611	0.0151252810600172
1806.6441	0.0151735991250283
1805.2271	0.0162740319854251
1803.8101	0.015623361071368
1802.3932	0.0151819835558417
1800.9762	0.0155548007947714
1799.5592	0.0150804809178287
1798.1422	0.0160794895690953
1796.7253	0.0153269826092881
1795.3083	0.0154179791871852
1793.8913	0.0159624893366082
1792.4743	0.0157644846155357
1791.0574	0.0154084212929198
1789.6404	0.0159625407415244
1788.2234	0.0156045839462321
1786.8064	0.0159702287742641
1785.3894	0.0156499053787719
1783.9725	0.0161446250823956
1782.5555	0.015998121026627
1781.1385	0.0156238381462075
1779.7215	0.0158139417292569
1778.3046	0.0154857908968085
1776.8876	0.0157996361700717
1775.4706	0.0152179340179387
1774.0536	0.0157316046049714
1772.6367	0.0152634508322146
1771.2197	0.0158888897100045
1769.8027	0.0154473934979437
1768.3857	0.0159596560287008
1766.9688	0.0161592642642702
1765.5518	0.0157552367417214
1764.1348	0.016187067532431
1762.7178	0.015563641324485
1761.3009	0.0155038275663691
1759.8839	0.0163403415970559
1758.4669	0.0163247598465987
1757.0499	0.0163756175699349
1755.633	0.0162575077836041
1754.216	0.0163276046253008
1752.799	0.016134177542131
1751.382	0.0160337947721875
1749.9651	0.0166378182775047
1748.5481	0.0160046946603667
1747.1311	0.0170481280668861
1745.7141	0.0166640323853713
1744.2972	0.0169022581119956
1742.8802	0.0173763807715929
1741.4632	0.016978417867775
1740.0462	0.0175990474942898
1738.6292	0.0172429582586261
1737.2123	0.017634779982223
1735.7953	0.0175857211670693
1734.3783	0.0177791248237004
1732.9613	0.0175427050847306
1731.5444	0.0177763574567662
1730.1274	0.0182154275430647
1728.7104	0.0183916349143953
1727.2934	0.0186927014857007
1725.8765	0.018126604346363
1724.4595	0.0180181559279716
1723.0425	0.0190493335760539
1721.6255	0.0184898063261862
1720.2086	0.0185321083332643
1718.7916	0.0189139483488637
1717.3746	0.019288768070597
1715.9576	0.0190886758866898
1714.5407	0.020191557305671
1713.1237	0.02028509790971
1711.7067	0.0194856125599167
1710.2897	0.0195325555819866
1708.8728	0.0203180509116516
1707.4558	0.0198514368294156
1706.0388	0.0205196256575836
1704.6218	0.0204432585438132
1703.2049	0.0203649971218761
1701.7879	0.0199036920417583
1700.3709	0.0204164654669365
1698.9539	0.0207142802894991
1697.537	0.0210356344624877
1696.12	0.0219930152583904
1694.703	0.0214179888693445
1693.286	0.0212168349005624
1691.869	0.021212927422613
1690.4521	0.0215195645479105
1689.0351	0.0211452528947615
1687.6181	0.0212059720559315
1686.2011	0.0216216698290334
1684.7842	0.0215751764082949
1683.3672	0.0218633586384855
1681.9502	0.0221043324737839
1680.5332	0.0219378987570747
1679.1163	0.0218476127332993
1677.6993	0.021824496397583
1676.2823	0.0215298559686616
1674.8653	0.0224874744291717
1673.4484	0.0220720319267356
1672.0314	0.0224565947592072
1670.6144	0.0222746499832275
1669.1974	0.0224894506016666
1667.7805	0.0229059369617042
1666.3635	0.0228525688783087
1664.9465	0.0227917792956073
1663.5295	0.0233579501530768
1662.1126	0.0234486616972344
1660.6956	0.0240212515164461
1659.2786	0.0238885156052768
1657.8616	0.024026514167253
1656.4447	0.0238473817133409
1655.0277	0.024181342208907
1653.6107	0.0246491389235547
1652.1937	0.0249097777422466
1650.7768	0.0247383713603431
1649.3598	0.0256761014133819
1647.9428	0.0254795188935945
1646.5258	0.0261313896183993
1645.1088	0.0262549682974698
1643.6919	0.0268197934006099
1642.2749	0.0265510002596434
1640.8579	0.0272150472090796
1639.4409	0.0274630108479153
1638.024	0.0272699781315191
1636.607	0.0282034221431464
1635.19	0.0286000412839877
1633.773	0.029669864296262
1632.3561	0.0293668279102126
1630.9391	0.0299105899542399
1629.5221	0.0301722302484509
1628.1051	0.0303595828633745
1626.6882	0.0304858273158457
1625.2712	0.0303769667141461
1623.8542	0.0312174302966547
1622.4372	0.0317959823328467
1621.0203	0.0317161678426264
1619.6033	0.0318475370078926
1618.1863	0.0320586260000331
1616.7693	0.0319445044014702
1615.3524	0.032325001240579
1613.9354	0.032265652556893
1612.5184	0.0324754877389406
1611.1014	0.0330561319466637
1609.6845	0.0331438580382707
1608.2675	0.0337955016351783
1606.8505	0.0338288055965134
1605.4335	0.0347675920434307
1604.0166	0.0347240769551519
1602.5996	0.0350356626305181
1601.1826	0.0353105663868473
1599.7656	0.0350916526586046
1598.3486	0.0346720842081973
1596.9317	0.034821962067764
1595.5147	0.034168131804419
1594.0977	0.0348620490582385
1592.6807	0.0343478629011468
1591.2638	0.034071022377585
1589.8468	0.0338620570318963
1588.4298	0.0341599037780601
1587.0128	0.0332810275832908
1585.5959	0.03330250496009
1584.1789	0.0328972859115914
1582.7619	0.0323191759175174
1581.3449	0.0321304307615019
1579.928	0.0319826219419838
1578.511	0.0313543352996455
1577.094	0.0305518387157824
1575.677	0.0303915995955599
1574.2601	0.0300772176381288
1572.8431	0.029622889357845
1571.4261	0.0296647918592986
1570.0091	0.0297215352077146
1568.5922	0.0297020146198382
1567.1752	0.0288151264656253
1565.7582	0.0278392538803273
1564.3412	0.0274668539597911
1562.9243	0.0275857832622533
1561.5073	0.0271268431139982
1560.0903	0.0262687215989472
1558.6733	0.0257721135884128
1557.2564	0.0257704643768275
1555.8394	0.0255283009888789
1554.4224	0.0242464868434134
1553.0054	0.0243116180018917
1551.5885	0.0242609768833956
1550.1715	0.0242199642998649
1548.7545	0.0233271004110173
1547.3375	0.0228168593255395
1545.9205	0.023143286090891
1544.5036	0.0229786210954237
1543.0866	0.0225692941232917
1541.6696	0.0225382189909361
1540.2526	0.0220328123068115
1538.8357	0.0218514185836866
1537.4187	0.022086522772195
1536.0017	0.0220180008517928
1534.5847	0.0217984572430514
1533.1678	0.0218353359207216
1531.7508	0.0222160359362081
1530.3338	0.021792710927425
1528.9168	0.0221545170137609
1527.4999	0.0219778960154133
1526.0829	0.0223702929288866
1524.6659	0.0221855992967757
1523.2489	0.0227689305864522
1521.832	0.0227772727887726
1520.415	0.0239697060715672
1518.998	0.0245616985358832
1517.581	0.024949568880253
1516.1641	0.0258870488862595
1514.7471	0.0262285153246463
1513.3301	0.0273898052112135
1511.9131	0.026925570483817
1510.4962	0.0275580568569148
1509.0792	0.0268589326369517
1507.6622	0.0279976769556919
1506.2452	0.0272215503703642
1504.8283	0.0276183727055701
1503.4113	0.0267336702145242
1501.9943	0.0256402663917962
1500.5773	0.025102484766274
1499.1603	0.0250316983312563
1497.7434	0.0239993383043351
1496.3264	0.023896962242834
1494.9094	0.0234383797323096
1493.4924	0.0226221227923594
1492.0755	0.022501673950336
1490.6585	0.0228219162843918
1489.2415	0.0227187928914128
1487.8245	0.022751564987857
1486.4076	0.0232799678634834
1484.9906	0.0237609209384024
1483.5736	0.0238229753489881
1482.1566	0.0240268235885616
1480.7397	0.0241528216509618
1479.3227	0.023919596977131
1477.9057	0.0249377497838988
1476.4887	0.0237119276405402
1475.0718	0.0243404505192475
1473.6548	0.0251572060601405
1472.2378	0.0257500605381072
1470.8208	0.026050595685899
1469.4039	0.0271939660282392
1467.9869	0.0266856300825655
1466.5699	0.0273482257790215
1465.1529	0.028242551479405
1463.736	0.029053967440731
1462.319	0.0292021415499883
1460.902	0.0296792545304528
1459.485	0.0307875760936781
1458.0681	0.0312937169168012
1456.6511	0.0312996325539285
1455.2341	0.0314302636666551
1453.8171	0.032132277239224
1452.4001	0.0321765597670989
1450.9832	0.0322193412588588
1449.5662	0.0323379628189628
1448.1492	0.032441439870595
1446.7322	0.0322892950715496
1445.3153	0.0322483050164844
1443.8983	0.0314565083165141
1442.4813	0.0323560106718608
1441.0643	0.0321554037240463
1439.6474	0.0319196440722254
1438.2304	0.0316629586324802
1436.8134	0.0326195950099297
1435.3964	0.0333204735192048
1433.9795	0.0331150470622931
1432.5625	0.0338784137592326
1431.1455	0.0336201175815795
1429.7285	0.0338582547038925
1428.3116	0.0342416339732349
1426.8946	0.034658111738258
1425.4776	0.0346327369096165
1424.0606	0.0356558754428187
1422.6437	0.0353963483723525
1421.2267	0.0357892204276512
1419.8097	0.0360192154943262
1418.3927	0.0365725149740934
1416.9758	0.037041859881045
1415.5588	0.0366357327998862
1414.1418	0.0374843400889696
1412.7248	0.0370586212739783
1411.3079	0.036439081797816
1409.8909	0.0363754364114051
1408.4739	0.0368406071691089
1407.0569	0.0372894289731102
1405.6399	0.0368770409461337
1404.223	0.0374350416114122
1402.806	0.0369252030191475
1401.389	0.0367126916088933
1399.972	0.0371506957662618
1398.5551	0.036816972469014
1397.1381	0.0378821225713801
1395.7211	0.0372466861851121
1394.3041	0.0374455609731306
1392.8872	0.0377875305717326
1391.4702	0.0378264821632724
1390.0532	0.0385770039210845
1388.6362	0.0389356651910185
1387.2193	0.0393055602088249
1385.8023	0.0390963407325122
1384.3853	0.0392879958371469
1382.9683	0.0397066441667076
1381.5514	0.0397870483946318
1380.1344	0.0394746163237373
1378.7174	0.0391279342973586
1377.3004	0.0398071540781728
1375.8835	0.0387217297935781
1374.4665	0.0393953021266472
1373.0495	0.0397737578239791
1371.6325	0.0397420513642818
1370.2156	0.0406139073246626
1368.7986	0.0407706450678504
1367.3816	0.0403737343105112
1365.9646	0.0417395480520046
1364.5477	0.0416293067727367
1363.1307	0.0416961194435652
1361.7137	0.0417773684453131
1360.2967	0.0421206358054537
1358.8797	0.0411314161407309
1357.4628	0.0413963208180335
1356.0458	0.0401352209392197
1354.6288	0.0405850084209763
1353.2118	0.0396301010861838
1351.7949	0.0393821779423795
1350.3779	0.0393298051658642
1348.9609	0.0396821986605915
1347.5439	0.0397529581011468
1346.127	0.039979999684676
1344.71	0.039506107476079
1343.293	0.0395294783649237
1341.876	0.0401666936653923
1340.4591	0.0405440635281163
1339.0421	0.0402802602962448
1337.6251	0.0403336737772052
1336.2081	0.0407778107294091
1334.7912	0.0405128034665981
1333.3742	0.0404459718317022
1331.9572	0.0399339951205421
1330.5402	0.0392433287484977
1329.1233	0.0400810991811791
1327.7063	0.0391447902255708
1326.2893	0.0387116041049923
1324.8723	0.0389659519663477
1323.4554	0.0383175327913981
1322.0384	0.038158799962548
1320.6214	0.0375909320490993
1319.2044	0.037254700790784
1317.7875	0.0368509529648645
1316.3705	0.0368841565551687
1314.9535	0.036760506327762
1313.5365	0.0367247088340295
1312.1195	0.0363315151656857
1310.7026	0.0360816234513423
1309.2856	0.0359991281189286
1307.8686	0.0365470908405814
1306.4516	0.036183021784412
1305.0347	0.035896076903859
1303.6177	0.0359460186443961
1302.2007	0.0365772797393232
1300.7837	0.0366211894710034
1299.3668	0.0365744833734316
1297.9498	0.0364048323579901
1296.5328	0.0364684313571976
1295.1158	0.0364839091452242
1293.6989	0.0361264823993214
1292.2819	0.0360595827846641
1290.8649	0.0360040998203515
1289.4479	0.0362511652558713
1288.031	0.0360270798488663
1286.614	0.0366765006452864
1285.197	0.036382508256468
1283.78	0.0363156315653652
1282.3631	0.0364201992181269
1280.9461	0.0371869818505381
1279.5291	0.0376049641716841
1278.1121	0.0371492639866405
1276.6952	0.0379515967865965
1275.2782	0.0383860174334456
1273.8612	0.0387749647725179
1272.4442	0.0394488218943674
1271.0273	0.0388214240924933
1269.6103	0.0392482595823584
1268.1933	0.0386165996572958
1266.7763	0.0391006909521292
1265.3593	0.0392729133811723
1263.9424	0.038622030311835
1262.5254	0.0383323280741695
1261.1084	0.0389067466995595
1259.6914	0.0382975106720266
1258.2745	0.0383457294078177
1256.8575	0.0382324887734649
1255.4405	0.0383529188428567
1254.0235	0.0382128112275164
1252.6066	0.038347080652195
1251.1896	0.0378503278007945
1249.7726	0.0379969096651171
1248.3556	0.0382608734838187
1246.9387	0.0375485575908447
1245.5217	0.0376508201065011
1244.1047	0.0377087660321162
1242.6877	0.0375100965819943
1241.2708	0.037306107456816
1239.8538	0.0378701404162354
1238.4368	0.0380714762718434
1237.0198	0.0381911072359178
1235.6029	0.0383685530344312
1234.1859	0.0377545128458325
1232.7689	0.0376514207883714
1231.3519	0.0374343762661963
1229.935	0.0375761935809315
1228.518	0.0371768271258459
1227.101	0.0363353192983475
1225.684	0.0363245683807178
1224.2671	0.0356884609616158
1222.8501	0.0353974020195074
1221.4331	0.0343483787107763
1220.0161	0.0341432567980537
1218.5991	0.0342451673282365
1217.1822	0.033713458356245
1215.7652	0.0334523638373704
1214.3482	0.0329029926446363
1212.9312	0.0327364582924119
1211.5143	0.0323383207265986
1210.0973	0.0323935899108015
1208.6803	0.0323046190119928
1207.2633	0.0317110471393592
1205.8464	0.0315350693108677
1204.4294	0.0314268140914881
1203.0124	0.0310446860657598
1201.5954	0.0313126831449236
1200.1785	0.030520851834309
1198.7615	0.0302123468216312
1197.3445	0.0297396157715233
1195.9275	0.0297202599497021
1194.5106	0.0293496500923619
1193.0936	0.029268916536961
1191.6766	0.0286939255210688
1190.2596	0.027842731874008
1188.8427	0.0278269507911803
1187.4257	0.0270812149726507
1186.0087	0.0270428297213798
1184.5917	0.0266764257054558
1183.1748	0.0263189751681007
1181.7578	0.0262983139235699
1180.3408	0.0260360995316818
1178.9238	0.026562522267524
1177.5069	0.0270869334103879
1176.0899	0.0272601210360579
1174.6729	0.0269916105220862
1173.2559	0.0288490315423821
1171.8389	0.0295391347889728
1170.422	0.0312331119991924
1169.005	0.0322218278828161
1167.588	0.0326962102161682
1166.171	0.0350361024444538
1164.7541	0.0365422624294082
1163.3371	0.0387490271564708
1161.9201	0.0404916245937305
1160.5031	0.0422183417358425
1159.0862	0.044651938533423
1157.6692	0.0464651651641911
1156.2522	0.0481651252025691
1154.8352	0.049738228216207
1153.4183	0.0509559108979304
1152.0013	0.0525685016472576
1150.5843	0.0530771303388602
1149.1673	0.0538016231428976
1147.7504	0.0540931241255345
1146.3334	0.0538359060264911
1144.9164	0.0537390579159992
1143.4994	0.0540050039142718
1142.0825	0.0534988135822918
1140.6655	0.0528745229471973
1139.2485	0.0519455716367265
1137.8315	0.0505666971083664
1136.4146	0.0495546639998442
1134.9976	0.0494706621573016
1133.5806	0.0492047808346938
1132.1636	0.0484890014751458
1130.7467	0.0491403787702229
1129.3297	0.0495355444766272
1127.9127	0.0491723887219017
1126.4957	0.0491699073292397
1125.0787	0.0495473540221504
1123.6618	0.0501358009819
1122.2448	0.0512542768983501
1120.8278	0.0508283919203104
1119.4108	0.0507237806409149
1117.9939	0.0514543316760548
1116.5769	0.0508779967338456
1115.1599	0.0513593491645861
1113.7429	0.0514112178467591
1112.326	0.0517965641932222
1110.909	0.051889956796938
1109.492	0.0532773293126276
1108.075	0.0530466768493859
1106.6581	0.0537408436098423
1105.2411	0.0541053947743063
1103.8241	0.0547679233053644
1102.4071	0.0552328177733247
1100.9902	0.0557863488311503
1099.5732	0.0552698083116044
1098.1562	0.0560793565040075
1096.7392	0.0557326084004009
1095.3223	0.0563627643839243
1093.9053	0.0560598438158931
1092.4883	0.05673321969409
1091.0713	0.05794549057176
1089.6544	0.0588118604959214
1088.2374	0.0603415783657019
1086.8204	0.0619472177257137
1085.4034	0.0637221859262518
1083.9865	0.0657424021400993
1082.5695	0.0671770620353547
1081.1525	0.0692796840646472
1079.7355	0.0704868043940617
1078.3185	0.0721035677487913
1076.9016	0.0727368912148049
1075.4846	0.0722141503758711
1074.0676	0.0723245668206943
1072.6506	0.0712707101543149
1071.2337	0.0699843368725921
1069.8167	0.068080329644765
1068.3997	0.0669803267474832
1066.9827	0.0668142876790546
1065.5658	0.0660629551568636
1064.1488	0.0666072028734051
1062.7318	0.0663011596773301
1061.3148	0.0672331717462399
1059.8979	0.0677460130513265
1058.4809	0.0693038743043033
1057.0639	0.0708508919062754
1055.6469	0.072307055695965
1054.23	0.0731444417146594
1052.813	0.0744962445291286
1051.396	0.0761759747599232
1049.979	0.0776495879997374
1048.5621	0.0788052595911402
1047.1451	0.0798616446113991
1045.7281	0.0818271679306101
1044.3111	0.0832209405505426
1042.8942	0.0850137353761394
1041.4772	0.085815878233212
1040.0602	0.0872187507570486
1038.6432	0.0886554394651368
1037.2263	0.0894573207524242
1035.8093	0.0915756746164026
1034.3923	0.0929420170094511
1032.9753	0.0940702024832631
1031.5583	0.0956981688841642
1030.1414	0.097267554376255
1028.7244	0.0986950416241098
1027.3074	0.100533281763468
1025.8904	0.101803848818087
1024.4735	0.103707333367535
1023.0565	0.105952240271721
1021.6395	0.106247081732245
1020.2225	0.107255458296943
1018.8056	0.109279457118878
1017.3886	0.10985720404776
1015.9716	0.110216624953903
1014.5546	0.110502507996916
1013.1377	0.111211227858994
1011.7207	0.111624148631118
1010.3037	0.11256201425527
1008.8867	0.112055883221299
1007.4698	0.111855945116102
1006.0528	0.112689359027055
1004.6358	0.111854303616556
1003.2188	0.112674050647468
1001.8019	0.113489361604588
1000.3849	0.114213628809792
998.9679	0.114547703706101
997.5509	0.115970554194186
996.134	0.116209219286801
994.717	0.117235702172366
993.3	0.117570924249317
991.883	0.117751128129465
990.4661	0.118242203219505
989.0491	0.117445210008959
987.6321	0.117061347177655
986.2151	0.116380790961331
984.7981	0.11554668978117
983.3812	0.114917676332576
981.9642	0.112846720126345
980.5472	0.111756008613054
979.1302	0.110230155758921
977.7133	0.108011760479634
976.2963	0.106462868949718
974.8793	0.104540352960627
973.4623	0.102241004087228
972.0454	0.100300962561377
970.6284	0.0977156199717922
969.2114	0.0953775235465316
967.7944	0.0937181171586955
966.3775	0.0912512039754288
964.9605	0.0897136085190144
963.5435	0.0871797763065679
962.1265	0.0853370099380702
960.7096	0.0840419810738278
959.2926	0.0820144638404413
957.8756	0.0803934091279827
956.4586	0.0787900938097344
955.0417	0.0772500947366544
953.6247	0.0757465264689379
952.2077	0.0739126872647983
950.7907	0.0723437160511491
949.3738	0.0715955008079107
947.9568	0.0705232871035984
946.5398	0.0698622271123098
945.1228	0.0692447103484497
943.7059	0.068549821573983
942.2889	0.0691018652679946
940.8719	0.0696500554072264
939.4549	0.0694660793766922
938.0379	0.0694063847599745
936.621	0.0701191943680254
935.204	0.069820225978659
933.787	0.0706771881965494
932.37	0.0696299905795609
930.9531	0.0702093363769761
929.5361	0.0697825344762998
928.1191	0.0698863788552243
926.7021	0.0705659239822047
925.2852	0.0700733804541048
923.8682	0.0697669569800691
922.4512	0.0694635680761487
921.0342	0.0689181930620609
919.6173	0.0691248297754725
918.2003	0.0692049250735747
916.7833	0.0681690242852952
915.3663	0.0681712364034499
913.9494	0.0674712329835956
912.5324	0.067217066956795
911.1154	0.0666804896537916
909.6984	0.0660873400787068
908.2815	0.065421047512222
906.8645	0.064474407730157
905.4475	0.0631044209815489
904.0305	0.0630071224930233
902.6136	0.061910825992079
901.1966	0.0616739400294122
899.7796	0.0615774579590823
898.3626	0.0610548406665596
896.9457	0.0608415448131284
895.5287	0.06065727742543
894.1117	0.0604057961410369
892.6947	0.0598460270600549
891.2777	0.0585299672161068
889.8608	0.058715647207133
888.4438	0.0581586158473163
887.0268	0.0569623177200668
885.6098	0.0571750806406099
884.1929	0.0563493976144978
882.7759	0.0558217408443374
881.3589	0.0553189684567389
879.9419	0.0549945201994859
878.525	0.0543092937600984
877.108	0.0540494906354074
875.691	0.054014440690598
874.274	0.0537192040616181
872.8571	0.0541256094711179
871.4401	0.0545460369773726
870.0231	0.0549785387497912
868.6061	0.0551471539725014
867.1892	0.05499923752532
865.7722	0.0553748387691866
864.3552	0.0557245277385326
862.9382	0.0561163971765785
861.5213	0.0572790278970488
860.1043	0.0569189224578447
858.6873	0.057177148982847
857.2703	0.0568478451902634
855.8534	0.0567940473032689
854.4364	0.0570090009820853
853.0194	0.0571808240201611
851.6024	0.0570344944948272
850.1855	0.0574983720542045
848.7685	0.0569534457370023
847.3515	0.0577803894019632
845.9345	0.0571581009526467
844.5175	0.0572734894101234
843.1006	0.0572727548221402
841.6836	0.0562915749954853
840.2666	0.0568116001649348
838.8496	0.0563004506995683
837.4327	0.0559141840295754
836.0157	0.0556642040872512
834.5987	0.0552333132747324
833.1817	0.0552217985958103
831.7648	0.05471254285742
830.3478	0.0539109020666245
828.9308	0.0537866984129757
827.5138	0.0536345943355921
826.0969	0.0536417108783062
824.6799	0.053154731220714
823.2629	0.052525664116761
821.8459	0.0525148894907872
820.429	0.0529818080345849
819.012	0.0528196669019625
817.595	0.0524663395935064
816.178	0.0524587958731444
814.7611	0.0524834275375785
813.3441	0.0515428392230383
811.9271	0.051420637717836
810.5101	0.0515786697324128
809.0932	0.0508956543630904
807.6762	0.0511511640104477
806.2592	0.0504497090609786
804.8422	0.0509237020689186
803.4253	0.0501988395266788
802.0083	0.050700762544008
800.5913	0.050745590358999
799.1743	0.0507916874477701
797.7573	0.0510242245138014
796.3404	0.0515021478030161
794.9234	0.0506866372293003
793.5064	0.0512041044142606
792.0894	0.0511820191962391
790.6725	0.0516073516938864
789.2555	0.0516483233669981
787.8385	0.0520769637638608
786.4215	0.0519004199816603
785.0046	0.0515626282142541
783.5876	0.0531809560841926
782.1706	0.0529204787454012
780.7536	0.0527948026971695
779.3367	0.0539191769380791
777.9197	0.0540351856227218
776.5027	0.054631807856969
775.0857	0.0541670763314443
773.6688	0.0554560921857123
772.2518	0.0553964150741863
770.8348	0.0562613300270082
769.4178	0.0568909256451391
768.0009	0.0581011252462438
766.5839	0.0585016589882669
765.1669	0.0588399355856758
763.7499	0.0595932352025267
762.333	0.0600115841141327
760.916	0.0606393815351582
759.499	0.0607267346050181
758.082	0.0608076721396266
756.6651	0.0608480171073899
755.2481	0.0604882053249126
753.8311	0.0596118424541731
752.4141	0.0599614036396902
750.9971	0.0586269401124135
749.5802	0.0579734300729151
748.1632	0.0574970809226755
746.7462	0.0572559399364874
745.3292	0.0572778947586756
743.9123	0.0570146265562075
742.4953	0.056354780261008
741.0783	0.0563225453085316
739.6613	0.0551624517916731
738.2444	0.0556355860507024
736.8274	0.0549275131290337
735.4104	0.0551872067385178
733.9934	0.0551034003817828
732.5765	0.0554701115561513
731.1595	0.0560381097493155
729.7425	0.0545348054873376
728.3255	0.055936366057242
726.9086	0.0562337380444043
725.4916	0.0565640743728695
724.0746	0.0566235981478914
722.6576	0.0570987910201575
721.2407	0.05708527561312
719.8237	0.0576585460566222
718.4067	0.0586282770480542
716.9897	0.0598305501878891
715.5728	0.059823790749403
714.1558	0.06121223255522
712.7388	0.0614989998327459
711.3218	0.0622651736904599
709.9049	0.0630024790354949
708.4879	0.0632711109887316
707.0709	0.0635209531104977
705.6539	0.063941749214273
704.2369	0.0639061818696293
702.82	0.0640096612925392
701.403	0.0638907752827008
699.986	0.0635937487990593
698.569	0.0640388247590708
697.1521	0.063802006694132
695.7351	0.0630732990831669
694.3181	0.062924697927479
692.9011	0.0631335233356273
691.4842	0.0627250772483039
690.0672	0.0623780957400261
688.6502	0.06270043209442
687.2332	0.0626622417840132
685.8163	0.0615918749115745
684.3993	0.0630970884539072
682.9823	0.0623053058012439
681.5653	0.0628454785662268
680.1484	0.0629733877284573
678.7314	0.063015852262802
677.3144	0.0632462367076181
675.8974	0.063024392237771
674.4805	0.0624439419901233
673.0635	0.0628653055187675
671.6465	0.0632853847487436
670.2295	0.0633590568178191
668.8126	0.0641967918573435
667.3956	0.0642830746179328
665.9786	0.0651229824382432
664.5616	0.0647892005906759
663.1447	0.0649574279784605
661.7277	0.0652360332296862
660.3107	0.0657081323414934
658.8937	0.0657703170505235
657.4767	0.065935986411886
656.0598	0.0663953479232373
654.6428	0.0663782837549376
653.2258	0.066474991634463
651.8088	0.067082583653732
650.3919	0.0674455293620905
648.9749	0.0668137841395277
647.5579	0.066888727183852
646.1409	0.0668097993502052
644.724	0.0670520439421368
643.307	0.0675868042777503
641.89	0.0679097818516261
640.473	0.0676692226199912
639.0561	0.0681349434424681
637.6391	0.068303277991129
636.2221	0.0688092438104683
634.8051	0.0685998294629891
633.3882	0.0693111138330652
631.9712	0.0694051037306075
630.5542	0.0696896298412557
629.1372	0.0700838712627612
627.7203	0.0704053028496989
626.3033	0.0704487275754627
624.8863	0.0708916746706225
623.4693	0.0710649912539123
622.0524	0.0716646480299809
620.6354	0.0729523992177401
619.2184	0.0738010630600528
617.8014	0.0745485014201775
616.3845	0.0746425164515814
614.9675	0.075886762176599
613.5505	0.0771787617539665
612.1335	0.0774497158696818
610.7165	0.078251793007128
609.2996	0.0785194566212377
607.8826	0.0789282140521958
606.4656	0.079434262433007
605.0486	0.0791429504221678
603.6317	0.0791411780158438
602.2147	0.0794419459848042
600.7977	0.0791866358897263
599.3807	0.0787890313096945
597.9638	0.0795551440744261
596.5468	0.0791896325420085
595.1298	0.0796748934088411
593.7128	0.0801263110967618
592.2959	0.0799612541416003
590.8789	0.0809331342831072
589.4619	0.0811836338262708
588.0449	0.081567463058087
586.628	0.0819665876710305
585.211	0.0825090418090879
583.794	0.083467003239041
582.377	0.0842480093016466
580.9601	0.0854216876047158
579.5431	0.0860164355094788
578.1261	0.0882688407703455
576.7091	0.0895365245429823
575.2922	0.0902747626235126
573.8752	0.0902513676433032
572.4582	0.091089087848329
571.0412	0.0908805892162478
569.6243	0.0907745799493573
568.2073	0.0910940748573246
566.7903	0.0912265787341933
565.3733	0.0905956138972403
563.9563	0.0902080185211738
562.5394	0.0897137695114158
561.1224	0.0885169579172223
559.7054	0.0884502397384996
558.2884	0.088676965992249
556.8715	0.0890071518284306
555.4545	0.0885919453796829
554.0375	0.088607344687716
552.6205	0.0886102722854333
551.2036	0.0889947300726258
549.7866	0.0882084408933404
548.3696	0.0879826615324949
546.9526	0.0876378552806052
545.5357	0.0871812535477826
544.1187	0.0877011552894562
542.7017	0.0867204041871731
541.2847	0.0875088840790467
539.8678	0.0877024634067672
538.4508	0.087994758080012
537.0338	0.0886360379399887
535.6168	0.0894414257712265
534.1999	0.0896492312834864
532.7829	0.0911651594565336
531.3659	0.0923226163993498
529.9489	0.0932642543835673
528.532	0.0933732412622734
527.115	0.0942118240461723
525.698	0.09481456529297
524.281	0.0957447208833298
522.8641	0.0956662669415231
521.4471	0.0954451190448517
520.0301	0.0951317951395669
518.6131	0.0955401662266153
517.1962	0.0951974106240596
515.7792	0.096208411561504
514.3622	0.0964119136626421
512.9452	0.0971270913093714
511.5282	0.0981437765064438
510.1113	0.0968375605264398
508.6943	0.0969088212427683
507.2773	0.095923087168188
505.8603	0.0953167358907273
504.4434	0.0951760244598081
503.0264	0.0951430635156647
501.6094	0.0944332928895103
500.1924	0.0943548961606919
498.7755	0.0943275852092339
497.3585	0.0944572908212841
495.9415	0.094898473996073
494.5245	0.0944269976153281
493.1076	0.0941885686555606
491.6906	0.0946189250840847
490.2736	0.0940247542206648
488.8566	0.0940388350220914
487.4397	0.0947562818461239
486.0227	0.0945420818738834
484.6057	0.0949861392261434
483.1887	0.0950484757042303
481.7718	0.0948291319182579
480.3548	0.0948069930014054
478.9378	0.0956767334593338
477.5208	0.095373150414752
476.1039	0.0950371506061726
474.6869	0.0955304781724303
473.2699	0.0954492107209586
471.8529	0.0959842713421901
470.436	0.0965173270973892
469.019	0.0962054787996428
467.602	0.0962367342114167
466.185	0.0955304479745593
464.768	0.0949649822655511
463.3511	0.0948515693333362
461.9341	0.0948420227218955
460.5171	0.0948175501145934
459.1001	0.0942118978594391
457.6832	0.0941957420766635
456.2662	0.0935138320692511
454.8492	0.0931563319114322
453.4322	0.0934285315130867
452.0153	0.0932890865387246
450.5983	0.0926778651015074
449.1813	0.0933379156356791
447.7643	0.0941191034862524
446.3474	0.0952063082087115
444.9304	0.0968931986728959
443.5134	0.0979137621336194
442.0964	0.0993145851525354
440.6795	0.100028732888577
439.2625	0.0998743717238175
437.8455	0.100593610017799
436.4285	0.10026747229203
435.0116	0.100269336407561
433.5946	0.100534271080868
432.1776	0.100709993040555
430.7606	0.0994499336333915
429.3437	0.0996847185118207
427.9267	0.0993606942994185
426.5097	0.100603903149444
425.0927	0.10087584250102
423.6758	0.100900657177428
422.2588	0.0998040158777627
420.8418	0.0997371947646415
419.4248	0.0993160218825485
418.0078	0.101567947204694
416.5909	0.102817783600352
415.1739	0.104634295132974
413.7569	0.105046731000019
412.3399	0.104289442748015
410.923	0.10399366678817
409.506	0.102308158005468
408.089	0.102263778829841
406.672	0.102092895859016
405.2551	0.103609682688236
403.8381	0.104205554329065
402.4211	0.104854209849686
401.0041	0.104794182099724
