3994.4546	0.0214984761219812
3993.0377	0.0213431227304658
3991.6207	0.022028984416872
3990.2037	0.0217038977195174
3988.7867	0.0210083813404383
3987.3698	0.0217940844628089
3985.9528	0.0216355474262182
3984.5358	0.0211309521413775
3983.1188	0.0214755938530441
3981.7019	0.0220382051366259
3980.2849	0.0216529060116728
3978.8679	0.0207332553607588
3977.4509	0.0220794321153633
3976.034	0.0220196143246257
3974.617	0.0216216100128316
3973.2	0.022387407483752
3971.783	0.0220048631873998
3970.3661	0.0219973075941616
3968.9491	0.0199908677114356
3967.5321	0.0212205826198808
3966.1151	0.0209568300535607
3964.6982	0.0210405096570447
3963.2812	0.0212769806761998
3961.8642	0.0221017539107886
3960.4472	0.022216581900068
3959.0303	0.0208182332961643
3957.6133	0.0210749302725039
3956.1963	0.0220274238765451
3954.7793	0.0201766451119578
3953.3624	0.021571038410101
3951.9454	0.0220461749365395
3950.5284	0.0212332613315078
3949.1114	0.0224468115032026
3947.6944	0.0216897315372152
3946.2775	0.0211028210547715
3944.8605	0.0212240259240822
3943.4435	0.0212469856853198
3942.0265	0.0217540815049472
3940.6096	0.0210906395623973
3939.1926	0.0219639837327967
3937.7756	0.0216940841209818
3936.3586	0.021598599195619
3934.9417	0.0209352883284761
3933.5247	0.0213076355256749
3932.1077	0.021252357077545
3930.6907	0.0215909893952884
3929.2738	0.0215909586971972
3927.8568	0.0220274945942061
3926.4398	0.0212276089386495
3925.0228	0.0215127500068716
3923.6059	0.0216720922259183
3922.1889	0.0207719754104703
3920.7719	0.0210864524236449
3919.3549	0.0208629982885566
3917.938	0.0216849504919587
3916.521	0.0214649047090805
3915.104	0.021069852458218
3913.687	0.0211755075703384
3912.2701	0.0215158875816598
3910.8531	0.0206666470118017
3909.4361	0.0210415093935124
3908.0191	0.0212556024094428
3906.6022	0.0213478387201633
3905.1852	0.0207249022068628
3903.7682	0.0214576711831859
3902.3512	0.020643089390265
3900.9342	0.0201929297879582
3899.5173	0.0213577698897152
3898.1003	0.0221309396532949
3896.6833	0.0213161049527401
3895.2663	0.0214965766806678
3893.8494	0.0208491538069494
3892.4324	0.0205682047827934
3891.0154	0.021532628554443
3889.5984	0.0209383758466141
3888.1815	0.0206222867333254
3886.7645	0.0207880391744962
3885.3475	0.0205523689943116
3883.9305	0.0208240960234542
3882.5136	0.0213731738726382
3881.0966	0.02040204599657
3879.6796	0.0205991325254337
3878.2626	0.0214518860597978
3876.8457	0.0215462929089929
3875.4287	0.021378088817202
3874.0117	0.0206182223990593
3872.5947	0.0214774867705062
3871.1778	0.0212112941973603
3869.7608	0.0208984162520312
3868.3438	0.0208404304950528
3866.9268	0.0205462510398914
3865.5099	0.0212461431023075
3864.0929	0.0215099676613846
3862.6759	0.022017439043619
3861.2589	0.0213341410846952
3859.842	0.0210125094825537
3858.425	0.0214744604047418
3857.008	0.0210197780253861
3855.591	0.0212359929345486
3854.174	0.0220866188392362
3852.7571	0.0206982802358459
3851.3401	0.0206989071859166
3849.9231	0.0206047139134234
3848.5061	0.0205818827696179
3847.0892	0.02052288306892
3845.6722	0.0212421081227006
3844.2552	0.0209761747542222
3842.8382	0.0210512582433831
3841.4213	0.0208374411751621
3840.0043	0.0207770318404473
3838.5873	0.0209090745123487
3837.1703	0.021059448792987
3835.7534	0.0207462241596751
3834.3364	0.019923583978825
3832.9194	0.0204970755913174
3831.5024	0.0213316471940342
3830.0855	0.0206335059236193
3828.6685	0.0198829127923526
3827.2515	0.020973322260894
3825.8345	0.0205507047144452
3824.4176	0.0204898456686768
3823.0006	0.0202607261935253
3821.5836	0.0211951973949491
3820.1666	0.0200985877175147
3818.7497	0.019984387884829
3817.3327	0.0202956708841491
3815.9157	0.0204454064590353
3814.4987	0.020398527935656
3813.0818	0.021418716010175
3811.6648	0.0203745656182058
3810.2478	0.0199825494876164
3808.8308	0.0204237759538262
3807.4138	0.0201365065530938
3805.9969	0.0212382071039648
3804.5799	0.0206687523297064
3803.1629	0.020669443561368
3801.7459	0.0203498692812043
3800.329	0.0199464493873126
3798.912	0.0201961725191648
3797.495	0.0206435589203513
3796.078	0.020369885775751
3794.6611	0.0196101383974878
3793.2441	0.0208307188885159
3791.8271	0.0204251434212822
3790.4101	0.0200363566831166
3788.9932	0.0207194683246272
3787.5762	0.0196907126133461
3786.1592	0.0195635242723648
3784.7422	0.020206907908979
3783.3253	0.0199356353016432
3781.9083	0.0200468272359591
3780.4913	0.0205737024271108
3779.0743	0.0208313997993605
3777.6574	0.0201294014202557
3776.2404	0.0199444012119415
3774.8234	0.0196822532936007
3773.4064	0.0201874520385561
3771.9895	0.0191410752831107
3770.5725	0.0202581299096438
3769.1555	0.0190455556533484
3767.7385	0.020212403005035
3766.3216	0.0197971865295964
3764.9046	0.0193530090115396
3763.4876	0.0197190166168188
3762.0706	0.0192720926552428
3760.6536	0.0188810147614504
3759.2367	0.01970847603387
3757.8197	0.0202893468456656
3756.4027	0.0200682968584744
3754.9857	0.020622971952363
3753.5688	0.0198113262796816
3752.1518	0.020409348854522
3750.7348	0.0204266227776098
3749.3178	0.0210737181147276
3747.9009	0.0203047577709497
3746.4839	0.0206569922605087
3745.0669	0.0198886862677755
3743.6499	0.0196662705516066
3742.233	0.0202565647685346
3740.816	0.0196784337341897
3739.399	0.0194674915176791
3737.982	0.0198577749733625
3736.5651	0.0206269883144993
3735.1481	0.0205211139033555
3733.7311	0.0194212734615459
3732.3141	0.019445334505705
3730.8972	0.02010014587937
3729.4802	0.0197765716186205
3728.0632	0.0199433427378776
3726.6462	0.019241153461647
3725.2293	0.0189868801542924
3723.8123	0.0193599619470991
3722.3953	0.0195615757144808
3720.9783	0.0195499646241091
3719.5614	0.018788142635057
3718.1444	0.0188790649581797
3716.7274	0.0195442800344539
3715.3104	0.0196264778674478
3713.8935	0.0195332556927647
3712.4765	0.0192947962411107
3711.0595	0.0202581225713573
3709.6425	0.0198799491235172
3708.2255	0.0194105128603621
3706.8086	0.0198196636411104
3705.3916	0.0188538891704198
3703.9746	0.0191807452797547
3702.5576	0.0188057801233328
3701.1407	0.0190516252547781
3699.7237	0.018952499974082
3698.3067	0.0193053148249111
3696.8897	0.0189265534385121
3695.4728	0.0193649494820379
3694.0558	0.0193216983590994
3692.6388	0.0201624120196742
3691.2218	0.0193043232572826
3689.8049	0.0193459129241576
3688.3879	0.019760751574328
3686.9709	0.019267560506076
3685.5539	0.0188267378359269
3684.137	0.0195106689545993
3682.72	0.0187612874314943
3681.303	0.0181537612161821
3679.886	0.0192801822424419
3678.4691	0.0193011783985821
3677.0521	0.0186287554584517
3675.6351	0.0183773718186911
3674.2181	0.0185937245581643
3672.8012	0.0197703625780424
3671.3842	0.0190367634728901
3669.9672	0.0193661200448654
3668.5502	0.0198649543131281
3667.1333	0.018737735242868
3665.7163	0.0191591657994636
3664.2993	0.0194779184107001
3662.8823	0.019672948448638
3661.4653	0.0182479629281402
3660.0484	0.0194080778389022
3658.6314	0.0187943014523976
3657.2144	0.019280541796386
3655.7974	0.0191767965213413
3654.3805	0.0193548067662059
3652.9635	0.0205000334946551
3651.5465	0.0193702077326408
3650.1295	0.0202171248356179
3648.7126	0.0192053323949034
3647.2956	0.0188054815920956
3645.8786	0.0195916348214141
3644.4616	0.0199140400701893
3643.0447	0.0195936732388611
3641.6277	0.0196647661302101
3640.2107	0.0202661361332079
3638.7937	0.0193908636471477
3637.3768	0.0201976430257493
3635.9598	0.0203671602374828
3634.5428	0.0202109514163134
3633.1258	0.020442602761607
3631.7089	0.0203779040294443
3630.2919	0.020201262859531
3628.8749	0.0209220191909778
3627.4579	0.0206504997831678
3626.041	0.0208103579923817
3624.624	0.0209333250043664
3623.207	0.0212917869813808
3621.79	0.0204173011717162
3620.3731	0.0208486778830921
3618.9561	0.0212427023771404
3617.5391	0.0220229743768971
3616.1221	0.0208507159257702
3614.7051	0.0217807685909324
3613.2882	0.0222398414522769
3611.8712	0.0209327539766632
3610.4542	0.0218441270838352
3609.0372	0.0213979030254358
3607.6203	0.0220949610342278
3606.2033	0.0223374865965587
3604.7863	0.0221937475323422
3603.3693	0.022579659682975
3601.9524	0.0218263034880553
3600.5354	0.0227658967515195
3599.1184	0.0229163678863639
3597.7014	0.0226140579072032
3596.2845	0.0223819470416664
3594.8675	0.0233020140123405
3593.4505	0.0236060697214084
3592.0335	0.0237504589405029
3590.6166	0.0232751611115288
3589.1996	0.0240293097543515
3587.7826	0.0247235350409985
3586.3656	0.0242217148948349
3584.9487	0.0247760378811314
3583.5317	0.0246784174695467
3582.1147	0.0242407161542159
3580.6977	0.0251687788592415
3579.2808	0.0251621766302025
3577.8638	0.0259937288836672
3576.4468	0.0264266318818192
3575.0298	0.0271414461075562
3573.6129	0.0267580267705562
3572.1959	0.0265626421406829
3570.7789	0.0271784157000875
3569.3619	0.0265677806815906
3567.9449	0.0274875213864373
3566.528	0.0276268296838817
3565.111	0.02903108778385
3563.694	0.0283011716946141
3562.277	0.0281809353861059
3560.8601	0.0295667699664554
3559.4431	0.0288130885970523
3558.0261	0.029253951399561
3556.6091	0.0299062223619642
3555.1922	0.0295333221687397
3553.7752	0.029976211441909
3552.3582	0.0310119399268607
3550.9412	0.0303198167865968
3549.5243	0.0303127232002769
3548.1073	0.0300901403235901
3546.6903	0.0326288805009856
3545.2733	0.0316159849581578
3543.8564	0.0318358391245485
3542.4394	0.0323112920467854
3541.0224	0.0317287989356393
3539.6054	0.032539498476816
3538.1885	0.0330267387646764
3536.7715	0.0334079272108226
3535.3545	0.0339413382192041
3533.9375	0.0340703652800139
3532.5206	0.0345358562893298
3531.1036	0.0346766924723938
3529.6866	0.0346646695929084
3528.2696	0.0358164718897539
3526.8527	0.0357588059613114
3525.4357	0.0363426820943227
3524.0187	0.0357010594960948
3522.6017	0.0365943783573187
3521.1847	0.0372596028983382
3519.7678	0.0365816364534801
3518.3508	0.0378053090133394
3516.9338	0.0368286823848689
3515.5168	0.0375405264819765
3514.0999	0.0386617144836034
3512.6829	0.0389766294324094
3511.2659	0.0388501714170177
3509.8489	0.039686786147309
3508.432	0.0391913420838005
3507.015	0.0404238571173126
3505.598	0.0397061389603397
3504.181	0.0395337446714775
3502.7641	0.0394116104085168
3501.3471	0.0396489661460814
3499.9301	0.0411796974014043
3498.5131	0.0413958078658649
3497.0962	0.0413797684551307
3495.6792	0.04225982378357
3494.2622	0.042120396828683
3492.8452	0.043651710782648
3491.4283	0.0435761464608832
3490.0113	0.0430626363516775
3488.5943	0.0431234691181989
3487.1773	0.0440114232481719
3485.7604	0.0438147516468785
3484.3434	0.0446476095078272
3482.9264	0.0443208074264113
3481.5094	0.0449323006385783
3480.0925	0.0450145098588307
3478.6755	0.0464710067883978
3477.2585	0.0448998762953379
3475.8415	0.0456146627131506
3474.4245	0.0470223572716249
3473.0076	0.0470866910150506
3471.5906	0.0475984904902395
3470.1736	0.04746660530072
3468.7566	0.0462607842387473
3467.3397	0.0483864610444315
3465.9227	0.0481527245705885
3464.5057	0.0497075580870961
3463.0887	0.0485568777199613
3461.6718	0.0482459026022387
3460.2548	0.0494868886409369
3458.8378	0.049781161734546
3457.4208	0.0501507131960011
3456.0039	0.0490347410156235
3454.5869	0.0505078018151925
3453.1699	0.0505974425461506
3451.7529	0.051195053449637
3450.336	0.0509830286896586
3448.919	0.0511368333592961
3447.502	0.0515451997781622
3446.085	0.0518833509941845
3444.6681	0.0519733898576153
3443.2511	0.0524969371384773
3441.8341	0.0530028816170074
3440.4171	0.0530994160020446
3439.0002	0.0533833695788521
3437.5832	0.0538438252818882
3436.1662	0.0542915185949527
3434.7492	0.0542177626585733
3433.3323	0.0550626526898198
3431.9153	0.0536095995934108
3430.4983	0.0556738424680808
3429.0813	0.0552521735190476
3427.6643	0.05583329037212
3426.2474	0.0553755936051985
3424.8304	0.0564620439322846
3423.4134	0.0560671139678103
3421.9964	0.0570234172220672
3420.5795	0.0557632088879869
3419.1625	0.0570181892151002
3417.7455	0.0569897730781954
3416.3285	0.0577395470726697
3414.9116	0.0575861545162242
3413.4946	0.0579172004147001
3412.0776	0.0577901973731344
3410.6606	0.0578394528813624
3409.2437	0.0586888109681269
3407.8267	0.0589075487097129
3406.4097	0.0588064838584845
3404.9927	0.0591546361052829
3403.5758	0.0584354859793566
3402.1588	0.0608022368010078
3400.7418	0.0599228916775439
3399.3248	0.0609744898732471
3397.9079	0.0610052607657826
3396.4909	0.0611896951283194
3395.0739	0.0614812454807209
3393.6569	0.0608291670295189
3392.24	0.0619324954696978
3390.823	0.0620687892025815
3389.406	0.0609796779147308
3387.989	0.0616992227802545
3386.5721	0.0632575883599963
3385.1551	0.0626332824007895
3383.7381	0.0628010481480795
3382.3211	0.0639131253528599
3380.9041	0.0630074180070376
3379.4872	0.0639882977073763
3378.0702	0.0639108040573045
3376.6532	0.0639463114310318
3375.2362	0.0649354159398496
3373.8193	0.0647439269731607
3372.4023	0.0647045789023701
3370.9853	0.064436525354841
3369.5683	0.0645960843647804
3368.1514	0.0647458868829948
3366.7344	0.0656838537959381
3365.3174	0.0649784885211659
3363.9004	0.0651646834631431
3362.4835	0.0658249329540875
3361.0665	0.0656847893608548
3359.6495	0.0649989194364618
3358.2325	0.0652632427593581
3356.8156	0.0660362563721187
3355.3986	0.0662597040494028
3353.9816	0.0659292104120813
3352.5646	0.0668505424153346
3351.1477	0.0670529040856254
3349.7307	0.0668552443578193
3348.3137	0.066150111492605
3346.8967	0.0671288085268388
3345.4798	0.0670850863654802
3344.0628	0.0666423908657266
3342.6458	0.068248436084491
3341.2288	0.067599537531165
3339.8119	0.0673112767903086
3338.3949	0.0672102019228464
3336.9779	0.0682392931490618
3335.5609	0.0671295056416957
3334.1439	0.0683548168645997
3332.727	0.0683699621473869
3331.31	0.0676486372273267
3329.893	0.0680921499310049
3328.476	0.0683484798492679
3327.0591	0.0682501582736427
3325.6421	0.0679932558163834
3324.2251	0.0684079795874134
3322.8081	0.067838526893496
3321.3912	0.0687666894964706
3319.9742	0.0689521707381608
3318.5572	0.0694443959027168
3317.1402	0.0699811336612002
3315.7233	0.0687628926435432
3314.3063	0.0686361535617898
3312.8893	0.0679782687739417
3311.4723	0.0697014249494726
3310.0554	0.0693657568849546
3308.6384	0.0696487232696545
3307.2214	0.069512067691091
3305.8044	0.0692464286022539
3304.3875	0.0702486002918323
3302.9705	0.0707183401935344
3301.5535	0.0695330481706502
3300.1365	0.0695747789591489
3298.7196	0.0698542346776975
3297.3026	0.0700560238570272
3295.8856	0.0689069074667358
3294.4686	0.0685992672012414
3293.0517	0.0692295749536981
3291.6347	0.0698075384459347
3290.2177	0.0698744519011494
3288.8007	0.0694393400191917
3287.3837	0.0693369415957856
3285.9668	0.0698295083756222
3284.5498	0.0705591281572831
3283.1328	0.0709542621175696
3281.7158	0.0697607357584003
3280.2989	0.0695781933467892
3278.8819	0.0700925369829561
3277.4649	0.0707827358231632
3276.0479	0.0707379009196138
3274.631	0.070130753628494
3273.214	0.0695014558165486
3271.797	0.0701488185581376
3270.38	0.0701324482385266
3268.9631	0.0700812789542522
3267.5461	0.0701192502677329
3266.1291	0.070361366839333
3264.7121	0.0703167561512418
3263.2952	0.0707000369854383
3261.8782	0.0695796126814745
3260.4612	0.0698317335826609
3259.0442	0.0703543657165688
3257.6273	0.0698158865728372
3256.2103	0.0697438651962394
3254.7933	0.070227058848121
3253.3763	0.0700135765593408
3251.9594	0.0694134617980912
3250.5424	0.0694882722791293
3249.1254	0.0706395603176464
3247.7084	0.0699699649953702
3246.2915	0.0700813138072744
3244.8745	0.0711579900442508
3243.4575	0.0699313225659726
3242.0405	0.0700737784434845
3240.6235	0.0693603014763358
3239.2066	0.0687367094245301
3237.7896	0.0692212538803059
3236.3726	0.0700561995739012
3234.9556	0.0693058390220564
3233.5387	0.0693181264316178
3232.1217	0.0692496688812564
3230.7047	0.0689791127616143
3229.2877	0.0690306848951769
3227.8708	0.0690670350075091
3226.4538	0.0690685857349912
3225.0368	0.068872069227421
3223.6198	0.0692730695903492
3222.2029	0.0693117374083891
3220.7859	0.068541870564379
3219.3689	0.0684645919617206
3217.9519	0.0682568564216496
3216.535	0.0679946527459441
3215.118	0.0683091261608101
3213.701	0.0683123687023665
3212.284	0.0682647459391547
3210.8671	0.067317324096146
3209.4501	0.0680769808652632
3208.0331	0.0681704053679232
3206.6161	0.0671440623527571
3205.1992	0.0674756715884279
3203.7822	0.0682150560464405
3202.3652	0.0672186389452097
3200.9482	0.067527255775994
3199.5313	0.068198010080843
3198.1143	0.0663150130972027
3196.6973	0.0661653128877374
3195.2803	0.0672270154526284
3193.8633	0.0670025190857684
3192.4464	0.0654038702130011
3191.0294	0.0666942337068239
3189.6124	0.0655223442601027
3188.1954	0.0655563588138108
3186.7785	0.0663205615150495
3185.3615	0.0658126506873966
3183.9445	0.0659047393055591
3182.5275	0.0655152764984255
3181.1106	0.0648763104868652
3179.6936	0.0638286131607987
3178.2766	0.064831570305998
3176.8596	0.0655892257645874
3175.4427	0.0653600930601288
3174.0257	0.0646285025748181
3172.6087	0.0641113848516921
3171.1917	0.0649461055294724
3169.7748	0.0638366316879772
3168.3578	0.0649357170434083
3166.9408	0.0644865746339323
3165.5238	0.0638393071839185
3164.1069	0.0633222712399781
3162.6899	0.0629889224164784
3161.2729	0.0627513670175373
3159.8559	0.0625528233976672
3158.439	0.0637204052441943
3157.022	0.0623815244111781
3155.605	0.0621147365463345
3154.188	0.0620897548625173
3152.7711	0.0623566338109561
3151.3541	0.061817931349834
3149.9371	0.0620967872998044
3148.5201	0.0616332183822258
3147.1031	0.0618687231725523
3145.6862	0.0610093761499495
3144.2692	0.0612391029386186
3142.8522	0.0610641574848188
3141.4352	0.0605723343110673
3140.0183	0.0610249352365097
3138.6013	0.060297256152142
3137.1843	0.0604995033103363
3135.7673	0.0605551342899947
3134.3504	0.0606328370946914
3132.9334	0.0597757730433647
3131.5164	0.059506160827631
3130.0994	0.0598644025887972
3128.6825	0.058913848952812
3127.2655	0.0597848891669609
3125.8485	0.0586347070706614
3124.4315	0.0584259250813217
3123.0146	0.0592456511031414
3121.5976	0.0590446554365795
3120.1806	0.0580583643889351
3118.7636	0.0584503290238705
3117.3467	0.0568018459744827
3115.9297	0.0583359585866225
3114.5127	0.0581890467848383
3113.0957	0.0568542097193318
3111.6788	0.0569004443796118
3110.2618	0.0563818663309061
3108.8448	0.0575220604980226
3107.4278	0.0577024555546193
3106.0109	0.0563631104803388
3104.5939	0.0566575336791504
3103.1769	0.0559810557561179
3101.7599	0.0557231509969312
3100.3429	0.0559928974713565
3098.926	0.0560685583113704
3097.509	0.0554290523061566
3096.092	0.0547860903991372
3094.675	0.0548732580401802
3093.2581	0.0549559192064571
3091.8411	0.0540833633845633
3090.4241	0.0545266428653364
3089.0071	0.0541807597342747
3087.5902	0.0539059068625619
3086.1732	0.0539449215631875
3084.7562	0.0541921300355863
3083.3392	0.0536409162156934
3081.9223	0.0526224906884959
3080.5053	0.0540837696428294
3079.0883	0.0537159833173056
3077.6713	0.0523247701707535
3076.2544	0.0525177000530466
3074.8374	0.0538182125482481
3073.4204	0.0517126214431744
3072.0034	0.0523872468350549
3070.5865	0.0524239356997813
3069.1695	0.0523788384535466
3067.7525	0.0512811293517964
3066.3355	0.0525021041408943
3064.9186	0.0514100768369655
3063.5016	0.0516402128967309
3062.0846	0.0504393872518535
3060.6676	0.0501124032324591
3059.2507	0.0504244841219205
3057.8337	0.0511051196793773
3056.4167	0.0502890206849021
3054.9997	0.050205250049166
3053.5827	0.0504269143401804
3052.1658	0.0494124878319481
3050.7488	0.0499079384038927
3049.3318	0.0504544486045938
3047.9148	0.0501897419073282
3046.4979	0.049006146971894
3045.0809	0.0488992667323506
3043.6639	0.0490478795062464
3042.2469	0.0494649976927852
3040.83	0.0493400449241354
3039.413	0.0484942568779172
3037.996	0.0488895844070652
3036.579	0.0485317821330669
3035.1621	0.0472790929270885
3033.7451	0.0478961956262587
3032.3281	0.0476061093047385
3030.9111	0.0475474260019519
3029.4942	0.046986486104276
3028.0772	0.0473956175416803
3026.6602	0.0467087174851489
3025.2432	0.0467286832731184
3023.8263	0.0472524889328155
3022.4093	0.0469415894807652
3020.9923	0.0462610840211101
3019.5753	0.0464520105878419
3018.1584	0.0456074269328566
3016.7414	0.0462197453003043
3015.3244	0.0451501950568516
3013.9074	0.0462772655287703
3012.4905	0.0464410386146119
3011.0735	0.0460688668665435
3009.6565	0.0453383693833594
3008.2395	0.0452062425602173
3006.8225	0.0448339894823966
3005.4056	0.0449338689017091
3003.9886	0.0450440698690381
3002.5716	0.0457159639317611
3001.1546	0.0448784848514133
2999.7377	0.0451293999276896
2998.3207	0.0453208759184284
2996.9037	0.0450063076351227
2995.4867	0.0443284160176035
2994.0698	0.0444992917955667
2992.6528	0.0453664096308081
2991.2358	0.0449547326783847
2989.8188	0.0451146841049357
2988.4019	0.0444542705393941
2986.9849	0.0450280858807279
2985.5679	0.0455854087459762
2984.1509	0.045198262039845
2982.734	0.045359709618262
2981.317	0.04542120040394
2979.9	0.0451648364615298
2978.483	0.0446991477629475
2977.0661	0.0453253846893582
2975.6491	0.0463735620073923
2974.2321	0.0453590271813078
2972.8151	0.0459102604801695
2971.3982	0.0466170270928207
2969.9812	0.0469427444294662
2968.5642	0.0463697952080741
2967.1472	0.04639661132643
2965.7303	0.0471685359336338
2964.3133	0.0471182539297703
2962.8963	0.0482000079755948
2961.4793	0.0477765039725108
2960.0623	0.0484681339540161
2958.6454	0.0481778549262953
2957.2284	0.0480185196255156
2955.8114	0.048063565131727
2954.3944	0.04919238246305
2952.9775	0.0501437952692926
2951.5605	0.0497520244011237
2950.1435	0.0497014413378208
2948.7265	0.0499571803563897
2947.3096	0.0509744754826064
2945.8926	0.0520003203130659
2944.4756	0.0522692666575628
2943.0586	0.0521856642401424
2941.6417	0.051816619481811
2940.2247	0.0526021240124039
2938.8077	0.0523469962758647
2937.3907	0.0542818912226321
2935.9738	0.053425137686658
2934.5568	0.054310914866873
2933.1398	0.0537776571413659
2931.7228	0.0548931545035443
2930.3059	0.0542761616732816
2928.8889	0.0553336865816961
2927.4719	0.0547472768899135
2926.0549	0.0554634230596034
2924.638	0.0548966372135774
2923.221	0.055100013164046
2921.804	0.0560085870432898
2920.387	0.0557124934830877
2918.9701	0.0555663630713205
2917.5531	0.0548662293124792
2916.1361	0.0544777120505739
2914.7191	0.0550945737030604
2913.3021	0.0549052646935907
2911.8852	0.0547126619710034
2910.4682	0.0549248282233094
2909.0512	0.0539466213854554
2907.6342	0.0542950715079611
2906.2173	0.0553662633967468
2904.8003	0.0543188191063875
2903.3833	0.0543655489225215
2901.9663	0.0538976764608693
2900.5494	0.0538982235797956
2899.1324	0.054113886058119
2897.7154	0.0536129177539114
2896.2984	0.0539373601516223
2894.8815	0.0541449075944448
2893.4645	0.0533989620864443
2892.0475	0.0541930982083571
2890.6305	0.0542614872218086
2889.2136	0.0531656910697319
2887.7966	0.0542096196776578
2886.3796	0.0540525444553103
2884.9626	0.0527378111780345
2883.5457	0.0527261191720076
2882.1287	0.053702753770403
2880.7117	0.052703347773987
2879.2947	0.0529454041991973
2877.8778	0.0530432855603891
2876.4608	0.0524918385257841
2875.0438	0.0523871297965942
2873.6268	0.0526043457835042
2872.2099	0.0519868621298114
2870.7929	0.0510982112675123
2869.3759	0.0523771416853785
2867.9589	0.0511417553165753
2866.5419	0.0513623847229936
2865.125	0.0505505929154135
2863.708	0.0501366046211098
2862.291	0.050146608555265
2860.874	0.0490228228564232
2859.4571	0.0502242501520085
2858.0401	0.0497905710078566
2856.6231	0.0498650374387199
2855.2061	0.0486939949737615
2853.7892	0.050168363547911
2852.3722	0.0484304442671255
2850.9552	0.0488218211043537
2849.5382	0.0497011714198836
2848.1213	0.0481601247042274
2846.7043	0.0493704955434708
2845.2873	0.04867399907126
2843.8703	0.0474207785733339
2842.4534	0.0480293642136874
2841.0364	0.0479907747256207
2839.6194	0.0475840048621768
2838.2024	0.0470520153286795
2836.7855	0.0476596236533341
2835.3685	0.0473641274451759
2833.9515	0.0479368188082965
2832.5345	0.0464323828369603
2831.1176	0.046321882724607
2829.7006	0.0467629456064633
2828.2836	0.0463714498905692
2826.8666	0.0459845577406784
2825.4497	0.0465397833334696
2824.0327	0.045754892686439
2822.6157	0.0449826848727737
2821.1987	0.0456002978848055
2819.7817	0.0455692674942033
2818.3648	0.0451589880920829
2816.9478	0.0442791525772337
2815.5308	0.0441289001524032
2814.1138	0.0449919214726112
2812.6969	0.0440349918591411
2811.2799	0.0440882946242002
2809.8629	0.0434152490553532
2808.4459	0.0443700151822997
2807.029	0.0447134964909085
2805.612	0.0439830640085106
2804.195	0.0440718714424364
2802.778	0.0439126079535981
2801.3611	0.0440624319749562
2799.9441	0.0432798675627615
2798.5271	0.042848264172723
2797.1101	0.0426411810525382
2795.6932	0.0429783830470085
2794.2762	0.0432819358416574
2792.8592	0.0423543423590514
2791.4422	0.0432171770527233
2790.0253	0.0426839300506011
2788.6083	0.043129797319448
2787.1913	0.0419446361004396
2785.7743	0.0425256486422206
2784.3574	0.0422450999735478
2782.9404	0.0424557478132245
2781.5234	0.0416682296304312
2780.1064	0.0428305539243927
2778.6895	0.0422607449292226
2777.2725	0.0422943025290126
2775.8555	0.0422385126103323
2774.4385	0.0425884181392816
2773.0215	0.0427371186267985
2771.6046	0.0421333201040657
2770.1876	0.0423567262543559
2768.7706	0.0416410650036248
2767.3536	0.0423195380880343
2765.9367	0.0413886132673148
2764.5197	0.0425723714681675
2763.1027	0.0417374253229821
2761.6857	0.0416031164214114
2760.2688	0.041830031014676
2758.8518	0.0425859015111467
2757.4348	0.0409613302687603
2756.0178	0.0416660699770825
2754.6009	0.0414878147161369
2753.1839	0.0419856489173126
2751.7669	0.0418443126632536
2750.3499	0.0411319494194405
2748.933	0.0418200351603347
2747.516	0.0415359478802009
2746.099	0.0403819053700822
2744.682	0.0406424787400734
2743.2651	0.0410881424968631
2741.8481	0.0409104800445016
2740.4311	0.0406792250820854
2739.0141	0.0412561399916594
2737.5972	0.0412711288723581
2736.1802	0.0408428913267337
2734.7632	0.0411149187799689
2733.3462	0.0409237178310212
2731.9293	0.0407186724658547
2730.5123	0.0407473305347591
2729.0953	0.0407770516166253
2727.6783	0.040206391531274
2726.2613	0.0413189661364625
2724.8444	0.0405142069450952
2723.4274	0.0399027743303668
2722.0104	0.0419899817666257
2720.5934	0.0403647267447985
2719.1765	0.0401951668817109
2717.7595	0.0406120105264097
2716.3425	0.0395397941909088
2714.9255	0.040149064329687
2713.5086	0.0401036554180755
2712.0916	0.0403498790506654
2710.6746	0.0405684050273205
2709.2576	0.0402199701506909
2707.8407	0.0406087026962917
2706.4237	0.0402979177202758
2705.0067	0.039852524167559
2703.5897	0.0393352331429657
2702.1728	0.0402110495321621
2700.7558	0.0402387958829019
2699.3388	0.039427699774081
2697.9218	0.0409526538445395
2696.5049	0.0399462160461761
2695.0879	0.0402970652959581
2693.6709	0.0394319734060636
2692.2539	0.038557379202376
2690.837	0.0401087443649757
2689.42	0.0387016548356788
2688.003	0.0400695039521434
2686.586	0.0396400058287352
2685.1691	0.0398881940297548
2683.7521	0.0401668966062657
2682.3351	0.0388007488809937
2680.9181	0.0396167313066684
2679.5011	0.0390935441497623
2678.0842	0.0391390424650308
2676.6672	0.038867861663701
2675.2502	0.0394683985721008
2673.8332	0.0402844872260652
2672.4163	0.0392049361814486
2670.9993	0.0396835928639052
2669.5823	0.0391237987157854
2668.1653	0.0385859706877569
2666.7484	0.0389812516396589
2665.3314	0.0384588142509852
2663.9144	0.0392694393268895
2662.4974	0.0390381568977628
2661.0805	0.0394174561542969
2659.6635	0.0399062561266158
2658.2465	0.0389094626644369
2656.8295	0.0384185103586107
2655.4126	0.0395089399807023
2653.9956	0.03965679050539
2652.5786	0.0383853512950236
2651.1616	0.0394261652528341
2649.7447	0.0394694408583533
2648.3277	0.0384337514743066
2646.9107	0.0378087719387775
2645.4937	0.0385616216227445
2644.0768	0.038097974016967
2642.6598	0.0381370829434888
2641.2428	0.0385060883174946
2639.8258	0.0383264080661813
2638.4089	0.0381966132861484
2636.9919	0.0374829690048962
2635.5749	0.0383110814433637
2634.1579	0.0379969345160519
2632.741	0.0373791873092014
2631.324	0.0387035756213816
2629.907	0.0382840334409505
2628.49	0.0385081339125737
2627.073	0.0383448926403387
2625.6561	0.0367937385194582
2624.2391	0.0376630666516356
2622.8221	0.0385814929065746
2621.4051	0.0373323374122544
2619.9882	0.0370964174972589
2618.5712	0.0378330742904099
2617.1542	0.0368201014231315
2615.7372	0.0376670991964466
2614.3203	0.0376058693383473
2612.9033	0.037370273403032
2611.4863	0.0369775444098399
2610.0693	0.0367270933859759
2608.6524	0.036620146337496
2607.2354	0.037569753941376
2605.8184	0.0371655264684963
2604.4014	0.0362695523084331
2602.9845	0.03674255832464
2601.5675	0.0361975266500673
2600.1505	0.0360711340289274
2598.7335	0.0367832076391287
2597.3166	0.0361289049440033
2595.8996	0.0361223067881525
2594.4826	0.0361195305738592
2593.0656	0.0355985940253015
2591.6487	0.0358671236243254
2590.2317	0.0362905401608865
2588.8147	0.036031619555995
2587.3977	0.0355826929627949
2585.9808	0.0350892900255454
2584.5638	0.036419974497514
2583.1468	0.0357559700032716
2581.7298	0.0356663882955533
2580.3128	0.0364071444840757
2578.8959	0.0360831542686088
2577.4789	0.0359391365491849
2576.0619	0.0354449048616905
2574.6449	0.0356769289759095
2573.228	0.0368343614818676
2571.811	0.0353454824769647
2570.394	0.0365412564531348
2568.977	0.0359296954087583
2567.5601	0.0358483578290129
2566.1431	0.0358206257903518
2564.7261	0.0361319893157536
2563.3091	0.0349820891671837
2561.8922	0.0356693907011857
2560.4752	0.0360860898178811
2559.0582	0.0351165675601667
2557.6412	0.0358507691661464
2556.2243	0.0349350000936945
2554.8073	0.0355526452581548
2553.3903	0.0355395897976688
2551.9733	0.0354219291549421
2550.5564	0.0351874858633608
2549.1394	0.0351753644958394
2547.7224	0.0343813508503447
2546.3054	0.0351413657011299
2544.8885	0.0350765456903795
2543.4715	0.0356001721056705
2542.0545	0.0343439188499228
2540.6375	0.0340923546278465
2539.2206	0.0347527486763821
2537.8036	0.0339907887499011
2536.3866	0.0344072706050825
2534.9696	0.034172927431263
2533.5526	0.0341782167124154
2532.1357	0.0349748323344607
2530.7187	0.0342803002589478
2529.3017	0.0346251669889604
2527.8847	0.0336841455385999
2526.4678	0.0342810323250036
2525.0508	0.0347345288419282
2523.6338	0.0345039159868443
2522.2168	0.0343614851881927
2520.7999	0.034698896789255
2519.3829	0.0343080203991302
2517.9659	0.0347077198684301
2516.5489	0.0342705319334252
2515.132	0.0336370758841512
2513.715	0.0338269835341005
2512.298	0.033640691455425
2510.881	0.03367853526771
2509.4641	0.0338249713006709
2508.0471	0.0334016817283494
2506.6301	0.0347227332443675
2505.2131	0.0345270677943727
2503.7962	0.0344791489270706
2502.3792	0.0335291565896483
2500.9622	0.0339510859365328
2499.5452	0.0343464046004653
2498.1283	0.0336485033528824
2496.7113	0.0337060049947846
2495.2943	0.0338322736119819
2493.8773	0.0343524989246181
2492.4604	0.0336081755330067
2491.0434	0.0339503142396608
2489.6264	0.0336251108563529
2488.2094	0.0338205162754829
2486.7924	0.0332864248437501
2485.3755	0.0336003216757277
2483.9585	0.0333748485709993
2482.5415	0.0326561091138633
2481.1245	0.0340370656357591
2479.7076	0.035177110719886
2478.2906	0.0330906681130206
2476.8736	0.0326526524546065
2475.4566	0.0336423141455721
2474.0397	0.0335012841414401
2472.6227	0.0328250103088704
2471.2057	0.033308751648399
2469.7887	0.0335704658569847
2468.3718	0.0324717145743383
2466.9548	0.0326389633112137
2465.5378	0.0340638096886798
2464.1208	0.0335227224660468
2462.7039	0.0326706111863649
2461.2869	0.0341143262005087
2459.8699	0.0326348459818549
2458.4529	0.0331578752005671
2457.036	0.0327598014099539
2455.619	0.03242113534271
2454.202	0.0331249889281817
2452.785	0.0330161917006698
2451.3681	0.0326064231378291
2449.9511	0.032750449531223
2448.5341	0.0323182970476608
2447.1171	0.0331018416897553
2445.7002	0.0328039231563782
2444.2832	0.03265435002205
2442.8662	0.0330702935524578
2441.4492	0.0324177826897123
2440.0322	0.0322143182998666
2438.6153	0.0326134789062765
2437.1983	0.0326409137238062
2435.7813	0.0319434195888879
2434.3643	0.0316175570873844
2432.9474	0.0328195123156926
2431.5304	0.0324356299635109
2430.1134	0.0323173981004419
2428.6964	0.0320257845352963
2427.2795	0.0326017636540533
2425.8625	0.033034688121267
2424.4455	0.0325757204813999
2423.0285	0.0320508615465833
2421.6116	0.0324148657336914
2420.1946	0.0320258843178086
2418.7776	0.0312634866947599
2417.3606	0.0320709948072768
2415.9437	0.0312682952260799
2414.5267	0.032073381172057
2413.1097	0.032210622180079
2411.6927	0.0327388262708448
2410.2758	0.0321502553107221
2408.8588	0.0314483577566219
2407.4418	0.0319179766741279
2406.0248	0.0316418509873901
2404.6079	0.0311886097250956
2403.1909	0.0316713305210123
2401.7739	0.031702398753971
2400.3569	0.0308435538770054
2398.94	0.0315461369133344
2397.523	0.0313793160732994
2396.106	0.0317674935282121
2394.689	0.0300518570670235
2393.272	0.031718203000299
2391.8551	0.0320883567139746
2390.4381	0.0309597477887659
2389.0211	0.0313946447445166
2387.6041	0.0308134031263866
2386.1872	0.0301979611655567
2384.7702	0.030369568600179
2383.3532	0.0309861896820627
2381.9362	0.0309338802235614
2380.5193	0.0310400764241563
2379.1023	0.030918177417769
2377.6853	0.0318167382706029
2376.2683	0.0325471901908479
2374.8514	0.0315435020963057
2373.4344	0.0316493156978069
2372.0174	0.0312981575586996
2370.6004	0.031133736909973
2369.1835	0.03163894248421
2367.7665	0.031586533992953
2366.3495	0.030336931110815
2364.9325	0.0324235402736143
2363.5156	0.0301460812294528
2362.0986	0.030330939308198
2360.6816	0.0308213994018116
2359.2646	0.0318854116651741
2357.8477	0.0315091763957491
2356.4307	0.0327991612531701
2355.0137	0.0318123765822739
2353.5967	0.0313447515081689
2352.1798	0.0309397272260717
2350.7628	0.0317204822542392
2349.3458	0.031266948107149
2347.9288	0.0317698107960226
2346.5118	0.0313045675653408
2345.0949	0.03191394355238
2343.6779	0.031754942216907
2342.2609	0.0320159289476867
2340.8439	0.0317850284094161
2339.427	0.0314362276708093
2338.01	0.0312606653878272
2336.593	0.0316706913348258
2335.176	0.0318478235856706
2333.7591	0.0311067168287636
2332.3421	0.0314794682476229
2330.9251	0.032180547835587
2329.5081	0.0305852700623786
2328.0912	0.0312755534247488
2326.6742	0.0308188448133436
2325.2572	0.0317376720817393
2323.8402	0.0317546783496288
2322.4233	0.0318822458953172
2321.0063	0.0329380109395082
2319.5893	0.0323671928114316
2318.1723	0.0318725499579908
2316.7554	0.0321873408986523
2315.3384	0.0315678680148014
2313.9214	0.031481043714935
2312.5044	0.031323269501866
2311.0875	0.0310068546753976
2309.6705	0.0307257395951621
2308.2535	0.03065401989038
2306.8365	0.0300931602037795
2305.4196	0.0302558998198044
2304.0026	0.0305113215120002
2302.5856	0.0309995866241243
2301.1686	0.0306085678464471
2299.7516	0.0304391731602368
2298.3347	0.0316460899465489
2296.9177	0.0310631542214348
2295.5007	0.0306683087515102
2294.0837	0.0305805347685074
2292.6668	0.0308799518043557
2291.2498	0.0309349663528741
2289.8328	0.0298290914792253
2288.4158	0.0302315762895175
2286.9989	0.0310906037744391
2285.5819	0.0308530537468266
2284.1649	0.0310536005052551
2282.7479	0.0309269350922404
2281.331	0.0307420839548745
2279.914	0.0305407103902569
2278.497	0.0298508764021484
2277.08	0.0302648335628556
2275.6631	0.0302827832237477
2274.2461	0.0294235299540771
2272.8291	0.0297566069767294
2271.4121	0.0293991867638271
2269.9952	0.0307307012627267
2268.5782	0.0296800688621209
2267.1612	0.0311906013276327
2265.7442	0.0299923183537977
2264.3273	0.029997636214405
2262.9103	0.0300441864742909
2261.4933	0.0305016732752375
2260.0763	0.0298025801106395
2258.6594	0.029612663154101
2257.2424	0.0305045622199723
2255.8254	0.0300683880236988
2254.4084	0.0296754027642331
2252.9914	0.0295307596885124
2251.5745	0.0299157171746114
2250.1575	0.0295393741425812
2248.7405	0.0288729051638465
2247.3235	0.0294916165749205
2245.9066	0.0298755552394132
2244.4896	0.0294491636663174
2243.0726	0.0301055459518206
2241.6556	0.0288438142338808
2240.2387	0.0301312904829036
2238.8217	0.0296654418715382
2237.4047	0.0286920756776531
2235.9877	0.0289466224515962
2234.5708	0.0293461400854215
2233.1538	0.0291962037153775
2231.7368	0.0289947528286531
2230.3198	0.0295341456799175
2228.9029	0.0293215157609441
2227.4859	0.0303397495991152
2226.0689	0.0301210964771369
2224.6519	0.0300105552967616
2223.235	0.0289730899177507
2221.818	0.0285972097499639
2220.401	0.0295451457680389
2218.984	0.0285078922339953
2217.5671	0.0288790997959233
2216.1501	0.0291709775450754
2214.7331	0.0296744640994305
2213.3161	0.0287010260457481
2211.8992	0.0284227087813041
2210.4822	0.0283577822884831
2209.0652	0.0280059930299802
2207.6482	0.0283664523574969
2206.2312	0.0288904692825908
2204.8143	0.030160420116179
2203.3973	0.0300357775684623
2201.9803	0.0283720773088494
2200.5633	0.0281981014639213
2199.1464	0.0286446320391932
2197.7294	0.0295178434238992
2196.3124	0.027951091122932
2194.8954	0.028868309824519
2193.4785	0.0289669620017855
2192.0615	0.0295033843170689
2190.6445	0.0297108614695901
2189.2275	0.0289855042158199
2187.8106	0.0291269407726301
2186.3936	0.0293237135911449
2184.9766	0.0289047678688435
2183.5596	0.0290095769840082
2182.1427	0.0289442324046887
2180.7257	0.0275144466350765
2179.3087	0.0281986127400605
2177.8917	0.0278011131466031
2176.4748	0.0287099849487146
2175.0578	0.0275366707349308
2173.6408	0.0278565344664244
2172.2238	0.0284149324217718
2170.8069	0.0285647459495918
2169.3899	0.0298162444602808
2167.9729	0.0298647787937052
2166.5559	0.0294691897566324
2165.139	0.0296956996029576
2163.722	0.0295572220177792
2162.305	0.0304540420338634
2160.888	0.0297376209177229
2159.471	0.0292438861568622
2158.0541	0.0276932446169642
2156.6371	0.0264089378612133
2155.2201	0.0255794518065679
2153.8031	0.0260139349109202
2152.3862	0.0262208832585429
2150.9692	0.0265198150999276
2149.5522	0.0266725564814134
2148.1352	0.0266418374888883
2146.7183	0.0272681641464266
2145.3013	0.0266543143665809
2143.8843	0.0270148982640503
2142.4673	0.0274971856692134
2141.0504	0.0275993615549812
2139.6334	0.026877131596739
2138.2164	0.0278425203380371
2136.7994	0.0275858363683651
2135.3825	0.0270989029615509
2133.9655	0.0265598812347263
2132.5485	0.026697641325257
2131.1315	0.0270131679419417
2129.7146	0.0270997285854241
2128.2976	0.0265771506112451
2126.8806	0.0271416753216981
2125.4636	0.0275193728622805
2124.0467	0.0285055975581106
2122.6297	0.0277980381663916
2121.2127	0.0281703954572818
2119.7957	0.0285870762646619
2118.3788	0.0292247482682141
2116.9618	0.0286679708274985
2115.5448	0.029245950955568
2114.1278	0.0291625161080348
2112.7108	0.0284711639661414
2111.2939	0.0290084454483658
2109.8769	0.0282353782896935
2108.4599	0.0291594930404114
2107.0429	0.0290292726406113
2105.626	0.0288183619950327
2104.209	0.0291604973331557
2102.792	0.0289244681046494
2101.375	0.0279320612940314
2099.9581	0.0282130232236777
2098.5411	0.0282861096515718
2097.1241	0.027747564310143
2095.7071	0.0278764314970431
2094.2902	0.0267755458857792
2092.8732	0.0287036866116286
2091.4562	0.0284079267609026
2090.0392	0.0283474544019949
2088.6223	0.0288450409338169
2087.2053	0.0281352338194313
2085.7883	0.0288243887977058
2084.3713	0.0275226129046742
2082.9544	0.026967361898456
2081.5374	0.0280351208959221
2080.1204	0.0283493301277958
2078.7034	0.027817000999082
2077.2865	0.0293024951358543
2075.8695	0.0286813621687766
2074.4525	0.0283360456164246
2073.0355	0.0287850378542005
2071.6186	0.0285295871263489
2070.2016	0.0280684498679466
2068.7846	0.0280088267910855
2067.3676	0.0274315030174466
2065.9506	0.0282259966612557
2064.5337	0.0284236602057348
2063.1167	0.0281882065906651
2061.6997	0.0276240288056223
2060.2827	0.0267263088930577
2058.8658	0.0280201007807094
2057.4488	0.0274677118501413
2056.0318	0.0282408857884604
2054.6148	0.0272889907238
2053.1979	0.0269787545714478
2051.7809	0.0275217843352919
2050.3639	0.0281559979451683
2048.9469	0.0272748636553521
2047.53	0.0266037594406844
2046.113	0.0261327836420133
2044.696	0.0261621331395004
2043.279	0.0262010088101679
2041.8621	0.0254782066597848
2040.4451	0.0267991251067151
2039.0281	0.0270350734619297
2037.6111	0.0262921354855754
2036.1942	0.026385429344688
2034.7772	0.027329805782818
2033.3602	0.0267774736527516
2031.9432	0.0262519418840764
2030.5263	0.0267619341295236
2029.1093	0.0264614365868877
2027.6923	0.0258529450712899
2026.2753	0.0262981943988962
2024.8584	0.0256315086154641
2023.4414	0.0247799590171862
2022.0244	0.0251500502936988
2020.6074	0.0244431841937998
2019.1904	0.0248049004895634
2017.7735	0.0254938218434239
2016.3565	0.0266630517843055
2014.9395	0.0252820692422623
2013.5225	0.0248497424799038
2012.1056	0.0247791647850353
2010.6886	0.0238622017157039
2009.2716	0.0245312948713887
2007.8546	0.0248730616897915
2006.4377	0.0244038198824726
2005.0207	0.0246902940569242
2003.6037	0.0241951779987273
2002.1867	0.0242121591878289
2000.7698	0.0242418509540539
1999.3528	0.0254725463298615
1997.9358	0.0247427518672299
1996.5188	0.0251782867453431
1995.1019	0.0239644277992284
1993.6849	0.0238259952334775
1992.2679	0.024447889551349
1990.8509	0.025424409431906
1989.434	0.0247728845839715
1988.017	0.0251420978779874
1986.6	0.0248951914265226
1985.183	0.0265534309811597
1983.7661	0.0275674632078651
1982.3491	0.026562756982759
1980.9321	0.0270069205914182
1979.5151	0.0261524549660272
1978.0982	0.025542647520943
1976.6812	0.0246301704272952
1975.2642	0.0241683687092954
1973.8472	0.0236750781728448
1972.4302	0.0233995203144343
1971.0133	0.0233367961073229
1969.5963	0.0231778385120128
1968.1793	0.0232499264439831
1966.7623	0.0235527771439206
1965.3454	0.0241307583618496
1963.9284	0.0238780363740554
1962.5114	0.0243435252582416
1961.0944	0.0239454589047581
1959.6775	0.0242934806442638
1958.2605	0.0244693620815305
1956.8435	0.0251136390800497
1955.4265	0.0238645314187349
1954.0096	0.0243124420218015
1952.5926	0.0249060660501095
1951.1756	0.0253277328437467
1949.7586	0.0247275474699598
1948.3417	0.0253414604446739
1946.9247	0.0239979406018059
1945.5077	0.0257228297392672
1944.0907	0.0250910905674934
1942.6738	0.0252690960987381
1941.2568	0.0253531794071788
1939.8398	0.0250381358073194
1938.4228	0.0258051377330779
1937.0059	0.0260030576412137
1935.5889	0.0258642930852779
1934.1719	0.0253031955626047
1932.7549	0.0258707889149949
1931.338	0.0243738916657549
1929.921	0.0255837351342585
1928.504	0.0251681476244092
1927.087	0.0259457282664166
1925.67	0.0254557694456515
1924.2531	0.0257709869000945
1922.8361	0.0257865908865459
1921.4191	0.0263948976825624
1920.0021	0.0262285105380353
1918.5852	0.0256176900521914
1917.1682	0.0258728635055748
1915.7512	0.025760002759366
1914.3342	0.0267205627496962
1912.9173	0.0265296460718588
1911.5003	0.0251159311401298
1910.0833	0.0265445104197261
1908.6663	0.0266998975043617
1907.2494	0.0250198757347766
1905.8324	0.0260257280132137
1904.4154	0.0255389299562547
1902.9984	0.0260185589382095
1901.5815	0.0261219923540059
1900.1645	0.0262251837450247
1898.7475	0.0256289268711598
1897.3305	0.0254936276925533
1895.9136	0.0257825910313892
1894.4966	0.026003125518953
1893.0796	0.0272268926983673
1891.6626	0.0261728708976423
1890.2457	0.0257221359488769
1888.8287	0.0259233130279528
1887.4117	0.0254648303586895
1885.9947	0.0255194286935429
1884.5778	0.025684093869544
1883.1608	0.0256812437292408
1881.7438	0.0257665973161535
1880.3268	0.0265554710782402
1878.9098	0.0254614067452643
1877.4929	0.0259162736468934
1876.0759	0.0258150028984159
1874.6589	0.0249415427702598
1873.2419	0.0252911088789251
1871.825	0.0258945230147761
1870.408	0.0264761288476926
1868.991	0.0250746302326671
1867.574	0.0250005638014654
1866.1571	0.0255668683656533
1864.7401	0.0258517751809408
1863.3231	0.025814758880206
1861.9061	0.0253459576028924
1860.4892	0.0258720008713388
1859.0722	0.0257782463941379
1857.6552	0.0252881589122371
1856.2382	0.0257196311653158
1854.8213	0.0255415680665714
1853.4043	0.0259455296766634
1851.9873	0.0258110384447819
1850.5703	0.026136433253083
1849.1534	0.0259482035923674
1847.7364	0.0254900437417999
1846.3194	0.0256362229059732
1844.9024	0.0256397287086568
1843.4855	0.0254915850634651
1842.0685	0.0253104994139046
1840.6515	0.0256868573242604
1839.2345	0.0254914493947733
1837.8176	0.0259839610141588
1836.4006	0.0255449038794259
1834.9836	0.0252754989968962
1833.5666	0.0252127451964935
1832.1496	0.024883531508724
1830.7327	0.0249231614060807
1829.3157	0.0252020668927356
1827.8987	0.0255631622688278
1826.4817	0.0253902146249229
1825.0648	0.0248975877618557
1823.6478	0.0256110183262961
1822.2308	0.0255732389196705
1820.8138	0.0253295023576488
1819.3969	0.0244567563193857
1817.9799	0.0248329836815063
1816.5629	0.0249596123306266
1815.1459	0.0246939744634235
1813.729	0.0244301971070815
1812.312	0.0251444151337681
1810.895	0.0250355350048963
1809.478	0.0245064711901679
1808.0611	0.0246550589938218
1806.6441	0.0241365207420736
1805.2271	0.0251469778893173
1803.8101	0.0244666025581241
1802.3932	0.0256464446857046
1800.9762	0.024802799332984
1799.5592	0.0248054517751012
1798.1422	0.0249379706448556
1796.7253	0.0243432680179426
1795.3083	0.0246787439029084
1793.8913	0.025067100687475
1792.4743	0.0241323215249036
1791.0574	0.0251558803064892
1789.6404	0.0246022097047155
1788.2234	0.0253773503978705
1786.8064	0.0257829051807818
1785.3894	0.0255244504024202
1783.9725	0.0254560485797882
1782.5555	0.025443106262875
1781.1385	0.0252489246320612
1779.7215	0.0263413882890784
1778.3046	0.0254723289274926
1776.8876	0.0253741611993722
1775.4706	0.0248467831191721
1774.0536	0.0257108144296694
1772.6367	0.0262271497423694
1771.2197	0.0252304452588214
1769.8027	0.0256325818305041
1768.3857	0.0258153887531388
1766.9688	0.0256796042211758
1765.5518	0.0250280708499133
1764.1348	0.0262434067083383
1762.7178	0.0264860631180582
1761.3009	0.0256292103931206
1759.8839	0.0255517164741036
1758.4669	0.0262701893056416
1757.0499	0.0256968601989257
1755.633	0.0256551294550271
1754.216	0.0260703744440527
1752.799	0.025788226319648
1751.382	0.0256126631726934
1749.9651	0.0270377493804098
1748.5481	0.0276579438331498
1747.1311	0.0265455947528413
1745.7141	0.0270676271317072
1744.2972	0.027937565739543
1742.8802	0.0270929915085341
1741.4632	0.0276363608241711
1740.0462	0.0278224314856604
1738.6292	0.0280178075197645
1737.2123	0.027980124250727
1735.7953	0.0286473569203503
1734.3783	0.0281488954773553
1732.9613	0.0288471012587057
1731.5444	0.0296731462444788
1730.1274	0.0298515375093692
1728.7104	0.0306335661575608
1727.2934	0.0292029852205655
1725.8765	0.0299805747338118
1724.4595	0.0298690527941721
1723.0425	0.0303492178396097
1721.6255	0.0302419662625475
1720.2086	0.0308796655002689
1718.7916	0.0312457629591641
1717.3746	0.0316656916918342
1715.9576	0.0315759049501308
1714.5407	0.0315177167223748
1713.1237	0.0323987875306118
1711.7067	0.0328311689294659
1710.2897	0.0320622182607617
1708.8728	0.0329274065790618
1707.4558	0.0332555223138604
1706.0388	0.0337544751998442
1704.6218	0.0339331381193636
1703.2049	0.0336568417514413
1701.7879	0.0341343222608768
1700.3709	0.0339098861788076
1698.9539	0.0345296245725576
1697.537	0.0329400821909378
1696.12	0.034135674952264
1694.703	0.035085850310651
1693.286	0.0345651466492198
1691.869	0.03575101182576
1690.4521	0.0349580502124103
1689.0351	0.0357585076095332
1687.6181	0.0346746227359303
1686.2011	0.0351618924132272
1684.7842	0.0362468315725276
1683.3672	0.0347908452134218
1681.9502	0.0352398102054793
1680.5332	0.0360846181826523
1679.1163	0.0357366277563742
1677.6993	0.0368583323955895
1676.2823	0.0365183949633644
1674.8653	0.0361159803037931
1673.4484	0.0371048562860063
1672.0314	0.035445005529057
1670.6144	0.0377276473403248
1669.1974	0.0367358240372214
1667.7805	0.0382067697797544
1666.3635	0.0366012939169413
1664.9465	0.0374515352302559
1663.5295	0.0392715789854347
1662.1126	0.0381443245018619
1660.6956	0.0380712976145654
1659.2786	0.0378159622652033
1657.8616	0.0382300242330156
1656.4447	0.0384966002172925
1655.0277	0.0393617841089416
1653.6107	0.0396343943778919
1652.1937	0.0407308459950229
1650.7768	0.0407749069292833
1649.3598	0.0410530594527378
1647.9428	0.0418583700011105
1646.5258	0.0416921723648455
1645.1088	0.0415703168080819
1643.6919	0.0433551886059809
1642.2749	0.0438424766256444
1640.8579	0.043461258237008
1639.4409	0.0453401760855252
1638.024	0.0449506921469515
1636.607	0.0465265847569114
1635.19	0.0480886116716888
1633.773	0.0482050472984683
1632.3561	0.0492587653586882
1630.9391	0.0488348188614868
1629.5221	0.0500284680598547
1628.1051	0.0502612991490747
1626.6882	0.0506993180512975
1625.2712	0.0500128867951979
1623.8542	0.0513688430005385
1622.4372	0.0523263290253943
1621.0203	0.0521332602030828
1619.6033	0.052681473169274
1618.1863	0.052195586329756
1616.7693	0.0532412455088307
1615.3524	0.0539015056549214
1613.9354	0.055083658250919
1612.5184	0.0547481370887268
1611.1014	0.0556586858682011
1609.6845	0.0560063962605375
1608.2675	0.0572483794249795
1606.8505	0.0560642294776055
1605.4335	0.0573336766577077
1604.0166	0.0584239915038327
1602.5996	0.0595319996444901
1601.1826	0.0581742722790849
1599.7656	0.0581950518536205
1598.3486	0.0592507773037655
1596.9317	0.0584657972184112
1595.5147	0.05997678817136
1594.0977	0.0584184318129142
1592.6807	0.0577761483429224
1591.2638	0.0579127758220118
1589.8468	0.0576422154588068
1588.4298	0.0572121304967107
1587.0128	0.0564024455735578
1585.5959	0.0553665565843402
1584.1789	0.0554410862801915
1582.7619	0.0545229664059455
1581.3449	0.0546804756434276
1579.928	0.0530121697396244
1578.511	0.0529041590233268
1577.094	0.0526087266965879
1575.677	0.0518976696194307
1574.2601	0.0504251347564804
1572.8431	0.0499830422240888
1571.4261	0.0493398154363489
1570.0091	0.0487460340480717
1568.5922	0.0489397399935745
1567.1752	0.0486124474010019
1565.7582	0.0477895127492682
1564.3412	0.0464321011223523
1562.9243	0.0451375540508948
1561.5073	0.0450081371669922
1560.0903	0.0446170573994293
1558.6733	0.042979202315629
1557.2564	0.042886123009911
1555.8394	0.0412590625708483
1554.4224	0.0410468155545962
1553.0054	0.0406432265991016
1551.5885	0.039740047890972
1550.1715	0.0400212454884669
1548.7545	0.0386917359254138
1547.3375	0.038729399170344
1545.9205	0.0384142788411181
1544.5036	0.0379066451534534
1543.0866	0.0379594029675626
1541.6696	0.0371975280458844
1540.2526	0.0375993373229576
1538.8357	0.0362774420266253
1537.4187	0.0363660246752829
1536.0017	0.0366304022518607
1534.5847	0.0367278463409127
1533.1678	0.0350609335691674
1531.7508	0.0360069959355991
1530.3338	0.0365005232836959
1528.9168	0.0369085658846137
1527.4999	0.0361477528917761
1526.0829	0.0362384814253946
1524.6659	0.0373807155939493
1523.2489	0.0374216694720671
1521.832	0.0382941531146943
1520.415	0.0405211630036985
1518.998	0.0418540566451798
1517.581	0.041801565528118
1516.1641	0.0431221964616967
1514.7471	0.0432419941732083
1513.3301	0.0446141890576588
1511.9131	0.0454238989392264
1510.4962	0.0453032715978986
1509.0792	0.0454287621600978
1507.6622	0.0458571996496377
1506.2452	0.046229781585375
1504.8283	0.0443870300640299
1503.4113	0.0442326100580641
1501.9943	0.0432951857773567
1500.5773	0.0422782225291124
1499.1603	0.0406044527837641
1497.7434	0.0402568766821506
1496.3264	0.0393396445054392
1494.9094	0.0383984472890215
1493.4924	0.0374201274847181
1492.0755	0.0371189807576848
1490.6585	0.0379351275971273
1489.2415	0.0372872545783246
1487.8245	0.0380256655002113
1486.4076	0.0379285874869557
1484.9906	0.0378900003952526
1483.5736	0.0389257235413975
1482.1566	0.0391760137136745
1480.7397	0.0398975357574517
1479.3227	0.0402675256894244
1477.9057	0.0403855415389525
1476.4887	0.0407869079437237
1475.0718	0.0403731510548172
1473.6548	0.0415284977259444
1472.2378	0.0418628686231925
1470.8208	0.0427568756976431
1469.4039	0.0436963322861715
1467.9869	0.0443227452588885
1466.5699	0.0457366218307445
1465.1529	0.0472727029364981
1463.736	0.0471777987739416
1462.319	0.0492476430856918
1460.902	0.048813774651165
1459.485	0.0495791001586609
1458.0681	0.0500500215203575
1456.6511	0.0517048318538043
1455.2341	0.052985983286146
1453.8171	0.0517562438146034
1452.4001	0.0523068201737265
1450.9832	0.052706231854995
1449.5662	0.0530168193345597
1448.1492	0.0522364527510761
1446.7322	0.0526482023164015
1445.3153	0.052826582121674
1443.8983	0.0533048887847883
1442.4813	0.051964570914667
1441.0643	0.052231555634224
1439.6474	0.051998635403641
1438.2304	0.053228312078778
1436.8134	0.0527215084657046
1435.3964	0.0543185916664312
1433.9795	0.0542301095462855
1432.5625	0.0540108625323382
1431.1455	0.0556699699657183
1429.7285	0.0556994409021077
1428.3116	0.0559692550634907
1426.8946	0.0570083032326893
1425.4776	0.0574705240344625
1424.0606	0.0582613370019326
1422.6437	0.0586180329584639
1421.2267	0.058517882040314
1419.8097	0.0587960076418642
1418.3927	0.0594249817302725
1416.9758	0.0606314396503765
1415.5588	0.0598399626978981
1414.1418	0.0595438773497234
1412.7248	0.0601708059554558
1411.3079	0.0596111771698258
1409.8909	0.05962821408971
1408.4739	0.0596707804094203
1407.0569	0.0607356976639713
1405.6399	0.0603160150179678
1404.223	0.0598938699066174
1402.806	0.0596284493177532
1401.389	0.0607111863557401
1399.972	0.0607755097595389
1398.5551	0.0610227451970234
1397.1381	0.0610127225321466
1395.7211	0.0615601251017114
1394.3041	0.0608507911683207
1392.8872	0.0617379955752964
1391.4702	0.0630899959711997
1390.0532	0.0629871943128284
1388.6362	0.0644318683927179
1387.2193	0.0645008668530513
1385.8023	0.0649058009062119
1384.3853	0.0653980540875904
1382.9683	0.0649604251339269
1381.5514	0.0641766678961436
1380.1344	0.0647201501430367
1378.7174	0.0646204913888334
1377.3004	0.0637027331633491
1375.8835	0.0643892331455963
1374.4665	0.0642615533022767
1373.0495	0.0645942376217518
1371.6325	0.0655016859358601
1370.2156	0.0655188666115796
1368.7986	0.0659512626991901
1367.3816	0.0677033164302639
1365.9646	0.0672097970030134
1364.5477	0.0684875701658249
1363.1307	0.0683299099582418
1361.7137	0.0686179108342027
1360.2967	0.0687586208954306
1358.8797	0.0686943114859993
1357.4628	0.0672033720436919
1356.0458	0.0673013898931939
1354.6288	0.0662934613075034
1353.2118	0.0640681074467277
1351.7949	0.0655050449766647
1350.3779	0.0647695110990093
1348.9609	0.0649456177630929
1347.5439	0.0647939714297757
1346.127	0.0643981677512828
1344.71	0.0643049831651008
1343.293	0.0651899240571468
1341.876	0.0660678553270146
1340.4591	0.0661976627088255
1339.0421	0.0661282638833708
1337.6251	0.0659170760990417
1336.2081	0.0664095366008935
1334.7912	0.0657374954827877
1333.3742	0.0653386607075419
1331.9572	0.0654763586271144
1330.5402	0.064883585404592
1329.1233	0.0649471519477419
1327.7063	0.0646627957078893
1326.2893	0.0638088893210661
1324.8723	0.0631520871500545
1323.4554	0.0629814455159979
1322.0384	0.0623347313422939
1320.6214	0.0618158444925121
1319.2044	0.0612103446433271
1317.7875	0.0609276203599217
1316.3705	0.0598388517236402
1314.9535	0.0603155731953729
1313.5365	0.0596757102101826
1312.1195	0.0583815560876821
1310.7026	0.0586825383563858
1309.2856	0.0586463772816531
1307.8686	0.0585930223947758
1306.4516	0.0587327058702726
1305.0347	0.0589496708423532
1303.6177	0.0579802258691448
1302.2007	0.0581775553573187
1300.7837	0.0587910519418038
1299.3668	0.0577971049254102
1297.9498	0.0596418340093268
1296.5328	0.0582835288488012
1295.1158	0.0586580036674781
1293.6989	0.0580946124870252
1292.2819	0.0593021958043607
1290.8649	0.0582702976000484
1289.4479	0.0587903698312171
1288.031	0.0599034892194403
1286.614	0.0588220240623655
1285.197	0.0586220157463276
1283.78	0.0601982118865338
1282.3631	0.0603332182816944
1280.9461	0.0591963931723497
1279.5291	0.061014217674887
1278.1121	0.0612153018220274
1276.6952	0.0619980257873348
1275.2782	0.0633295965921839
1273.8612	0.0639147299462972
1272.4442	0.0640490409678147
1271.0273	0.0640589843564376
1269.6103	0.0642770404226625
1268.1933	0.0647799711016324
1266.7763	0.0644916720571615
1265.3593	0.0634360826514675
1263.9424	0.0647864580437024
1262.5254	0.0637487136093878
1261.1084	0.063381159219132
1259.6914	0.0635889081207441
1258.2745	0.0634558943756671
1256.8575	0.0638015361410576
1255.4405	0.063464283175058
1254.0235	0.0631857694816837
1252.6066	0.0632301126166342
1251.1896	0.0632435910816299
1249.7726	0.0634361653962387
1248.3556	0.0626606233223354
1246.9387	0.0618242707016985
1245.5217	0.0613835452260093
1244.1047	0.0619344129538046
1242.6877	0.0620404783892866
1241.2708	0.0620320575238363
1239.8538	0.0620815438918277
1238.4368	0.0629762378718747
1237.0198	0.0630253121575698
1235.6029	0.0627264480935638
1234.1859	0.0636301889287064
1232.7689	0.0626519838558063
1231.3519	0.0630364145892176
1229.935	0.0616380024747029
1228.518	0.0611930457131644
1227.101	0.0610901045758814
1225.684	0.059516269968395
1224.2671	0.058863590630258
1222.8501	0.0580972203105969
1221.4331	0.0566174360120463
1220.0161	0.0561274448713666
1218.5991	0.054938902212302
1217.1822	0.0557158427079933
1215.7652	0.0543659686062785
1214.3482	0.0547801734858839
1212.9312	0.0546084149147104
1211.5143	0.0543637915829194
1210.0973	0.0547010633948208
1208.6803	0.0540741891983068
1207.2633	0.0534438759094364
1205.8464	0.0528677726002186
1204.4294	0.0520556854843705
1203.0124	0.0513750188917062
1201.5954	0.0511448487439249
1200.1785	0.0513974642331217
1198.7615	0.0504452601230753
1197.3445	0.0496917943572561
1195.9275	0.0488854990360334
1194.5106	0.0480120677566226
1193.0936	0.0479681409243355
1191.6766	0.0471723236716877
1190.2596	0.0472845446316968
1188.8427	0.0454270437621191
1187.4257	0.0458605834308669
1186.0087	0.0448821132599351
1184.5917	0.0447692030149411
1183.1748	0.0454567615599728
1181.7578	0.0450916320124681
1180.3408	0.0439037994279143
1178.9238	0.044742246750143
1177.5069	0.0450761152505035
1176.0899	0.0464006661285362
1174.6729	0.0464355494315413
1173.2559	0.0469809476686464
1171.8389	0.0490428270475534
1170.422	0.0505648523521649
1169.005	0.0523475361050165
1167.588	0.0538045671843163
1166.171	0.0571459356143041
1164.7541	0.0597682325111002
1163.3371	0.0621616763602349
1161.9201	0.0656617009541471
1160.5031	0.0687686390108685
1159.0862	0.0720897403036019
1157.6692	0.0747183437982571
1156.2522	0.0783325488696217
1154.8352	0.0803203228575579
1153.4183	0.0829217695049094
1152.0013	0.084737032336335
1150.5843	0.0860972536073876
1149.1673	0.0870050687903389
1147.7504	0.0867843474478778
1146.3334	0.0877770725429993
1144.9164	0.0881948864416788
1143.4994	0.0865355239919991
1142.0825	0.0863479431985044
1140.6655	0.0839553818571749
1139.2485	0.0836476478724362
1137.8315	0.0828232885870118
1136.4146	0.0806715085371802
1134.9976	0.0798791865731571
1133.5806	0.0791120689941291
1132.1636	0.0798375577568603
1130.7467	0.0799682593042497
1129.3297	0.0802816321365823
1127.9127	0.0793797377720721
1126.4957	0.079885590859901
1125.0787	0.0816487069996048
1123.6618	0.0812968223492175
1122.2448	0.0811927022723848
1120.8278	0.0821488070105722
1119.4108	0.0826753489017278
1117.9939	0.0836536638779478
1116.5769	0.0837446076742709
1115.1599	0.0829217574322573
1113.7429	0.0839407505462638
1112.326	0.084213913488085
1110.909	0.0849789171528918
1109.492	0.0853886454236865
1108.075	0.0857145335860561
1106.6581	0.0877645201362816
1105.2411	0.08802419886605
1103.8241	0.0881765572123115
1102.4071	0.0888584415191948
1100.9902	0.0894709918843321
1099.5732	0.0918296486571463
1098.1562	0.0907491651010142
1096.7392	0.0912773276713589
1095.3223	0.0916187823612392
1093.9053	0.0915426417665165
1092.4883	0.0921353875606037
1091.0713	0.0938774868417767
1089.6544	0.094809304507973
1088.2374	0.0970202676763524
1086.8204	0.0999527424496173
1085.4034	0.102367256693853
1083.9865	0.105295355929898
1082.5695	0.108257055762168
1081.1525	0.11089143373339
1079.7355	0.113292432332374
1078.3185	0.116052535132141
1076.9016	0.116950987349826
1075.4846	0.117366578833664
1074.0676	0.116725343534377
1072.6506	0.115959671842803
1071.2337	0.113084231348744
1069.8167	0.11146983582488
1068.3997	0.108605388018374
1066.9827	0.107120246169922
1065.5658	0.106961670322762
1064.1488	0.106995226752227
1062.7318	0.107890359465022
1061.3148	0.108950688900213
1059.8979	0.110544462193795
1058.4809	0.111665460140685
1057.0639	0.113786084764964
1055.6469	0.114873008081729
1054.23	0.117677079470945
1052.813	0.12001471019325
1051.396	0.121775798990895
1049.979	0.125404598489881
1048.5621	0.127036977971665
1047.1451	0.129146414832498
1045.7281	0.131584397705822
1044.3111	0.134062910050242
1042.8942	0.135771260922328
1041.4772	0.137451069196886
1040.0602	0.141518824669281
1038.6432	0.142450106035211
1037.2263	0.145000189096281
1035.8093	0.146406298983009
1034.3923	0.149605481343548
1032.9753	0.151016930963056
1031.5583	0.153559191460301
1030.1414	0.155318005216814
1028.7244	0.158022759198106
1027.3074	0.161081240906878
1025.8904	0.162999931125283
1024.4735	0.165706888419451
1023.0565	0.168879419842801
1021.6395	0.170992212379726
1020.2225	0.172545053747759
1018.8056	0.175023643188858
1017.3886	0.176494390270487
1015.9716	0.177129183229278
1014.5546	0.178151594431001
1013.1377	0.178264739298377
1011.7207	0.178104846223344
1010.3037	0.179265543004228
1008.8867	0.180112861747834
1007.4698	0.178940716948139
1006.0528	0.179808722724452
1004.6358	0.180137010826726
1003.2188	0.179585414202557
1001.8019	0.1815058619058
1000.3849	0.182491655821735
998.9679	0.182224588500403
997.5509	0.184871023058322
996.134	0.186221359363961
994.717	0.186973144483896
993.3	0.186627499791762
991.883	0.187556369572667
990.4661	0.187277149678405
989.0491	0.187811306848514
987.6321	0.186254849180824
986.2151	0.185257979545166
984.7981	0.183701987085103
983.3812	0.18254080615701
981.9642	0.180021338008012
980.5472	0.178686684629252
979.1302	0.174378642758886
977.7133	0.171679787956096
976.2963	0.168656351816471
974.8793	0.165561210732106
973.4623	0.162138123637011
972.0454	0.158006847506426
970.6284	0.155775998538472
969.2114	0.152136040257588
967.7944	0.148780957312604
966.3775	0.145263647510218
964.9605	0.142470508685506
963.5435	0.138398334782685
962.1265	0.135660007322669
960.7096	0.13353637436281
959.2926	0.129685030892289
957.8756	0.128171711066472
956.4586	0.125216712512296
955.0417	0.121895755193489
953.6247	0.120461800403793
952.2077	0.117453982178985
950.7907	0.1150836289533
949.3738	0.113147192571747
947.9568	0.11179768970858
946.5398	0.110382421044275
945.1228	0.109306132999463
943.7059	0.109110954650368
942.2889	0.109065996129542
940.8719	0.109665438828071
939.4549	0.110381013140748
938.0379	0.110337870421346
936.621	0.110358324245083
935.204	0.111700531032619
933.787	0.109240389456189
932.37	0.11277503870173
930.9531	0.111355136570325
929.5361	0.109718601370074
928.1191	0.110899813113205
926.7021	0.110686442951988
925.2852	0.111397687325704
923.8682	0.111414434434037
922.4512	0.110779761106799
921.0342	0.109528919820294
919.6173	0.108832079835392
918.2003	0.108764466351002
916.7833	0.107419787631171
915.3663	0.107930019905223
913.9494	0.106250617618308
912.5324	0.105903872782787
911.1154	0.105381524178019
909.6984	0.103654464841527
908.2815	0.102909194464285
906.8645	0.101387826478324
905.4475	0.101280766301794
904.0305	0.100507518487769
902.6136	0.0977420150071552
901.1966	0.0978309849490152
899.7796	0.0983094802241533
898.3626	0.097413461890385
896.9457	0.0953168101854407
895.5287	0.0954984314078026
894.1117	0.0938691033035266
892.6947	0.0938287107109894
891.2777	0.0935099359143381
889.8608	0.0931095147770509
888.4438	0.0922371211057411
887.0268	0.0904859960529416
885.6098	0.0903217273029412
884.1929	0.0886714124327557
882.7759	0.0885470034411507
881.3589	0.0880783205232475
879.9419	0.0872113934820631
878.525	0.0849437204433844
877.108	0.0851198556512939
875.691	0.0848330079515335
874.274	0.0861167570932854
872.8571	0.0861599760813525
871.4401	0.0858494600708364
870.0231	0.0866583943456533
868.6061	0.0873232832172559
867.1892	0.0873287563061895
865.7722	0.0890303091275895
864.3552	0.0885757430822972
862.9382	0.0895637920212844
861.5213	0.0910626347288464
860.1043	0.09148259495668
858.6873	0.0909649448626581
857.2703	0.0902417725423817
855.8534	0.0902308229511177
854.4364	0.090244024490342
853.0194	0.0913089748858601
851.6024	0.0918174936095244
850.1855	0.0903921325691115
848.7685	0.0906917095567163
847.3515	0.0916064227835021
845.9345	0.0917459011700343
844.5175	0.0912599557749474
843.1006	0.0912857755583966
841.6836	0.0900829340100595
840.2666	0.0900710868427083
838.8496	0.0887602405077726
837.4327	0.0883501717035544
836.0157	0.0888657464368331
834.5987	0.0878329012145719
833.1817	0.0866052225756092
831.7648	0.0869081745424953
830.3478	0.0865025195846665
828.9308	0.0848723528247979
827.5138	0.0845620028209506
826.0969	0.0850704955532889
824.6799	0.084881956160675
823.2629	0.0854559854965226
821.8459	0.0836806809120081
820.429	0.0842938740116322
819.012	0.0835854016106228
817.595	0.083458488002747
816.178	0.0829597722548198
814.7611	0.0825279201824407
813.3441	0.0817656498771443
811.9271	0.0823673832375564
810.5101	0.0822915737921732
809.0932	0.0811941778091108
807.6762	0.0818460116767883
806.2592	0.0811915567722325
804.8422	0.0805211452593927
803.4253	0.081519472021392
802.0083	0.0803976518331433
800.5913	0.0805212046515728
799.1743	0.0806106631016074
797.7573	0.0807433393316954
796.3404	0.0809546283258483
794.9234	0.0816626923130896
793.5064	0.0814894525000443
792.0894	0.0817402378497658
790.6725	0.0815452975165798
789.2555	0.0833302268479095
787.8385	0.0812891018996676
786.4215	0.0839882975129735
785.0046	0.083284617209249
783.5876	0.0838520137402321
782.1706	0.0848546107164598
780.7536	0.085262244749996
779.3367	0.0858356066929091
777.9197	0.0858544470472594
776.5027	0.0862568186400724
775.0857	0.0876867053074084
773.6688	0.0880866528450795
772.2518	0.0900145685168526
770.8348	0.0909003923337255
769.4178	0.0918977559018138
768.0009	0.0923209543224303
766.5839	0.0927170747526581
765.1669	0.0951965072508927
763.7499	0.0956516841558019
762.333	0.0965500240722289
760.916	0.0966586399566434
759.499	0.0971636449962512
758.082	0.0963932752446661
756.6651	0.0959802651320248
755.2481	0.0955816461679916
753.8311	0.0939920506238665
752.4141	0.0937343573710491
750.9971	0.0937533984436654
749.5802	0.0917420825491259
748.1632	0.0918546694081549
746.7462	0.0908219624342513
745.3292	0.0900366823846719
743.9123	0.0889235827813599
742.4953	0.0893064424860486
741.0783	0.0886204596120901
739.6613	0.0886910190847373
738.2444	0.0884512656619496
736.8274	0.0891582290015319
735.4104	0.0875887356444194
733.9934	0.0874519807604084
732.5765	0.086997254456804
731.1595	0.0880721530495019
729.7425	0.0888189673597411
728.3255	0.0891208663276283
726.9086	0.0889441136637878
725.4916	0.0909640865598901
724.0746	0.0905328536427307
722.6576	0.0915931956393337
721.2407	0.0917806071202023
719.8237	0.0925634798319849
718.4067	0.0934852099425541
716.9897	0.0949895649936602
715.5728	0.0954611488040213
714.1558	0.0970685431883836
712.7388	0.0972934829295302
711.3218	0.0993047635514596
709.9049	0.0994519296346768
708.4879	0.100057777037131
707.0709	0.100964207193986
705.6539	0.101782067750931
704.2369	0.102664130189495
702.82	0.101788480133258
701.403	0.101902961217852
699.986	0.101528177628776
698.569	0.100311137823563
697.1521	0.100027089493765
695.7351	0.100925462716402
694.3181	0.100019843448251
692.9011	0.0998035476853232
691.4842	0.100179365064325
690.0672	0.100438130231053
688.6502	0.0996601398058929
687.2332	0.0996837840057647
685.8163	0.100323721262101
684.3993	0.100069277644531
682.9823	0.101339413144977
681.5653	0.100830397194447
680.1484	0.10135172718732
678.7314	0.100655913846323
677.3144	0.100682232454246
675.8974	0.100642510076476
674.4805	0.101908495315303
673.0635	0.101871177273911
671.6465	0.102325403329445
670.2295	0.101523360077582
668.8126	0.103578042274757
667.3956	0.103688871705517
665.9786	0.103504629846938
664.5616	0.103965420485665
663.1447	0.103847668766356
661.7277	0.105419600036967
660.3107	0.104681441774859
658.8937	0.104998695728841
657.4767	0.105023027629628
656.0598	0.105216580767355
654.6428	0.106024658991388
653.2258	0.106425874486101
651.8088	0.106640811682061
650.3919	0.106968279662785
648.9749	0.106592549221952
647.5579	0.106051718172294
646.1409	0.107606627181959
644.724	0.107974094859222
643.307	0.108123279167635
641.89	0.108057179802881
640.473	0.108543964531242
639.0561	0.109494409400741
637.6391	0.108660589019633
636.2221	0.109415646412423
634.8051	0.109175131696777
633.3882	0.109659039700564
631.9712	0.110954934010629
630.5542	0.110425340405444
629.1372	0.110810811580659
627.7203	0.110686517357036
626.3033	0.111774336538315
624.8863	0.112765727109158
623.4693	0.113642629975853
622.0524	0.114182898773052
620.6354	0.116394642436515
619.2184	0.117779429941852
617.8014	0.118216520950105
616.3845	0.1194809815518
614.9675	0.120534990769951
613.5505	0.122320614298426
612.1335	0.122951028534531
610.7165	0.123290803575152
609.2996	0.125103007625983
607.8826	0.125548228653047
606.4656	0.125509098203564
605.0486	0.12666043967524
603.6317	0.127867733842723
602.2147	0.128770214093492
600.7977	0.127362098959279
599.3807	0.127369275478494
597.9638	0.12816802836801
596.5468	0.128345582651065
595.1298	0.128505110948622
593.7128	0.12763897956029
592.2959	0.127465135892402
590.8789	0.128635767147737
589.4619	0.129499338938017
588.0449	0.128830836406498
586.628	0.131378283818254
585.211	0.132125184152198
583.794	0.133389361247148
582.377	0.135643105332542
580.9601	0.138471851086034
579.5431	0.139390503468864
578.1261	0.142069316992173
576.7091	0.142215048778744
575.2922	0.144522402408815
573.8752	0.146065779718121
572.4582	0.146394067767624
571.0412	0.146591259595409
569.6243	0.146573708265604
568.2073	0.14545721156364
566.7903	0.1464199861802
565.3733	0.146625169420063
563.9563	0.146024699759896
562.5394	0.145489367096593
561.1224	0.143993412711992
559.7054	0.14373548873544
558.2884	0.141696433377653
556.8715	0.141179588904413
555.4545	0.14123627892342
554.0375	0.14246583917651
552.6205	0.141303869651173
551.2036	0.141338319906863
549.7866	0.140001052957933
548.3696	0.139834873996413
546.9526	0.139530136136014
545.5357	0.139699171396809
544.1187	0.13933795642548
542.7017	0.138911381376722
541.2847	0.140725231495518
539.8678	0.14088295452867
538.4508	0.142228981061704
537.0338	0.143268142723969
535.6168	0.145061309061063
534.1999	0.146054510418
532.7829	0.146890288264326
531.3659	0.149054322811311
529.9489	0.148647738019257
528.532	0.150420362295736
527.115	0.151961185222313
525.698	0.152033758842928
524.281	0.152937298170103
522.8641	0.152210997995178
521.4471	0.153331266225907
520.0301	0.153113699381273
518.6131	0.153329184368298
517.1962	0.153815318105045
515.7792	0.154256777391704
514.3622	0.152543972450444
512.9452	0.153459253745158
511.5282	0.153823017650721
510.1113	0.152530916253775
508.6943	0.153189337121427
507.2773	0.152166926407953
505.8603	0.151277626756996
504.4434	0.152094963814913
503.0264	0.150300881989122
501.6094	0.150458474633443
500.1924	0.150059548140449
498.7755	0.151413039693583
497.3585	0.151196240598025
495.9415	0.150996280265867
494.5245	0.151194996105084
493.1076	0.150416202723497
491.6906	0.15090922201475
490.2736	0.151258190924696
488.8566	0.150653376936422
487.4397	0.151342052967809
486.0227	0.150362525689622
484.6057	0.151651131411331
483.1887	0.15103140300162
481.7718	0.151747291520381
480.3548	0.151137297635365
478.9378	0.15118774019105
477.5208	0.151743574834589
476.1039	0.151794035951357
474.6869	0.151597559399191
473.2699	0.150962593946935
471.8529	0.150967032882436
470.436	0.149509728284468
469.019	0.149978274332593
467.602	0.149273372342197
466.185	0.149497365064795
464.768	0.149465478718945
463.3511	0.14963276896085
461.9341	0.14853303393806
460.5171	0.148711654954587
459.1001	0.148637695375764
457.6832	0.14980439629249
456.2662	0.149883279421995
454.8492	0.149029622919188
453.4322	0.148515422561552
452.0153	0.148989252539672
450.5983	0.149393618112443
449.1813	0.150508944763151
447.7643	0.151668765055854
446.3474	0.15250132684084
444.9304	0.153413942488369
443.5134	0.154644240135008
442.0964	0.155773101480868
440.6795	0.157879900669185
439.2625	0.159626900146143
437.8455	0.160431566927819
436.4285	0.160699064391568
435.0116	0.1611126468014
433.5946	0.162332796832437
432.1776	0.161210445995893
430.7606	0.162127247222674
429.3437	0.161029115544361
427.9267	0.162445003543081
426.5097	0.162888236177859
425.0927	0.164081360016947
423.6758	0.163866462661925
422.2588	0.165808805314642
420.8418	0.166335575718467
419.4248	0.165390366982975
418.0078	0.166369636605138
416.5909	0.166221765757427
415.1739	0.165725730121568
413.7569	0.166102457901158
412.3399	0.165599127594369
410.923	0.165798943706518
409.506	0.166829348611399
408.089	0.168076880157313
406.672	0.169974978266815
405.2551	0.170616237098711
403.8381	0.171284711449073
402.4211	0.171830085699185
401.0041	0.171975689806815
