3994.4546	0.0223402279926214
3993.0377	0.0229448409246948
3991.6207	0.0226525131748234
3990.2037	0.0226190932977322
3988.7867	0.0212692586345994
3987.3698	0.0222751132274517
3985.9528	0.0215567675003454
3984.5358	0.02159993568781
3983.1188	0.0215151444801078
3981.7019	0.0219154417750751
3980.2849	0.0226618975032308
3978.8679	0.0219645967160283
3977.4509	0.0216213138057403
3976.034	0.0223858121840271
3974.617	0.0224179391993462
3973.2	0.0222542518887542
3971.783	0.0220143593280914
3970.3661	0.0218403499278444
3968.9491	0.0226513814317624
3967.5321	0.0216674815418133
3966.1151	0.0219138988244007
3964.6982	0.0224583859582504
3963.2812	0.0221850224081337
3961.8642	0.0220350296602419
3960.4472	0.0213713146303236
3959.0303	0.0224353241333092
3957.6133	0.022501737370534
3956.1963	0.0217343841158749
3954.7793	0.0218153892695942
3953.3624	0.0216420586847928
3951.9454	0.0214550927280556
3950.5284	0.0216034862590992
3949.1114	0.0219968502532911
3947.6944	0.0228399985242232
3946.2775	0.0218981880696082
3944.8605	0.0215267196249482
3943.4435	0.0221041167205317
3942.0265	0.0217671213972395
3940.6096	0.0217542464322254
3939.1926	0.0221213997798897
3937.7756	0.0222950461490461
3936.3586	0.021984187199021
3934.9417	0.0219452616632937
3933.5247	0.0220022860091918
3932.1077	0.0214117035865431
3930.6907	0.0226560344215091
3929.2738	0.022497271266136
3927.8568	0.0221338058350487
3926.4398	0.0212799377565664
3925.0228	0.020022953375261
3923.6059	0.0218281918627723
3922.1889	0.0202898315218832
3920.7719	0.0219919246418633
3919.3549	0.0224208478373212
3917.938	0.0205463415748405
3916.521	0.0215453771121742
3915.104	0.0212920320053705
3913.687	0.0220221366055949
3912.2701	0.0222222313258554
3910.8531	0.0225733553674851
3909.4361	0.0208102959148733
3908.0191	0.0213051884124728
3906.6022	0.0211126057790032
3905.1852	0.0219740172787104
3903.7682	0.0219971777522974
3902.3512	0.0223472556554501
3900.9342	0.0214574933073324
3899.5173	0.0213713294049641
3898.1003	0.0224393181795123
3896.6833	0.0218182477976633
3895.2663	0.0219596264193277
3893.8494	0.0213639111696785
3892.4324	0.0219697995369959
3891.0154	0.0208189662924685
3889.5984	0.0215247276356163
3888.1815	0.0216274169472138
3886.7645	0.0225681379088591
3885.3475	0.0222477530344881
3883.9305	0.022038123028103
3882.5136	0.0208418351007362
3881.0966	0.0213460917801114
3879.6796	0.0209017783981031
3878.2626	0.0209180384994985
3876.8457	0.0208049976300327
3875.4287	0.0206920702609098
3874.0117	0.0214161990130416
3872.5947	0.0220694140981137
3871.1778	0.0208895014692249
3869.7608	0.0209368032160804
3868.3438	0.0208452153713354
3866.9268	0.021684418539686
3865.5099	0.0209973924198772
3864.0929	0.0211336513907872
3862.6759	0.0222128492572115
3861.2589	0.0214480114982294
3859.842	0.020333131444318
3858.425	0.0208722585105559
3857.008	0.020789417936526
3855.591	0.0215302294948623
3854.174	0.0214071635987662
3852.7571	0.020808746118864
3851.3401	0.0206012765700647
3849.9231	0.0208313120609139
3848.5061	0.021244461098419
3847.0892	0.0211226757321833
3845.6722	0.0216524090435457
3844.2552	0.0227568570172869
3842.8382	0.0212279841951857
3841.4213	0.021486493739339
3840.0043	0.0209674997865159
3838.5873	0.0215104062672681
3837.1703	0.0220340035888607
3835.7534	0.0210476220866922
3834.3364	0.0214608613436217
3832.9194	0.0209425463697354
3831.5024	0.0210926889032647
3830.0855	0.0200063798722349
3828.6685	0.0211111115827001
3827.2515	0.0211650735138095
3825.8345	0.021796609744404
3824.4176	0.0210243210059898
3823.0006	0.02037695631341
3821.5836	0.0205707009551384
3820.1666	0.0207900192682107
3818.7497	0.0209471847243816
3817.3327	0.0213646116859105
3815.9157	0.0209391556050015
3814.4987	0.021275733327465
3813.0818	0.0214416958204485
3811.6648	0.020007717144944
3810.2478	0.0214519866054091
3808.8308	0.0206582350427903
3807.4138	0.0220266538500342
3805.9969	0.0205611591823591
3804.5799	0.020459364424372
3803.1629	0.019626137722306
3801.7459	0.0205398512017579
3800.329	0.0207774147293542
3798.912	0.0203070397679218
3797.495	0.021459994383027
3796.078	0.020358871170292
3794.6611	0.0217763810793886
3793.2441	0.0213106160204281
3791.8271	0.0206751255135824
3790.4101	0.0209935392190957
3788.9932	0.02083207633521
3787.5762	0.0204416520324119
3786.1592	0.0204973004775093
3784.7422	0.0200360176201011
3783.3253	0.0203142729237091
3781.9083	0.0207914345445745
3780.4913	0.0197616438777167
3779.0743	0.0205612056723747
3777.6574	0.021193421570113
3776.2404	0.0191607056501841
3774.8234	0.020666745287832
3773.4064	0.0211922208910884
3771.9895	0.0196478758208741
3770.5725	0.020208989404315
3769.1555	0.0203840325270553
3767.7385	0.0207136920005331
3766.3216	0.0200721363149588
3764.9046	0.0196447049361977
3763.4876	0.0211860558493723
3762.0706	0.021245064516749
3760.6536	0.0204782836454637
3759.2367	0.0204241406329198
3757.8197	0.0200022657643969
3756.4027	0.0196169320221061
3754.9857	0.020845823294998
3753.5688	0.0195534396429379
3752.1518	0.0204874798037282
3750.7348	0.0212674990068267
3749.3178	0.0203757658906585
3747.9009	0.0205002357669204
3746.4839	0.020229717000085
3745.0669	0.0203623027353152
3743.6499	0.0201541722916687
3742.233	0.0201974486404262
3740.816	0.0208947621294374
3739.399	0.020576936541034
3737.982	0.0204998118555385
3736.5651	0.0196238974402681
3735.1481	0.0199676480527268
3733.7311	0.0203309619502411
3732.3141	0.0193409376360494
3730.8972	0.0196527308993191
3729.4802	0.0204857487109072
3728.0632	0.0202999971405341
3726.6462	0.0208784389984571
3725.2293	0.0199652168385868
3723.8123	0.0193727438284261
3722.3953	0.0198618847453274
3720.9783	0.0198387406718066
3719.5614	0.0193732781856332
3718.1444	0.019092366416949
3716.7274	0.0194731225776292
3715.3104	0.019734392626142
3713.8935	0.0194685594549918
3712.4765	0.0201823744985232
3711.0595	0.0202258480514262
3709.6425	0.0202502964613261
3708.2255	0.0199580392578792
3706.8086	0.0196371239168036
3705.3916	0.0188824613815965
3703.9746	0.0195172151317664
3702.5576	0.0193360701996754
3701.1407	0.0190288025470562
3699.7237	0.019722903463581
3698.3067	0.0200528695401403
3696.8897	0.019165226027038
3695.4728	0.0196048396939965
3694.0558	0.018899285189092
3692.6388	0.019671552864122
3691.2218	0.0196862981618529
3689.8049	0.01902286791903
3688.3879	0.0199715744547609
3686.9709	0.0196442869276739
3685.5539	0.0189321836263607
3684.137	0.018918605619578
3682.72	0.0179887520294473
3681.303	0.0193079377783578
3679.886	0.0197196869292724
3678.4691	0.0188453944738412
3677.0521	0.0190614666370856
3675.6351	0.0194271622303366
3674.2181	0.0191524167267468
3672.8012	0.0196529978319322
3671.3842	0.0203774595241685
3669.9672	0.0190953556634248
3668.5502	0.0199365994486397
3667.1333	0.0188400936292489
3665.7163	0.0198461742605506
3664.2993	0.0194082058864445
3662.8823	0.0195989269582868
3661.4653	0.0191128270737496
3660.0484	0.0202817559847274
3658.6314	0.0190839454235632
3657.2144	0.0194434681277235
3655.7974	0.019125572028244
3654.3805	0.0193687520180034
3652.9635	0.0196886125816632
3651.5465	0.0201252415863834
3650.1295	0.0197415365339287
3648.7126	0.0200750860735395
3647.2956	0.0208580682924897
3645.8786	0.01955642258928
3644.4616	0.0201157621990524
3643.0447	0.0203606854386184
3641.6277	0.0204074923393889
3640.2107	0.0203749540897246
3638.7937	0.0193258753726923
3637.3768	0.0202328182977851
3635.9598	0.0197716731970085
3634.5428	0.0214988748029832
3633.1258	0.0204236679888684
3631.7089	0.0212396348626037
3630.2919	0.0217967613815657
3628.8749	0.0209692290696113
3627.4579	0.0210529018520242
3626.041	0.0214078882756535
3624.624	0.0220584771481008
3623.207	0.0218155387886988
3621.79	0.0209952741294108
3620.3731	0.0212031146012745
3618.9561	0.0221587954349384
3617.5391	0.0227387860364823
3616.1221	0.0219932336846015
3614.7051	0.0234569928783141
3613.2882	0.0225040801559075
3611.8712	0.0224651528577918
3610.4542	0.0222907454118613
3609.0372	0.0226070379221303
3607.6203	0.0233113773913901
3606.2033	0.0215708132413511
3604.7863	0.0236385159391133
3603.3693	0.0229849820852801
3601.9524	0.0230139871643303
3600.5354	0.0227092270417429
3599.1184	0.0234879146627753
3597.7014	0.0233477818367935
3596.2845	0.0250558307665017
3594.8675	0.0242126490632468
3593.4505	0.0234348817753626
3592.0335	0.0248715617642886
3590.6166	0.0252323186544062
3589.1996	0.0248973297923778
3587.7826	0.0253368774263871
3586.3656	0.0256801180581424
3584.9487	0.0255271207319922
3583.5317	0.0266699229164598
3582.1147	0.0250370756090777
3580.6977	0.0249694874260993
3579.2808	0.0264664363299182
3577.8638	0.0271006058822142
3576.4468	0.0257520348837338
3575.0298	0.0277024926577929
3573.6129	0.0272287092450044
3572.1959	0.0279396547781165
3570.7789	0.0283099481639042
3569.3619	0.0283056992846125
3567.9449	0.0281136322421406
3566.528	0.028992496659975
3565.111	0.0288932915583748
3563.694	0.0287309552827166
3562.277	0.0298306573145459
3560.8601	0.0299165627281072
3559.4431	0.030236837620059
3558.0261	0.0306966865515111
3556.6091	0.0303887286642594
3555.1922	0.0300442971745116
3553.7752	0.0308491613393737
3552.3582	0.0318662837982436
3550.9412	0.0318006420746907
3549.5243	0.0323957435484455
3548.1073	0.0326946367668509
3546.6903	0.0323394640803373
3545.2733	0.0330915614221344
3543.8564	0.0338758938439048
3542.4394	0.0340911717354457
3541.0224	0.033504017298598
3539.6054	0.0345863213726333
3538.1885	0.0351174778565975
3536.7715	0.0343113322881089
3535.3545	0.034558827809213
3533.9375	0.0357682174105481
3532.5206	0.0364889729300507
3531.1036	0.0360292115856557
3529.6866	0.036475427061563
3528.2696	0.0365529475015469
3526.8527	0.0361670770076054
3525.4357	0.0375581649345452
3524.0187	0.0371601850799129
3522.6017	0.038163386412454
3521.1847	0.0381581455449157
3519.7678	0.0394580683380655
3518.3508	0.0388121081698505
3516.9338	0.0391505373311551
3515.5168	0.0409670193843781
3514.0999	0.0401268434715269
3512.6829	0.0403475867677021
3511.2659	0.040655739920945
3509.8489	0.0406498074556299
3508.432	0.0422845722410615
3507.015	0.0420163836990635
3505.598	0.0414735823287938
3504.181	0.0423479767451608
3502.7641	0.0413539107745357
3501.3471	0.0427226667420081
3499.9301	0.0424000643635229
3498.5131	0.0433562613837114
3497.0962	0.0431979302458606
3495.6792	0.0440710130261386
3494.2622	0.0443191194965243
3492.8452	0.0446873642894238
3491.4283	0.0449087977000871
3490.0113	0.0448227909223067
3488.5943	0.0455922380507511
3487.1773	0.0472546941861255
3485.7604	0.0470695541320087
3484.3434	0.0473084187779006
3482.9264	0.0474901015040242
3481.5094	0.0472825534908433
3480.0925	0.0474137147606168
3478.6755	0.0487359137822356
3477.2585	0.0485963269159354
3475.8415	0.0486721444481171
3474.4245	0.04842801424412
3473.0076	0.0492380941027976
3471.5906	0.049328211533057
3470.1736	0.0488059734679928
3468.7566	0.050023894882095
3467.3397	0.0501394162672322
3465.9227	0.0511779897847533
3464.5057	0.0515254005224238
3463.0887	0.0515682048020702
3461.6718	0.0518458359293816
3460.2548	0.051904442209676
3458.8378	0.0522542190064687
3457.4208	0.0525801222770075
3456.0039	0.0519915979067501
3454.5869	0.0525075087480164
3453.1699	0.0528882747011261
3451.7529	0.0535825814907198
3450.336	0.0538032905989865
3448.919	0.0537588380655265
3447.502	0.0536684180468494
3446.085	0.0543776362293673
3444.6681	0.0548346720544204
3443.2511	0.0560097017106107
3441.8341	0.0540895571640966
3440.4171	0.0562149295425899
3439.0002	0.0569095862691991
3437.5832	0.0557119118447323
3436.1662	0.0565603334278799
3434.7492	0.0567046481281418
3433.3323	0.0571325920388884
3431.9153	0.057014629604131
3430.4983	0.0586789998706159
3429.0813	0.0581546705325432
3427.6643	0.0578629520650062
3426.2474	0.0580885270135751
3424.8304	0.0595981415367073
3423.4134	0.0591138414190988
3421.9964	0.0594320524850052
3420.5795	0.059427297086023
3419.1625	0.060163405372751
3417.7455	0.0601654046906355
3416.3285	0.0591964785753286
3414.9116	0.060674527314374
3413.4946	0.0607831233029486
3412.0776	0.0607390241844643
3410.6606	0.0617381617007037
3409.2437	0.0614390137833587
3407.8267	0.061692415730978
3406.4097	0.0628083137346036
3404.9927	0.0622670664239628
3403.5758	0.0628190406876968
3402.1588	0.0630053258554743
3400.7418	0.0633421857443786
3399.3248	0.0636266232575714
3397.9079	0.0633509822995163
3396.4909	0.0635762670087857
3395.0739	0.0638185980861618
3393.6569	0.0642098464029227
3392.24	0.0646272609021278
3390.823	0.0652339393579146
3389.406	0.0648034269598025
3387.989	0.0651998287002697
3386.5721	0.0645190586474063
3385.1551	0.0653750693939909
3383.7381	0.0657493611022062
3382.3211	0.0664956672488205
3380.9041	0.0654400344646629
3379.4872	0.0665275485971028
3378.0702	0.0674710528679626
3376.6532	0.0671079321025407
3375.2362	0.0668952669107313
3373.8193	0.0677025974496223
3372.4023	0.067301702397669
3370.9853	0.0680429330668347
3369.5683	0.0680904332409659
3368.1514	0.0676189061264039
3366.7344	0.0674080203661066
3365.3174	0.0674953386354747
3363.9004	0.0680047709885081
3362.4835	0.0691770048477359
3361.0665	0.0692948563274653
3359.6495	0.0691353762431044
3358.2325	0.0692306924995752
3356.8156	0.0699055043213712
3355.3986	0.0687499353390953
3353.9816	0.0706634508675674
3352.5646	0.0697650155627172
3351.1477	0.0707200487850052
3349.7307	0.0695888837072878
3348.3137	0.0697196374381235
3346.8967	0.071223395284984
3345.4798	0.0696277748111316
3344.0628	0.070059637285737
3342.6458	0.0706937078594615
3341.2288	0.0703203144302965
3339.8119	0.0713700225157949
3338.3949	0.0716637887003685
3336.9779	0.0710812501512998
3335.5609	0.0712634426499927
3334.1439	0.0709466701416961
3332.727	0.0709477001603739
3331.31	0.0715998924080491
3329.893	0.0713317912681877
3328.476	0.0715640970344745
3327.0591	0.071305366798232
3325.6421	0.0710764763451813
3324.2251	0.0718594349208981
3322.8081	0.0721214381528804
3321.3912	0.0719295790335123
3319.9742	0.0713297759248702
3318.5572	0.0725440429944026
3317.1402	0.0718143304498371
3315.7233	0.0717983471833831
3314.3063	0.0725233356966184
3312.8893	0.0723347277416703
3311.4723	0.0717875677118856
3310.0554	0.0722901645595079
3308.6384	0.0733312626176066
3307.2214	0.0731291298939185
3305.8044	0.0728572188605769
3304.3875	0.0730962075875783
3302.9705	0.0724519238913093
3301.5535	0.0717231459721096
3300.1365	0.0729401691308784
3298.7196	0.0731321581744612
3297.3026	0.0728347615834531
3295.8856	0.0730902472781248
3294.4686	0.0733332851518854
3293.0517	0.0725181700305923
3291.6347	0.0729378833975998
3290.2177	0.0732328133213133
3288.8007	0.0725982639505395
3287.3837	0.0725246376431185
3285.9668	0.0729414189899674
3284.5498	0.0729965908691809
3283.1328	0.0733174481541835
3281.7158	0.0730235609983077
3280.2989	0.0738078584857404
3278.8819	0.0729473019167494
3277.4649	0.0728096667299853
3276.0479	0.072888104227777
3274.631	0.0738055164756731
3273.214	0.0739705596226015
3271.797	0.073788578379483
3270.38	0.0732297361677874
3268.9631	0.0731401974488452
3267.5461	0.0731776609331822
3266.1291	0.0729792725171761
3264.7121	0.0740001371689535
3263.2952	0.0729955398283373
3261.8782	0.0744483896963882
3260.4612	0.0730496250865059
3259.0442	0.0724160450772184
3257.6273	0.0737739866629057
3256.2103	0.0732470068708448
3254.7933	0.0737799855168877
3253.3763	0.0730462468458238
3251.9594	0.0733975595643657
3250.5424	0.072943514654236
3249.1254	0.0728228337371385
3247.7084	0.0742242307000154
3246.2915	0.0723904900695244
3244.8745	0.0727343565753846
3243.4575	0.073085348326265
3242.0405	0.0730843504498151
3240.6235	0.0719187970435253
3239.2066	0.0734150823230746
3237.7896	0.0728500313454668
3236.3726	0.0729099136322899
3234.9556	0.0722932302122751
3233.5387	0.072733485253516
3232.1217	0.0735990941767705
3230.7047	0.0724697730869165
3229.2877	0.0723641866100559
3227.8708	0.0723061716876524
3226.4538	0.072675860165008
3225.0368	0.0726079671821711
3223.6198	0.0718500027192967
3222.2029	0.0722803725160937
3220.7859	0.07076133519908
3219.3689	0.0723290490093974
3217.9519	0.0713913235729228
3216.535	0.0714294082124925
3215.118	0.0716201749800761
3213.701	0.0711896695174851
3212.284	0.071227550931637
3210.8671	0.0713100843089135
3209.4501	0.0707551509532763
3208.0331	0.0714201100582852
3206.6161	0.0711087740977089
3205.1992	0.0709020396597823
3203.7822	0.0704991364167029
3202.3652	0.0706183438769541
3200.9482	0.0702384280175598
3199.5313	0.0714324137091698
3198.1143	0.0707622495516709
3196.6973	0.0704755208524574
3195.2803	0.0699724184417268
3193.8633	0.0705985308050993
3192.4464	0.0692876702661194
3191.0294	0.069327026015911
3189.6124	0.0687172334103402
3188.1954	0.0700305777893621
3186.7785	0.0688156502864523
3185.3615	0.0687262437625124
3183.9445	0.0681243637215276
3182.5275	0.0691138955500457
3181.1106	0.0683149161356809
3179.6936	0.0673166734840016
3178.2766	0.0684564663813272
3176.8596	0.0679735212570473
3175.4427	0.0681870459228686
3174.0257	0.0683934174626391
3172.6087	0.0674829184173638
3171.1917	0.0673036816521018
3169.7748	0.0671153837567639
3168.3578	0.0663723937825019
3166.9408	0.0666125762042635
3165.5238	0.067338259398787
3164.1069	0.066374382735379
3162.6899	0.0657264456688573
3161.2729	0.0667245329322698
3159.8559	0.0659166684020711
3158.439	0.0658878559207971
3157.022	0.0652905312357098
3155.605	0.064675184695901
3154.188	0.0658265464460077
3152.7711	0.06495206924069
3151.3541	0.0648772870187842
3149.9371	0.0647616751674954
3148.5201	0.0646559144701548
3147.1031	0.0647075906394567
3145.6862	0.0641202711960776
3144.2692	0.0630577562578787
3142.8522	0.0635669285973297
3141.4352	0.0634308437742441
3140.0183	0.0629514484739201
3138.6013	0.0628314573779871
3137.1843	0.0631246386898017
3135.7673	0.0625074990865319
3134.3504	0.0618482057135801
3132.9334	0.0618186328282986
3131.5164	0.0624012194144552
3130.0994	0.0624520824574951
3128.6825	0.0619077761731433
3127.2655	0.0618682882057551
3125.8485	0.0611379907786662
3124.4315	0.0607982375531796
3123.0146	0.060923110554527
3121.5976	0.0600500331786835
3120.1806	0.0620817808210101
3118.7636	0.0608089763929341
3117.3467	0.0614537332030003
3115.9297	0.060826590482271
3114.5127	0.059535205468803
3113.0957	0.0585832231073115
3111.6788	0.0595581885135021
3110.2618	0.0589031750604464
3108.8448	0.0590121491532809
3107.4278	0.058903409240123
3106.0109	0.0580868245307573
3104.5939	0.0587898212118553
3103.1769	0.0582758886281802
3101.7599	0.0580187834553492
3100.3429	0.0577963227694827
3098.926	0.0581531142434615
3097.509	0.0577216675491389
3096.092	0.0575231440864353
3094.675	0.056856386294023
3093.2581	0.0568033730262609
3091.8411	0.0566556915435813
3090.4241	0.0565936356264749
3089.0071	0.0557244170508719
3087.5902	0.0562356486571092
3086.1732	0.0570782505994451
3084.7562	0.0550229912002509
3083.3392	0.0559055161618012
3081.9223	0.0552695793301543
3080.5053	0.0557158709678124
3079.0883	0.055165306233418
3077.6713	0.0547415821611247
3076.2544	0.0554774193154435
3074.8374	0.0549847871342381
3073.4204	0.0547148661202944
3072.0034	0.0538995528874301
3070.5865	0.05457439883468
3069.1695	0.0551051020096377
3067.7525	0.0541439460197375
3066.3355	0.0534393710080363
3064.9186	0.052712471296289
3063.5016	0.0520970753706847
3062.0846	0.0516881653943308
3060.6676	0.0525732336838301
3059.2507	0.0525880736607088
3057.8337	0.0524040755431843
3056.4167	0.0521991340970253
3054.9997	0.0520129177108794
3053.5827	0.0519871992241345
3052.1658	0.0520818500366944
3050.7488	0.0507904418588985
3049.3318	0.0516418819974871
3047.9148	0.0512458629201224
3046.4979	0.0511166087565755
3045.0809	0.051405016040759
3043.6639	0.0514111175455171
3042.2469	0.0514951130602069
3040.83	0.0499161522485041
3039.413	0.0495163923154454
3037.996	0.0492049581509401
3036.579	0.048887002444882
3035.1621	0.0499373203716594
3033.7451	0.0491071390334221
3032.3281	0.0494397119930755
3030.9111	0.0493788486274185
3029.4942	0.0489535027887848
3028.0772	0.0486684622686141
3026.6602	0.0488859892774436
3025.2432	0.0485631825709495
3023.8263	0.0479962674991163
3022.4093	0.0481852319292242
3020.9923	0.0473706733722569
3019.5753	0.0479252041703109
3018.1584	0.0475087648323388
3016.7414	0.0479774302895188
3015.3244	0.0479031473267772
3013.9074	0.0469492384396039
3012.4905	0.0475694588825479
3011.0735	0.0476831120198136
3009.6565	0.0470750440309513
3008.2395	0.0466583126128314
3006.8225	0.0468075973119228
3005.4056	0.0465938722064487
3003.9886	0.0475707770992398
3002.5716	0.0468596051417868
3001.1546	0.0459506719465389
2999.7377	0.0469759710769161
2998.3207	0.0469496849462718
2996.9037	0.0465313905087773
2995.4867	0.0462817339433923
2994.0698	0.0462123868084632
2992.6528	0.0467970580598667
2991.2358	0.0462761479312205
2989.8188	0.0464228120473022
2988.4019	0.045969840231904
2986.9849	0.0461809749987447
2985.5679	0.0461927133383572
2984.1509	0.0463357923016746
2982.734	0.047028818132435
2981.317	0.0471826100060419
2979.9	0.0467626522492009
2978.483	0.0464265530630433
2977.0661	0.0474805706909948
2975.6491	0.0468555875155726
2974.2321	0.0478730893582125
2972.8151	0.0471033753693477
2971.3982	0.0485400228997544
2969.9812	0.0479262069406094
2968.5642	0.0486447829312976
2967.1472	0.0489977440982826
2965.7303	0.0492033247930697
2964.3133	0.0489287360321804
2962.8963	0.049234820723676
2961.4793	0.0490317412276346
2960.0623	0.0500797208523627
2958.6454	0.0489671261624497
2957.2284	0.0501833493663628
2955.8114	0.0507772612477562
2954.3944	0.0507880208021003
2952.9775	0.0521728329738195
2951.5605	0.0513711234396661
2950.1435	0.0514781211101955
2948.7265	0.0530851133651435
2947.3096	0.0538556182605422
2945.8926	0.0539263959992192
2944.4756	0.054071276685263
2943.0586	0.0538555182313514
2941.6417	0.0540188723066746
2940.2247	0.055753355963835
2938.8077	0.0557997008327061
2937.3907	0.0553201690541491
2935.9738	0.0555819685404885
2934.5568	0.0570733994120604
2933.1398	0.056999071937387
2931.7228	0.0569834582314009
2930.3059	0.0580693362561445
2928.8889	0.0587517352388111
2927.4719	0.0574775658772512
2926.0549	0.0587502962311009
2924.638	0.0587817476415178
2923.221	0.058783942833114
2921.804	0.0579625097949395
2920.387	0.057990817038536
2918.9701	0.0575865655108313
2917.5531	0.0579896301476647
2916.1361	0.0576544860925601
2914.7191	0.0573885597673483
2913.3021	0.0568507835419972
2911.8852	0.0577030109491037
2910.4682	0.0576613285642684
2909.0512	0.0568314796795985
2907.6342	0.0568416857163214
2906.2173	0.0573356880256142
2904.8003	0.0559368115188682
2903.3833	0.0565434114864611
2901.9663	0.0563821183237403
2900.5494	0.0564124596244827
2899.1324	0.0568834508723182
2897.7154	0.0562979306583017
2896.2984	0.0554683504220457
2894.8815	0.0556090486060976
2893.4645	0.05594822723168
2892.0475	0.0559603666336614
2890.6305	0.0546665634669874
2889.2136	0.0551018217990885
2887.7966	0.0556862607870444
2886.3796	0.0554527388530679
2884.9626	0.05502227135666
2883.5457	0.0548699886574693
2882.1287	0.055015051772984
2880.7117	0.0555593517729122
2879.2947	0.0542310832668716
2877.8778	0.0546858698181803
2876.4608	0.054432734905851
2875.0438	0.0550123736175011
2873.6268	0.0538897845844308
2872.2099	0.0539771437973772
2870.7929	0.0535800498162251
2869.3759	0.053356660350998
2867.9589	0.0527914664024693
2866.5419	0.0527705015650668
2865.125	0.0530833647915429
2863.708	0.0512603885293766
2862.291	0.0524415076644514
2860.874	0.0513714549014052
2859.4571	0.0513772016975807
2858.0401	0.0512893022924423
2856.6231	0.0509114000372803
2855.2061	0.050712010654852
2853.7892	0.0513608726972605
2852.3722	0.0503085900661758
2850.9552	0.0511310828147102
2849.5382	0.0504587770218689
2848.1213	0.0512699834156259
2846.7043	0.0498677033545675
2845.2873	0.0499947213683322
2843.8703	0.0489215988174701
2842.4534	0.0490902213571479
2841.0364	0.0498397052144702
2839.6194	0.0494893830467244
2838.2024	0.0493239982695058
2836.7855	0.0482039008596199
2835.3685	0.0484501268957211
2833.9515	0.0489317385189857
2832.5345	0.0476145575173767
2831.1176	0.0474401665398396
2829.7006	0.0467023481453303
2828.2836	0.047538888008312
2826.8666	0.0468512137379887
2825.4497	0.0473812882545564
2824.0327	0.0463344315495102
2822.6157	0.0471482778834089
2821.1987	0.0473399468655011
2819.7817	0.0471466463649309
2818.3648	0.0456028768253437
2816.9478	0.046095385435558
2815.5308	0.0455322212351734
2814.1138	0.0460597957526939
2812.6969	0.0443426040342182
2811.2799	0.0454414436538941
2809.8629	0.0457868525361458
2808.4459	0.0462960865891615
2807.029	0.0445709559556192
2805.612	0.0452105277685036
2804.195	0.0451862339054229
2802.778	0.0452494891630157
2801.3611	0.0446312435257943
2799.9441	0.0450369142043592
2798.5271	0.0444982897800186
2797.1101	0.0443506416018409
2795.6932	0.0443496491622295
2794.2762	0.0449307145711496
2792.8592	0.0441857025843584
2791.4422	0.043495842691417
2790.0253	0.0445232336684671
2788.6083	0.043081168324763
2787.1913	0.043464952521329
2785.7743	0.0439409302990774
2784.3574	0.0439877188087279
2782.9404	0.0433082751964781
2781.5234	0.0427514696947617
2780.1064	0.0427510022194678
2778.6895	0.0439643730375333
2777.2725	0.0437806270672546
2775.8555	0.0431278529845164
2774.4385	0.0434152980640204
2773.0215	0.043666825217163
2771.6046	0.0427631806822334
2770.1876	0.0431878962830714
2768.7706	0.0430131999046493
2767.3536	0.0434871029131727
2765.9367	0.0432125194062367
2764.5197	0.0429659085261522
2763.1027	0.0423946805754387
2761.6857	0.0441126148102819
2760.2688	0.0430021885081805
2758.8518	0.04213791439065
2757.4348	0.0436352132303844
2756.0178	0.0425208383708319
2754.6009	0.0421408333590096
2753.1839	0.0431263665331877
2751.7669	0.0421756405751993
2750.3499	0.0422417143119024
2748.933	0.0423701103191928
2747.516	0.0421099530540184
2746.099	0.0419660430860086
2744.682	0.0425474784405408
2743.2651	0.0419941175198926
2741.8481	0.0408192154740355
2740.4311	0.0420639822649712
2739.0141	0.041325973148729
2737.5972	0.0420133670812174
2736.1802	0.041326868135759
2734.7632	0.0420744623733913
2733.3462	0.042583071477395
2731.9293	0.042329029332435
2730.5123	0.0415190412804844
2729.0953	0.0416038534799289
2727.6783	0.041802499093592
2726.2613	0.0414741266893804
2724.8444	0.041054076994509
2723.4274	0.0407060157324407
2722.0104	0.041928516846697
2720.5934	0.041892898924915
2719.1765	0.041673911280174
2717.7595	0.0416772742440491
2716.3425	0.0405735253193191
2714.9255	0.0401927615448355
2713.5086	0.0418981575730965
2712.0916	0.0410982223833876
2710.6746	0.0410124068974351
2709.2576	0.0409763191199085
2707.8407	0.0409444174515569
2706.4237	0.0404241025093721
2705.0067	0.0410436730184697
2703.5897	0.0393647375921194
2702.1728	0.0406649991115464
2700.7558	0.0405401144584924
2699.3388	0.0401591784740053
2697.9218	0.0403396989719486
2696.5049	0.0406798690919543
2695.0879	0.0403653406943644
2693.6709	0.0407773809685554
2692.2539	0.0409383800938845
2690.837	0.0399291267182844
2689.42	0.0401495444678638
2688.003	0.0404486325860949
2686.586	0.0401107130867894
2685.1691	0.0412887049737272
2683.7521	0.0408425537396808
2682.3351	0.0409438795691808
2680.9181	0.0403582520355476
2679.5011	0.0398003450262874
2678.0842	0.0401689098989813
2676.6672	0.0407891732398609
2675.2502	0.0405948618881875
2673.8332	0.0398765674275981
2672.4163	0.0395217749828854
2670.9993	0.0408813935539562
2669.5823	0.0388743709181141
2668.1653	0.0400834472585811
2666.7484	0.0393226605569599
2665.3314	0.038985596481712
2663.9144	0.040164447968445
2662.4974	0.0397871972693747
2661.0805	0.0396203824997649
2659.6635	0.0395857007774937
2658.2465	0.0397899736354738
2656.8295	0.0390632382492865
2655.4126	0.0395363270811223
2653.9956	0.0394975018585211
2652.5786	0.0401628745638623
2651.1616	0.0391036744649189
2649.7447	0.040310991931012
2648.3277	0.0393088813064259
2646.9107	0.0393267846572307
2645.4937	0.0388436401738305
2644.0768	0.0389180076377592
2642.6598	0.0389798349953286
2641.2428	0.0388791762748087
2639.8258	0.0387710688975902
2638.4089	0.0388701762730756
2636.9919	0.039136566996724
2635.5749	0.0379661271385724
2634.1579	0.0392955721067417
2632.741	0.0385211670489428
2631.324	0.0389032251932357
2629.907	0.0381329693347454
2628.49	0.038109865707903
2627.073	0.0383702653802035
2625.6561	0.0372481387118963
2624.2391	0.03886078483102
2622.8221	0.0379204680499471
2621.4051	0.0382496928561654
2619.9882	0.0377295490984976
2618.5712	0.0382358673162652
2617.1542	0.0374355495176386
2615.7372	0.0375047069683027
2614.3203	0.0374989401563879
2612.9033	0.0373839610328715
2611.4863	0.0371879398667622
2610.0693	0.0366548471984412
2608.6524	0.0363926344730792
2607.2354	0.0378253570043889
2605.8184	0.0372707467010097
2604.4014	0.0369863789788266
2602.9845	0.0370170910505126
2601.5675	0.036641608417828
2600.1505	0.0374340656886898
2598.7335	0.0364343933570007
2597.3166	0.0376059796889975
2595.8996	0.0367847477637477
2594.4826	0.0372849778740736
2593.0656	0.0367145403410763
2591.6487	0.0362668158840462
2590.2317	0.0360620393168286
2588.8147	0.0368786276185225
2587.3977	0.0351598727658652
2585.9808	0.0368773090605542
2584.5638	0.0371362406593196
2583.1468	0.0359534134439693
2581.7298	0.0366433875745258
2580.3128	0.0359393960485925
2578.8959	0.0365537267667218
2577.4789	0.0355878839963925
2576.0619	0.0356723791954446
2574.6449	0.0356624095662977
2573.228	0.0356417390486612
2571.811	0.0366177910046922
2570.394	0.0356716194643877
2568.977	0.0352831026526175
2567.5601	0.0360451846129536
2566.1431	0.0351723328859874
2564.7261	0.0360162086782904
2563.3091	0.0361539213186917
2561.8922	0.0345584475593005
2560.4752	0.0360569616656105
2559.0582	0.0353879219705837
2557.6412	0.0357070520546296
2556.2243	0.0352897651061822
2554.8073	0.0343705500364131
2553.3903	0.0354335372584431
2551.9733	0.0347015688446334
2550.5564	0.0352179996721965
2549.1394	0.0353645446909608
2547.7224	0.0358238297473964
2546.3054	0.034274068081292
2544.8885	0.0353065025793039
2543.4715	0.0343783362221218
2542.0545	0.0345342278197041
2540.6375	0.034771801500376
2539.2206	0.0347659856193524
2537.8036	0.0341575671748061
2536.3866	0.0341952679261128
2534.9696	0.0350836979084878
2533.5526	0.0351461307139527
2532.1357	0.0345430608596781
2530.7187	0.0344259482899783
2529.3017	0.0356461704403157
2527.8847	0.0347033995415584
2526.4678	0.0349146973375428
2525.0508	0.0341706820486879
2523.6338	0.0345195271819679
2522.2168	0.0341897456342939
2520.7999	0.0338369202216839
2519.3829	0.0340915349571191
2517.9659	0.0337675508975122
2516.5489	0.0341671822615024
2515.132	0.0340010245590111
2513.715	0.0347549434693009
2512.298	0.0336193045655433
2510.881	0.0344048167826114
2509.4641	0.034876909274879
2508.0471	0.0346341537902836
2506.6301	0.0348192521568403
2505.2131	0.0334775527378465
2503.7962	0.0340525282080145
2502.3792	0.0329482588917251
2500.9622	0.0329468859829707
2499.5452	0.0333160317764895
2498.1283	0.034297914229807
2496.7113	0.0335332109862988
2495.2943	0.0334517150241675
2493.8773	0.0339641762542601
2492.4604	0.0343606280129712
2491.0434	0.0344524011203242
2489.6264	0.0330787773702083
2488.2094	0.0340661645799281
2486.7924	0.0332696978165137
2485.3755	0.0340204924848446
2483.9585	0.0331205420630378
2482.5415	0.0331440632271477
2481.1245	0.0325606264373594
2479.7076	0.0327836678605731
2478.2906	0.0332502767327784
2476.8736	0.0317746085329402
2475.4566	0.033272352893855
2474.0397	0.0330599658481126
2472.6227	0.032720093766775
2471.2057	0.0332417323070358
2469.7887	0.0330130828980492
2468.3718	0.0320754017696509
2466.9548	0.032835709228631
2465.5378	0.0327730387209566
2464.1208	0.0335868723690415
2462.7039	0.033104943250028
2461.2869	0.032882895884708
2459.8699	0.0327038614412014
2458.4529	0.0327548771553072
2457.036	0.0337748385380392
2455.619	0.0335536093336936
2454.202	0.0328392163811141
2452.785	0.033012383710959
2451.3681	0.03352356475744
2449.9511	0.0329169218845222
2448.5341	0.0330123257043663
2447.1171	0.0332399860735665
2445.7002	0.0329934041349363
2444.2832	0.033117863748427
2442.8662	0.0323034621328211
2441.4492	0.0324823244003824
2440.0322	0.0329131484262555
2438.6153	0.032502212460905
2437.1983	0.0332024225782605
2435.7813	0.0328784012171285
2434.3643	0.0324948259228178
2432.9474	0.0332186570297632
2431.5304	0.0325833664724566
2430.1134	0.0318097112880466
2428.6964	0.0329493915881958
2427.2795	0.0332406975690916
2425.8625	0.0319454277465999
2424.4455	0.0324891789250687
2423.0285	0.0321762981001253
2421.6116	0.0318170102625838
2420.1946	0.0323413842855676
2418.7776	0.0311221291333832
2417.3606	0.0315698566475662
2415.9437	0.0318941732723301
2414.5267	0.0316361905405966
2413.1097	0.0309673944902178
2411.6927	0.0316091756011821
2410.2758	0.0315208563256361
2408.8588	0.0316124033300136
2407.4418	0.0314987902201622
2406.0248	0.0311781962838573
2404.6079	0.0317934076521181
2403.1909	0.0316089719693367
2401.7739	0.0319099005463388
2400.3569	0.0326836966115926
2398.94	0.032461115782014
2397.523	0.0313521451104182
2396.106	0.0321795306319183
2394.689	0.032281762478999
2393.272	0.0298798094007606
2391.8551	0.0310865721548331
2390.4381	0.0313559073247326
2389.0211	0.0315896292462553
2387.6041	0.031683595970266
2386.1872	0.0311915150493987
2384.7702	0.0309851833595332
2383.3532	0.0313688679090449
2381.9362	0.0320486604471084
2380.5193	0.031322589879917
2379.1023	0.0316282745850098
2377.6853	0.0306156087893711
2376.2683	0.0312703724751608
2374.8514	0.0308264090702812
2373.4344	0.0308059874383429
2372.0174	0.0304318600708406
2370.6004	0.0304813956663876
2369.1835	0.0319942705226648
2367.7665	0.0308390059969034
2366.3495	0.0310836137232967
2364.9325	0.0316042765686466
2363.5156	0.0304773642329808
2362.0986	0.0308788262821364
2360.6816	0.0314524785926322
2359.2646	0.0305201407586411
2357.8477	0.0314330749011774
2356.4307	0.0312447113438357
2355.0137	0.0318852248179438
2353.5967	0.0304660987924758
2352.1798	0.0313088575577546
2350.7628	0.0310568245818257
2349.3458	0.0319908598234874
2347.9288	0.0313849209639556
2346.5118	0.0306605759607393
2345.0949	0.0306384164190081
2343.6779	0.0309369364399763
2342.2609	0.0309295219104612
2340.8439	0.0302342408585379
2339.427	0.030055914738398
2338.01	0.0303697037827934
2336.593	0.0303535050664795
2335.176	0.0308655451519018
2333.7591	0.0312986622827286
2332.3421	0.0299346672795002
2330.9251	0.0304594430069213
2329.5081	0.0306082536202433
2328.0912	0.0316708952119207
2326.6742	0.0312998826764763
2325.2572	0.0321371299819674
2323.8402	0.031220519275949
2322.4233	0.0328020889789899
2321.0063	0.0324679106224665
2319.5893	0.0314460738047156
2318.1723	0.0307499418810311
2316.7554	0.0312137048892392
2315.3384	0.0305548647671743
2313.9214	0.0305517297105714
2312.5044	0.0306902094148575
2311.0875	0.0300171225246595
2309.6705	0.0303543883340135
2308.2535	0.0309558860712937
2306.8365	0.0304461814172783
2305.4196	0.0316147573481701
2304.0026	0.0310885734581003
2302.5856	0.0290728330598342
2301.1686	0.0300031640583781
2299.7516	0.0305973081685426
2298.3347	0.0298053814304668
2296.9177	0.0300531355285532
2295.5007	0.0302788853439122
2294.0837	0.0313272446044257
2292.6668	0.0296300784045036
2291.2498	0.0301501773124856
2289.8328	0.0295443198168999
2288.4158	0.0299016133236001
2286.9989	0.0305505765095923
2285.5819	0.0303027350686603
2284.1649	0.0308299604502276
2282.7479	0.0317819435185885
2281.331	0.0299869864573312
2279.914	0.0309325466897578
2278.497	0.0306906289010201
2277.08	0.0296382286789687
2275.6631	0.0301952945391862
2274.2461	0.0286389045103864
2272.8291	0.0291326433951268
2271.4121	0.0304695199428684
2269.9952	0.0308564724135736
2268.5782	0.0300157093651831
2267.1612	0.0304662700591538
2265.7442	0.0293776068452227
2264.3273	0.028569918962248
2262.9103	0.0295375187677096
2261.4933	0.0300804903387499
2260.0763	0.0296407338788518
2258.6594	0.0294134315837135
2257.2424	0.0302292233181928
2255.8254	0.0299013712532813
2254.4084	0.0292677599249232
2252.9914	0.0289190440582243
2251.5745	0.0292784200919537
2250.1575	0.0283347283264286
2248.7405	0.029307788405304
2247.3235	0.0285131105641611
2245.9066	0.0287093305271681
2244.4896	0.0283688256417861
2243.0726	0.0279802177421432
2241.6556	0.0283571592386389
2240.2387	0.0282629550457381
2238.8217	0.0279534613791251
2237.4047	0.0301667631878623
2235.9877	0.0283674476043305
2234.5708	0.0290594836547132
2233.1538	0.0289244873207523
2231.7368	0.0296350738969527
2230.3198	0.0286896188031659
2228.9029	0.0292153607018957
2227.4859	0.0286271936495978
2226.0689	0.0283342353641828
2224.6519	0.0284900253569644
2223.235	0.0275192541816642
2221.818	0.0281671553734674
2220.401	0.0278641775981185
2218.984	0.0280430857229228
2217.5671	0.028765529140776
2216.1501	0.028025750527234
2214.7331	0.0268228133462402
2213.3161	0.0280623528124247
2211.8992	0.029288419411618
2210.4822	0.0275563150220572
2209.0652	0.0274750674092668
2207.6482	0.0274394764172313
2206.2312	0.0289768360062717
2204.8143	0.0288131296523425
2203.3973	0.0279448371329763
2201.9803	0.0276157313413241
2200.5633	0.0280358972776372
2199.1464	0.0271795622378422
2197.7294	0.0282950667493015
2196.3124	0.0272130473577848
2194.8954	0.0272839248831635
2193.4785	0.0279965623122775
2192.0615	0.0272724295121215
2190.6445	0.0281457845134652
2189.2275	0.0275101981624621
2187.8106	0.0267694301674126
2186.3936	0.0272205202045596
2184.9766	0.0280902587778831
2183.5596	0.0272513406801256
2182.1427	0.0269399168783708
2180.7257	0.0267320566853879
2179.3087	0.0274916075085105
2177.8917	0.0273209216729512
2176.4748	0.0269010289138922
2175.0578	0.0259985838177865
2173.6408	0.0256874948130106
2172.2238	0.0268731607332194
2170.8069	0.0275499333536058
2169.3899	0.0282677792663014
2167.9729	0.0288404924466099
2166.5559	0.0273170893825351
2165.139	0.0286451208416328
2163.722	0.0275111674898075
2162.305	0.0288985103996117
2160.888	0.0278042369513147
2159.471	0.026362200133524
2158.0541	0.0247202732316056
2156.6371	0.0249271403980097
2155.2201	0.0235639033779107
2153.8031	0.0246438421662504
2152.3862	0.0245618731068173
2150.9692	0.0245145518594989
2149.5522	0.0251664869323496
2148.1352	0.0264932823139634
2146.7183	0.0261620486169799
2145.3013	0.0250723327812548
2143.8843	0.0257903916191444
2142.4673	0.0259754268153823
2141.0504	0.0257373955710394
2139.6334	0.0258734813772441
2138.2164	0.0263261840942994
2136.7994	0.0273550210138102
2135.3825	0.0264629379263773
2133.9655	0.025757177884723
2132.5485	0.0252266050434
2131.1315	0.0255540320860345
2129.7146	0.0256591415450383
2128.2976	0.026210467118604
2126.8806	0.0260579643676974
2125.4636	0.0262121771032719
2124.0467	0.0266452036697321
2122.6297	0.0279273722811483
2121.2127	0.0270336222446315
2119.7957	0.0279119355478171
2118.3788	0.0276258186228171
2116.9618	0.027777181821095
2115.5448	0.0290710905987679
2114.1278	0.028200607482574
2112.7108	0.0288716984087979
2111.2939	0.0285331651352534
2109.8769	0.027644455245448
2108.4599	0.0277452835599853
2107.0429	0.0280031117332104
2105.626	0.0271440446847308
2104.209	0.0275063298799438
2102.792	0.0279845643921312
2101.375	0.0278195717491081
2099.9581	0.028077523051111
2098.5411	0.0275638918443943
2097.1241	0.0275868526962967
2095.7071	0.0274782715746588
2094.2902	0.0271009788748377
2092.8732	0.028018314388366
2091.4562	0.0285467704018154
2090.0392	0.0283845260495066
2088.6223	0.0283669449493837
2087.2053	0.0271970371159572
2085.7883	0.0273480377649904
2084.3713	0.0273779463783471
2082.9544	0.0280217370613541
2081.5374	0.0272675424564749
2080.1204	0.0276040859678451
2078.7034	0.0278325572670127
2077.2865	0.027880749867216
2075.8695	0.0276413615761398
2074.4525	0.0279665519504507
2073.0355	0.0273535826750893
2071.6186	0.0269835725274163
2070.2016	0.0279549756957213
2068.7846	0.0274506498509737
2067.3676	0.0266358307858734
2065.9506	0.0267384841427427
2064.5337	0.0260585398967863
2063.1167	0.0274034847223531
2061.6997	0.0269686764620758
2060.2827	0.0274409631057528
2058.8658	0.027279866053053
2057.4488	0.0270101593015471
2056.0318	0.0272370314285526
2054.6148	0.02657629437
2053.1979	0.0267552491344696
2051.7809	0.0261695087254057
2050.3639	0.0265118459060016
2048.9469	0.0263406185301394
2047.53	0.0255738296792835
2046.113	0.0252889830296986
2044.696	0.0250496919903578
2043.279	0.0238961002626483
2041.8621	0.0245705636932507
2040.4451	0.0244747876067061
2039.0281	0.0255900319955205
2037.6111	0.0249490254776263
2036.1942	0.0252469834190327
2034.7772	0.0238813298173552
2033.3602	0.0252163124949393
2031.9432	0.025030278608264
2030.5263	0.0250279799244901
2029.1093	0.0260923702052866
2027.6923	0.0244515538788092
2026.2753	0.024291682891297
2024.8584	0.0236282604648228
2023.4414	0.0230568069990757
2022.0244	0.0231682631772792
2020.6074	0.0218021908083884
2019.1904	0.0229315195170712
2017.7735	0.0254940528233499
2016.3565	0.025052771644741
2014.9395	0.0244283609070011
2013.5225	0.0237131074679126
2012.1056	0.0226045044391268
2010.6886	0.0228151388367424
2009.2716	0.0234199696636957
2007.8546	0.0225824398434014
2006.4377	0.0220078871049924
2005.0207	0.0221982578592192
2003.6037	0.0225446086939412
2002.1867	0.0224986522841566
2000.7698	0.0226708195521847
1999.3528	0.0230910055165051
1997.9358	0.0238550472560709
1996.5188	0.0233063286127023
1995.1019	0.0234911768260488
1993.6849	0.0230835531230683
1992.2679	0.0233594317938162
1990.8509	0.0229224717523223
1989.434	0.0222514745962298
1988.017	0.022596036899496
1986.6	0.0228834064532172
1985.183	0.0231507572578359
1983.7661	0.0234030060865798
1982.3491	0.0232907074489669
1980.9321	0.0247784200030359
1979.5151	0.0239999255020019
1978.0982	0.0226351609210591
1976.6812	0.0219626572660233
1975.2642	0.0214067215004857
1973.8472	0.0217357550994193
1972.4302	0.0208407306283702
1971.0133	0.0204124598312193
1969.5963	0.0219451989651164
1968.1793	0.0206983316446002
1966.7623	0.0224205536275133
1965.3454	0.021790337901504
1963.9284	0.0227678434905682
1962.5114	0.0219669818471416
1961.0944	0.0221835840232377
1959.6775	0.0224955484266178
1958.2605	0.0223580808191083
1956.8435	0.0230301592926113
1955.4265	0.0222345932907806
1954.0096	0.0220732709713147
1952.5926	0.0227479107983352
1951.1756	0.0235779829791917
1949.7586	0.0231565405498981
1948.3417	0.0234236860837556
1946.9247	0.024033791388125
1945.5077	0.0237979237687787
1944.0907	0.0241828793737481
1942.6738	0.0238745640037553
1941.2568	0.0238447864483798
1939.8398	0.0241089258603606
1938.4228	0.0240995321288557
1937.0059	0.0251095998945097
1935.5889	0.0248006357322324
1934.1719	0.0248455422489903
1932.7549	0.0237727834030683
1931.338	0.025444549118137
1929.921	0.0234586555437573
1928.504	0.0240286671169154
1927.087	0.0247310765548802
1925.67	0.0253406038300208
1924.2531	0.0252978220267967
1922.8361	0.0249997381956288
1921.4191	0.0254963077854294
1920.0021	0.0245846576802378
1918.5852	0.0242212192041435
1917.1682	0.025222757405043
1915.7512	0.0250746385547132
1914.3342	0.0251660564092557
1912.9173	0.0259199091627391
1911.5003	0.0250784534247132
1910.0833	0.0241282043543343
1908.6663	0.0251964137981283
1907.2494	0.0252018652663764
1905.8324	0.0252560188917252
1904.4154	0.0254078933023262
1902.9984	0.024836674481261
1901.5815	0.0246152806766432
1900.1645	0.0251908574280052
1898.7475	0.0240451136310975
1897.3305	0.0253099622349181
1895.9136	0.0254385939475868
1894.4966	0.0246329679001533
1893.0796	0.0256332359116702
1891.6626	0.02481193742605
1890.2457	0.0253117032391902
1888.8287	0.0247204137432363
1887.4117	0.0248085762665573
1885.9947	0.0251829496460585
1884.5778	0.0252204092899058
1883.1608	0.0252644286170785
1881.7438	0.0246759431037863
1880.3268	0.0246698540584197
1878.9098	0.0252424952209557
1877.4929	0.0250440667516418
1876.0759	0.0246886578586846
1874.6589	0.0251613096547104
1873.2419	0.0248095177703776
1871.825	0.0245660902962125
1870.408	0.0248861411285843
1868.991	0.024791701503522
1867.574	0.0249867999653793
1866.1571	0.0251852520097231
1864.7401	0.0248039867941289
1863.3231	0.0246115303780618
1861.9061	0.0249843046960715
1860.4892	0.0248080006372378
1859.0722	0.0256823102926081
1857.6552	0.0254705186505372
1856.2382	0.0242729411700754
1854.8213	0.0245057194910177
1853.4043	0.0259095395423705
1851.9873	0.0257921552715966
1850.5703	0.0246839277291135
1849.1534	0.0252490353300845
1847.7364	0.0255348774751692
1846.3194	0.0248005952057317
1844.9024	0.0249901617443512
1843.4855	0.0246169040575121
1842.0685	0.0244258470267566
1840.6515	0.0254243531238629
1839.2345	0.0249134464009352
1837.8176	0.0244915535647115
1836.4006	0.0248142274248967
1834.9836	0.025090064964041
1833.5666	0.0251645044281282
1832.1496	0.0248690389946858
1830.7327	0.0246483270693233
1829.3157	0.0252842309633027
1827.8987	0.0241700843883245
1826.4817	0.025173771454918
1825.0648	0.0251750265511705
1823.6478	0.0242734911592166
1822.2308	0.0249250011146993
1820.8138	0.0246022986665549
1819.3969	0.024170509062197
1817.9799	0.0249598527421515
1816.5629	0.0244041552701569
1815.1459	0.0241448080841396
1813.729	0.0240944304333284
1812.312	0.0248484894586395
1810.895	0.0241345678919362
1809.478	0.0254951602395796
1808.0611	0.0242651629463485
1806.6441	0.0252590873579015
1805.2271	0.0256958118884744
1803.8101	0.0248727700546443
1802.3932	0.0245721467559112
1800.9762	0.0242466181442194
1799.5592	0.0247143159136669
1798.1422	0.0242740703447855
1796.7253	0.0250400884962533
1795.3083	0.0252307509456675
1793.8913	0.0240778433370479
1792.4743	0.0249756456950352
1791.0574	0.0252378162427553
1789.6404	0.0255011128660619
1788.2234	0.0250884839612224
1786.8064	0.0248117011987883
1785.3894	0.0256368231529339
1783.9725	0.0260372566414718
1782.5555	0.0257030433644734
1781.1385	0.0254814167058476
1779.7215	0.0252858596176261
1778.3046	0.0252391595720664
1776.8876	0.025034949958267
1775.4706	0.0252476760297531
1774.0536	0.0247411872832522
1772.6367	0.024819361874926
1771.2197	0.0263044212107037
1769.8027	0.0255167966509969
1768.3857	0.0252243207989518
1766.9688	0.026094943828451
1765.5518	0.02551156854396
1764.1348	0.025763620456852
1762.7178	0.0253745439857093
1761.3009	0.0264886453414748
1759.8839	0.0260606254139656
1758.4669	0.0253787891440521
1757.0499	0.0258044271981057
1755.633	0.0258450855318812
1754.216	0.0261102529592515
1752.799	0.0263767677364791
1751.382	0.0266919905537635
1749.9651	0.0272202423299465
1748.5481	0.0272246014567541
1747.1311	0.0271833332639405
1745.7141	0.0272899603977268
1744.2972	0.0271002628994007
1742.8802	0.0278907635436494
1741.4632	0.0287104530858429
1740.0462	0.0282029405043069
1738.6292	0.0284952654256407
1737.2123	0.0294087884373664
1735.7953	0.0284920711748724
1734.3783	0.0291929776137532
1732.9613	0.0289286462265987
1731.5444	0.0294618698504909
1730.1274	0.0299596174969321
1728.7104	0.0304919966092535
1727.2934	0.0298373315285604
1725.8765	0.0305632276349281
1724.4595	0.0305456657811537
1723.0425	0.0306740393860179
1721.6255	0.0308308825644177
1720.2086	0.0317965454889332
1718.7916	0.0308963643481116
1717.3746	0.0321680461621004
1715.9576	0.0326511094041519
1714.5407	0.0329588064904763
1713.1237	0.0326635344734885
1711.7067	0.0332450885379046
1710.2897	0.0326946286218426
1708.8728	0.0336109375934159
1707.4558	0.0347032334125314
1706.0388	0.034408988825835
1704.6218	0.0348518849722644
1703.2049	0.0348338715452384
1701.7879	0.0347275770902228
1700.3709	0.0343328546549528
1698.9539	0.0348393448587562
1697.537	0.0347638464356575
1696.12	0.0352360280386224
1694.703	0.0357436627962704
1693.286	0.0355442320112174
1691.869	0.0356824876370039
1690.4521	0.0353233359348965
1689.0351	0.035483824367346
1687.6181	0.0362158896562952
1686.2011	0.0361620250978179
1684.7842	0.0361135169542197
1683.3672	0.0359758975994873
1681.9502	0.0364273626320476
1680.5332	0.0373845767087933
1679.1163	0.035743960084468
1677.6993	0.0374470649235249
1676.2823	0.0368397162742501
1674.8653	0.0377802099826819
1673.4484	0.0383854130211378
1672.0314	0.0375568434014667
1670.6144	0.0378774675092926
1669.1974	0.03814854967633
1667.7805	0.0383754156702132
1666.3635	0.0386252705422778
1664.9465	0.039036448456383
1663.5295	0.0386512635631029
1662.1126	0.039010366976079
1660.6956	0.0394811335943938
1659.2786	0.0402973296491962
1657.8616	0.0405969815843612
1656.4447	0.0404325555389947
1655.0277	0.0396011517706916
1653.6107	0.0408467145263275
1652.1937	0.042478046773117
1650.7768	0.0414142184770484
1649.3598	0.0419784885805343
1647.9428	0.043178804816965
1646.5258	0.0424698530692576
1645.1088	0.0444081407619044
1643.6919	0.0450018095919541
1642.2749	0.0456037601447778
1640.8579	0.0457973689902366
1639.4409	0.0474141260802002
1638.024	0.0480083191125202
1636.607	0.0480651508289899
1635.19	0.0488965234922743
1633.773	0.0498650455323969
1632.3561	0.0506689940763254
1630.9391	0.051323668388096
1629.5221	0.0513431400839026
1628.1051	0.0523078258963712
1626.6882	0.05329317321165
1625.2712	0.052375968868712
1623.8542	0.053383848364031
1622.4372	0.0534775748330099
1621.0203	0.0532898853717098
1619.6033	0.0552537679330212
1618.1863	0.0546307848478702
1616.7693	0.0548674666643765
1615.3524	0.0557118954532341
1613.9354	0.0560734253848523
1612.5184	0.0569561678427247
1611.1014	0.0564806436198766
1609.6845	0.0567713015843622
1608.2675	0.0584769343344761
1606.8505	0.0598432085710611
1605.4335	0.059491244020921
1604.0166	0.0612962530810815
1602.5996	0.0611945720193534
1601.1826	0.0621674333988205
1599.7656	0.0616311607861397
1598.3486	0.0612624635354995
1596.9317	0.061232918567158
1595.5147	0.0606372429790765
1594.0977	0.0608806720413172
1592.6807	0.060589210840279
1591.2638	0.0600795770406585
1589.8468	0.0595782277737387
1588.4298	0.0595648555044375
1587.0128	0.0578448642647613
1585.5959	0.0588137772334821
1584.1789	0.0574401819104711
1582.7619	0.0560691526281621
1581.3449	0.0565695894270129
1579.928	0.0558392346174957
1578.511	0.0552672107295748
1577.094	0.0537030514287452
1575.677	0.0522031154591181
1574.2601	0.052270929857389
1572.8431	0.0525709849232371
1571.4261	0.0509176180950128
1570.0091	0.0515872884903932
1568.5922	0.0497962205587434
1567.1752	0.0489025048140314
1565.7582	0.0486286468501643
1564.3412	0.0480222437465341
1562.9243	0.0473670167335134
1561.5073	0.0465776350087417
1560.0903	0.0461080209820479
1558.6733	0.0445669707143679
1557.2564	0.0433013050619613
1555.8394	0.0422902146588141
1554.4224	0.043203737443582
1553.0054	0.0409829615270028
1551.5885	0.0406585070032717
1550.1715	0.0407629787694616
1548.7545	0.040670205151265
1547.3375	0.0389234629512877
1545.9205	0.038922019212213
1544.5036	0.0377640424955616
1543.0866	0.0380482782204171
1541.6696	0.0381221296701086
1540.2526	0.0380909173137351
1538.8357	0.0374820176444128
1537.4187	0.0365823900164639
1536.0017	0.0365899789818235
1534.5847	0.0372649764616053
1533.1678	0.037453627910495
1531.7508	0.036653392152382
1530.3338	0.0369636977282901
1528.9168	0.0365340308827797
1527.4999	0.0365240700982243
1526.0829	0.0368970176797435
1524.6659	0.0374361413979226
1523.2489	0.0382747888098185
1521.832	0.0398628304723177
1520.415	0.0422217075987803
1518.998	0.0437236171350734
1517.581	0.0440941326138575
1516.1641	0.0449687383563421
1514.7471	0.0449216001558934
1513.3301	0.0465523691328682
1511.9131	0.044456001124127
1510.4962	0.0470469795638594
1509.0792	0.0463443848917236
1507.6622	0.0479223528116082
1506.2452	0.046894643809516
1504.8283	0.0469221698524149
1503.4113	0.0458884067312811
1501.9943	0.0451535508233201
1500.5773	0.0439039375573379
1499.1603	0.0433219067119406
1497.7434	0.0408507573631818
1496.3264	0.0415730511220281
1494.9094	0.0400211280516106
1493.4924	0.0401445767823469
1492.0755	0.0392917980059058
1490.6585	0.0372062692647892
1489.2415	0.0383484510710934
1487.8245	0.0391879986844186
1486.4076	0.040212704882106
1484.9906	0.0393040277207412
1483.5736	0.040395831576507
1482.1566	0.040981438886421
1480.7397	0.0409221874227844
1479.3227	0.0411186416697318
1477.9057	0.04149593147593
1476.4887	0.0416578836509531
1475.0718	0.0429056171454322
1473.6548	0.0428975605922355
1472.2378	0.0428537172785704
1470.8208	0.0446758496611898
1469.4039	0.0456211806703388
1467.9869	0.0452413774481042
1466.5699	0.0463747556366868
1465.1529	0.0477375588953248
1463.736	0.0493193403065197
1462.319	0.0500242369507931
1460.902	0.0501463804900086
1459.485	0.0510729025255994
1458.0681	0.0530272343250399
1456.6511	0.0530417083584621
1455.2341	0.0537408973120425
1453.8171	0.0544956241415613
1452.4001	0.0547587782564976
1450.9832	0.0541759068405377
1449.5662	0.0538273165900448
1448.1492	0.0537512757626132
1446.7322	0.0539567014345803
1445.3153	0.0545051982528915
1443.8983	0.0544298573072853
1442.4813	0.0537681163263326
1441.0643	0.0549154543959686
1439.6474	0.0550387194207145
1438.2304	0.05478723449156
1436.8134	0.0552928662211897
1435.3964	0.0558840053362389
1433.9795	0.0555783214518205
1432.5625	0.055792132865576
1431.1455	0.0566928784202533
1429.7285	0.0581387116392425
1428.3116	0.0584322882906055
1426.8946	0.0585058417369431
1425.4776	0.0589474120398216
1424.0606	0.0603321693692153
1422.6437	0.0611505961426422
1421.2267	0.0609303056976531
1419.8097	0.0611045461260982
1418.3927	0.061388218873264
1416.9758	0.0608337661122534
1415.5588	0.0611349507754476
1414.1418	0.0624078319184337
1412.7248	0.0621225726372222
1411.3079	0.062440104789539
1409.8909	0.0625156762482407
1408.4739	0.0627730778065776
1407.0569	0.0627238828034022
1405.6399	0.0632063948572482
1404.223	0.0624350232837882
1402.806	0.0622347767217928
1401.389	0.0630238849403393
1399.972	0.0629534175609887
1398.5551	0.0634193322283279
1397.1381	0.063393619440869
1395.7211	0.0636387873837723
1394.3041	0.0640509777936144
1392.8872	0.0650475389951242
1391.4702	0.0646299033161121
1390.0532	0.0656002151874619
1388.6362	0.0650709136843349
1387.2193	0.0670025748398856
1385.8023	0.0672231864506358
1384.3853	0.0675159768929366
1382.9683	0.0680674693662769
1381.5514	0.067169349721432
1380.1344	0.0673791161197745
1378.7174	0.0675619421057171
1377.3004	0.0665526952811959
1375.8835	0.0670405606218935
1374.4665	0.0675616717910606
1373.0495	0.0680014264449211
1371.6325	0.0679600085493842
1370.2156	0.0683746582466045
1368.7986	0.0689727274069848
1367.3816	0.0695010437970691
1365.9646	0.070995832052187
1364.5477	0.0709535839801098
1363.1307	0.070579154547235
1361.7137	0.0703779965143167
1360.2967	0.0708524281739766
1358.8797	0.0704954189227803
1357.4628	0.0695687768304721
1356.0458	0.0693462855620223
1354.6288	0.0679021529057702
1353.2118	0.0667160538098484
1351.7949	0.0670823431575792
1350.3779	0.0664033574580501
1348.9609	0.0654426317555096
1347.5439	0.0664721287543619
1346.127	0.0666956952533098
1344.71	0.0676539207145565
1343.293	0.0677536947167569
1341.876	0.0675195123294799
1340.4591	0.0684425501846106
1339.0421	0.0690067986287677
1337.6251	0.0681833916130961
1336.2081	0.0681221060560707
1334.7912	0.068543133494578
1333.3742	0.0675615540670774
1331.9572	0.0679247070055513
1330.5402	0.0666753725587024
1329.1233	0.067456836441004
1327.7063	0.0664260225859117
1326.2893	0.065020416192333
1324.8723	0.0647703336707814
1323.4554	0.0645014661231485
1322.0384	0.0633546664616375
1320.6214	0.063699627089358
1319.2044	0.0625435391405664
1317.7875	0.0618983311134508
1316.3705	0.0626600777685622
1314.9535	0.0619863500487946
1313.5365	0.0605723332178662
1312.1195	0.0616496017025491
1310.7026	0.060378526642313
1309.2856	0.0614539897147878
1307.8686	0.0608307109562499
1306.4516	0.0598056447061526
1305.0347	0.0605222019725509
1303.6177	0.0605052488403075
1302.2007	0.0608393196107399
1300.7837	0.0604128853484322
1299.3668	0.0603472664746703
1297.9498	0.0602479519374855
1296.5328	0.0609207450132807
1295.1158	0.0616947094634696
1293.6989	0.0605829977633963
1292.2819	0.0607178937855984
1290.8649	0.0607747672928633
1289.4479	0.0605830283461612
1288.031	0.0615589200155201
1286.614	0.0610754903659978
1285.197	0.0608941984902662
1283.78	0.0616052583093912
1282.3631	0.0617331846284985
1280.9461	0.0626630638519437
1279.5291	0.0623366229274572
1278.1121	0.0640877900429457
1276.6952	0.0653345402364458
1275.2782	0.0650477249135208
1273.8612	0.066588791030406
1272.4442	0.0660469571128554
1271.0273	0.0673646976863174
1269.6103	0.06667604600958
1268.1933	0.0665040337107512
1266.7763	0.0662351981464085
1265.3593	0.0670914371740524
1263.9424	0.0658861571985413
1262.5254	0.0660316905279569
1261.1084	0.0657835640511933
1259.6914	0.0653989669954078
1258.2745	0.0650458705628479
1256.8575	0.0658044003634448
1255.4405	0.066386125914028
1254.0235	0.0664505770501217
1252.6066	0.065229817395509
1251.1896	0.0660930625247299
1249.7726	0.0650457184353687
1248.3556	0.0647601407400106
1246.9387	0.0644837111828343
1245.5217	0.0648447513894235
1244.1047	0.064028609803286
1242.6877	0.0642978816373421
1241.2708	0.0650097859826994
1239.8538	0.0643834231156108
1238.4368	0.0641786167660289
1237.0198	0.0650094631817789
1235.6029	0.06476254008909
1234.1859	0.0652084734976269
1232.7689	0.0646759119866192
1231.3519	0.0649469057360053
1229.935	0.0649984105125222
1228.518	0.0643560160703145
1227.101	0.0629986853815637
1225.684	0.0608192858403615
1224.2671	0.0597218469349002
1222.8501	0.0594458755826501
1221.4331	0.0587449214143935
1220.0161	0.0583151444449404
1218.5991	0.0577114206184981
1217.1822	0.0570223390734428
1215.7652	0.0566697974218832
1214.3482	0.0569742836118226
1212.9312	0.0578870724200709
1211.5143	0.0560216682629358
1210.0973	0.0556788735948332
1208.6803	0.0545812064252413
1207.2633	0.0546267604797764
1205.8464	0.0542087871320939
1204.4294	0.053839816321143
1203.0124	0.0534190068918071
1201.5954	0.0527212594422178
1200.1785	0.0532097169842757
1198.7615	0.0526867716313026
1197.3445	0.0520699307375314
1195.9275	0.0504715332382559
1194.5106	0.0502580955663338
1193.0936	0.0500649906896087
1191.6766	0.0489440590500577
1190.2596	0.0485895378052609
1188.8427	0.0474544782275178
1187.4257	0.0477113899856072
1186.0087	0.0467167608452214
1184.5917	0.0470467088913092
1183.1748	0.0461392627339799
1181.7578	0.0463503809868867
1180.3408	0.0466381039256101
1178.9238	0.0471461486387998
1177.5069	0.0471656654579055
1176.0899	0.047701653726038
1174.6729	0.0494197309206527
1173.2559	0.0497255440095793
1171.8389	0.0513630457361442
1170.422	0.0518564478694722
1169.005	0.0540158041143808
1167.588	0.0565044445062126
1166.171	0.059034221081028
1164.7541	0.0620665661466077
1163.3371	0.0657258235837858
1161.9201	0.0682662857818167
1160.5031	0.0718580340843687
1159.0862	0.075177870291211
1157.6692	0.0774458000643364
1156.2522	0.0812763628463302
1154.8352	0.0838486639224573
1153.4183	0.0855156616438072
1152.0013	0.0887278518316603
1150.5843	0.0896028585910636
1149.1673	0.0902156641206091
1147.7504	0.0910022535493763
1146.3334	0.0917308883074995
1144.9164	0.0905963433496623
1143.4994	0.0906674284201418
1142.0825	0.0893533194825679
1140.6655	0.0879588277369218
1139.2485	0.0869442717331181
1137.8315	0.0856880594154353
1136.4146	0.0840522842910334
1134.9976	0.0841377669340145
1133.5806	0.0825243389195568
1132.1636	0.0826881085416368
1130.7467	0.0816678736023913
1129.3297	0.082648863199857
1127.9127	0.0831332007324766
1126.4957	0.0839738658385814
1125.0787	0.0850377364044997
1123.6618	0.0846467433303977
1122.2448	0.0853328528983639
1120.8278	0.0855608171479442
1119.4108	0.0855970959106896
1117.9939	0.0857071738659426
1116.5769	0.0857907560300703
1115.1599	0.0872237373105643
1113.7429	0.0870973427321559
1112.326	0.0868300839916431
1110.909	0.0878214961301948
1109.492	0.089225342466197
1108.075	0.0898240847834403
1106.6581	0.0908749494495165
1105.2411	0.0909851253539719
1103.8241	0.0931850797479316
1102.4071	0.0941520241364778
1100.9902	0.0937730979010123
1099.5732	0.0948552814094886
1098.1562	0.0944511609579681
1096.7392	0.0945484091672418
1095.3223	0.0953505179011335
1093.9053	0.0958888841956043
1092.4883	0.0965160147710255
1091.0713	0.0972565924092388
1089.6544	0.0988119767246498
1088.2374	0.101415309574121
1086.8204	0.103923399681897
1085.4034	0.107341740556141
1083.9865	0.109438357942843
1082.5695	0.112603025310088
1081.1525	0.115682030950745
1079.7355	0.117907183511663
1078.3185	0.119778134205379
1076.9016	0.12233896176421
1075.4846	0.120967857950467
1074.0676	0.120492808970292
1072.6506	0.119857155412879
1071.2337	0.117224974164305
1069.8167	0.11600668770047
1068.3997	0.112798391148421
1066.9827	0.111619556858539
1065.5658	0.110462320061409
1064.1488	0.111779568708175
1062.7318	0.1115450803629
1061.3148	0.113431751372443
1059.8979	0.114629385150634
1058.4809	0.115928280800233
1057.0639	0.118196922554365
1055.6469	0.119277463620873
1054.23	0.121886295859122
1052.813	0.12515729737671
1051.396	0.126688451047116
1049.979	0.129128996187837
1048.5621	0.131586757547746
1047.1451	0.133890666796341
1045.7281	0.136002283585649
1044.3111	0.13846826154171
1042.8942	0.139290884058446
1041.4772	0.143078049144191
1040.0602	0.144747610165541
1038.6432	0.147545253776035
1037.2263	0.14912089672356
1035.8093	0.151358476190882
1034.3923	0.154426835308674
1032.9753	0.156906013393336
1031.5583	0.159522325257949
1030.1414	0.162267957469832
1028.7244	0.16419856825913
1027.3074	0.167235300329172
1025.8904	0.170792171650344
1024.4735	0.172616912239415
1023.0565	0.175655777168734
1021.6395	0.177476714350927
1020.2225	0.179162955923469
1018.8056	0.181037662037333
1017.3886	0.182873831987252
1015.9716	0.183606640571376
1014.5546	0.184976363986176
1013.1377	0.186093110638237
1011.7207	0.186164347426631
1010.3037	0.185797163373585
1008.8867	0.185863861946308
1007.4698	0.186044356434245
1006.0528	0.185987173574636
1004.6358	0.186392592255334
1003.2188	0.187391763843141
1001.8019	0.189194940737879
1000.3849	0.188748497911198
998.9679	0.190550355684718
997.5509	0.191570252642696
996.134	0.193290405758066
994.717	0.194051565486547
993.3	0.194395930692973
991.883	0.194122043130575
990.4661	0.193616647058411
989.0491	0.194871783583392
987.6321	0.192893880823505
986.2151	0.192497574919508
984.7981	0.190469415590861
983.3812	0.188676258152645
981.9642	0.187295687127113
980.5472	0.183763412471031
979.1302	0.180823902027849
977.7133	0.177598486366479
976.2963	0.174953561519727
974.8793	0.171499176738873
973.4623	0.168165582928414
972.0454	0.165559450453576
970.6284	0.161792380308368
969.2114	0.1571701522794
967.7944	0.153159588214355
966.3775	0.150165696222902
964.9605	0.147815841759216
963.5435	0.142847449474072
962.1265	0.140480633260614
960.7096	0.137866142261062
959.2926	0.134919659551603
957.8756	0.132087308307585
956.4586	0.128054828001693
955.0417	0.125808237743193
953.6247	0.123332520254165
952.2077	0.121143011034578
950.7907	0.118165485142085
949.3738	0.117348263949314
947.9568	0.1149054520505
946.5398	0.113760277674083
945.1228	0.113030911900522
943.7059	0.11236338700608
942.2889	0.112186343230518
940.8719	0.112922333562153
939.4549	0.112302893540621
938.0379	0.114003458929461
936.621	0.112888415419553
935.204	0.1132131222866
933.787	0.114007815559944
932.37	0.114748606684923
930.9531	0.114708404314278
929.5361	0.114509072237926
928.1191	0.114376242787116
926.7021	0.114103458122827
925.2852	0.114332451427599
923.8682	0.114272793452182
922.4512	0.112615063115078
921.0342	0.112455945224518
919.6173	0.111998852621084
918.2003	0.111577382606373
916.7833	0.109793520483315
915.3663	0.110104939610467
913.9494	0.10964633176041
912.5324	0.108104570227748
911.1154	0.107342791321443
909.6984	0.106566372602451
908.2815	0.104538754724716
906.8645	0.104516442420441
905.4475	0.103641735036315
904.0305	0.101719371452664
902.6136	0.0995921954156605
901.1966	0.099831727958788
899.7796	0.099327494334512
898.3626	0.0988202164684992
896.9457	0.0980791217041902
895.5287	0.0966748419511734
894.1117	0.0961589646149037
892.6947	0.0959644197086045
891.2777	0.0949238619762105
889.8608	0.0947583767755125
888.4438	0.0931914116138649
887.0268	0.0928281239299241
885.6098	0.0922783107575504
884.1929	0.0903487241636645
882.7759	0.0902062976365201
881.3589	0.0892413715751979
879.9419	0.0883716873382481
878.525	0.087461110481971
877.108	0.0881513984082618
875.691	0.0866076127894654
874.274	0.087496089938125
872.8571	0.0878233879172315
871.4401	0.0874653433740915
870.0231	0.0889995106021657
868.6061	0.0883815799709295
867.1892	0.0896628630843738
865.7722	0.0900818527679234
864.3552	0.0902657615641826
862.9382	0.0915302644761461
861.5213	0.0912580926653945
860.1043	0.0913379926024821
858.6873	0.0917139927970793
857.2703	0.0929623630335582
855.8534	0.0928176881793933
854.4364	0.0928015341966027
853.0194	0.0925453447906098
851.6024	0.0925684696042185
850.1855	0.0927847488862211
848.7685	0.0937616573820437
847.3515	0.093550258577444
845.9345	0.0934202713415001
844.5175	0.0925258146886835
843.1006	0.0923193303218944
841.6836	0.0923131797610038
840.2666	0.0914789269086645
838.8496	0.0904071673674936
837.4327	0.0902252511019979
836.0157	0.0894560113308679
834.5987	0.0897460967991981
833.1817	0.0882237125743742
831.7648	0.0884519419428592
830.3478	0.0865114506851233
828.9308	0.0863108858230479
827.5138	0.0868366398783936
826.0969	0.085697203367342
824.6799	0.0865123632949795
823.2629	0.0858087036518028
821.8459	0.0856340370828052
820.429	0.0854000977490533
819.012	0.085790167065058
817.595	0.084808797147105
816.178	0.0851383418568349
814.7611	0.0833049265793594
813.3441	0.0840756827285282
811.9271	0.0827034769600903
810.5101	0.0838218830761381
809.0932	0.0828349908028128
807.6762	0.0833699992859938
806.2592	0.0826344807005295
804.8422	0.0832970245232669
803.4253	0.0821346592758796
802.0083	0.0825575335063866
800.5913	0.0832421662406032
799.1743	0.0825070558685898
797.7573	0.0826429167069299
796.3404	0.0824399652581398
794.9234	0.0826471702599045
793.5064	0.0834758132438531
792.0894	0.0849222275119345
790.6725	0.0827641915179202
789.2555	0.0829662553592232
787.8385	0.084293992379295
786.4215	0.0850413184872347
785.0046	0.0859371364488935
783.5876	0.0851039669140209
782.1706	0.0855570271026391
780.7536	0.0869836342063886
779.3367	0.0867349614419266
777.9197	0.0873594911797178
776.5027	0.0891953508294031
775.0857	0.0900205261860913
773.6688	0.0909198515283674
772.2518	0.0925478255382974
770.8348	0.0928552803377152
769.4178	0.093927361346989
768.0009	0.0944499163446047
766.5839	0.0955737365566497
765.1669	0.0972463450927687
763.7499	0.0976622861192861
762.333	0.09787054891303
760.916	0.0985334118739556
759.499	0.0982382965316868
758.082	0.0979945174296168
756.6651	0.0982204005030966
755.2481	0.0972749996332805
753.8311	0.0965485111821119
752.4141	0.0961054793882812
750.9971	0.0959273498573068
749.5802	0.0944875487344014
748.1632	0.0934892185633393
746.7462	0.0929129555269981
745.3292	0.0923163667984018
743.9123	0.091375489070777
742.4953	0.0905203802670136
741.0783	0.0900047284957177
739.6613	0.0898717376144077
738.2444	0.088761618539042
736.8274	0.090513430169769
735.4104	0.0893992697577823
733.9934	0.0899202712353405
732.5765	0.0901102988149915
731.1595	0.0901382578777987
729.7425	0.0905478974472598
728.3255	0.0914846439806563
726.9086	0.0916678115585859
725.4916	0.0913968393125833
724.0746	0.0925453036475848
722.6576	0.093902031880608
721.2407	0.0944589366527229
719.8237	0.0950105101336811
718.4067	0.0958411591918358
716.9897	0.0966913925222584
715.5728	0.0978753454264328
714.1558	0.0985115036251314
712.7388	0.0994002272040533
711.3218	0.100741196632848
709.9049	0.100785921983031
708.4879	0.102836391358301
707.0709	0.103669616633079
705.6539	0.103841002761703
704.2369	0.10433054329304
702.82	0.104850245120787
701.403	0.103318725084913
699.986	0.103346312424888
698.569	0.103622700803648
697.1521	0.10260304080119
695.7351	0.103285807291087
694.3181	0.102305914203286
692.9011	0.102048216418618
691.4842	0.102464196659446
690.0672	0.102082873698245
688.6502	0.103217024506196
687.2332	0.101970000235805
685.8163	0.102172741441554
684.3993	0.101290857252163
682.9823	0.102143181147551
681.5653	0.10280257068844
680.1484	0.102584278206699
678.7314	0.103887896648747
677.3144	0.102149832896514
675.8974	0.102689917800675
674.4805	0.104142807893985
673.0635	0.104661656510259
671.6465	0.103863678687448
670.2295	0.104825360224872
668.8126	0.104992682755032
667.3956	0.105018503961425
665.9786	0.10546432456228
664.5616	0.1059845036134
663.1447	0.10597946205131
661.7277	0.106864201858463
660.3107	0.106576894299543
658.8937	0.107024607108038
657.4767	0.108504969801917
656.0598	0.108780132631362
654.6428	0.107779430266813
653.2258	0.108396292030236
651.8088	0.108418288691629
650.3919	0.108424791872149
648.9749	0.108307105798923
647.5579	0.110279796378807
646.1409	0.110232385205205
644.724	0.110588850193768
643.307	0.111704139417854
641.89	0.111007559926725
640.473	0.110745421095079
639.0561	0.110862685884676
637.6391	0.110639126503972
636.2221	0.111272011339004
634.8051	0.112071431758042
633.3882	0.112771985845826
631.9712	0.112654104698625
630.5542	0.113259022943651
629.1372	0.112672870062982
627.7203	0.114413529743743
626.3033	0.115118851203205
624.8863	0.116381640429214
623.4693	0.117023832710009
622.0524	0.117979767901253
620.6354	0.119483565715098
619.2184	0.119094812306783
617.8014	0.121089757952501
616.3845	0.122495504831324
614.9675	0.123260074050023
613.5505	0.124609246676614
612.1335	0.124697634077566
610.7165	0.127307736401236
609.2996	0.127664421909851
607.8826	0.129025529971176
606.4656	0.129023131173292
605.0486	0.131107155080472
603.6317	0.12980271447882
602.2147	0.130696019027842
600.7977	0.131714995745878
599.3807	0.130083570288392
597.9638	0.131835590767629
596.5468	0.131624776127639
595.1298	0.130937970042498
593.7128	0.130042874315279
592.2959	0.131158188335369
590.8789	0.132399673107294
589.4619	0.132962418683071
588.0449	0.134855496413223
586.628	0.135373819511828
585.211	0.135293006593797
583.794	0.136071694622495
582.377	0.138881656960613
580.9601	0.140603190115021
579.5431	0.142953979177212
578.1261	0.145030953739874
576.7091	0.14616857705861
575.2922	0.148457551604969
573.8752	0.148661532863633
572.4582	0.149178009563894
571.0412	0.150554514114
569.6243	0.150098378376087
568.2073	0.150082665120286
566.7903	0.149280018957116
565.3733	0.149238679015362
563.9563	0.148284246767288
562.5394	0.148134369583558
561.1224	0.147640202583653
559.7054	0.146109153007048
558.2884	0.144951674006145
556.8715	0.14449122166494
555.4545	0.144320048802267
554.0375	0.144206425406404
552.6205	0.14429232834334
551.2036	0.143113176030546
549.7866	0.143000092987565
548.3696	0.143375928680644
546.9526	0.142432828486748
545.5357	0.142834415055619
544.1187	0.143194296345503
542.7017	0.142410447542182
541.2847	0.142569195034822
539.8678	0.144280505282084
538.4508	0.145401917095148
537.0338	0.145655474634056
535.6168	0.147551956816499
534.1999	0.148276233389142
532.7829	0.150192294216264
531.3659	0.151400020975622
529.9489	0.152075785890542
528.532	0.154381735670013
527.115	0.154297784326017
525.698	0.155203801057298
524.281	0.155813624938528
522.8641	0.156235335555962
521.4471	0.157323005775824
520.0301	0.157236178954832
518.6131	0.157250838357731
517.1962	0.156900360808608
515.7792	0.15686105700124
514.3622	0.156400470642881
512.9452	0.15585976994648
511.5282	0.154992483642613
510.1113	0.155476815212014
508.6943	0.154925362486931
507.2773	0.155352928485361
505.8603	0.155390866487837
504.4434	0.153707058588949
503.0264	0.153888630476466
501.6094	0.154220744501991
500.1924	0.152695738907768
498.7755	0.154458486347851
497.3585	0.153531054446029
495.9415	0.153930139886961
494.5245	0.152935071378976
493.1076	0.153564655728866
491.6906	0.152945269972745
490.2736	0.153305188505913
488.8566	0.153497504974773
487.4397	0.153624240168497
486.0227	0.154197523536517
484.6057	0.152791354005637
483.1887	0.153667946707873
481.7718	0.152441430435249
480.3548	0.152866208372699
478.9378	0.153947345412574
477.5208	0.154354094991251
476.1039	0.153596758826669
474.6869	0.153374920709185
473.2699	0.152722214587927
471.8529	0.151632375672242
470.436	0.151656770471259
469.019	0.151187668475826
467.602	0.151920123878273
466.185	0.152962664423565
464.768	0.151782053323083
463.3511	0.15191317369355
461.9341	0.15066868925146
460.5171	0.150781176621748
459.1001	0.151347649123873
457.6832	0.150804936733341
456.2662	0.150970822968606
454.8492	0.151219702077254
453.4322	0.151217854077765
452.0153	0.152297469208156
450.5983	0.152605928622356
449.1813	0.152763493711875
447.7643	0.154629167026898
446.3474	0.153475105447265
444.9304	0.156074682655604
443.5134	0.15572682753424
442.0964	0.156085311795043
440.6795	0.157250188420052
439.2625	0.158844370990248
437.8455	0.159814685656646
436.4285	0.161841468537876
435.0116	0.162090370865349
433.5946	0.163713939688355
432.1776	0.16290746184542
430.7606	0.161146017637888
429.3437	0.16029117850961
427.9267	0.159965052668454
426.5097	0.161215707560488
425.0927	0.161825285593703
423.6758	0.162279948103181
422.2588	0.161473171141316
420.8418	0.161740955864364
419.4248	0.161619931557872
418.0078	0.162345973206091
416.5909	0.163853531964419
415.1739	0.165302396457434
413.7569	0.165617404318053
412.3399	0.165965493007541
410.923	0.165532828776393
409.506	0.166427591098456
408.089	0.167250711847644
406.672	0.169680456268698
405.2551	0.169802640378979
403.8381	0.170466782411376
402.4211	0.169175798725309
401.0041	0.169058791431991
