3994.4546	0.0133979904166675
3993.0377	0.013314089129475
3991.6207	0.0133369653118068
3990.2037	0.0134130182284134
3988.7867	0.0136512279741161
3987.3698	0.0133512363283574
3985.9528	0.0132382354384413
3984.5358	0.0137858736715562
3983.1188	0.0131623288089687
3981.7019	0.01363083572584
3980.2849	0.0131525542141627
3978.8679	0.0132320737958713
3977.4509	0.0132452851222659
3976.034	0.0134355537587238
3974.617	0.0134363504424421
3973.2	0.0135156407064178
3971.783	0.0137073212978498
3970.3661	0.0135661272845023
3968.9491	0.013077278945434
3967.5321	0.0139285566227452
3966.1151	0.0135245668301713
3964.6982	0.0140226670422278
3963.2812	0.0137085638692177
3961.8642	0.0138918725902394
3960.4472	0.0138070148200348
3959.0303	0.0136726371777984
3957.6133	0.0138224848979455
3956.1963	0.0128796940722963
3954.7793	0.0128758591809309
3953.3624	0.0126050711663893
3951.9454	0.013325616143061
3950.5284	0.013216676237671
3949.1114	0.0130430848094093
3947.6944	0.0132261737501148
3946.2775	0.0140032449895459
3944.8605	0.0133377392525981
3943.4435	0.0138860653860298
3942.0265	0.0131525800137905
3940.6096	0.0132957743475587
3939.1926	0.0131302051993248
3937.7756	0.0130693358651153
3936.3586	0.0128383651332507
3934.9417	0.0132661115751852
3933.5247	0.0135591041671353
3932.1077	0.0133061480718904
3930.6907	0.0141805357352637
3929.2738	0.0133958312077931
3927.8568	0.0131217377100626
3926.4398	0.0135507617111957
3925.0228	0.0134658350439278
3923.6059	0.0130986859001656
3922.1889	0.0131338758181794
3920.7719	0.0131549288740725
3919.3549	0.0132665001352138
3917.938	0.013108291322179
3916.521	0.0134830649943499
3915.104	0.0134054977923715
3913.687	0.0133964680615266
3912.2701	0.0139255654713032
3910.8531	0.0130775247124796
3909.4361	0.0133834559186318
3908.0191	0.0132121395822523
3906.6022	0.0132201875644406
3905.1852	0.0131162121326369
3903.7682	0.0138873711519207
3902.3512	0.0131436786211889
3900.9342	0.0131057840759896
3899.5173	0.0130617361695663
3898.1003	0.013040104928268
3896.6833	0.0130162619051208
3895.2663	0.0130947416462233
3893.8494	0.0134062757786604
3892.4324	0.0128780562939851
3891.0154	0.0126525348023163
3889.5984	0.0130735989028208
3888.1815	0.0139044103508063
3886.7645	0.0136058133284058
3885.3475	0.0130750302597267
3883.9305	0.0134788288918754
3882.5136	0.0131717867852644
3881.0966	0.0133374278621198
3879.6796	0.0130135383510372
3878.2626	0.0135123310195545
3876.8457	0.0129023576018272
3875.4287	0.0128614808921523
3874.0117	0.0129169244288742
3872.5947	0.012678584168622
3871.1778	0.0125008639591947
3869.7608	0.0127952555456167
3868.3438	0.0129457210490007
3866.9268	0.0134544756522833
3865.5099	0.0138615614173361
3864.0929	0.0127064881112293
3862.6759	0.0129048054786657
3861.2589	0.0129699432857068
3859.842	0.0129376913558245
3858.425	0.013244023584009
3857.008	0.0122483191937841
3855.591	0.0120889386362962
3854.174	0.0122677630520978
3852.7571	0.0128977758828393
3851.3401	0.0125228556962309
3849.9231	0.0131776367863538
3848.5061	0.0122197516973371
3847.0892	0.0121389223806503
3845.6722	0.0128650145835606
3844.2552	0.0124123855911216
3842.8382	0.0126509707410763
3841.4213	0.0124732849284351
3840.0043	0.0121575966535977
3838.5873	0.0125324031281911
3837.1703	0.0122733710976628
3835.7534	0.0118133657045409
3834.3364	0.0125546578272047
3832.9194	0.0126656234318397
3831.5024	0.0128836441483139
3830.0855	0.0129499314348284
3828.6685	0.012855035992854
3827.2515	0.0125875484136207
3825.8345	0.0130209243262099
3824.4176	0.0130073790377724
3823.0006	0.0130608795909814
3821.5836	0.0128315240556984
3820.1666	0.0129329677607964
3818.7497	0.012388516857503
3817.3327	0.0132723243139508
3815.9157	0.0129400978151652
3814.4987	0.0133581674942828
3813.0818	0.0129572918421896
3811.6648	0.0130797349502716
3810.2478	0.012988086459701
3808.8308	0.0128498884362169
3807.4138	0.0127594827953479
3805.9969	0.0130003113005171
3804.5799	0.0129442751916561
3803.1629	0.0124568067861036
3801.7459	0.0120361853024728
3800.329	0.0128039737981594
3798.912	0.0121605677051798
3797.495	0.0125858452463575
3796.078	0.0125875492518347
3794.6611	0.0124476649574795
3793.2441	0.0124729253598658
3791.8271	0.0120834967775985
3790.4101	0.012464175216503
3788.9932	0.0123592504739729
3787.5762	0.0126335224487277
3786.1592	0.0123155010104945
3784.7422	0.0122654904110561
3783.3253	0.0122387606165853
3781.9083	0.0127368642057406
3780.4913	0.011754763175369
3779.0743	0.012796415478334
3777.6574	0.0127796636544563
3776.2404	0.0129035493982005
3774.8234	0.0122810554548074
3773.4064	0.0123441569843901
3771.9895	0.012146193774954
3770.5725	0.0122419876329507
3769.1555	0.0117273000550948
3767.7385	0.0118849776714996
3766.3216	0.0127744752881591
3764.9046	0.0121729647349131
3763.4876	0.0116335606126137
3762.0706	0.0120639714545521
3760.6536	0.0123867405493958
3759.2367	0.0125588699573545
3757.8197	0.0126923255146254
3756.4027	0.011876414441751
3754.9857	0.0119660263899981
3753.5688	0.0121497331389426
3752.1518	0.0128130875005405
3750.7348	0.0133814450811348
3749.3178	0.0135890003072007
3747.9009	0.0128578163023868
3746.4839	0.0121113175303891
3745.0669	0.0119662928530767
3743.6499	0.0117403311660996
3742.233	0.0123132918830171
3740.816	0.0127695680250032
3739.399	0.0123673629922166
3737.982	0.0128293741381476
3736.5651	0.0116759692603609
3735.1481	0.0118704430663644
3733.7311	0.0118570687996207
3732.3141	0.0115443033081755
3730.8972	0.0122413214149909
3729.4802	0.0124032134221906
3728.0632	0.0111725815919543
3726.6462	0.011809244772431
3725.2293	0.011581483032311
3723.8123	0.0116771246958891
3722.3953	0.0116979917604171
3720.9783	0.01162178881484
3719.5614	0.0122058815876814
3718.1444	0.0118761058488551
3716.7274	0.0117125126308294
3715.3104	0.0110560013051335
3713.8935	0.0117305054041593
3712.4765	0.0114267969339002
3711.0595	0.0112865149840589
3709.6425	0.0116921030045506
3708.2255	0.0114126371265503
3706.8086	0.0114236687337382
3705.3916	0.0118055016410484
3703.9746	0.0115493255010723
3702.5576	0.0115408652335503
3701.1407	0.0117962698767473
3699.7237	0.0120274405317472
3698.3067	0.0118463076177967
3696.8897	0.011765140109451
3695.4728	0.0116764819130987
3694.0558	0.0118568293345909
3692.6388	0.0120933676092644
3691.2218	0.0113175209836591
3689.8049	0.0116205973784363
3688.3879	0.0114139961114173
3686.9709	0.0119689738956754
3685.5539	0.0113640286864873
3684.137	0.0114219924709709
3682.72	0.011820037771642
3681.303	0.0113038638293557
3679.886	0.0112052869280451
3678.4691	0.0106008484073946
3677.0521	0.0114077017904371
3675.6351	0.011100473406817
3674.2181	0.0118285007475549
3672.8012	0.0120186102204261
3671.3842	0.0117516816101095
3669.9672	0.0120197193525569
3668.5502	0.0120578695605796
3667.1333	0.0119613929370928
3665.7163	0.0116379211100456
3664.2993	0.0116456140246332
3662.8823	0.0116405506945757
3661.4653	0.011548254980844
3660.0484	0.0121411022258979
3658.6314	0.0119395491190175
3657.2144	0.0116785178324581
3655.7974	0.0117034225138144
3654.3805	0.011408877792311
3652.9635	0.0113050568251042
3651.5465	0.0113989497526407
3650.1295	0.0117363976870998
3648.7126	0.0117366903371418
3647.2956	0.012362484068123
3645.8786	0.0120167925291376
3644.4616	0.011664611943069
3643.0447	0.0115981072752749
3641.6277	0.0123750119912848
3640.2107	0.012460293541002
3638.7937	0.0122428045824971
3637.3768	0.0123821830353519
3635.9598	0.011830072429812
3634.5428	0.0117648072676292
3633.1258	0.0119700263903444
3631.7089	0.0118482857317689
3630.2919	0.0123633740333455
3628.8749	0.0124057709725733
3627.4579	0.0123226232299249
3626.041	0.0123209495335019
3624.624	0.0121508531071605
3623.207	0.012604061865718
3621.79	0.0126124052748969
3620.3731	0.0128219902871477
3618.9561	0.0136207166454997
3617.5391	0.0140276274052591
3616.1221	0.0130159611934165
3614.7051	0.0133687269632005
3613.2882	0.0131499248901554
3611.8712	0.0132654914547272
3610.4542	0.013010326906951
3609.0372	0.0133481512775419
3607.6203	0.0136248493025811
3606.2033	0.0137506187781399
3604.7863	0.0142274742844057
3603.3693	0.0133612449171878
3601.9524	0.0140361117090655
3600.5354	0.0146372352224144
3599.1184	0.0140801463739427
3597.7014	0.013980614174482
3596.2845	0.0141681287758727
3594.8675	0.0146341573562084
3593.4505	0.0143726438558949
3592.0335	0.0142444597396143
3590.6166	0.0146343355153267
3589.1996	0.0146070022916308
3587.7826	0.0146693291776178
3586.3656	0.015483013224552
3584.9487	0.0153865535417788
3583.5317	0.0152417107276453
3582.1147	0.0150484713306782
3580.6977	0.0154946272529817
3579.2808	0.0153655656547327
3577.8638	0.0160383116467863
3576.4468	0.0160763086520512
3575.0298	0.0162520197700371
3573.6129	0.016246520973972
3572.1959	0.0164379285801324
3570.7789	0.0162804879397724
3569.3619	0.0165084224469944
3567.9449	0.0164284840525934
3566.528	0.017196911684653
3565.111	0.0175576832821103
3563.694	0.0183030817449839
3562.277	0.0173694407060764
3560.8601	0.0184103543799208
3559.4431	0.0183631483281652
3558.0261	0.0184667576174163
3556.6091	0.0184102634851782
3555.1922	0.0177639513244572
3553.7752	0.0182962297839638
3552.3582	0.0190983503782243
3550.9412	0.019062416753834
3549.5243	0.0196737828386351
3548.1073	0.0191600406204501
3546.6903	0.0195385778740436
3545.2733	0.019780803864613
3543.8564	0.0196093376056091
3542.4394	0.0201148120150635
3541.0224	0.0205430198709735
3539.6054	0.0209827878053328
3538.1885	0.0210756299449153
3536.7715	0.0212770836434953
3535.3545	0.0212698035308877
3533.9375	0.0210246706359053
3532.5206	0.0212517333552554
3531.1036	0.0217988230848735
3529.6866	0.0213458065200721
3528.2696	0.0221283786881374
3526.8527	0.0218747264407464
3525.4357	0.0221384938914705
3524.0187	0.0223534948268719
3522.6017	0.022451656863924
3521.1847	0.0233511634970983
3519.7678	0.0226251291611256
3518.3508	0.0233781340492328
3516.9338	0.0233409674495823
3515.5168	0.0238474353003499
3514.0999	0.0237459784552002
3512.6829	0.0241390895604299
3511.2659	0.024132195001659
3509.8489	0.0245135241201573
3508.432	0.0245786502413255
3507.015	0.0245218973609443
3505.598	0.0252460001415758
3504.181	0.0250405691091686
3502.7641	0.024707248859592
3501.3471	0.0253812475744036
3499.9301	0.0255756534807149
3498.5131	0.0253299428848039
3497.0962	0.0263162879647036
3495.6792	0.0263725958459176
3494.2622	0.0265033226272426
3492.8452	0.0261021030399061
3491.4283	0.0269023063094976
3490.0113	0.0272157228612224
3488.5943	0.0269847358824925
3487.1773	0.0275413681687937
3485.7604	0.0276727917596869
3484.3434	0.0277047381296075
3482.9264	0.0277567311902359
3481.5094	0.0285488393698719
3480.0925	0.027837501585237
3478.6755	0.028969786705425
3477.2585	0.0287390321909305
3475.8415	0.0286124965291084
3474.4245	0.0291824067231388
3473.0076	0.029115525888637
3471.5906	0.0298160808230528
3470.1736	0.0297619310763876
3468.7566	0.0300027943168137
3467.3397	0.0302613972324888
3465.9227	0.0302909878635039
3464.5057	0.0309485898256384
3463.0887	0.0303723779521686
3461.6718	0.0308052862902173
3460.2548	0.0306480642451165
3458.8378	0.0311771608163167
3457.4208	0.0310557103767435
3456.0039	0.0312507009000636
3454.5869	0.0319573764600986
3453.1699	0.0321656100351314
3451.7529	0.0321849071875177
3450.336	0.031931535448355
3448.919	0.0325196356544938
3447.502	0.0327984892749011
3446.085	0.0327234453084514
3444.6681	0.0331204321604647
3443.2511	0.0330179616365004
3441.8341	0.0331500410365325
3440.4171	0.0333831879150003
3439.0002	0.0337289828720786
3437.5832	0.0342316388345267
3436.1662	0.0331404527204821
3434.7492	0.0339493137107532
3433.3323	0.0346567204139669
3431.9153	0.0343632782983214
3430.4983	0.0350042847426213
3429.0813	0.0345734966799952
3427.6643	0.0345297050143504
3426.2474	0.0349486329618409
3424.8304	0.035117659264343
3423.4134	0.0357998296352159
3421.9964	0.0355339911971873
3420.5795	0.0354391117172085
3419.1625	0.0361430307089587
3417.7455	0.035508196158979
3416.3285	0.0357815604855224
3414.9116	0.0361501983406859
3413.4946	0.0365246951335712
3412.0776	0.0366670323150162
3410.6606	0.0365548000699329
3409.2437	0.0366631898064164
3407.8267	0.0370933120278479
3406.4097	0.0364597939747391
3404.9927	0.0373524393223614
3403.5758	0.0371997757155234
3402.1588	0.0376245164311896
3400.7418	0.0374203283060435
3399.3248	0.0374973329498115
3397.9079	0.0380861787663781
3396.4909	0.0380732961186668
3395.0739	0.0378501857533474
3393.6569	0.0378629689642118
3392.24	0.038096784037214
3390.823	0.0384034975308248
3389.406	0.0386095503115211
3387.989	0.0386247312114291
3386.5721	0.0387520360315096
3385.1551	0.0385735204545492
3383.7381	0.0395361439447202
3382.3211	0.0388788149868336
3380.9041	0.0390772031954957
3379.4872	0.0396981623810169
3378.0702	0.0395498503002377
3376.6532	0.0400490454249176
3375.2362	0.0400412501948174
3373.8193	0.0402391957592263
3372.4023	0.040298467631016
3370.9853	0.0402452129520472
3369.5683	0.0405056395636212
3368.1514	0.0403705975945862
3366.7344	0.0402142294991992
3365.3174	0.0405382125473454
3363.9004	0.0406500555734824
3362.4835	0.040424170586801
3361.0665	0.0413038414388609
3359.6495	0.0406642499673086
3358.2325	0.0410984509162254
3356.8156	0.041370307602665
3355.3986	0.0409920675727744
3353.9816	0.041458330867695
3352.5646	0.0421764925151215
3351.1477	0.0415734599112503
3349.7307	0.0415858934909663
3348.3137	0.0420593623702167
3346.8967	0.041698736312755
3345.4798	0.0416606760198254
3344.0628	0.0417462138009684
3342.6458	0.0420672785997563
3341.2288	0.0419171003207868
3339.8119	0.0419862262078345
3338.3949	0.0420333812325147
3336.9779	0.0420369141411164
3335.5609	0.0425046197926956
3334.1439	0.0423808886381653
3332.727	0.0426550765519171
3331.31	0.0424456219437812
3329.893	0.0425897379916341
3328.476	0.0435517203295188
3327.0591	0.0428113440491687
3325.6421	0.0434841831746751
3324.2251	0.0427683074425108
3322.8081	0.0436890145702121
3321.3912	0.0428120672026947
3319.9742	0.0429580809511406
3318.5572	0.0428824167289151
3317.1402	0.0430967714129253
3315.7233	0.043318835260292
3314.3063	0.0440989571552719
3312.8893	0.043158891794873
3311.4723	0.0433481287455943
3310.0554	0.0426629592751552
3308.6384	0.0429929174441072
3307.2214	0.0435117958118443
3305.8044	0.0436163044106107
3304.3875	0.0432131264933619
3302.9705	0.0438846124785094
3301.5535	0.0433357366604099
3300.1365	0.0432856026603854
3298.7196	0.0432889164915382
3297.3026	0.043634605698745
3295.8856	0.0434248338495771
3294.4686	0.0440679765077572
3293.0517	0.0435257769459504
3291.6347	0.0438896813877547
3290.2177	0.0430754181073279
3288.8007	0.0438735912134503
3287.3837	0.0439062996230953
3285.9668	0.0439162496121751
3284.5498	0.0435656639482682
3283.1328	0.044171921181906
3281.7158	0.0435157756589143
3280.2989	0.0436963309988711
3278.8819	0.0436630058970379
3277.4649	0.043314758226568
3276.0479	0.0436790695915644
3274.631	0.0437548109219073
3273.214	0.0437721693513955
3271.797	0.043430581370403
3270.38	0.0430621798632204
3268.9631	0.0435106064959589
3267.5461	0.0433535126262439
3266.1291	0.0434125845317765
3264.7121	0.0434488581145926
3263.2952	0.0435267865701768
3261.8782	0.0437397702790224
3260.4612	0.0432761336056371
3259.0442	0.0440509573565835
3257.6273	0.0433427968015841
3256.2103	0.0441393889852488
3254.7933	0.0438445817200056
3253.3763	0.0439406518670547
3251.9594	0.0433286464385775
3250.5424	0.0442418033142814
3249.1254	0.0436611584886828
3247.7084	0.0431624790958029
3246.2915	0.0431398546831312
3244.8745	0.0439702567538491
3243.4575	0.0436981820100632
3242.0405	0.0436337640498987
3240.6235	0.0426074705333372
3239.2066	0.0438862550294343
3237.7896	0.0434023809939675
3236.3726	0.0430314567969614
3234.9556	0.0433424496740731
3233.5387	0.0432159541699915
3232.1217	0.0431420516171743
3230.7047	0.0430934658565811
3229.2877	0.0434536802758371
3227.8708	0.0423574184993951
3226.4538	0.0430773977299157
3225.0368	0.0431318796502391
3223.6198	0.0428479101200419
3222.2029	0.0428605384628247
3220.7859	0.043077111873351
3219.3689	0.042620666081
3217.9519	0.0425636131559927
3216.535	0.0425242573568144
3215.118	0.0422399404989924
3213.701	0.0421207472016168
3212.284	0.042388289976002
3210.8671	0.0423015972475856
3209.4501	0.0425453099000125
3208.0331	0.0416894022545023
3206.6161	0.0420282495758704
3205.1992	0.0423992991233584
3203.7822	0.0420114529294129
3202.3652	0.0417569591569711
3200.9482	0.0419616769174461
3199.5313	0.0416641951569976
3198.1143	0.0415146871316265
3196.6973	0.0415275276061436
3195.2803	0.0422237095526674
3193.8633	0.0410541325164933
3192.4464	0.0411672294511896
3191.0294	0.0413225718015333
3189.6124	0.0411502257174051
3188.1954	0.0409045470179446
3186.7785	0.0404002065551637
3185.3615	0.0406163231405047
3183.9445	0.0411569028566272
3182.5275	0.0413131011248288
3181.1106	0.0407973636540594
3179.6936	0.0406885831017446
3178.2766	0.040338077571302
3176.8596	0.0406452564643774
3175.4427	0.0404413864957107
3174.0257	0.0397982858507218
3172.6087	0.0401621276864843
3171.1917	0.0393530127001971
3169.7748	0.0402873473286399
3168.3578	0.0397158620622492
3166.9408	0.0392732558190546
3165.5238	0.0394788423135961
3164.1069	0.0395454006291155
3162.6899	0.0396652479986342
3161.2729	0.0396479244783877
3159.8559	0.0393672274400099
3158.439	0.0389192444518621
3157.022	0.0383749348525523
3155.605	0.0391722318784316
3154.188	0.0389792100722822
3152.7711	0.038249502840323
3151.3541	0.0389970388930713
3149.9371	0.0385457200522604
3148.5201	0.037860682294992
3147.1031	0.0382151391546024
3145.6862	0.038415613987451
3144.2692	0.0378734067806433
3142.8522	0.0377971252118621
3141.4352	0.0379767148850132
3140.0183	0.0375374328625559
3138.6013	0.037826771584739
3137.1843	0.0371543951017422
3135.7673	0.0370981522855846
3134.3504	0.037041422953099
3132.9334	0.0373603406971468
3131.5164	0.0370902746950121
3130.0994	0.0370347973606433
3128.6825	0.036394212528879
3127.2655	0.0368213891759701
3125.8485	0.036229956447518
3124.4315	0.0365681327608105
3123.0146	0.036597011657406
3121.5976	0.0359261784902651
3120.1806	0.0361350243606113
3118.7636	0.0350081921562935
3117.3467	0.034960735345106
3115.9297	0.0360814065699228
3114.5127	0.035385315371854
3113.0957	0.0352127906486355
3111.6788	0.0355486648383191
3110.2618	0.0345509184664306
3108.8448	0.035669815414265
3107.4278	0.0351415369825599
3106.0109	0.0354553364728538
3104.5939	0.0351837259430782
3103.1769	0.0353417504622227
3101.7599	0.0347883408088324
3100.3429	0.0341842376339415
3098.926	0.034286811128645
3097.509	0.0341425518794182
3096.092	0.0338449586607424
3094.675	0.0335807697710578
3093.2581	0.0333017575836897
3091.8411	0.0336212207671546
3090.4241	0.0334254380498465
3089.0071	0.0333462449797602
3087.5902	0.0333434144112317
3086.1732	0.0330176863694741
3084.7562	0.0335516132181446
3083.3392	0.0333654912729248
3081.9223	0.0330691057380642
3080.5053	0.0327530140877667
3079.0883	0.0325788021771717
3077.6713	0.0321399637356424
3076.2544	0.0332800598243446
3074.8374	0.0327402703441724
3073.4204	0.0322119350087626
3072.0034	0.0323522717638528
3070.5865	0.0323157337650284
3069.1695	0.0323431201197121
3067.7525	0.0320474598653632
3066.3355	0.0316915674494377
3064.9186	0.0315076249662097
3063.5016	0.0314089335883063
3062.0846	0.0316067436376954
3060.6676	0.0315912133084583
3059.2507	0.0315166773160316
3057.8337	0.0314849232809718
3056.4167	0.0311371117807085
3054.9997	0.0309978337993292
3053.5827	0.0311543431940615
3052.1658	0.0304364975420427
3050.7488	0.0301974023062566
3049.3318	0.0309419576815539
3047.9148	0.0305095345552955
3046.4979	0.0304975259244364
3045.0809	0.0300001069251637
3043.6639	0.0303024378766083
3042.2469	0.0308835125514408
3040.83	0.030310505724367
3039.413	0.030085931759295
3037.996	0.0293673705925615
3036.579	0.0292610588705532
3035.1621	0.0294153335058549
3033.7451	0.0293621694215093
3032.3281	0.029315958765448
3030.9111	0.0288123959631958
3029.4942	0.0292589567916504
3028.0772	0.0291671182319395
3026.6602	0.0290933675382217
3025.2432	0.028931554072933
3023.8263	0.0286395542889921
3022.4093	0.0290694392148991
3020.9923	0.0292538349839538
3019.5753	0.0286566313440446
3018.1584	0.0283235891004781
3016.7414	0.0287319449604619
3015.3244	0.0285088043058254
3013.9074	0.0285345499933664
3012.4905	0.028693174255438
3011.0735	0.0290298787014991
3009.6565	0.0275525637995844
3008.2395	0.0281551566173805
3006.8225	0.0279386552633497
3005.4056	0.0280447311942004
3003.9886	0.0277955542087269
3002.5716	0.0274690595231117
3001.1546	0.0275830139267221
2999.7377	0.0279579474500127
2998.3207	0.0284013959008326
2996.9037	0.0277678271487717
2995.4867	0.0276340563078302
2994.0698	0.0276630218430011
2992.6528	0.0275242037579201
2991.2358	0.0277585585797703
2989.8188	0.0270720035933757
2988.4019	0.0278743031483725
2986.9849	0.027380781483416
2985.5679	0.0274496646241191
2984.1509	0.0277718043322812
2982.734	0.0277326065490878
2981.317	0.0283521321264132
2979.9	0.0283756664384901
2978.483	0.0282468325284242
2977.0661	0.0280954707215554
2975.6491	0.0286764697897549
2974.2321	0.0281255791046203
2972.8151	0.028550048990894
2971.3982	0.0279747726716472
2969.9812	0.0287498283953262
2968.5642	0.0287531714901345
2967.1472	0.0294615554540701
2965.7303	0.0288966388000568
2964.3133	0.0285716710816933
2962.8963	0.0295981240687811
2961.4793	0.0286458561006237
2960.0623	0.0290840586904934
2958.6454	0.029559672559101
2957.2284	0.0297609435183013
2955.8114	0.0292979776850409
2954.3944	0.0303525154733823
2952.9775	0.0298469274716564
2951.5605	0.0303310201254351
2950.1435	0.0305123247590218
2948.7265	0.0301987341951286
2947.3096	0.0308181608957594
2945.8926	0.0312424359168611
2944.4756	0.0314587812970262
2943.0586	0.0316930025143208
2941.6417	0.0323544119330894
2940.2247	0.0324449768527786
2938.8077	0.0326116053942516
2937.3907	0.0327914928194327
2935.9738	0.0328687745920796
2934.5568	0.0331179305986655
2933.1398	0.0330495009427032
2931.7228	0.0331126801673126
2930.3059	0.0337365083354374
2928.8889	0.0334225303772215
2927.4719	0.0333767219863318
2926.0549	0.0333912679891848
2924.638	0.0335437883289139
2923.221	0.0330567510244094
2921.804	0.0331264309384756
2920.387	0.0330718161950466
2918.9701	0.0340522197801434
2917.5531	0.0339953553922082
2916.1361	0.0334923910725483
2914.7191	0.0333801573666109
2913.3021	0.033075603759426
2911.8852	0.0328415466590324
2910.4682	0.0336501281653539
2909.0512	0.0331563406814217
2907.6342	0.0337680936100059
2906.2173	0.0331030966965353
2904.8003	0.0334288880704996
2903.3833	0.0335290189233007
2901.9663	0.0330815920597419
2900.5494	0.0329014540039042
2899.1324	0.0333299212291791
2897.7154	0.0331961263570007
2896.2984	0.033600585995417
2894.8815	0.0335824223287292
2893.4645	0.0332898955477496
2892.0475	0.0329867918896028
2890.6305	0.0337181776371359
2889.2136	0.0327555970771152
2887.7966	0.0327968709412317
2886.3796	0.032770085891184
2884.9626	0.0325159600345312
2883.5457	0.0328097522732744
2882.1287	0.0322872295120033
2880.7117	0.032853736933957
2879.2947	0.0329811234014542
2877.8778	0.0322290847284106
2876.4608	0.0320170773709241
2875.0438	0.0323445314460104
2873.6268	0.0326171148374409
2872.2099	0.0321059492112136
2870.7929	0.0316595153759253
2869.3759	0.031866336679368
2867.9589	0.0314326958999459
2866.5419	0.0314839160882993
2865.125	0.0310301211699379
2863.708	0.0311313245953913
2862.291	0.0308579725298832
2860.874	0.0309649393699256
2859.4571	0.0309793972647474
2858.0401	0.0301956515789923
2856.6231	0.0304329367165841
2855.2061	0.0300490105186136
2853.7892	0.0297062188468169
2852.3722	0.0299956917925385
2850.9552	0.0300310428808962
2849.5382	0.0301625733296746
2848.1213	0.0296208725303899
2846.7043	0.0294975813760921
2845.2873	0.0300205113433118
2843.8703	0.0296062458439423
2842.4534	0.0298317766121775
2841.0364	0.0296299151862143
2839.6194	0.0295153653991811
2838.2024	0.0292558427325523
2836.7855	0.02956965835496
2835.3685	0.02861714871316
2833.9515	0.028535542291153
2832.5345	0.0286432431252994
2831.1176	0.0288175233337711
2829.7006	0.0284781740079905
2828.2836	0.0286501204550417
2826.8666	0.0284337678202784
2825.4497	0.0286730063575407
2824.0327	0.0289172377548172
2822.6157	0.0282973079345259
2821.1987	0.028468827662469
2819.7817	0.027957734888458
2818.3648	0.0281785074804835
2816.9478	0.0278752935649381
2815.5308	0.0271315084511425
2814.1138	0.0272742143683371
2812.6969	0.0274758383466887
2811.2799	0.0272051215350011
2809.8629	0.0281088993422006
2808.4459	0.0275573954182056
2807.029	0.0274625897414882
2805.612	0.0269427119814376
2804.195	0.0269256816214606
2802.778	0.0274949265194722
2801.3611	0.0270721359882914
2799.9441	0.0267762550106039
2798.5271	0.0272781335364035
2797.1101	0.0268035009566534
2795.6932	0.026491502859832
2794.2762	0.0264023634067377
2792.8592	0.0267013792074113
2791.4422	0.0265729458825533
2790.0253	0.0269022012045531
2788.6083	0.0270984967171234
2787.1913	0.026160930713914
2785.7743	0.0264866165430166
2784.3574	0.026334996203495
2782.9404	0.0261772715755124
2781.5234	0.0262680607154387
2780.1064	0.0261416242592507
2778.6895	0.0264931628978659
2777.2725	0.0258981890282764
2775.8555	0.0264498553356082
2774.4385	0.0261262663478146
2773.0215	0.0261901010510024
2771.6046	0.0261861622138069
2770.1876	0.0254451101297454
2768.7706	0.0257223674781987
2767.3536	0.0267311695754725
2765.9367	0.0258499876851038
2764.5197	0.0265751442825803
2763.1027	0.0267373940447216
2761.6857	0.0263303975253097
2760.2688	0.0262435028067838
2758.8518	0.0263230757934871
2757.4348	0.0260682275815148
2756.0178	0.0254018770197336
2754.6009	0.0253868304341301
2753.1839	0.0261421907108326
2751.7669	0.0260765390793924
2750.3499	0.025470156527666
2748.933	0.0259138469979145
2747.516	0.0260894843227651
2746.099	0.0252874295722714
2744.682	0.0254691981137836
2743.2651	0.0259724620883328
2741.8481	0.0257023246106704
2740.4311	0.0257393852128788
2739.0141	0.0252834000083967
2737.5972	0.0256793617692967
2736.1802	0.0263854724505658
2734.7632	0.0256655591795219
2733.3462	0.0253802344395639
2731.9293	0.0250178796428067
2730.5123	0.0248752257475965
2729.0953	0.0249261092171544
2727.6783	0.0257352677497973
2726.2613	0.0251734414747899
2724.8444	0.0250191925063301
2723.4274	0.0253734773899347
2722.0104	0.0255954300372846
2720.5934	0.0254748277700535
2719.1765	0.025321156048268
2717.7595	0.0253596830151205
2716.3425	0.0255665689171779
2714.9255	0.0250134891930932
2713.5086	0.025502787471079
2712.0916	0.0258777948756771
2710.6746	0.0256436796161867
2709.2576	0.0248933035573
2707.8407	0.0250772957327159
2706.4237	0.0251569482235881
2705.0067	0.0250115943693339
2703.5897	0.0247314227324638
2702.1728	0.0247798437668191
2700.7558	0.0252923373814038
2699.3388	0.025452581862049
2697.9218	0.0249002045878943
2696.5049	0.0245730925621214
2695.0879	0.0251354323560864
2693.6709	0.0251478597893666
2692.2539	0.0249796827356698
2690.837	0.0248105162913031
2689.42	0.0252031848622654
2688.003	0.0249028434213213
2686.586	0.0249890482493973
2685.1691	0.0245107066066662
2683.7521	0.0251125242491168
2682.3351	0.0252475271564981
2680.9181	0.0243974793437356
2679.5011	0.0244578615274038
2678.0842	0.0246944937704773
2676.6672	0.0245660249485402
2675.2502	0.0243150627250792
2673.8332	0.0244328777768714
2672.4163	0.0248749021997606
2670.9993	0.0238109565384982
2669.5823	0.0248190424204637
2668.1653	0.0246224725577337
2666.7484	0.0246255186110128
2665.3314	0.0244657448775584
2663.9144	0.0244824089584432
2662.4974	0.024127744712052
2661.0805	0.0244856233648229
2659.6635	0.0242097704964761
2658.2465	0.0249894972894918
2656.8295	0.0243919763359693
2655.4126	0.0240123701686519
2653.9956	0.0246458947774017
2652.5786	0.0243426171586009
2651.1616	0.024393756319054
2649.7447	0.0245855372693729
2648.3277	0.0245596896849123
2646.9107	0.0245767384799713
2645.4937	0.0238456986227721
2644.0768	0.0242407476394457
2642.6598	0.0231463098763785
2641.2428	0.0242427141779372
2639.8258	0.0241899865601261
2638.4089	0.0237719874083514
2636.9919	0.0237863178429911
2635.5749	0.0239484314879107
2634.1579	0.0239424145420673
2632.741	0.023695215787769
2631.324	0.0234489384145257
2629.907	0.0235310177882938
2628.49	0.023272519985209
2627.073	0.0229632814373135
2625.6561	0.0236755400939888
2624.2391	0.0227119292831142
2622.8221	0.0233208261119898
2621.4051	0.0235258777312984
2619.9882	0.0232430544874871
2618.5712	0.0229106336437115
2617.1542	0.0234526934442179
2615.7372	0.0226508553121794
2614.3203	0.0231736484294809
2612.9033	0.0231446514750411
2611.4863	0.0234357557837968
2610.0693	0.0229918922966874
2608.6524	0.0225028862848506
2607.2354	0.0225933758324891
2605.8184	0.0226014625045357
2604.4014	0.022840750764051
2602.9845	0.0231594595094839
2601.5675	0.022711647059823
2600.1505	0.0229085894668475
2598.7335	0.0228098965545561
2597.3166	0.0225676627842837
2595.8996	0.0228424898176158
2594.4826	0.0228564739617466
2593.0656	0.023027384525848
2591.6487	0.0224459222338275
2590.2317	0.0226908027203415
2588.8147	0.0223213958277541
2587.3977	0.0220490350988339
2585.9808	0.0226768704409989
2584.5638	0.023049302543735
2583.1468	0.0223823074308095
2581.7298	0.0222169869092838
2580.3128	0.0229196062375825
2578.8959	0.02201060188753
2577.4789	0.0216469063394249
2576.0619	0.0223721570296586
2574.6449	0.0218601031697114
2573.228	0.0219621933208366
2571.811	0.0217789014243999
2570.394	0.0219458156084589
2568.977	0.0223047658067351
2567.5601	0.022029571126617
2566.1431	0.0218932899370889
2564.7261	0.0221115698180696
2563.3091	0.0218971641489071
2561.8922	0.0220028685953837
2560.4752	0.0222418471204201
2559.0582	0.0216848684936411
2557.6412	0.0219920896608735
2556.2243	0.0219830450064064
2554.8073	0.0217176902693307
2553.3903	0.0219219030924901
2551.9733	0.0221576744457641
2550.5564	0.0209294841737035
2549.1394	0.0219425572296104
2547.7224	0.0216031022819137
2546.3054	0.0217924579383858
2544.8885	0.0213993351775707
2543.4715	0.0213115260591999
2542.0545	0.0216333783431547
2540.6375	0.0217013647741179
2539.2206	0.0211794972116081
2537.8036	0.021517386511881
2536.3866	0.0217929251273358
2534.9696	0.0211527666017653
2533.5526	0.0218792609919794
2532.1357	0.0219125043751222
2530.7187	0.0218488807225113
2529.3017	0.0216256693454495
2527.8847	0.0218296357429578
2526.4678	0.0215873046518518
2525.0508	0.0212735857383059
2523.6338	0.0216549779913263
2522.2168	0.0215644505783278
2520.7999	0.0211487613281978
2519.3829	0.0215536956677644
2517.9659	0.0212788495794705
2516.5489	0.0214184884330968
2515.132	0.0211936929924587
2513.715	0.0213167687264238
2512.298	0.0213410897464113
2510.881	0.0216753161098953
2509.4641	0.0214923491920973
2508.0471	0.0215895622382793
2506.6301	0.0210981962175733
2505.2131	0.0209532839914744
2503.7962	0.0209251394426958
2502.3792	0.0209728345501024
2500.9622	0.0213402211183917
2499.5452	0.0208097971540068
2498.1283	0.0212292399845335
2496.7113	0.0205131488798384
2495.2943	0.0207607819066967
2493.8773	0.021233383867354
2492.4604	0.0206581885449859
2491.0434	0.0206996729402014
2489.6264	0.0211814994683576
2488.2094	0.0209155755730459
2486.7924	0.0212135863175627
2485.3755	0.0205325852661296
2483.9585	0.020988461063168
2482.5415	0.0208719878417343
2481.1245	0.0210109076751415
2479.7076	0.0207421838816185
2478.2906	0.0209982269089861
2476.8736	0.0205870770886447
2475.4566	0.0207130495759114
2474.0397	0.0207378623584056
2472.6227	0.0204908716333088
2471.2057	0.0208307873119818
2469.7887	0.0210066390636699
2468.3718	0.0204610568832468
2466.9548	0.0205357308475321
2465.5378	0.0208436324544688
2464.1208	0.020449470320761
2462.7039	0.0203264283656297
2461.2869	0.0202941809205977
2459.8699	0.0204792741592666
2458.4529	0.0209821231073551
2457.036	0.0203602003943982
2455.619	0.0211639332812884
2454.202	0.0208356057379992
2452.785	0.0211298167690496
2451.3681	0.0202010747883814
2449.9511	0.0209106225764482
2448.5341	0.0202018569822289
2447.1171	0.020493246534096
2445.7002	0.0202321651062803
2444.2832	0.0207568475210429
2442.8662	0.0202646371001059
2441.4492	0.0202338840759836
2440.0322	0.0200886154366673
2438.6153	0.0203750468979625
2437.1983	0.0202616851615852
2435.7813	0.0203406134892723
2434.3643	0.020100110431582
2432.9474	0.0203313470536532
2431.5304	0.0205889968439318
2430.1134	0.0201651781192191
2428.6964	0.0204458730679445
2427.2795	0.0201627124916778
2425.8625	0.0197339580539611
2424.4455	0.0203656373158296
2423.0285	0.0201395587731549
2421.6116	0.0201007103978853
2420.1946	0.0197704720087553
2418.7776	0.0195054378994487
2417.3606	0.0201558026914157
2415.9437	0.019695286537087
2414.5267	0.0192133798070922
2413.1097	0.0196513215321861
2411.6927	0.0202528327399259
2410.2758	0.0198163872344215
2408.8588	0.0191356549413007
2407.4418	0.0198645048588379
2406.0248	0.0200619321180251
2404.6079	0.0196623067757917
2403.1909	0.0201196329900484
2401.7739	0.0198597415218586
2400.3569	0.0195003207404186
2398.94	0.0192803409577063
2397.523	0.0192548390068552
2396.106	0.0196948987525832
2394.689	0.0197900844768809
2393.272	0.01975225155762
2391.8551	0.0197468472240722
2390.4381	0.0192704687773045
2389.0211	0.0197360117651574
2387.6041	0.0197459064181516
2386.1872	0.0193836784066289
2384.7702	0.0200411756724983
2383.3532	0.0197229963014323
2381.9362	0.0198472788920514
2380.5193	0.0191977911742568
2379.1023	0.01976619011767
2377.6853	0.0193787309701522
2376.2683	0.0200099612396952
2374.8514	0.0197940224995257
2373.4344	0.0198528364672421
2372.0174	0.0196110101475237
2370.6004	0.0192721175274394
2369.1835	0.0194563879295896
2367.7665	0.0184107696390843
2366.3495	0.0191546316631306
2364.9325	0.0185132486491305
2363.5156	0.0192069365664918
2362.0986	0.0195268517448532
2360.6816	0.0189147014684105
2359.2646	0.0192068679430672
2357.8477	0.0186912606395502
2356.4307	0.0193722887301764
2355.0137	0.0194505174916959
2353.5967	0.0195383538864361
2352.1798	0.0191801792823063
2350.7628	0.0193537546089068
2349.3458	0.0193903761005403
2347.9288	0.0190720637941882
2346.5118	0.0187746770996109
2345.0949	0.0189709818785309
2343.6779	0.0191598725859296
2342.2609	0.0186342245947607
2340.8439	0.0187953311905041
2339.427	0.0189165594717143
2338.01	0.0188289375585366
2336.593	0.0188025065293435
2335.176	0.0194640902793362
2333.7591	0.0192578308315952
2332.3421	0.0195824552234507
2330.9251	0.0198092021928252
2329.5081	0.0195966496177742
2328.0912	0.0194604712599401
2326.6742	0.0195595813164024
2325.2572	0.0192778237614686
2323.8402	0.0200269175416751
2322.4233	0.0193172919056999
2321.0063	0.0193797002000513
2319.5893	0.0188642537150933
2318.1723	0.0194777712215167
2316.7554	0.0196272099150335
2315.3384	0.0192856891322786
2313.9214	0.0195187660550473
2312.5044	0.0196129041875961
2311.0875	0.0195096965385332
2309.6705	0.0189741143685382
2308.2535	0.0192553075053105
2306.8365	0.0194996781460216
2305.4196	0.0190809702491673
2304.0026	0.0192202740865675
2302.5856	0.0196343207569468
2301.1686	0.0187995635070605
2299.7516	0.0198814842609427
2298.3347	0.0195650768038514
2296.9177	0.0195606535436723
2295.5007	0.0192114554148485
2294.0837	0.0192076434207448
2292.6668	0.0195801047739361
2291.2498	0.0189677501081229
2289.8328	0.019074744673483
2288.4158	0.0187112470544272
2286.9989	0.0190988012485884
2285.5819	0.0196474386901056
2284.1649	0.0197548349575429
2282.7479	0.0189630882241638
2281.331	0.0188496850653965
2279.914	0.0189396307900701
2278.497	0.0188922236206016
2277.08	0.0190438062728409
2275.6631	0.0183072538938391
2274.2461	0.0187633765359909
2272.8291	0.0185035245787544
2271.4121	0.0187005475959871
2269.9952	0.0188979754335509
2268.5782	0.0185003318911306
2267.1612	0.0191036018094566
2265.7442	0.0186470719004623
2264.3273	0.0182417755459528
2262.9103	0.01863705710819
2261.4933	0.018868812961887
2260.0763	0.0186953455346232
2258.6594	0.0187781445457752
2257.2424	0.0188846549250017
2255.8254	0.0190816591043085
2254.4084	0.0181363677274198
2252.9914	0.0184010251200823
2251.5745	0.0181868697325064
2250.1575	0.0180442187689365
2248.7405	0.0187547348656409
2247.3235	0.0185615924895675
2245.9066	0.0186716728502055
2244.4896	0.0181557576259586
2243.0726	0.0186727329867526
2241.6556	0.0179003697164717
2240.2387	0.0178636633003692
2238.8217	0.0185946666296743
2237.4047	0.0185388153550218
2235.9877	0.0178470995325547
2234.5708	0.0185432686029488
2233.1538	0.0173857508601785
2231.7368	0.0178021336172502
2230.3198	0.0184545102256202
2228.9029	0.0177516458686389
2227.4859	0.018300586323923
2226.0689	0.0180812413402203
2224.6519	0.0179642239463396
2223.235	0.0186337298490487
2221.818	0.0185277357669511
2220.401	0.0183578422420606
2218.984	0.0181098032908556
2217.5671	0.0179481611536339
2216.1501	0.0182854842441631
2214.7331	0.0182022574333541
2213.3161	0.0179935885398198
2211.8992	0.0174935233703059
2210.4822	0.0175974481361381
2209.0652	0.0184012047099774
2207.6482	0.0192673485683603
2206.2312	0.018662503935408
2204.8143	0.0193250863692876
2203.3973	0.0186371094529372
2201.9803	0.0179703808427891
2200.5633	0.0178602911771527
2199.1464	0.0168245222383339
2197.7294	0.0178517801219902
2196.3124	0.0181691343636007
2194.8954	0.0180658596612953
2193.4785	0.0180409585205398
2192.0615	0.0187906578628844
2190.6445	0.0192651560727567
2189.2275	0.0187338557729188
2187.8106	0.0195781242491501
2186.3936	0.0181786215820309
2184.9766	0.0193871882935049
2183.5596	0.0181796659616686
2182.1427	0.0183482070207498
2180.7257	0.0181269983004668
2179.3087	0.0178346775886473
2177.8917	0.0184676402833494
2176.4748	0.018990789912414
2175.0578	0.0180031305768035
2173.6408	0.0184759503102348
2172.2238	0.0179972050859646
2170.8069	0.017870627492224
2169.3899	0.0185213455643743
2167.9729	0.0181574214294411
2166.5559	0.0194001020540264
2165.139	0.0186549283408242
2163.722	0.0188974700683947
2162.305	0.0184975109795929
2160.888	0.018086660234713
2159.471	0.0169939022715863
2158.0541	0.0171692681177425
2156.6371	0.0163117504042977
2155.2201	0.0167847805610998
2153.8031	0.0168043474066068
2152.3862	0.0167568786626005
2150.9692	0.0171603404603496
2149.5522	0.0172120282504231
2148.1352	0.0169488104553558
2146.7183	0.0173708232107479
2145.3013	0.0167175226142271
2143.8843	0.0168548232393357
2142.4673	0.0170652446166206
2141.0504	0.0170319113789074
2139.6334	0.0170109590435806
2138.2164	0.01705267470175
2136.7994	0.0172473796044021
2135.3825	0.0167043146280364
2133.9655	0.0164418911693526
2132.5485	0.0161901345530971
2131.1315	0.0163095578366465
2129.7146	0.0173476957171234
2128.2976	0.01732510404999
2126.8806	0.0178357550054821
2125.4636	0.0173748912287099
2124.0467	0.0174273735307247
2122.6297	0.0175237353416235
2121.2127	0.0176585817586861
2119.7957	0.0176349223719878
2118.3788	0.0178421743893488
2116.9618	0.017966674911377
2115.5448	0.0176643773429581
2114.1278	0.0177167497123469
2112.7108	0.0172164913479914
2111.2939	0.0177976602706485
2109.8769	0.0179370200462536
2108.4599	0.017400412583128
2107.0429	0.0179943913671289
2105.626	0.0178202259846036
2104.209	0.0177674220043661
2102.792	0.017724196069257
2101.375	0.0169814966745174
2099.9581	0.0175606726650126
2098.5411	0.0167018308184313
2097.1241	0.0175116992635152
2095.7071	0.017450439551128
2094.2902	0.017469946072999
2092.8732	0.0169461392077972
2091.4562	0.0172151167848704
2090.0392	0.0172718753850846
2088.6223	0.0175822429856898
2087.2053	0.0179738959747075
2085.7883	0.0175979077942541
2084.3713	0.0174926867472196
2082.9544	0.0174442002118492
2081.5374	0.0170219333122933
2080.1204	0.0166774429344711
2078.7034	0.0169148629669702
2077.2865	0.0171635658894511
2075.8695	0.0172249195799058
2074.4525	0.0180355727111755
2073.0355	0.017693895594023
2071.6186	0.0177604184477247
2070.2016	0.0172323895047076
2068.7846	0.016961377352396
2067.3676	0.01694941497254
2065.9506	0.0170838031518936
2064.5337	0.0178243500291837
2063.1167	0.0170477728562664
2061.6997	0.0168726467010483
2060.2827	0.0172519088820915
2058.8658	0.0175939489543157
2057.4488	0.0173707954443978
2056.0318	0.0170879508534936
2054.6148	0.0169201796836057
2053.1979	0.016535389087182
2051.7809	0.0166636606312081
2050.3639	0.0173206437276685
2048.9469	0.0165547133966443
2047.53	0.0166763557688237
2046.113	0.0158847348746503
2044.696	0.0166175121450561
2043.279	0.0172392539344867
2041.8621	0.016986688878532
2040.4451	0.016753482024355
2039.0281	0.0159971359562319
2037.6111	0.01592352400583
2036.1942	0.015808759319784
2034.7772	0.0162962485720637
2033.3602	0.0165232536057827
2031.9432	0.0158433840452309
2030.5263	0.0161580486402705
2029.1093	0.0166426501536036
2027.6923	0.0165841894689209
2026.2753	0.0157084731864438
2024.8584	0.0159564628754587
2023.4414	0.0155120900807899
2022.0244	0.0154341034633911
2020.6074	0.0154672289337985
2019.1904	0.0161260175177504
2017.7735	0.0159186872233274
2016.3565	0.0154019670232882
2014.9395	0.0160064047811115
2013.5225	0.0153639341427006
2012.1056	0.0154272432735877
2010.6886	0.0157065350567818
2009.2716	0.0154078777942485
2007.8546	0.0156942436220607
2006.4377	0.0150195385203241
2005.0207	0.01503503948558
2003.6037	0.015522498084197
2002.1867	0.0157227082330203
2000.7698	0.0164866700116927
1999.3528	0.0162899200664134
1997.9358	0.015929971044522
1996.5188	0.0152907307115838
1995.1019	0.0150937102577756
1993.6849	0.0157710853296043
1992.2679	0.0151987650992255
1990.8509	0.0158877227986558
1989.434	0.0161725417290827
1988.017	0.0158870225855213
1986.6	0.0163322776171717
1985.183	0.0164902380282495
1983.7661	0.0168445929869381
1982.3491	0.0164488930816519
1980.9321	0.016582910930384
1979.5151	0.016354197221178
1978.0982	0.0160265162625175
1976.6812	0.0157642959899306
1975.2642	0.0158843111484179
1973.8472	0.0148695904165168
1972.4302	0.0149141636346618
1971.0133	0.0148707761963724
1969.5963	0.0154103889688717
1968.1793	0.0149337242631003
1966.7623	0.0147540824139276
1965.3454	0.0152653973528569
1963.9284	0.0154693014662835
1962.5114	0.0156678261781954
1961.0944	0.0158794529433668
1959.6775	0.015817466866677
1958.2605	0.0158801066946544
1956.8435	0.0160020983426202
1955.4265	0.0157035345526128
1954.0096	0.0152597488635387
1952.5926	0.0158041306420505
1951.1756	0.0157959450602864
1949.7586	0.0162215529831204
1948.3417	0.0160929499818774
1946.9247	0.0157856957131624
1945.5077	0.01592762409409
1944.0907	0.0161694651396624
1942.6738	0.0160833055336249
1941.2568	0.0165165262454024
1939.8398	0.0164798131038533
1938.4228	0.016486991320436
1937.0059	0.0164285780638667
1935.5889	0.0156999408966597
1934.1719	0.0160518056439144
1932.7549	0.0160449942008641
1931.338	0.0159170402276561
1929.921	0.0161659432751893
1928.504	0.0165238025148239
1927.087	0.016190927601557
1925.67	0.0163283675832938
1924.2531	0.01708291864818
1922.8361	0.0166713372493359
1921.4191	0.0167540583458629
1920.0021	0.0161221212323958
1918.5852	0.0168406544643934
1917.1682	0.0167586978104869
1915.7512	0.0171612380321844
1914.3342	0.0166965195270158
1912.9173	0.0159011705859693
1911.5003	0.0167125572363813
1910.0833	0.016544842230119
1908.6663	0.0162911769503113
1907.2494	0.0164741665935222
1905.8324	0.0160460927498265
1904.4154	0.0163646502113294
1902.9984	0.0165227707239339
1901.5815	0.0163558365028945
1900.1645	0.0163920379519719
1898.7475	0.0171162984038824
1897.3305	0.0165180259658059
1895.9136	0.0169939755909076
1894.4966	0.0169314686055967
1893.0796	0.0164750069560209
1891.6626	0.01627939498606
1890.2457	0.015975618693605
1888.8287	0.016365131497186
1887.4117	0.0166985106191181
1885.9947	0.0161986694695272
1884.5778	0.0167110833039381
1883.1608	0.0157919016220828
1881.7438	0.0164395476860314
1880.3268	0.0161869798071529
1878.9098	0.0161622384080494
1877.4929	0.0162814672580449
1876.0759	0.0154484301261331
1874.6589	0.0163031989816534
1873.2419	0.0159593581257693
1871.825	0.0160157878349512
1870.408	0.0162845772402142
1868.991	0.0162792807799305
1867.574	0.016263708971705
1866.1571	0.0159113538100874
1864.7401	0.016246703227942
1863.3231	0.0160304756008424
1861.9061	0.016129753224876
1860.4892	0.0165139595210766
1859.0722	0.0159169454050276
1857.6552	0.0159432128055242
1856.2382	0.0162734458731698
1854.8213	0.0153595260673601
1853.4043	0.0157857914823717
1851.9873	0.0161997076286767
1850.5703	0.0161981537407984
1849.1534	0.0166862762743143
1847.7364	0.0164205025211504
1846.3194	0.0167117254478419
1844.9024	0.0163663765593685
1843.4855	0.0161437317756546
1842.0685	0.0162996543809565
1840.6515	0.016484115545553
1839.2345	0.0161880220531628
1837.8176	0.0161590377585737
1836.4006	0.0161225109185547
1834.9836	0.0159011226658732
1833.5666	0.0157447355531209
1832.1496	0.0160454652590987
1830.7327	0.0160948470415694
1829.3157	0.0158579904473375
1827.8987	0.0156440088738784
1826.4817	0.0161592169496027
1825.0648	0.0158532550186043
1823.6478	0.0159715895524836
1822.2308	0.016035657160985
1820.8138	0.0160600149347487
1819.3969	0.0163041807315716
1817.9799	0.0163821869899574
1816.5629	0.0155823279242674
1815.1459	0.0157144010897454
1813.729	0.0158310243703508
1812.312	0.0151892287685562
1810.895	0.0150117233400876
1809.478	0.0159908048693599
1808.0611	0.0157589773643115
1806.6441	0.0158760869450082
1805.2271	0.015456283369104
1803.8101	0.0161429682124201
1802.3932	0.0156597841084465
1800.9762	0.0158084801893415
1799.5592	0.0160638596212579
1798.1422	0.0155556830018348
1796.7253	0.015998577042628
1795.3083	0.0160856909851492
1793.8913	0.0165718910478428
1792.4743	0.015835657971258
1791.0574	0.0161330189770817
1789.6404	0.0159766133312252
1788.2234	0.0159977375463281
1786.8064	0.0157310242967526
1785.3894	0.0158497632297066
1783.9725	0.0158629349959222
1782.5555	0.0156099885721733
1781.1385	0.0161811266734391
1779.7215	0.0161403458279662
1778.3046	0.0161542976064618
1776.8876	0.0159907347586491
1775.4706	0.0161341410984763
1774.0536	0.0159939445310355
1772.6367	0.0159163402672558
1771.2197	0.0163995213749279
1769.8027	0.0161908156644071
1768.3857	0.0159013832497157
1766.9688	0.016162720266068
1765.5518	0.0159057197415364
1764.1348	0.0160813240330004
1762.7178	0.0162036214613412
1761.3009	0.0163369131721308
1759.8839	0.0160238764384491
1758.4669	0.0159843146012589
1757.0499	0.0164757419209382
1755.633	0.0152904542341086
1754.216	0.0157943606517878
1752.799	0.016815940876917
1751.382	0.0163052777099356
1749.9651	0.0164436611997129
1748.5481	0.0167871368485762
1747.1311	0.0174046536392884
1745.7141	0.0166398555615255
1744.2972	0.0165708889578398
1742.8802	0.0169575051506511
1741.4632	0.0171780605317386
1740.0462	0.0174099480476195
1738.6292	0.0176776508171243
1737.2123	0.0174566866519868
1735.7953	0.0173578177454628
1734.3783	0.01745946458879
1732.9613	0.0181549202665585
1731.5444	0.017947888017627
1730.1274	0.0182611963633788
1728.7104	0.0185367800108264
1727.2934	0.0187541504709105
1725.8765	0.0181082948633523
1724.4595	0.0185075131460574
1723.0425	0.0184585660460016
1721.6255	0.0191561092409372
1720.2086	0.0188474769628685
1718.7916	0.0188633339323899
1717.3746	0.0187116514052542
1715.9576	0.0196019228656602
1714.5407	0.0201318683560196
1713.1237	0.0201902847691715
1711.7067	0.0197747786487061
1710.2897	0.0204047761474665
1708.8728	0.0195414549679125
1707.4558	0.0199716949127177
1706.0388	0.0201599768851049
1704.6218	0.0207835347506349
1703.2049	0.0207081969466924
1701.7879	0.0209938803749327
1700.3709	0.0210177847877606
1698.9539	0.020907066127896
1697.537	0.0208766615068766
1696.12	0.0216030449846477
1694.703	0.0215101091153673
1693.286	0.0215397880477812
1691.869	0.0212522620256451
1690.4521	0.0218444700356218
1689.0351	0.0212198701302761
1687.6181	0.020976839149215
1686.2011	0.0213367919555805
1684.7842	0.021694527515234
1683.3672	0.0224281356563724
1681.9502	0.0220892117072856
1680.5332	0.0219986580005192
1679.1163	0.0224724832055791
1677.6993	0.0221212072994591
1676.2823	0.0222698717829092
1674.8653	0.0225275316637644
1673.4484	0.0229668179142155
1672.0314	0.022685456428199
1670.6144	0.0223998119618857
1669.1974	0.0234840375220185
1667.7805	0.0228951614091861
1666.3635	0.0229315453841474
1664.9465	0.0233186150237839
1663.5295	0.0235430470504598
1662.1126	0.0231774326414782
1660.6956	0.0235680190609374
1659.2786	0.0237862650982948
1657.8616	0.0240356752254344
1656.4447	0.0239056292494307
1655.0277	0.023405090095806
1653.6107	0.0249766954785029
1652.1937	0.0245360364738884
1650.7768	0.0249733522151472
1649.3598	0.0248814767938838
1647.9428	0.0259060952596225
1646.5258	0.0258901497468828
1645.1088	0.026666031645534
1643.6919	0.0270764909363366
1642.2749	0.0266612625987862
1640.8579	0.0274495639187246
1639.4409	0.0279306156098018
1638.024	0.0282405930401939
1636.607	0.0290554256764169
1635.19	0.0291101058707325
1633.773	0.0299473194798555
1632.3561	0.0300356738214821
1630.9391	0.0298927456319457
1629.5221	0.0305850107490898
1628.1051	0.0306591939969044
1626.6882	0.0304566905739512
1625.2712	0.0309016739599621
1623.8542	0.0316456148503888
1622.4372	0.0313195635042038
1621.0203	0.0312279373334064
1619.6033	0.0318207953060688
1618.1863	0.0321208853105115
1616.7693	0.0326590668274937
1615.3524	0.0324581876530192
1613.9354	0.0331568009521003
1612.5184	0.0336179537454324
1611.1014	0.033146138710333
1609.6845	0.033548953015598
1608.2675	0.034415729520832
1606.8505	0.034470138307044
1605.4335	0.0348012038144156
1604.0166	0.0350807640591973
1602.5996	0.0359211207618436
1601.1826	0.0357602715100007
1599.7656	0.0356939059606233
1598.3486	0.0355645571912856
1596.9317	0.0356235987781331
1595.5147	0.0353114120368079
1594.0977	0.0351773848192273
1592.6807	0.03500053108744
1591.2638	0.0349157386294989
1589.8468	0.0351388196521929
1588.4298	0.0345681735869034
1587.0128	0.0344919983709638
1585.5959	0.0340455485249854
1584.1789	0.0335222166238944
1582.7619	0.0328028396521958
1581.3449	0.0327222327859852
1579.928	0.0321527686387162
1578.511	0.0316515491351881
1577.094	0.0316429997568551
1575.677	0.0306818190524311
1574.2601	0.0309567266125162
1572.8431	0.0299505278268559
1571.4261	0.0297230812104541
1570.0091	0.0299188033991751
1568.5922	0.0286260922689412
1567.1752	0.0293424832889296
1565.7582	0.0286964284760046
1564.3412	0.0287981860684066
1562.9243	0.0284282719714871
1561.5073	0.0275560485030099
1560.0903	0.0271323103228328
1558.6733	0.0260529991451617
1557.2564	0.025763909289111
1555.8394	0.0253273786945089
1554.4224	0.0246886524102847
1553.0054	0.0249230521690682
1551.5885	0.0245585251819093
1550.1715	0.0243644888406893
1548.7545	0.024052926490819
1547.3375	0.023911129654731
1545.9205	0.0228343890294515
1544.5036	0.022938910171399
1543.0866	0.0227919568804041
1541.6696	0.0226887783853182
1540.2526	0.022601025973114
1538.8357	0.0222761697500301
1537.4187	0.0223842595215882
1536.0017	0.0225014715007676
1534.5847	0.0225439142119318
1533.1678	0.0220691258427442
1531.7508	0.0225376766042029
1530.3338	0.0224023074754668
1528.9168	0.0227843833418912
1527.4999	0.0219819856784732
1526.0829	0.0225557571745128
1524.6659	0.0232793637682247
1523.2489	0.0228894986516999
1521.832	0.0236757683168997
1520.415	0.0250463695008161
1518.998	0.0253234975732679
1517.581	0.0259809184385896
1516.1641	0.0268122071433918
1514.7471	0.0270148684358859
1513.3301	0.0273117229580777
1511.9131	0.0276366604931109
1510.4962	0.0273032518459881
1509.0792	0.0285823585987699
1507.6622	0.0282181423648311
1506.2452	0.0281174350477071
1504.8283	0.0281560209940118
1503.4113	0.0273909033609373
1501.9943	0.0263837993822681
1500.5773	0.0259169014346637
1499.1603	0.0251966814228259
1497.7434	0.0247434946772703
1496.3264	0.023880985241301
1494.9094	0.0240320160397999
1493.4924	0.023567720449884
1492.0755	0.0228055146450225
1490.6585	0.0231809792584761
1489.2415	0.023181507136516
1487.8245	0.0227853681866013
1486.4076	0.0237312295361764
1484.9906	0.0240585015549595
1483.5736	0.0240183125394336
1482.1566	0.0252341057435839
1480.7397	0.0249005144308955
1479.3227	0.0249117148432187
1477.9057	0.0248490867940088
1476.4887	0.024516167444776
1475.0718	0.0248765235626137
1473.6548	0.0250384197003341
1472.2378	0.0261791495385135
1470.8208	0.0266345520064641
1469.4039	0.026870877913064
1467.9869	0.0276501289397
1466.5699	0.0283348616875976
1465.1529	0.0286573587997841
1463.736	0.0292709993458991
1462.319	0.0302042280021919
1460.902	0.0302948506724041
1459.485	0.0305909184169828
1458.0681	0.0312474987022884
1456.6511	0.0313485932882487
1455.2341	0.0321571859823714
1453.8171	0.0321572368297033
1452.4001	0.0318796785881449
1450.9832	0.0318795692464202
1449.5662	0.0321837030440299
1448.1492	0.0324945643005858
1446.7322	0.0325707462020478
1445.3153	0.0321775699809779
1443.8983	0.0325045713493212
1442.4813	0.0326849058325445
1441.0643	0.0327020210580559
1439.6474	0.0324597886037689
1438.2304	0.03227633131597
1436.8134	0.0332649692197539
1435.3964	0.0332678693907333
1433.9795	0.0330622757352282
1432.5625	0.0339744807917549
1431.1455	0.0345965136975936
1429.7285	0.0349102606328079
1428.3116	0.0351730643493907
1426.8946	0.0353768069179915
1425.4776	0.0354104671846601
1424.0606	0.0358466152104931
1422.6437	0.0357047456270689
1421.2267	0.0360864311752835
1419.8097	0.0363791860179258
1418.3927	0.0371528802135859
1416.9758	0.0363671868402598
1415.5588	0.0365782157248047
1414.1418	0.0371400944009769
1412.7248	0.0369040778565685
1411.3079	0.0365491451886004
1409.8909	0.0377314151415381
1408.4739	0.0372643886548925
1407.0569	0.0372343420038416
1405.6399	0.0367442310324829
1404.223	0.0370820210343806
1402.806	0.0375914942987033
1401.389	0.036922679235522
1399.972	0.036626295289527
1398.5551	0.0373087419401628
1397.1381	0.0375354910366895
1395.7211	0.0378927949219842
1394.3041	0.0384767355674313
1392.8872	0.0379289129060463
1391.4702	0.0388593317237023
1390.0532	0.0390853504066192
1388.6362	0.0396587252517555
1387.2193	0.039269843322905
1385.8023	0.0399791669443288
1384.3853	0.040111708592579
1382.9683	0.0404604331944804
1381.5514	0.0403106459105919
1380.1344	0.0399594660900556
1378.7174	0.0400598498914171
1377.3004	0.0391162389883012
1375.8835	0.0391572650715849
1374.4665	0.0400812245902384
1373.0495	0.040398871454095
1371.6325	0.0402273765460451
1370.2156	0.0397251829899409
1368.7986	0.0407770195896994
1367.3816	0.041531371293259
1365.9646	0.0424170988431543
1364.5477	0.0418492429556852
1363.1307	0.0424211177672596
1361.7137	0.0424082179063245
1360.2967	0.0425641642160111
1358.8797	0.042099220489525
1357.4628	0.042154424171006
1356.0458	0.0410431323413312
1354.6288	0.0407888401596343
1353.2118	0.0400378753083781
1351.7949	0.0403704986233036
1350.3779	0.0402308277146288
1348.9609	0.0399512144321357
1347.5439	0.0396635417404492
1346.127	0.0406615013374394
1344.71	0.0403090818123984
1343.293	0.0401702514273782
1341.876	0.0408742994452007
1340.4591	0.0407529326852046
1339.0421	0.041109148381124
1337.6251	0.0410885905696985
1336.2081	0.0411488574929106
1334.7912	0.0409807101757223
1333.3742	0.0409339917950324
1331.9572	0.0408279126937978
1330.5402	0.0408264725224284
1329.1233	0.0406433152114389
1327.7063	0.0403524160965162
1326.2893	0.0399270907039801
1324.8723	0.0389600483522099
1323.4554	0.0388642681979257
1322.0384	0.0383522624702947
1320.6214	0.0382530139498499
1319.2044	0.0383193361695312
1317.7875	0.0379914977773292
1316.3705	0.0369088780113454
1314.9535	0.0370560078487757
1313.5365	0.0370753274019054
1312.1195	0.0367947386160483
1310.7026	0.0362294334138628
1309.2856	0.0365343133108423
1307.8686	0.0366584599046476
1306.4516	0.0361377499113224
1305.0347	0.0361372723866108
1303.6177	0.0362717852184748
1302.2007	0.0363371353601255
1300.7837	0.0368159697029535
1299.3668	0.036771218502625
1297.9498	0.036787675377167
1296.5328	0.0359799853807566
1295.1158	0.0366566472666079
1293.6989	0.0364972827279838
1292.2819	0.036749039187277
1290.8649	0.0367066763502017
1289.4479	0.0364015066345436
1288.031	0.0361184129888813
1286.614	0.0364859251052907
1285.197	0.036542392911419
1283.78	0.0362872314976083
1282.3631	0.0364809411719088
1280.9461	0.0373957510718519
1279.5291	0.0369004338131276
1278.1121	0.0381216595228675
1276.6952	0.0384187376444886
1275.2782	0.0392092200157381
1273.8612	0.0389660329665513
1272.4442	0.0392561185237796
1271.0273	0.0397673999990216
1269.6103	0.0398329263037765
1268.1933	0.039777782273746
1266.7763	0.0394618086585013
1265.3593	0.0393247345697035
1263.9424	0.038985105818141
1262.5254	0.0391710845742524
1261.1084	0.0390300823407218
1259.6914	0.0387974023796137
1258.2745	0.0391595329369184
1256.8575	0.0386246673294256
1255.4405	0.0390988337815276
1254.0235	0.0390519899191984
1252.6066	0.0390330369268346
1251.1896	0.0389361880725875
1249.7726	0.0385862987757026
1248.3556	0.0388719406510459
1246.9387	0.0383772610026963
1245.5217	0.0383456461111776
1244.1047	0.0383335661816778
1242.6877	0.0375847771965002
1241.2708	0.0381754645744522
1239.8538	0.0381668047398703
1238.4368	0.0380413291763203
1237.0198	0.0384993110145172
1235.6029	0.0385503421730921
1234.1859	0.0386556511095785
1232.7689	0.038859957796153
1231.3519	0.0387341733991052
1229.935	0.0380997369313339
1228.518	0.0377742461909201
1227.101	0.0373191778693865
1225.684	0.036567000758772
1224.2671	0.0353346198588792
1222.8501	0.0356614609970618
1221.4331	0.0350488042256275
1220.0161	0.0345016822900425
1218.5991	0.0341669206218836
1217.1822	0.0339795602337201
1215.7652	0.0333408428831151
1214.3482	0.0332795239381241
1212.9312	0.0332402274246062
1211.5143	0.0329844631206315
1210.0973	0.0331976531590005
1208.6803	0.0326409774792191
1207.2633	0.0322572931225345
1205.8464	0.0323183063298404
1204.4294	0.0321373917400197
1203.0124	0.0319123595269303
1201.5954	0.0314723158304331
1200.1785	0.030862544945721
1198.7615	0.0301646511845676
1197.3445	0.0302620479265269
1195.9275	0.0303349247941287
1194.5106	0.0299147081594156
1193.0936	0.0295250751671322
1191.6766	0.0289438910097151
1190.2596	0.0282837206360873
1188.8427	0.0283028827482053
1187.4257	0.0278924170752762
1186.0087	0.0274450487399206
1184.5917	0.0270983440526076
1183.1748	0.0272084338579777
1181.7578	0.0274236208158555
1180.3408	0.0273793831596991
1178.9238	0.0276015411983993
1177.5069	0.0274767675542415
1176.0899	0.0279602429757538
1174.6729	0.0285715809359198
1173.2559	0.0295892192172399
1171.8389	0.030154707971251
1170.422	0.0307120422686221
1169.005	0.0319313720051898
1167.588	0.0331323619994093
1166.171	0.0348631321788316
1164.7541	0.0365615321610418
1163.3371	0.0388563723058487
1161.9201	0.0402898826668471
1160.5031	0.0429430670027324
1159.0862	0.0450476139535557
1157.6692	0.0472968334649486
1156.2522	0.0485033278223421
1154.8352	0.0505519804246652
1153.4183	0.0512432556730102
1152.0013	0.0525486285917022
1150.5843	0.0539576441742396
1149.1673	0.0544986665157421
1147.7504	0.0550784195170354
1146.3334	0.0549572703704143
1144.9164	0.0549929703784034
1143.4994	0.0543443967806934
1142.0825	0.0537190935596821
1140.6655	0.0526725144891801
1139.2485	0.0523381682824427
1137.8315	0.051733970992321
1136.4146	0.0508706916592021
1134.9976	0.0501364686097032
1133.5806	0.0493047513016842
1132.1636	0.0495831689001548
1130.7467	0.0491167356265492
1129.3297	0.0495973662716543
1127.9127	0.0503124307554742
1126.4957	0.0502179728446152
1125.0787	0.0510114558315364
1123.6618	0.0511769920568232
1122.2448	0.0514519640186856
1120.8278	0.0505970065005939
1119.4108	0.0513969277486272
1117.9939	0.0514701210292588
1116.5769	0.051258578431581
1115.1599	0.051580183184306
1113.7429	0.0515532421633492
1112.326	0.0516713721328739
1110.909	0.0521812570577235
1109.492	0.0526251704509207
1108.075	0.0535643831746848
1106.6581	0.0538272516354149
1105.2411	0.0549916807830636
1103.8241	0.0548030738956045
1102.4071	0.0554032148231536
1100.9902	0.0563535965001288
1099.5732	0.0568256179034477
1098.1562	0.0565179042401193
1096.7392	0.0567261540500123
1095.3223	0.0570262459735948
1093.9053	0.056348712026228
1092.4883	0.0574105878197804
1091.0713	0.0584397228800696
1089.6544	0.0596184273020001
1088.2374	0.0600480058188892
1086.8204	0.0620419321060093
1085.4034	0.0637182301323702
1083.9865	0.0661045386829159
1082.5695	0.0677632626390615
1081.1525	0.0697517358895947
1079.7355	0.0711009602100257
1078.3185	0.0724426423150115
1076.9016	0.0726268701830065
1075.4846	0.0732753719522638
1074.0676	0.0723719698373888
1072.6506	0.0715532224995525
1071.2337	0.0706174392712246
1069.8167	0.0692259281358332
1068.3997	0.0680056565485037
1066.9827	0.0668010737610366
1065.5658	0.0669729530236991
1064.1488	0.0670526276579715
1062.7318	0.0663352471584051
1061.3148	0.0673908584164504
1059.8979	0.0683530100003463
1058.4809	0.0698244103223748
1057.0639	0.0709964126602349
1055.6469	0.0719079071922227
1054.23	0.0731895775110904
1052.813	0.0747896004202232
1051.396	0.0764832626612627
1049.979	0.0775802993708643
1048.5621	0.0791137026237853
1047.1451	0.0810341936994842
1045.7281	0.0828198881635076
1044.3111	0.0835420558812317
1042.8942	0.0851560566262518
1041.4772	0.0866476036574899
1040.0602	0.0880341747019114
1038.6432	0.0888599478069012
1037.2263	0.0907003431506715
1035.8093	0.0921003381262724
1034.3923	0.0937532654555624
1032.9753	0.095243999239099
1031.5583	0.096726118868039
1030.1414	0.0982263243733763
1028.7244	0.0998810169025498
1027.3074	0.101567037937377
1025.8904	0.103473654907732
1024.4735	0.104088370568245
1023.0565	0.106395297800858
1021.6395	0.107956937027581
1020.2225	0.108773393888399
1018.8056	0.110364505295306
1017.3886	0.111002819101707
1015.9716	0.111904320580208
1014.5546	0.11222768693885
1013.1377	0.112886468564699
1011.7207	0.112626858223099
1010.3037	0.112610459742307
1008.8867	0.112761184556903
1007.4698	0.112692937855838
1006.0528	0.113301813887436
1004.6358	0.113345099367073
1003.2188	0.114197797978194
1001.8019	0.114675268608747
1000.3849	0.114706783279832
998.9679	0.116075890491885
997.5509	0.116655105272335
996.134	0.117267341057952
994.717	0.118441839347227
993.3	0.118022111946989
991.883	0.117517342131794
990.4661	0.117935865607193
989.0491	0.117834282267497
987.6321	0.117282410986389
986.2151	0.11635177208015
984.7981	0.115627724277055
983.3812	0.114154568406104
981.9642	0.113021464422157
980.5472	0.110938928933445
979.1302	0.110083057914777
977.7133	0.108057689551956
976.2963	0.105708281915241
974.8793	0.103567677928541
973.4623	0.102303407178813
972.0454	0.0997698108616317
970.6284	0.0973893645294235
969.2114	0.0950711215372809
967.7944	0.0932505365662586
966.3775	0.0910586256378692
964.9605	0.0894419841871662
963.5435	0.0865461064190561
962.1265	0.0852218961503877
960.7096	0.0831663866428679
959.2926	0.0811469302076079
957.8756	0.0797537196162826
956.4586	0.0780446311317626
955.0417	0.0769293004118431
953.6247	0.0751025397198496
952.2077	0.0742121426902012
950.7907	0.0724434338239399
949.3738	0.0713199885010828
947.9568	0.0708222060024782
946.5398	0.0694687604549334
945.1228	0.0692748490620468
943.7059	0.0697344339180804
942.2889	0.0684603897380325
940.8719	0.0688962034041743
939.4549	0.0692100462846998
938.0379	0.06938305006425
936.621	0.069947072004115
935.204	0.070047705432035
933.787	0.0701483186052245
932.37	0.0695072060887511
930.9531	0.0697424586366145
929.5361	0.0698127010138632
928.1191	0.0698015512854318
926.7021	0.069585488422244
925.2852	0.0700527771209768
923.8682	0.0689402001968794
922.4512	0.0691919271002249
921.0342	0.0693140072464187
919.6173	0.0685065567827887
918.2003	0.0684258514402085
916.7833	0.0680283152262368
915.3663	0.0676675021192907
913.9494	0.0667671663260348
912.5324	0.0670534583402976
911.1154	0.0659046941181868
909.6984	0.065657416971148
908.2815	0.0652827139508509
906.8645	0.0645663132646693
905.4475	0.0637732712375908
904.0305	0.0622225841366764
902.6136	0.0623491162639245
901.1966	0.0612629517420392
899.7796	0.0612538369288222
898.3626	0.060903958636143
896.9457	0.0599075063616286
895.5287	0.0602730391066183
894.1117	0.059355940939649
892.6947	0.0592001635560977
891.2777	0.0585469391628817
889.8608	0.0583431805689498
888.4438	0.0576870367640189
887.0268	0.0574585121606056
885.6098	0.0569085961109148
884.1929	0.0565017635857231
882.7759	0.0558105056143136
881.3589	0.0552627992955794
879.9419	0.0548110051408156
878.525	0.0545541234135735
877.108	0.0545286351379769
875.691	0.0539168432053428
874.274	0.0532961931355179
872.8571	0.0545148612168634
871.4401	0.0543725577782291
870.0231	0.0551580067826354
868.6061	0.0545224983310889
867.1892	0.0548684485939241
865.7722	0.0559094842402352
864.3552	0.0560903824399878
862.9382	0.0562425022582803
861.5213	0.0564693569026104
860.1043	0.0570836771951336
858.6873	0.0576798657506138
857.2703	0.0576933995640687
855.8534	0.0575482599759696
854.4364	0.0577588622108018
853.0194	0.0570592885952655
851.6024	0.0579220626446744
850.1855	0.0574290313409515
848.7685	0.0572337262219872
847.3515	0.0576576339532175
845.9345	0.0574780779048389
844.5175	0.0570440709550056
843.1006	0.057557797976946
841.6836	0.0573070251515193
840.2666	0.0566060688487247
838.8496	0.0568817513546273
837.4327	0.0556960514329455
836.0157	0.0557690988208371
834.5987	0.0554752407994358
833.1817	0.0545985002805693
831.7648	0.0543894757926124
830.3478	0.054183295115096
828.9308	0.053363363519075
827.5138	0.0532751702717203
826.0969	0.0535234105887819
824.6799	0.0532166361077062
823.2629	0.0527095898768295
821.8459	0.0530759990948863
820.429	0.0530509631138032
819.012	0.0526429253573605
817.595	0.052643445912426
816.178	0.0521977723435136
814.7611	0.0519734273829961
813.3441	0.0515320225675525
811.9271	0.0518556806700224
810.5101	0.0512865044287697
809.0932	0.0516049517066318
807.6762	0.0516947924725123
806.2592	0.0512485977335864
804.8422	0.0510356903578674
803.4253	0.0507820185769859
802.0083	0.0504044882379413
800.5913	0.0506016291461645
799.1743	0.0510022349153432
797.7573	0.0507182881476784
796.3404	0.0512517647249633
794.9234	0.0512854182280321
793.5064	0.0515464218004857
792.0894	0.0511112743470981
790.6725	0.0515520297366891
789.2555	0.0520712148313499
787.8385	0.0521091681958181
786.4215	0.052679668656796
785.0046	0.052602329588883
783.5876	0.0532136070395179
782.1706	0.053628010150352
780.7536	0.0538598052725047
779.3367	0.0542211042688393
777.9197	0.0539970675503597
776.5027	0.0545198840294716
775.0857	0.0552156635555196
773.6688	0.0558638405152617
772.2518	0.0564734240518245
770.8348	0.0572100571877393
769.4178	0.0580057036462223
768.0009	0.0585396594768166
766.5839	0.0591951842278313
765.1669	0.0597896888440934
763.7499	0.0605087803688605
762.333	0.0613274985609488
760.916	0.0611376286103795
759.499	0.0610525121573894
758.082	0.0609816261700169
756.6651	0.060914987685369
755.2481	0.0603625804428787
753.8311	0.0597513642067876
752.4141	0.0589375280366602
750.9971	0.0581746482649521
749.5802	0.0574703192116641
748.1632	0.0574653698685584
746.7462	0.057739764980375
745.3292	0.056589817675065
743.9123	0.0559751163389279
742.4953	0.0566243685979599
741.0783	0.0557542877231305
739.6613	0.0558774581271927
738.2444	0.0559478902361001
736.8274	0.0551831270392103
735.4104	0.0558165874646018
733.9934	0.0554931657476467
732.5765	0.0553430072472753
731.1595	0.0557694457009034
729.7425	0.0558774144527248
728.3255	0.0555410566555481
726.9086	0.0562540475864699
725.4916	0.0570049039804505
724.0746	0.0570934844764833
722.6576	0.0574484386882476
721.2407	0.05747363069835
719.8237	0.0577392437038697
718.4067	0.0588478027713673
716.9897	0.0599144515790194
715.5728	0.0600116640610279
714.1558	0.0606405243178444
712.7388	0.0613803678473178
711.3218	0.062106306231723
709.9049	0.0624252918909722
708.4879	0.0633612022086948
707.0709	0.0634618766581425
705.6539	0.0641355355845638
704.2369	0.0639931408377395
702.82	0.0632013687050651
701.403	0.063901415015683
699.986	0.0639507696618893
698.569	0.0638889657339776
697.1521	0.0638287238003093
695.7351	0.0635323742179043
694.3181	0.0630760506694157
692.9011	0.063419518548587
691.4842	0.0629113401843082
690.0672	0.0637163698592699
688.6502	0.063388567753739
687.2332	0.0632110993280281
685.8163	0.0628257589560102
684.3993	0.0634952731926282
682.9823	0.0632879619724137
681.5653	0.0633727812332415
680.1484	0.0635441921053512
678.7314	0.0642081182231413
677.3144	0.063978540555845
675.8974	0.0636778198884313
674.4805	0.063343472012307
673.0635	0.0635521234551012
671.6465	0.0633835312351955
670.2295	0.0642602119958429
668.8126	0.0647646574387013
667.3956	0.0656894928665901
665.9786	0.0654685393515018
664.5616	0.0655315174438369
663.1447	0.0656890804228586
661.7277	0.0657563125779133
660.3107	0.0650695403896862
658.8937	0.065419004251721
657.4767	0.0651908804487114
656.0598	0.0655192507583503
654.6428	0.066673343036465
653.2258	0.0664854157770139
651.8088	0.0674398535912186
650.3919	0.0670242618390199
648.9749	0.0670660570841927
647.5579	0.0676348591718386
646.1409	0.0677706189534207
644.724	0.0676273791402503
643.307	0.0676627430079118
641.89	0.0677731234069736
640.473	0.0683625164194341
639.0561	0.0677630300367976
637.6391	0.067694205852355
636.2221	0.0680339637298387
634.8051	0.0687859023248544
633.3882	0.0688745005297643
631.9712	0.0689828147333297
630.5542	0.0696080481011819
629.1372	0.0696881779389388
627.7203	0.0699617212547708
626.3033	0.0702812984783209
624.8863	0.0712527800387375
623.4693	0.071767282645944
622.0524	0.0726204118710161
620.6354	0.0728185801358258
619.2184	0.0732545525587516
617.8014	0.0747149034158918
616.3845	0.0753389200725886
614.9675	0.0760672296755776
613.5505	0.0769529694495947
612.1335	0.0771918200973471
610.7165	0.0778852945325916
609.2996	0.0791494545880152
607.8826	0.0790051101030251
606.4656	0.0797653604136006
605.0486	0.0797990690914088
603.6317	0.0798223131218901
602.2147	0.08102389295695
600.7977	0.0803728504587238
599.3807	0.08045908663837
597.9638	0.0798526141006851
596.5468	0.080646152460195
595.1298	0.080541767854238
593.7128	0.079963634322272
592.2959	0.0804091508141278
590.8789	0.0799112007905085
589.4619	0.0807327644145826
588.0449	0.0815110304164218
586.628	0.082084553994954
585.211	0.0835836939157027
583.794	0.0845887051062439
582.377	0.0859042248466327
580.9601	0.0873383637701534
579.5431	0.0873287091967701
578.1261	0.0886758889386454
576.7091	0.0891938676560242
575.2922	0.090158837247004
573.8752	0.0912356103031504
572.4582	0.0907406278092741
571.0412	0.0913614154678623
569.6243	0.0918035114681463
568.2073	0.0911772845694673
566.7903	0.091346125112111
565.3733	0.0913871435000677
563.9563	0.0912126976978832
562.5394	0.0908861710594744
561.1224	0.0902678001788592
559.7054	0.0899188329004692
558.2884	0.0898062521865372
556.8715	0.0894908236652728
555.4545	0.0889892579104169
554.0375	0.0891096934061295
552.6205	0.0891088008296268
551.2036	0.0890693100773551
549.7866	0.0883492693299511
548.3696	0.0886550949805686
546.9526	0.0881195304646685
545.5357	0.087778421049983
544.1187	0.0877606277270621
542.7017	0.0887373329423467
541.2847	0.0890997612846869
539.8678	0.0887023601836637
538.4508	0.0898910070850283
537.0338	0.090279649851065
535.6168	0.0908597738370572
534.1999	0.0910509104198392
532.7829	0.0920050281594794
531.3659	0.0923452540506893
529.9489	0.0931876148312487
528.532	0.0938965156672366
527.115	0.0940237375116516
525.698	0.0959682901139644
524.281	0.0961627651374923
522.8641	0.0964674703704444
521.4471	0.0969530419814659
520.0301	0.096830793022819
518.6131	0.0966956469739529
517.1962	0.0964147311247373
515.7792	0.0958434775834466
514.3622	0.095530801292068
512.9452	0.0958199272152078
511.5282	0.0961148075454128
510.1113	0.0961373042315117
508.6943	0.0955602990893551
507.2773	0.0960754941520033
505.8603	0.0959547578632468
504.4434	0.0948213863817092
503.0264	0.0945125867653097
501.6094	0.0946009991370868
500.1924	0.0941047655764597
498.7755	0.0946721990232525
497.3585	0.0951648110970424
495.9415	0.095516528263576
494.5245	0.0954630655615791
493.1076	0.0949475895994868
491.6906	0.0947266722150629
490.2736	0.0946629126548415
488.8566	0.0948266310065765
487.4397	0.0956651960128842
486.0227	0.0956443378790995
484.6057	0.0955495358380457
483.1887	0.096476650891438
481.7718	0.0962155262810147
480.3548	0.0963887107448085
478.9378	0.0963880107507591
477.5208	0.0959383688145646
476.1039	0.0958867388922975
474.6869	0.0960420713355854
473.2699	0.0968825698386198
471.8529	0.0968923118553366
470.436	0.0955961069750818
469.019	0.0950868243894216
467.602	0.0944013254572696
466.185	0.0937577884384789
464.768	0.0935881875116073
463.3511	0.0940337967010984
461.9341	0.0944778017949621
460.5171	0.0940445129352646
459.1001	0.0940791667107057
457.6832	0.0930299410368633
456.2662	0.0934190775452821
454.8492	0.0942064542624929
453.4322	0.0946957482999518
452.0153	0.0938347202703282
450.5983	0.0940980444004994
449.1813	0.0947557451648259
447.7643	0.0946831277947356
446.3474	0.0965690255009227
444.9304	0.098067989728433
443.5134	0.0984568648753534
442.0964	0.0995170276569115
440.6795	0.100324214434945
439.2625	0.100594646598621
437.8455	0.0997186471425209
436.4285	0.0991111236321126
435.0116	0.0987531445464669
433.5946	0.0995634016270029
432.1776	0.100024907072026
430.7606	0.101696596365698
429.3437	0.101513309597461
427.9267	0.103403731681345
426.5097	0.103293559685385
425.0927	0.103979824971662
423.6758	0.104436286097238
422.2588	0.103573751077566
420.8418	0.103084752488553
419.4248	0.103702418840492
418.0078	0.103684280276001
416.5909	0.103308848160904
415.1739	0.103233928578006
413.7569	0.103537488333227
412.3399	0.103960525081331
410.923	0.104608311480505
409.506	0.105371863753894
408.089	0.105980643548643
406.672	0.107229908323806
405.2551	0.108153059642822
403.8381	0.109358391769991
402.4211	0.109928859569002
401.0041	0.109138321382114
