3994.4546	0.0196552737638543
3993.0377	0.0194745034383568
3991.6207	0.0188845372423382
3990.2037	0.0202303561046964
3988.7867	0.0196599249306796
3987.3698	0.0196917007467991
3985.9528	0.0185862300650926
3984.5358	0.0192025982278739
3983.1188	0.0189820532272416
3981.7019	0.0203442141727337
3980.2849	0.0187856452413932
3978.8679	0.0191230248153758
3977.4509	0.0193180388076432
3976.034	0.0200516266927065
3974.617	0.019522327684458
3973.2	0.0198980463748299
3971.783	0.0188551052567109
3970.3661	0.0191285828652965
3968.9491	0.0197705815910593
3967.5321	0.0190351883273405
3966.1151	0.0190154953184805
3964.6982	0.0193920154324281
3963.2812	0.0193908590631708
3961.8642	0.0193400372005984
3960.4472	0.0190588052697262
3959.0303	0.0193688595132306
3957.6133	0.019355557586156
3956.1963	0.0185209047022387
3954.7793	0.0193314686466629
3953.3624	0.0186705444901108
3951.9454	0.0194970796630729
3950.5284	0.0190651046773516
3949.1114	0.019209808861483
3947.6944	0.0196579337654465
3946.2775	0.0187807890592601
3944.8605	0.0191353645972303
3943.4435	0.0195580728610631
3942.0265	0.0187643521034913
3940.6096	0.0188624679138275
3939.1926	0.018828180555032
3937.7756	0.0192418215270372
3936.3586	0.0177751730666469
3934.9417	0.0186044667415595
3933.5247	0.018771130955584
3932.1077	0.0184702948776156
3930.6907	0.0185769791561285
3929.2738	0.0187562409619672
3927.8568	0.0184121435378104
3926.4398	0.0179096028091248
3925.0228	0.0190483217684015
3923.6059	0.0189690188981566
3922.1889	0.0196462253768988
3920.7719	0.0197342222698071
3919.3549	0.0186923854930436
3917.938	0.0191854894799943
3916.521	0.0190921175435874
3915.104	0.0185336578403125
3913.687	0.0192216990302432
3912.2701	0.0185189001198927
3910.8531	0.0196807671408702
3909.4361	0.0183354746221984
3908.0191	0.0189210087503849
3906.6022	0.0187149854757472
3905.1852	0.0188952843913425
3903.7682	0.0183923896865882
3902.3512	0.0179119622401398
3900.9342	0.0188172417622917
3899.5173	0.0188250121134577
3898.1003	0.0188497005521347
3896.6833	0.0197229157209917
3895.2663	0.0188045447300766
3893.8494	0.0186879406209346
3892.4324	0.0185385169114689
3891.0154	0.0177121410683956
3889.5984	0.0189470340908225
3888.1815	0.0182130329885361
3886.7645	0.0181114792321704
3885.3475	0.0189077836894039
3883.9305	0.018280465354133
3882.5136	0.0189652589477248
3881.0966	0.0191909490631797
3879.6796	0.0185498308682688
3878.2626	0.0189993835222995
3876.8457	0.0185404515729875
3875.4287	0.0192398409934135
3874.0117	0.0187346232216088
3872.5947	0.0185438542778424
3871.1778	0.0189917383187097
3869.7608	0.0188663233986436
3868.3438	0.0192430212098745
3866.9268	0.0191436508500112
3865.5099	0.0181853217791208
3864.0929	0.0185885745605506
3862.6759	0.0184704399038779
3861.2589	0.0194636568673102
3859.842	0.0189308355755823
3858.425	0.019029271925209
3857.008	0.0193858700152116
3855.591	0.0194762932971946
3854.174	0.01917656268589
3852.7571	0.0194066998584737
3851.3401	0.0189204764126849
3849.9231	0.0182760685927024
3848.5061	0.018155312670745
3847.0892	0.0190359595397027
3845.6722	0.0189618587540461
3844.2552	0.0179131218172891
3842.8382	0.018983200275704
3841.4213	0.0179319148752807
3840.0043	0.0190814673113556
3838.5873	0.018497678770821
3837.1703	0.0181233093988676
3835.7534	0.0183562995115506
3834.3364	0.0177632995328868
3832.9194	0.0188285699023766
3831.5024	0.0185623965282019
3830.0855	0.0185979068525421
3828.6685	0.0183231495123685
3827.2515	0.0180405988881923
3825.8345	0.0183311847992522
3824.4176	0.0182551332919781
3823.0006	0.0190181990170839
3821.5836	0.0183994180257264
3820.1666	0.0181474767681131
3818.7497	0.0184609688598749
3817.3327	0.0188238529272892
3815.9157	0.0183199990471677
3814.4987	0.0185141639898708
3813.0818	0.0181042294296782
3811.6648	0.0190675173668671
3810.2478	0.0182023643765979
3808.8308	0.017863472228253
3807.4138	0.0186142011290282
3805.9969	0.0189609604632148
3804.5799	0.0184777892426172
3803.1629	0.0191327178591671
3801.7459	0.0185653876969706
3800.329	0.0186270722515986
3798.912	0.0181826237126635
3797.495	0.0183461986702904
3796.078	0.017857429480337
3794.6611	0.0182371983547572
3793.2441	0.0186370865205225
3791.8271	0.0176404683068864
3790.4101	0.0190298180106153
3788.9932	0.0189882070899297
3787.5762	0.0178654416173209
3786.1592	0.0186280412685543
3784.7422	0.0180961008135206
3783.3253	0.0184071635239965
3781.9083	0.0177123059889595
3780.4913	0.0174662091678743
3779.0743	0.0188126192487584
3777.6574	0.0191007096874416
3776.2404	0.0176787311693981
3774.8234	0.0184337598035938
3773.4064	0.0183926488380771
3771.9895	0.018096592690223
3770.5725	0.018364273274916
3769.1555	0.0175756827853042
3767.7385	0.0184950753612972
3766.3216	0.0174545011514157
3764.9046	0.0178942922614605
3763.4876	0.017938257530195
3762.0706	0.0180949402166555
3760.6536	0.017975290287991
3759.2367	0.0180760808719922
3757.8197	0.0178143599116226
3756.4027	0.0187542571411706
3754.9857	0.0175780014596667
3753.5688	0.0172842294317533
3752.1518	0.0179538033644222
3750.7348	0.0184143866944652
3749.3178	0.0183421079969735
3747.9009	0.0179797229062503
3746.4839	0.0175318837031194
3745.0669	0.0174140563642273
3743.6499	0.0191507892823384
3742.233	0.0180907888689457
3740.816	0.0180615359209914
3739.399	0.0179913255890685
3737.982	0.0175396745148986
3736.5651	0.0188914719222142
3735.1481	0.0186395203764445
3733.7311	0.018901311263581
3732.3141	0.0178705620027932
3730.8972	0.0184445383581323
3729.4802	0.018069432194512
3728.0632	0.0176362252852669
3726.6462	0.0170489063458505
3725.2293	0.0174849649050494
3723.8123	0.0172197446236048
3722.3953	0.0175852890120074
3720.9783	0.0172288364718807
3719.5614	0.0174595094523812
3718.1444	0.0172609844288494
3716.7274	0.0166378477806155
3715.3104	0.0176401686053026
3713.8935	0.0181114510324155
3712.4765	0.0183520910353709
3711.0595	0.0182657737369138
3709.6425	0.0176119501544793
3708.2255	0.0175034033704402
3706.8086	0.0177672688057998
3705.3916	0.0176712423592919
3703.9746	0.0172586933759661
3702.5576	0.0175522603731314
3701.1407	0.017015247459753
3699.7237	0.0165716911850242
3698.3067	0.017088283180858
3696.8897	0.0165640985993581
3695.4728	0.0172988618190141
3694.0558	0.016630646085052
3692.6388	0.0171234456355824
3691.2218	0.0166532506716187
3689.8049	0.0173302693012133
3688.3879	0.0169791053970501
3686.9709	0.0174823995047992
3685.5539	0.0170028367232909
3684.137	0.0172929936172536
3682.72	0.0174458111402498
3681.303	0.0174270937916429
3679.886	0.0170870377643745
3678.4691	0.0171588253693599
3677.0521	0.0169373156516064
3675.6351	0.0170712475456636
3674.2181	0.0174972958317342
3672.8012	0.0174570339451254
3671.3842	0.0173310049410227
3669.9672	0.0171083100763167
3668.5502	0.0178930709227242
3667.1333	0.0170003109677524
3665.7163	0.0167158072285423
3664.2993	0.0169555230705611
3662.8823	0.0172290729471846
3661.4653	0.0169949517580777
3660.0484	0.0179208143865284
3658.6314	0.0173219122886736
3657.2144	0.0165362905496303
3655.7974	0.0170289922003578
3654.3805	0.0174987216620002
3652.9635	0.0178684823959057
3651.5465	0.0179130135847243
3650.1295	0.0176528177303368
3648.7126	0.0177354516420427
3647.2956	0.0177869741727147
3645.8786	0.0179545206329919
3644.4616	0.0185234616227097
3643.0447	0.017739271170256
3641.6277	0.0177091445146117
3640.2107	0.0174624113994802
3638.7937	0.0179703011489866
3637.3768	0.0182712253931179
3635.9598	0.0177198671988903
3634.5428	0.0177537071371986
3633.1258	0.0176567779843924
3631.7089	0.0179339981846969
3630.2919	0.0181332272995229
3628.8749	0.0174654542702644
3627.4579	0.0183262913516409
3626.041	0.0186623606773985
3624.624	0.0192326444982701
3623.207	0.0190373593326132
3621.79	0.0185396953779208
3620.3731	0.0184050654134356
3618.9561	0.0201529777344341
3617.5391	0.0192414575995928
3616.1221	0.0200102114472134
3614.7051	0.020021865671572
3613.2882	0.0195760935065825
3611.8712	0.0192818821493254
3610.4542	0.0196470213108603
3609.0372	0.019581316963216
3607.6203	0.0202065580943627
3606.2033	0.0193766064989374
3604.7863	0.0205916702128671
3603.3693	0.0207611198427305
3601.9524	0.0205131234333712
3600.5354	0.0212288931058966
3599.1184	0.0216606305843056
3597.7014	0.0205941007605101
3596.2845	0.0205925751381688
3594.8675	0.0212988339229137
3593.4505	0.0207863694284436
3592.0335	0.0218043061365305
3590.6166	0.0217926220234865
3589.1996	0.0222317007841132
3587.7826	0.0219640708486528
3586.3656	0.0227163669991466
3584.9487	0.0228612831973725
3583.5317	0.0221917570110753
3582.1147	0.0227754994349854
3580.6977	0.0222488467637946
3579.2808	0.0230208710154702
3577.8638	0.0238225330867024
3576.4468	0.0231840320722675
3575.0298	0.0237471474036712
3573.6129	0.0234457060924362
3572.1959	0.0245758056214661
3570.7789	0.0247074597113203
3569.3619	0.0247446050568234
3567.9449	0.0250229194984114
3566.528	0.0258063472363846
3565.111	0.0256476628025007
3563.694	0.0255619997166545
3562.277	0.0254917027362804
3560.8601	0.0254233158147701
3559.4431	0.0256800464398011
3558.0261	0.0266142478574416
3556.6091	0.026247593676155
3555.1922	0.0262245454752115
3553.7752	0.027332810948071
3552.3582	0.0267899411114959
3550.9412	0.0282931755956212
3549.5243	0.0266544011685912
3548.1073	0.0274949762964443
3546.6903	0.0276415138959815
3545.2733	0.028304117449157
3543.8564	0.0285358407261283
3542.4394	0.0293853705750102
3541.0224	0.0281705343697013
3539.6054	0.0290173625586769
3538.1885	0.0302485525387621
3536.7715	0.0304870487705104
3535.3545	0.0293105287659931
3533.9375	0.0310605128061454
3532.5206	0.0304065517751554
3531.1036	0.0315055232950213
3529.6866	0.0316489663103812
3528.2696	0.0318564846435372
3526.8527	0.032042454365144
3525.4357	0.0319559897384258
3524.0187	0.0326952235277797
3522.6017	0.0336981027485642
3521.1847	0.033231415545581
3519.7678	0.0328063872937928
3518.3508	0.0335906726390499
3516.9338	0.0334587620105378
3515.5168	0.0344421464429679
3514.0999	0.034308201552643
3512.6829	0.0348382234654614
3511.2659	0.0348439273981896
3509.8489	0.0355097170960284
3508.432	0.0356579290603492
3507.015	0.0356209522504124
3505.598	0.0359436931413222
3504.181	0.0361500733852603
3502.7641	0.0367842895798353
3501.3471	0.0372992746832613
3499.9301	0.0372424608114331
3498.5131	0.0369961739484921
3497.0962	0.0373510031371741
3495.6792	0.0381359755666608
3494.2622	0.0380538510455409
3492.8452	0.0389195677212484
3491.4283	0.0384661327113569
3490.0113	0.0392328882633473
3488.5943	0.0390678098833493
3487.1773	0.039881388796226
3485.7604	0.0403289381432755
3484.3434	0.0401940779042509
3482.9264	0.0402851446999572
3481.5094	0.0421415197062147
3480.0925	0.0409280308774794
3478.6755	0.0405648334144086
3477.2585	0.0420185338702963
3475.8415	0.0419215321991057
3474.4245	0.042294286835973
3473.0076	0.0430186609108156
3471.5906	0.0423108142284429
3470.1736	0.0423020852002829
3468.7566	0.0423912196373887
3467.3397	0.0431327350941668
3465.9227	0.0437763277125249
3464.5057	0.0429309173044712
3463.0887	0.0441273918483496
3461.6718	0.0448710958813716
3460.2548	0.043797019222582
3458.8378	0.044757340662399
3457.4208	0.0449307461762072
3456.0039	0.045441451517093
3454.5869	0.0455014462881377
3453.1699	0.045886914131122
3451.7529	0.0459956184378713
3450.336	0.0463136934821574
3448.919	0.0458255629531438
3447.502	0.0469323162743309
3446.085	0.0469235625925808
3444.6681	0.0469417186776415
3443.2511	0.0465744676673873
3441.8341	0.046933469773023
3440.4171	0.0478449795831367
3439.0002	0.0481448750556958
3437.5832	0.0485647375966166
3436.1662	0.049265709933365
3434.7492	0.0488519628530665
3433.3323	0.0485730958567012
3431.9153	0.0492965234378625
3430.4983	0.0498414236979338
3429.0813	0.04905040299779
3427.6643	0.0503302491614992
3426.2474	0.0495068795507179
3424.8304	0.0503370507678984
3423.4134	0.0508281099135475
3421.9964	0.0499402980341905
3420.5795	0.0505436026324969
3419.1625	0.0510745848757429
3417.7455	0.0519087604487167
3416.3285	0.0516110786105168
3414.9116	0.0520774502391266
3413.4946	0.0524914778948733
3412.0776	0.0526977117321871
3410.6606	0.0524425882406071
3409.2437	0.0527516317581079
3407.8267	0.0531122916178276
3406.4097	0.0525456289569466
3404.9927	0.0535364558205889
3403.5758	0.0531734166192185
3402.1588	0.0541137896879556
3400.7418	0.0541929699082275
3399.3248	0.0543716769465808
3397.9079	0.0544454400749819
3396.4909	0.055174239148687
3395.0739	0.0550465600754826
3393.6569	0.054928170147532
3392.24	0.055212116857962
3390.823	0.0556047853784637
3389.406	0.0557301038666666
3387.989	0.055718134805007
3386.5721	0.055714208121839
3385.1551	0.0561043627789742
3383.7381	0.0561594203109696
3382.3211	0.0564006355902136
3380.9041	0.0566434484097171
3379.4872	0.0572991687121991
3378.0702	0.0569427623101731
3376.6532	0.0569519271451971
3375.2362	0.057994190660363
3373.8193	0.0582494525461592
3372.4023	0.0575146049610196
3370.9853	0.059054850007487
3369.5683	0.0577336193695551
3368.1514	0.0580067416773781
3366.7344	0.0585311909374861
3365.3174	0.0592430859165631
3363.9004	0.0589321665246855
3362.4835	0.0595219631098517
3361.0665	0.0588300922471373
3359.6495	0.0587114443829002
3358.2325	0.0592873964705214
3356.8156	0.0595617100162866
3355.3986	0.0581062165258837
3353.9816	0.0587730009632676
3352.5646	0.0598004086651497
3351.1477	0.0599319093832915
3349.7307	0.0598055463934142
3348.3137	0.0603150666021304
3346.8967	0.060347374620972
3345.4798	0.059947819915457
3344.0628	0.0599066168830983
3342.6458	0.0606500704874241
3341.2288	0.0599384247334001
3339.8119	0.060479682509916
3338.3949	0.0600162606598823
3336.9779	0.0613095617129653
3335.5609	0.0608420333362609
3334.1439	0.0612897362810859
3332.727	0.0616428887888853
3331.31	0.0611794460043095
3329.893	0.0609449668169115
3328.476	0.0613361093351809
3327.0591	0.0608519313309988
3325.6421	0.0617058395157606
3324.2251	0.0614430552446576
3322.8081	0.0621314716765341
3321.3912	0.0616082103352459
3319.9742	0.0614300554428549
3318.5572	0.0614287998638667
3317.1402	0.0615835711152706
3315.7233	0.0619035986245526
3314.3063	0.0617883093973037
3312.8893	0.0622778317965959
3311.4723	0.0623267134092183
3310.0554	0.0622160894484455
3308.6384	0.062465257115856
3307.2214	0.0628516748486021
3305.8044	0.062709953427312
3304.3875	0.0622518285333741
3302.9705	0.0622238587238304
3301.5535	0.0623302293192805
3300.1365	0.0622558036788267
3298.7196	0.0618990366232653
3297.3026	0.0627864186115431
3295.8856	0.0623749007777158
3294.4686	0.0626464271324495
3293.0517	0.0632102990227524
3291.6347	0.062765866504476
3290.2177	0.0625673824437188
3288.8007	0.062890791450273
3287.3837	0.0618505268197259
3285.9668	0.0624625934657881
3284.5498	0.0633190566745749
3283.1328	0.0629961258748537
3281.7158	0.0623975002331427
3280.2989	0.0625988014516853
3278.8819	0.0626413638226047
3277.4649	0.0626183743633659
3276.0479	0.0625148350683777
3274.631	0.0621203292002789
3273.214	0.0627874090599069
3271.797	0.0634911806059037
3270.38	0.0627787638806865
3268.9631	0.0632256856595273
3267.5461	0.0634244775609618
3266.1291	0.0628302353223599
3264.7121	0.0631313636739489
3263.2952	0.063685677473666
3261.8782	0.0636654573433263
3260.4612	0.0640597283329885
3259.0442	0.0629039669360778
3257.6273	0.0621646326357674
3256.2103	0.0636269259335949
3254.7933	0.0632203156913684
3253.3763	0.0624808223586302
3251.9594	0.0635008231079907
3250.5424	0.0622411416400797
3249.1254	0.0626343436256161
3247.7084	0.062373991395958
3246.2915	0.0623778287636047
3244.8745	0.0628788842702868
3243.4575	0.0622320551821572
3242.0405	0.0621418715259899
3240.6235	0.0626922501746572
3239.2066	0.0628718702652259
3237.7896	0.0617477095297694
3236.3726	0.062475369483141
3234.9556	0.0620920992863756
3233.5387	0.0631473539285034
3232.1217	0.0628154446255697
3230.7047	0.062205477935503
3229.2877	0.0615901395458044
3227.8708	0.0607882939755411
3226.4538	0.0609949323226669
3225.0368	0.0622430182235272
3223.6198	0.0620243179912597
3222.2029	0.0619120665233489
3220.7859	0.0619966932572283
3219.3689	0.0614321426979956
3217.9519	0.0616953247841463
3216.535	0.0612867984659132
3215.118	0.0611462947083426
3213.701	0.0608254479529438
3212.284	0.0613009660970916
3210.8671	0.0611509964881381
3209.4501	0.0613074823058991
3208.0331	0.0605950956590952
3206.6161	0.0601328578669084
3205.1992	0.059499504130308
3203.7822	0.0607264585822341
3202.3652	0.0607907725301312
3200.9482	0.0599717776699233
3199.5313	0.0609290056012964
3198.1143	0.0589323917485619
3196.6973	0.0607013623764512
3195.2803	0.0601594889980905
3193.8633	0.059234322398205
3192.4464	0.0603737405266491
3191.0294	0.0597044664626269
3189.6124	0.0595719230692059
3188.1954	0.058062051925572
3186.7785	0.0586249538915811
3185.3615	0.0593432028206809
3183.9445	0.0589998641007457
3182.5275	0.0588735200372588
3181.1106	0.0588640971265329
3179.6936	0.058242815909521
3178.2766	0.0584019687738677
3176.8596	0.0574296709689605
3175.4427	0.0584905103337236
3174.0257	0.0580606478391167
3172.6087	0.0573690466343064
3171.1917	0.0588842050395176
3169.7748	0.0577521283661008
3168.3578	0.0572692327274563
3166.9408	0.0573319035584594
3165.5238	0.0577394904940969
3164.1069	0.0569499615455892
3162.6899	0.0564648983546378
3161.2729	0.056527363607315
3159.8559	0.0557267672173068
3158.439	0.0561823474475052
3157.022	0.05569989910421
3155.605	0.0560155657638873
3154.188	0.056778519398029
3152.7711	0.0556598184998864
3151.3541	0.0557697897118662
3149.9371	0.0551360223109829
3148.5201	0.0550103275319505
3147.1031	0.0549159316756463
3145.6862	0.0548730824259881
3144.2692	0.0544736789429453
3142.8522	0.0550091134998007
3141.4352	0.0542223772997125
3140.0183	0.0543553532511065
3138.6013	0.0537650369894112
3137.1843	0.0537284409841659
3135.7673	0.0536198911210016
3134.3504	0.0533784056112424
3132.9334	0.0533795655397557
3131.5164	0.0534315529993332
3130.0994	0.0527158207528938
3128.6825	0.0532020745102251
3127.2655	0.052686833458271
3125.8485	0.0523429441922035
3124.4315	0.052135913009997
3123.0146	0.0516849210392784
3121.5976	0.0518578323242147
3120.1806	0.0514829963165055
3118.7636	0.0518280030780216
3117.3467	0.0511646787331008
3115.9297	0.0515678630739483
3114.5127	0.0510185348448725
3113.0957	0.0509456925510132
3111.6788	0.0509036475169081
3110.2618	0.0509912929591815
3108.8448	0.0508780385975171
3107.4278	0.0496772997054094
3106.0109	0.0504160228141287
3104.5939	0.050681280725432
3103.1769	0.049588849653603
3101.7599	0.0496682981091385
3100.3429	0.0494333099013312
3098.926	0.0485746725069273
3097.509	0.0484666253003765
3096.092	0.0489068975418288
3094.675	0.0491146547240313
3093.2581	0.0495157593314654
3091.8411	0.0495290607759794
3090.4241	0.0482300692983858
3089.0071	0.0486749444141594
3087.5902	0.0486144790559532
3086.1732	0.0477105983367149
3084.7562	0.0474964116533145
3083.3392	0.0469737481479712
3081.9223	0.0474292262634653
3080.5053	0.0471659787518154
3079.0883	0.0475017405396188
3077.6713	0.0466569171798648
3076.2544	0.0473949410938623
3074.8374	0.0467350847986513
3073.4204	0.0467225093873494
3072.0034	0.0466380335405291
3070.5865	0.0463218985965967
3069.1695	0.0461556482330498
3067.7525	0.0463446261597089
3066.3355	0.045894845627906
3064.9186	0.0455247847758986
3063.5016	0.0456172296220048
3062.0846	0.0463650339233343
3060.6676	0.0453974917537856
3059.2507	0.0448049207622059
3057.8337	0.0450050950444858
3056.4167	0.0447107866346071
3054.9997	0.0439220652230263
3053.5827	0.0439592835222775
3052.1658	0.0440626428081824
3050.7488	0.0442406226431706
3049.3318	0.0443567094360409
3047.9148	0.0435249163227808
3046.4979	0.0442831078696318
3045.0809	0.0429105267758531
3043.6639	0.043248789857245
3042.2469	0.0433627874633619
3040.83	0.0427671928330007
3039.413	0.0426742762041178
3037.996	0.0427463256965684
3036.579	0.0431148182733872
3035.1621	0.0425950301914709
3033.7451	0.0421827250610609
3032.3281	0.0421870857956254
3030.9111	0.0418946068932756
3029.4942	0.0416616299121772
3028.0772	0.0426133853144937
3026.6602	0.0414639857473074
3025.2432	0.0408518753411087
3023.8263	0.0417076355875436
3022.4093	0.041420978846561
3020.9923	0.0410954860550415
3019.5753	0.0411391519196792
3018.1584	0.0403786451302746
3016.7414	0.0404836243959592
3015.3244	0.0403415258296385
3013.9074	0.0410268370719501
3012.4905	0.0401778235816625
3011.0735	0.0406877594555274
3009.6565	0.0400925603904744
3008.2395	0.0399290500440394
3006.8225	0.0398580416293554
3005.4056	0.0398888745051356
3003.9886	0.0399872849272629
3002.5716	0.0406198821220356
3001.1546	0.0395153611205532
2999.7377	0.0397018700876153
2998.3207	0.0401690563664749
2996.9037	0.0393515094441302
2995.4867	0.0395473899892229
2994.0698	0.0394195186633265
2992.6528	0.0396922328376751
2991.2358	0.0399583230179113
2989.8188	0.0390697818676511
2988.4019	0.0397381840657961
2986.9849	0.0394578885235957
2985.5679	0.0401805299970874
2984.1509	0.0395437967719669
2982.734	0.0394131160420654
2981.317	0.0402740983754102
2979.9	0.0400731828800615
2978.483	0.0397951443775646
2977.0661	0.0413076540480953
2975.6491	0.0404565881726311
2974.2321	0.0401458308041791
2972.8151	0.0414764149409685
2971.3982	0.0407494000208239
2969.9812	0.0416824997159898
2968.5642	0.0409645217783446
2967.1472	0.0420290924898416
2965.7303	0.0409155103374495
2964.3133	0.0421253343007578
2962.8963	0.041789258935186
2961.4793	0.0418542238430974
2960.0623	0.0421770191742827
2958.6454	0.0430442131990501
2957.2284	0.0426613022423101
2955.8114	0.0436997112221949
2954.3944	0.0433181774849945
2952.9775	0.0437262376439285
2951.5605	0.0441008328066758
2950.1435	0.0445475104508386
2948.7265	0.044309978181939
2947.3096	0.0445086722228804
2945.8926	0.0449119319023363
2944.4756	0.0454230478123759
2943.0586	0.045558906205213
2941.6417	0.0465683033518159
2940.2247	0.0470682611727078
2938.8077	0.0474981424862222
2937.3907	0.0467583611529514
2935.9738	0.0472274365838955
2934.5568	0.048173749680847
2933.1398	0.0483575829773394
2931.7228	0.0485036684736567
2930.3059	0.0488530511489619
2928.8889	0.0490207526785167
2927.4719	0.0499554605619802
2926.0549	0.0491212052370874
2924.638	0.049318789464516
2923.221	0.0502503636241438
2921.804	0.0488862052978431
2920.387	0.0494348767201771
2918.9701	0.0492359108913325
2917.5531	0.049178439728467
2916.1361	0.0491383968983163
2914.7191	0.0492625407703049
2913.3021	0.0494677305421097
2911.8852	0.0487134021514271
2910.4682	0.0494729876952349
2909.0512	0.048030065830436
2907.6342	0.0484932515575464
2906.2173	0.0480091966022145
2904.8003	0.0480124406306486
2903.3833	0.0481113402096039
2901.9663	0.0484709726291018
2900.5494	0.0480130002304687
2899.1324	0.0477936585080067
2897.7154	0.0478603206648588
2896.2984	0.0477419745172296
2894.8815	0.0478747848762959
2893.4645	0.0480911576879777
2892.0475	0.0479779747432384
2890.6305	0.0481579072592978
2889.2136	0.0474053629625842
2887.7966	0.0474351184309789
2886.3796	0.0472164719912744
2884.9626	0.0471653071628924
2883.5457	0.0475120833309918
2882.1287	0.0477848613850426
2880.7117	0.0471826818961641
2879.2947	0.0469730702687883
2877.8778	0.0471897420704936
2876.4608	0.0464496636285797
2875.0438	0.0469755959095824
2873.6268	0.0458550694470094
2872.2099	0.0455898885465848
2870.7929	0.0454743165312122
2869.3759	0.0454529614537415
2867.9589	0.0453226811914157
2866.5419	0.0450098223189919
2865.125	0.0447189878886965
2863.708	0.0450816644644066
2862.291	0.0447703277917461
2860.874	0.0452226920572294
2859.4571	0.0440605402330677
2858.0401	0.0437351417946195
2856.6231	0.0440073568547688
2855.2061	0.0441230246780528
2853.7892	0.0442774419733081
2852.3722	0.0433331148332474
2850.9552	0.0434952586538772
2849.5382	0.0440704191369155
2848.1213	0.0433202444579715
2846.7043	0.0428858324370379
2845.2873	0.0427891190901774
2843.8703	0.0433090417390163
2842.4534	0.0424616678903363
2841.0364	0.0417616186925673
2839.6194	0.0426862270989864
2838.2024	0.0413946146077844
2836.7855	0.0412330425791219
2835.3685	0.04139613174809
2833.9515	0.041643697593263
2832.5345	0.0414073105773531
2831.1176	0.0405865104782011
2829.7006	0.0404687266619199
2828.2836	0.0413606975302672
2826.8666	0.0399230448287383
2825.4497	0.0398962894215286
2824.0327	0.0402634541466362
2822.6157	0.0407394676630466
2821.1987	0.0392500000940172
2819.7817	0.0394872811036775
2818.3648	0.0399510181188268
2816.9478	0.0397706259293727
2815.5308	0.0393813149716496
2814.1138	0.0387595221973964
2812.6969	0.040059919686564
2811.2799	0.0393750460793299
2809.8629	0.0388061606688299
2808.4459	0.0394634782242325
2807.029	0.0390180016675827
2805.612	0.0393218308499396
2804.195	0.0391229855161421
2802.778	0.0386417550682989
2801.3611	0.0386716945584138
2799.9441	0.0383912030968657
2798.5271	0.0382594754433924
2797.1101	0.0383279944978949
2795.6932	0.0387484644355024
2794.2762	0.038308785610636
2792.8592	0.039303588961908
2791.4422	0.0387715053530285
2790.0253	0.0391242897119586
2788.6083	0.0381531133440099
2787.1913	0.0386226254282227
2785.7743	0.0382822852659441
2784.3574	0.0382737785960246
2782.9404	0.0381967558155758
2781.5234	0.0374508716070618
2780.1064	0.0374654188109669
2778.6895	0.0379843622328336
2777.2725	0.0379685888721978
2775.8555	0.0377692970452292
2774.4385	0.0376003322667589
2773.0215	0.0377777956353776
2771.6046	0.0365804417858161
2770.1876	0.0377539222517811
2768.7706	0.0378833346796922
2767.3536	0.0376862904187163
2765.9367	0.0364030038345839
2764.5197	0.0371860648951378
2763.1027	0.0377851102258512
2761.6857	0.0369535179206923
2760.2688	0.0366249981232724
2758.8518	0.037715490795711
2757.4348	0.0372628585871087
2756.0178	0.0372729367785602
2754.6009	0.0367711989468236
2753.1839	0.0377054373884102
2751.7669	0.0360804824735012
2750.3499	0.0366773829088277
2748.933	0.0365919422112745
2747.516	0.0368126767754503
2746.099	0.0368278758075461
2744.682	0.0361327106611792
2743.2651	0.0366398121224422
2741.8481	0.0375465930719009
2740.4311	0.037100265203533
2739.0141	0.0368048700686503
2737.5972	0.0362341407667053
2736.1802	0.035801750386419
2734.7632	0.0357188198508355
2733.3462	0.0357616147075964
2731.9293	0.0362342753055565
2730.5123	0.0366890988674722
2729.0953	0.0362070921239064
2727.6783	0.0364332271880438
2726.2613	0.0359297865644866
2724.8444	0.0353174683232156
2723.4274	0.0361615053243765
2722.0104	0.0356881226490229
2720.5934	0.0362409973073076
2719.1765	0.0363015741560504
2717.7595	0.0352753510443052
2716.3425	0.03535497516963
2714.9255	0.0358783892744638
2713.5086	0.0357334000830235
2712.0916	0.0351573657458101
2710.6746	0.0355311031651277
2709.2576	0.0357989313882754
2707.8407	0.0355551372041643
2706.4237	0.0353756964755851
2705.0067	0.035646292411614
2703.5897	0.035087637147262
2702.1728	0.0353875549016103
2700.7558	0.0351532320494606
2699.3388	0.0357124057640635
2697.9218	0.0352496114750008
2696.5049	0.0345611386411111
2695.0879	0.0352255085457532
2693.6709	0.0350276161383667
2692.2539	0.0352931804088874
2690.837	0.0349834440408138
2689.42	0.0350610324297284
2688.003	0.0350307687599207
2686.586	0.0345358955867824
2685.1691	0.0354492150480219
2683.7521	0.0349700487617707
2682.3351	0.0350546526798355
2680.9181	0.0354472069935757
2679.5011	0.0354525810880571
2678.0842	0.0351693188830999
2676.6672	0.0356582264795164
2675.2502	0.0350178339979837
2673.8332	0.034663028824316
2672.4163	0.034197339214486
2670.9993	0.0342542917321411
2669.5823	0.034386165591296
2668.1653	0.0343640712056152
2666.7484	0.034214273739325
2665.3314	0.0348809955273609
2663.9144	0.0350662482155926
2662.4974	0.0348388974467393
2661.0805	0.035591075398163
2659.6635	0.0353648798862668
2658.2465	0.0345634291772839
2656.8295	0.0342656067506558
2655.4126	0.0339769998328835
2653.9956	0.0346267923376839
2652.5786	0.0346537789652252
2651.1616	0.034390975993504
2649.7447	0.0353080235256446
2648.3277	0.0343513792507038
2646.9107	0.0340105845363126
2645.4937	0.0348682648040478
2644.0768	0.0346312477780043
2642.6598	0.0341215863582001
2641.2428	0.0342007564861642
2639.8258	0.0337935705424898
2638.4089	0.0343157094231182
2636.9919	0.0346174612961698
2635.5749	0.0334211584957777
2634.1579	0.0337883885733494
2632.741	0.0335705519352855
2631.324	0.0340350403037155
2629.907	0.033331710317018
2628.49	0.0340314938126664
2627.073	0.0331516633727023
2625.6561	0.0325768116696007
2624.2391	0.033082962130653
2622.8221	0.0330980406686613
2621.4051	0.033646847659304
2619.9882	0.033668191288761
2618.5712	0.0332167559110447
2617.1542	0.0334135219600511
2615.7372	0.0328900530931897
2614.3203	0.0336528318434111
2612.9033	0.0327392605308603
2611.4863	0.0326537919291131
2610.0693	0.0326795145709332
2608.6524	0.0322227184911376
2607.2354	0.032811659037061
2605.8184	0.0326925839541949
2604.4014	0.0327778314162091
2602.9845	0.0324334101815336
2601.5675	0.0323163963699014
2600.1505	0.0327284050700448
2598.7335	0.0323235410948009
2597.3166	0.0330492286804921
2595.8996	0.0323805653973834
2594.4826	0.0322317117649024
2593.0656	0.0328004180696143
2591.6487	0.032498918630703
2590.2317	0.0322167162242578
2588.8147	0.031805429863652
2587.3977	0.0326060368266314
2585.9808	0.0323451646920963
2584.5638	0.0320814235819693
2583.1468	0.0320944451474394
2581.7298	0.0321982978452844
2580.3128	0.0332756817454074
2578.8959	0.0319047788561097
2577.4789	0.031626680147121
2576.0619	0.0320760447001021
2574.6449	0.0323227521751777
2573.228	0.0317601909468322
2571.811	0.0308195807135845
2570.394	0.0320439980210108
2568.977	0.0317785845220451
2567.5601	0.0320225835297874
2566.1431	0.0315446443759515
2564.7261	0.031640251759425
2563.3091	0.0319098147635867
2561.8922	0.0322093381852878
2560.4752	0.0312381405055923
2559.0582	0.0319796437917589
2557.6412	0.0317384175442032
2556.2243	0.0306422658531184
2554.8073	0.0306503396200142
2553.3903	0.0308534691976217
2551.9733	0.0306199337405464
2550.5564	0.0308846757846619
2549.1394	0.0303849266200143
2547.7224	0.0303917025835092
2546.3054	0.0308996068824795
2544.8885	0.0316394246049483
2543.4715	0.0313248693588484
2542.0545	0.0308217206991619
2540.6375	0.0302587129613916
2539.2206	0.0312844963367625
2537.8036	0.0306313482053272
2536.3866	0.0299018268047015
2534.9696	0.0308242294924079
2533.5526	0.0305599087967084
2532.1357	0.0302935548313116
2530.7187	0.0305380275049013
2529.3017	0.030425989998714
2527.8847	0.0306620144196506
2526.4678	0.0301185605667955
2525.0508	0.0302642207412651
2523.6338	0.0297346516242307
2522.2168	0.0307232981629742
2520.7999	0.0296459612067701
2519.3829	0.0304192132871232
2517.9659	0.030367620692551
2516.5489	0.0294733940091788
2515.132	0.0305844335517546
2513.715	0.0308514211873199
2512.298	0.0301844443130844
2510.881	0.0296914704826069
2509.4641	0.0305239010055156
2508.0471	0.029880824916044
2506.6301	0.0297733841512024
2505.2131	0.0297468677497623
2503.7962	0.0301063215205877
2502.3792	0.0302907357569247
2500.9622	0.0307076943113801
2499.5452	0.030631983658521
2498.1283	0.030468462047254
2496.7113	0.0296284888192556
2495.2943	0.0304769076155723
2493.8773	0.0297535757378409
2492.4604	0.0296588898788497
2491.0434	0.0297371124624574
2489.6264	0.0309111592501878
2488.2094	0.0302020059621935
2486.7924	0.0299663063360138
2485.3755	0.0301151766986598
2483.9585	0.0293735575619487
2482.5415	0.0298505859743293
2481.1245	0.030262243819152
2479.7076	0.0290079455015063
2478.2906	0.0293587946209861
2476.8736	0.0298502163596597
2475.4566	0.0303634314306432
2474.0397	0.029607841886625
2472.6227	0.0298969984364683
2471.2057	0.0302551579756752
2469.7887	0.0294950735037236
2468.3718	0.0296602468051965
2466.9548	0.0297703047421134
2465.5378	0.0301800989567006
2464.1208	0.0298699402030825
2462.7039	0.029280091514292
2461.2869	0.0299493630813679
2459.8699	0.0303551841842505
2458.4529	0.0294611520816822
2457.036	0.0294803663787515
2455.619	0.0296215387435873
2454.202	0.0295475831913657
2452.785	0.0289194152016539
2451.3681	0.0291271963859267
2449.9511	0.0303576347911971
2448.5341	0.0289161054053631
2447.1171	0.0287444867607001
2445.7002	0.0277372412911756
2444.2832	0.0287498065280308
2442.8662	0.0295068906061467
2441.4492	0.0293971161957613
2440.0322	0.0287001785311612
2438.6153	0.0292778018385198
2437.1983	0.0288729762280839
2435.7813	0.0290707190899443
2434.3643	0.0289779319523237
2432.9474	0.0286421426561813
2431.5304	0.0293293807461643
2430.1134	0.0292905643005271
2428.6964	0.0281201738835286
2427.2795	0.028755717388211
2425.8625	0.028672981491383
2424.4455	0.0287132917999249
2423.0285	0.0292550548953128
2421.6116	0.0295337056377253
2420.1946	0.028610297415584
2418.7776	0.028561432163553
2417.3606	0.029555954444157
2415.9437	0.0289060265771605
2414.5267	0.0287560907489432
2413.1097	0.0286020477720457
2411.6927	0.0281478981540201
2410.2758	0.0287854507882928
2408.8588	0.0290661346928276
2407.4418	0.0281069798466752
2406.0248	0.0287969117850411
2404.6079	0.0281645223301405
2403.1909	0.0281222142878721
2401.7739	0.0273946165678098
2400.3569	0.0281707019217447
2398.94	0.0285062690898893
2397.523	0.0288318281621603
2396.106	0.0275761494090674
2394.689	0.027764343627831
2393.272	0.0289367341561511
2391.8551	0.0288837642490345
2390.4381	0.0278777576152849
2389.0211	0.0272451335585898
2387.6041	0.028646867573226
2386.1872	0.0278792968153673
2384.7702	0.0281085909221749
2383.3532	0.027515321734712
2381.9362	0.0276190917047882
2380.5193	0.0280809550775062
2379.1023	0.0279643793663426
2377.6853	0.0283338466432519
2376.2683	0.0288650043080477
2374.8514	0.0284367970490511
2373.4344	0.0279710016059639
2372.0174	0.0277624513716561
2370.6004	0.0274354899989783
2369.1835	0.0273000738450831
2367.7665	0.0276373493207373
2366.3495	0.0264042572933344
2364.9325	0.0275791754961901
2363.5156	0.0273924591160319
2362.0986	0.0282641371381302
2360.6816	0.0269591287605538
2359.2646	0.0288683394831115
2357.8477	0.0281671485111997
2356.4307	0.0277443267116561
2355.0137	0.0278596456461563
2353.5967	0.0275477956774883
2352.1798	0.0277533609079897
2350.7628	0.0281508966520566
2349.3458	0.0285160205954134
2347.9288	0.0277853619048935
2346.5118	0.0285181448382211
2345.0949	0.0280580349104436
2343.6779	0.028000465122827
2342.2609	0.0276373049133039
2340.8439	0.0277158602010514
2339.427	0.0284048880376656
2338.01	0.0273274114530589
2336.593	0.0275965859730884
2335.176	0.0280984203638383
2333.7591	0.0281215525050532
2332.3421	0.0276869512091887
2330.9251	0.02752725145986
2329.5081	0.0285857925236236
2328.0912	0.0286744003965773
2326.6742	0.0283152736057558
2325.2572	0.02848745045289
2323.8402	0.0289296633094523
2322.4233	0.0291081845149247
2321.0063	0.0286795100052893
2319.5893	0.0285301869059425
2318.1723	0.0277317945186003
2316.7554	0.0279383312622161
2315.3384	0.027648060233827
2313.9214	0.0274638565611584
2312.5044	0.0280640300548933
2311.0875	0.0283263975189864
2309.6705	0.0275955753475886
2308.2535	0.0275847592283835
2306.8365	0.0276572767997574
2305.4196	0.0279276638633834
2304.0026	0.0280918072759208
2302.5856	0.0279777710637546
2301.1686	0.0281546878929716
2299.7516	0.0279788303267492
2298.3347	0.0283361454229868
2296.9177	0.0279119034704762
2295.5007	0.0265719023689327
2294.0837	0.0274945158044704
2292.6668	0.026935985730559
2291.2498	0.0272128863428364
2289.8328	0.0276190655143687
2288.4158	0.027738806592908
2286.9989	0.0275892048275735
2285.5819	0.0272481222033993
2284.1649	0.0282758371508438
2282.7479	0.0280560754686619
2281.331	0.0280359423186836
2279.914	0.0271387075559763
2278.497	0.0277213369898659
2277.08	0.0269368781939802
2275.6631	0.0275123108669113
2274.2461	0.0280077576382123
2272.8291	0.0267014761807481
2271.4121	0.0279075292411284
2269.9952	0.0266177563739316
2268.5782	0.0274354943472159
2267.1612	0.0264456340967616
2265.7442	0.0266825192514257
2264.3273	0.0263138288070392
2262.9103	0.0260595573750713
2261.4933	0.0263400738589889
2260.0763	0.0270514171657411
2258.6594	0.0265948336844362
2257.2424	0.0267649496532759
2255.8254	0.0265160889393874
2254.4084	0.0261274949357956
2252.9914	0.0260463861020267
2251.5745	0.0263909772891285
2250.1575	0.0261583633966725
2248.7405	0.0264507157174029
2247.3235	0.0267235693186241
2245.9066	0.0258042282291971
2244.4896	0.0259229412671801
2243.0726	0.0264324138911878
2241.6556	0.0261199458273518
2240.2387	0.0270845099554003
2238.8217	0.0278108236855012
2237.4047	0.0266910416628035
2235.9877	0.0260967351572456
2234.5708	0.0266746058465135
2233.1538	0.026966898019192
2231.7368	0.0268794093493278
2230.3198	0.0268129240280075
2228.9029	0.0265993178458446
2227.4859	0.0267669086911726
2226.0689	0.0263421847627124
2224.6519	0.02653286224516
2223.235	0.0267344609772344
2221.818	0.0260452339450076
2220.401	0.026633561518237
2218.984	0.026616743682622
2217.5671	0.0262031322351003
2216.1501	0.0263812442968735
2214.7331	0.0265802992659896
2213.3161	0.0260765715631597
2211.8992	0.0264340551242744
2210.4822	0.0269883945911013
2209.0652	0.0267998276669301
2207.6482	0.0260345703349406
2206.2312	0.0265512363243518
2204.8143	0.0266924920192426
2203.3973	0.0279456781136254
2201.9803	0.0266254083348338
2200.5633	0.0272061742438462
2199.1464	0.027549503570325
2197.7294	0.026712393464016
2196.3124	0.026888641083218
2194.8954	0.0275566729401236
2193.4785	0.0271216892399954
2192.0615	0.0268631246851606
2190.6445	0.0266919447925033
2189.2275	0.0273735460651801
2187.8106	0.0272926024189849
2186.3936	0.0267173478216194
2184.9766	0.026156813405281
2183.5596	0.0260507602969081
2182.1427	0.0262825919581855
2180.7257	0.0250338318860446
2179.3087	0.026026087470265
2177.8917	0.0254906112945802
2176.4748	0.0242120270378336
2175.0578	0.0253572436138193
2173.6408	0.0256523562600109
2172.2238	0.0258731221678194
2170.8069	0.0266267852902596
2169.3899	0.0267839498817702
2167.9729	0.027559192733208
2166.5559	0.0271103311054113
2165.139	0.0272724969313719
2163.722	0.0270775440576972
2162.305	0.0270668448188408
2160.888	0.0266839437450456
2159.471	0.0259798780236691
2158.0541	0.0248242232894254
2156.6371	0.02466530419351
2155.2201	0.0233175308615375
2153.8031	0.0231678552877583
2152.3862	0.0235352003980971
2150.9692	0.0236853288860014
2149.5522	0.023842269949239
2148.1352	0.0230015155437011
2146.7183	0.0233285286763225
2145.3013	0.0245954771487342
2143.8843	0.0255349543753709
2142.4673	0.0249473430205161
2141.0504	0.0253858559371306
2139.6334	0.0246715026127648
2138.2164	0.0245219712127537
2136.7994	0.0242025645962231
2135.3825	0.0240998515983627
2133.9655	0.0240448525259543
2132.5485	0.0246128050714529
2131.1315	0.0255650338206654
2129.7146	0.0249956983108707
2128.2976	0.0247101407692776
2126.8806	0.0252518911812184
2125.4636	0.0253432552747839
2124.0467	0.025245545815556
2122.6297	0.0247827017095923
2121.2127	0.02544178888321
2119.7957	0.0263553787437576
2118.3788	0.025093235592976
2116.9618	0.0259608231841
2115.5448	0.0253699812850046
2114.1278	0.0262773656165454
2112.7108	0.0258747020575596
2111.2939	0.0252950535599572
2109.8769	0.0255075211399892
2108.4599	0.0253378432803841
2107.0429	0.0260591999188899
2105.626	0.0247139145596837
2104.209	0.0253737732889963
2102.792	0.0257169622584
2101.375	0.0256263910352829
2099.9581	0.0262489267748474
2098.5411	0.0247043394676561
2097.1241	0.024910835673549
2095.7071	0.0251767047922881
2094.2902	0.0250912255259989
2092.8732	0.0247739266070518
2091.4562	0.0256904341153411
2090.0392	0.0247633831323431
2088.6223	0.024926353324278
2087.2053	0.025510104689593
2085.7883	0.0257158815437438
2084.3713	0.0259482589158197
2082.9544	0.0252318057297503
2081.5374	0.0258206071445197
2080.1204	0.0255099299179709
2078.7034	0.0248361672009385
2077.2865	0.0250921092261445
2075.8695	0.0255810826165941
2074.4525	0.0250938960669159
2073.0355	0.0249823589705513
2071.6186	0.0250673616856575
2070.2016	0.0247488816176864
2068.7846	0.0252784745241748
2067.3676	0.0245461148757797
2065.9506	0.0251419027392676
2064.5337	0.0253195360533478
2063.1167	0.0251916070763944
2061.6997	0.0244060828462066
2060.2827	0.0245737281178819
2058.8658	0.025576550223032
2057.4488	0.0254120549409798
2056.0318	0.025702112406933
2054.6148	0.025320970065297
2053.1979	0.0255904875014736
2051.7809	0.026335335514384
2050.3639	0.0271387623240052
2048.9469	0.0265050696201905
2047.53	0.0255153649309109
2046.113	0.0251287176821024
2044.696	0.0248988171957576
2043.279	0.0249531652104314
2041.8621	0.0244435599998037
2040.4451	0.0241951665183848
2039.0281	0.0242169017765015
2037.6111	0.0248658949055374
2036.1942	0.0247651520952343
2034.7772	0.0250418825252958
2033.3602	0.0244842867168863
2031.9432	0.0240487810204924
2030.5263	0.0240524347266011
2029.1093	0.0243913582347759
2027.6923	0.0245547327677292
2026.2753	0.0246514628618173
2024.8584	0.0245325977806948
2023.4414	0.024173276144389
2022.0244	0.0234349306734575
2020.6074	0.0230587559448952
2019.1904	0.0221002432773217
2017.7735	0.0215515509647988
2016.3565	0.0224646507459917
2014.9395	0.0225357963936864
2013.5225	0.0221544420637855
2012.1056	0.0226195348111658
2010.6886	0.023397140644731
2009.2716	0.0227860313073756
2007.8546	0.0224962328713427
2006.4377	0.0219561856069903
2005.0207	0.0216474520709687
2003.6037	0.0226901082468641
2002.1867	0.0219914590034911
2000.7698	0.0234047512222381
1999.3528	0.0222354576680173
1997.9358	0.0220122728385402
1996.5188	0.0231006258165254
1995.1019	0.0231743786839052
1993.6849	0.0223471510861581
1992.2679	0.0224696211642905
1990.8509	0.0229967074509708
1989.434	0.0222195048032374
1988.017	0.0228781048239132
1986.6	0.0223745814108251
1985.183	0.0223581913817435
1983.7661	0.0224118157555876
1982.3491	0.0227683789754971
1980.9321	0.0232689707977889
1979.5151	0.023481245151066
1978.0982	0.0238438857479467
1976.6812	0.0230646884721249
1975.2642	0.0225969373385695
1973.8472	0.0222474740240295
1972.4302	0.0223194837807718
1971.0133	0.0213585552952042
1969.5963	0.0213160241075118
1968.1793	0.0211275078409048
1966.7623	0.0212218293798142
1965.3454	0.0212937332113805
1963.9284	0.0217005698246741
1962.5114	0.0215216855234825
1961.0944	0.0225021301143064
1959.6775	0.0208701798072627
1958.2605	0.0210307409492927
1956.8435	0.0215698829203839
1955.4265	0.0222152033828154
1954.0096	0.0222152192817256
1952.5926	0.0228742770317455
1951.1756	0.02230806745277
1949.7586	0.022128001663556
1948.3417	0.022488386983146
1946.9247	0.022563123024805
1945.5077	0.0223053647529544
1944.0907	0.0225974868789054
1942.6738	0.0222893744414626
1941.2568	0.0215842854996439
1939.8398	0.0230972616332255
1938.4228	0.023215809350176
1937.0059	0.0223472410340479
1935.5889	0.022621673997526
1934.1719	0.0223271613866102
1932.7549	0.0219076172830142
1931.338	0.0224518378209958
1929.921	0.0225470572783508
1928.504	0.0223138891371871
1927.087	0.0231737475009407
1925.67	0.0229843792267087
1924.2531	0.0234284885921198
1922.8361	0.0228727346850168
1921.4191	0.023110887722327
1920.0021	0.0225702792935438
1918.5852	0.0238922018050568
1917.1682	0.0224889713374086
1915.7512	0.0234802466706282
1914.3342	0.0229697491191902
1912.9173	0.0224665272325757
1911.5003	0.0235415436282996
1910.0833	0.023540708595353
1908.6663	0.0238839342675845
1907.2494	0.0231364322510335
1905.8324	0.0229405464092078
1904.4154	0.0233948508894055
1902.9984	0.0236757751155196
1901.5815	0.0223111541482253
1900.1645	0.0225463119361416
1898.7475	0.0237990214425741
1897.3305	0.0232185918349085
1895.9136	0.0233166014081632
1894.4966	0.02354091273501
1893.0796	0.0234718549498451
1891.6626	0.0230447927304639
1890.2457	0.0230248722815886
1888.8287	0.0229079424982045
1887.4117	0.0237720080043747
1885.9947	0.0232614542922965
1884.5778	0.0233415187811542
1883.1608	0.0227874729990285
1881.7438	0.0225901616013977
1880.3268	0.0229038718146838
1878.9098	0.0229875656314892
1877.4929	0.0231932816692089
1876.0759	0.0232049969825699
1874.6589	0.0231419507967907
1873.2419	0.0232039998350844
1871.825	0.0222815107690333
1870.408	0.0225139561439991
1868.991	0.0229127683179762
1867.574	0.0231578271679084
1866.1571	0.0217873567463224
1864.7401	0.0229490436113612
1863.3231	0.0231172879357682
1861.9061	0.0234270594708131
1860.4892	0.0232052427198845
1859.0722	0.0227094628830875
1857.6552	0.023482964495574
1856.2382	0.0225620257275029
1854.8213	0.0230375730549769
1853.4043	0.0234931168997475
1851.9873	0.0227968750917414
1850.5703	0.0228184972770481
1849.1534	0.0222822686209049
1847.7364	0.0228364281432686
1846.3194	0.0227747878394404
1844.9024	0.0226097908617337
1843.4855	0.0235069737663697
1842.0685	0.0228228423318919
1840.6515	0.0230125363309033
1839.2345	0.0228914846503142
1837.8176	0.0224455899910554
1836.4006	0.022434167205304
1834.9836	0.0217082064210466
1833.5666	0.022113289065793
1832.1496	0.0224101932641922
1830.7327	0.0230113467130695
1829.3157	0.0230277481032357
1827.8987	0.0233273284876917
1826.4817	0.023086592877512
1825.0648	0.0223738888090431
1823.6478	0.022791662337641
1822.2308	0.0224525307123019
1820.8138	0.0215762625237063
1819.3969	0.0229060538573726
1817.9799	0.0223626596562896
1816.5629	0.0223129676927781
1815.1459	0.0220043813928742
1813.729	0.0216391261460281
1812.312	0.0229469863473311
1810.895	0.0226705746230176
1809.478	0.0227043575601079
1808.0611	0.0222859257617962
1806.6441	0.0218575691650374
1805.2271	0.0222970405913346
1803.8101	0.0229832975526964
1802.3932	0.0228497272855531
1800.9762	0.0222599897489786
1799.5592	0.0223437076903711
1798.1422	0.0217785607304932
1796.7253	0.0221206539669924
1795.3083	0.0221799811359925
1793.8913	0.02326472882096
1792.4743	0.0215281110496371
1791.0574	0.0213651005591526
1789.6404	0.0232259596067863
1788.2234	0.0221270262157344
1786.8064	0.022419417368576
1785.3894	0.022171366756525
1783.9725	0.0228701594555736
1782.5555	0.022694112416173
1781.1385	0.023014555806446
1779.7215	0.0220895300075357
1778.3046	0.0223278668064895
1776.8876	0.0224483381633523
1775.4706	0.0226578448186811
1774.0536	0.0228930110529402
1772.6367	0.0227062127856888
1771.2197	0.0226481379539167
1769.8027	0.0224445160116295
1768.3857	0.0219379077066885
1766.9688	0.0237490278890032
1765.5518	0.0223026353034655
1764.1348	0.0233860112482687
1762.7178	0.0236301316600613
1761.3009	0.023681140904857
1759.8839	0.0231187980416501
1758.4669	0.0233626266608047
1757.0499	0.0235527545473994
1755.633	0.0233589474987191
1754.216	0.0238189719004689
1752.799	0.0234214030424965
1751.382	0.0237566652536887
1749.9651	0.0236308585680522
1748.5481	0.0236406649547873
1747.1311	0.0240260306494789
1745.7141	0.0240005276283096
1744.2972	0.0246226339423385
1742.8802	0.0240837731933356
1741.4632	0.024693174965624
1740.0462	0.0238609782596067
1738.6292	0.0245087641131368
1737.2123	0.0256244718062907
1735.7953	0.0254858442273091
1734.3783	0.0249381423559951
1732.9613	0.0253507553476045
1731.5444	0.025985077843807
1730.1274	0.0262532696037534
1728.7104	0.0263441299339596
1727.2934	0.0268198671316975
1725.8765	0.0266172446692505
1724.4595	0.0266697815132392
1723.0425	0.0269049787612967
1721.6255	0.0270825159791832
1720.2086	0.0273526718207473
1718.7916	0.0274168003805593
1717.3746	0.0280462770591209
1715.9576	0.0283724704783911
1714.5407	0.0279299510567275
1713.1237	0.0290609459501378
1711.7067	0.0278845489157963
1710.2897	0.0287332043944962
1708.8728	0.0293467938635216
1707.4558	0.0287337563504878
1706.0388	0.0298050443134576
1704.6218	0.0294734516929026
1703.2049	0.0295330229228784
1701.7879	0.0292237027164531
1700.3709	0.0298203114354916
1698.9539	0.030575790529363
1697.537	0.0305517220059746
1696.12	0.0304240280794668
1694.703	0.0314247852504494
1693.286	0.0303727583491686
1691.869	0.0307782535168062
1690.4521	0.0299468910373811
1689.0351	0.0308051597510965
1687.6181	0.0318340740282993
1686.2011	0.0316871741555856
1684.7842	0.0320906864375175
1683.3672	0.0315841611804795
1681.9502	0.031517318887108
1680.5332	0.0314342027009433
1679.1163	0.0310837261140594
1677.6993	0.0306360086775949
1676.2823	0.0321265831628793
1674.8653	0.0317333946972725
1673.4484	0.0314834421164697
1672.0314	0.0324064293932249
1670.6144	0.0327904178939325
1669.1974	0.0334425451477209
1667.7805	0.0330298491978444
1666.3635	0.0329171879790539
1664.9465	0.0333889463376233
1663.5295	0.0328196851166762
1662.1126	0.0335638847455119
1660.6956	0.0336133482138786
1659.2786	0.0340435444213289
1657.8616	0.0334520046207989
1656.4447	0.0343058125017284
1655.0277	0.0349053228957729
1653.6107	0.0344230243033194
1652.1937	0.0353683150040588
1650.7768	0.0359996910934499
1649.3598	0.0364547373248101
1647.9428	0.036353511961011
1646.5258	0.0368398857768261
1645.1088	0.0372961745532185
1643.6919	0.0370659719031951
1642.2749	0.0377052588406482
1640.8579	0.0390745821797238
1639.4409	0.0406855006954636
1638.024	0.0409971466804336
1636.607	0.0412055887057681
1635.19	0.0421149679876428
1633.773	0.0425717544337234
1632.3561	0.0424586230947942
1630.9391	0.0433017170099917
1629.5221	0.0436072978477385
1628.1051	0.0431355436718741
1626.6882	0.0430162165639178
1625.2712	0.0444518537093447
1623.8542	0.0445662252467558
1622.4372	0.0454430444619291
1621.0203	0.0450221411863334
1619.6033	0.0456932899245129
1618.1863	0.0454835202637902
1616.7693	0.0463449735422409
1615.3524	0.0462509526749327
1613.9354	0.0460519868810062
1612.5184	0.0470171491335576
1611.1014	0.0471662714301073
1609.6845	0.0473551207681688
1608.2675	0.0483323673916617
1606.8505	0.0489244906418787
1605.4335	0.0497935133320186
1604.0166	0.0500937838315257
1602.5996	0.0501853115270557
1601.1826	0.0512603567914383
1599.7656	0.0509448712053302
1598.3486	0.0517461975418296
1596.9317	0.0503027443549595
1595.5147	0.0496687830026734
1594.0977	0.0495186771903884
1592.6807	0.0499257928291237
1591.2638	0.0504408853321206
1589.8468	0.0489271023958924
1588.4298	0.0482309246852791
1587.0128	0.0484794422372059
1585.5959	0.0480738188786972
1584.1789	0.0476707273372677
1582.7619	0.0469767403160836
1581.3449	0.0464868624508698
1579.928	0.0454010985038514
1578.511	0.0458062310363527
1577.094	0.0448477412862658
1575.677	0.044174881818062
1574.2601	0.0435769966139438
1572.8431	0.042948884495671
1571.4261	0.0429013917091101
1570.0091	0.0421991317818951
1568.5922	0.0426992231877612
1567.1752	0.041781713378949
1565.7582	0.0406137760529196
1564.3412	0.0400852987050005
1562.9243	0.0395132395738914
1561.5073	0.0390537572537843
1560.0903	0.0387883912571293
1558.6733	0.0372589330967898
1557.2564	0.0362308984748079
1555.8394	0.0358683628320942
1554.4224	0.035095129025628
1553.0054	0.0356900253815596
1551.5885	0.0351039304547563
1550.1715	0.0344996453975075
1548.7545	0.0346611847547944
1547.3375	0.0336805262602478
1545.9205	0.0330419164886876
1544.5036	0.0324782346857407
1543.0866	0.0332873025961813
1541.6696	0.0325588084737848
1540.2526	0.0322665115231863
1538.8357	0.031229218467967
1537.4187	0.0321306987436656
1536.0017	0.031423588848338
1534.5847	0.0309778176923369
1533.1678	0.0309766968749665
1531.7508	0.0307637250268488
1530.3338	0.0316674145189706
1528.9168	0.0313551267711694
1527.4999	0.0317254186658028
1526.0829	0.0317680244284652
1524.6659	0.0324119391661789
1523.2489	0.0328634039619789
1521.832	0.0339668038713231
1520.415	0.0342208751147912
1518.998	0.0354186320281509
1517.581	0.0361855408339908
1516.1641	0.0380405016437143
1514.7471	0.0380296769280018
1513.3301	0.0385619005994939
1511.9131	0.0390184725010033
1510.4962	0.040094794328072
1509.0792	0.0391366634894607
1507.6622	0.0398580274194609
1506.2452	0.0392201327907824
1504.8283	0.0386411163795814
1503.4113	0.0383179813931569
1501.9943	0.0376139224336086
1500.5773	0.0367530413054686
1499.1603	0.0357737856535446
1497.7434	0.0348685555732801
1496.3264	0.0338055660641665
1494.9094	0.0336831733520906
1493.4924	0.0330071913835884
1492.0755	0.0329932322880195
1490.6585	0.0320714640179586
1489.2415	0.0331740041096087
1487.8245	0.0334403937907517
1486.4076	0.0327004608977697
1484.9906	0.0331594243200341
1483.5736	0.0346294319985877
1482.1566	0.0342646869140206
1480.7397	0.0355715350953834
1479.3227	0.0356864701564408
1477.9057	0.0364199053838999
1476.4887	0.0364215246124484
1475.0718	0.0361157802016103
1473.6548	0.0362507445401524
1472.2378	0.0368206747657503
1470.8208	0.0378384115808769
1469.4039	0.0388248977662015
1467.9869	0.0391868943040842
1466.5699	0.0401202185063257
1465.1529	0.041569710339173
1463.736	0.0418304258627615
1462.319	0.041629613769816
1460.902	0.0429585987766717
1459.485	0.0435901500215228
1458.0681	0.0435926971691859
1456.6511	0.0448209746014904
1455.2341	0.0457773173298507
1453.8171	0.0457060662120446
1452.4001	0.0456486388626316
1450.9832	0.0452893371997335
1449.5662	0.0454932557704947
1448.1492	0.0460827968766969
1446.7322	0.0467702495611561
1445.3153	0.0470446782870543
1443.8983	0.046190442950575
1442.4813	0.0470747229724413
1441.0643	0.0464965167794368
1439.6474	0.0467190381708691
1438.2304	0.0472338580716251
1436.8134	0.04764621710569
1435.3964	0.04688669487936
1433.9795	0.0478219479553315
1432.5625	0.0476879385083592
1431.1455	0.0481742304486234
1429.7285	0.0499105781893581
1428.3116	0.0505153659818977
1426.8946	0.049644353930419
1425.4776	0.0508271674670613
1424.0606	0.0507217349665434
1422.6437	0.0504468509522319
1421.2267	0.0510331037833037
1419.8097	0.0511069267647333
1418.3927	0.0521600789298073
1416.9758	0.0520985792855838
1415.5588	0.053267639406495
1414.1418	0.0523599700012782
1412.7248	0.0520609942645673
1411.3079	0.0526839068045214
1409.8909	0.0527465196058311
1408.4739	0.052957004853916
1407.0569	0.0535294669268723
1405.6399	0.0531125607528475
1404.223	0.0534842292513601
1402.806	0.0525626807793824
1401.389	0.0530257994740842
1399.972	0.0530853348349883
1398.5551	0.0535148528523081
1397.1381	0.0532290005193055
1395.7211	0.053825705479861
1394.3041	0.0543123298467743
1392.8872	0.0542042670647656
1391.4702	0.0546783680860894
1390.0532	0.0546900512926296
1388.6362	0.0562474640393475
1387.2193	0.0562009705821979
1385.8023	0.0574684398681239
1384.3853	0.0568132971462929
1382.9683	0.0572185502001567
1381.5514	0.0574205407715011
1380.1344	0.0569609586785359
1378.7174	0.0566200914962581
1377.3004	0.0557706978826816
1375.8835	0.0562399878927371
1374.4665	0.057616288080291
1373.0495	0.0569206549569148
1371.6325	0.0576325546375666
1370.2156	0.0575322191227827
1368.7986	0.0580674364574121
1367.3816	0.0586035317275132
1365.9646	0.0596885745007707
1364.5477	0.0597200939941913
1363.1307	0.0602463407664518
1361.7137	0.0604282426757681
1360.2967	0.0597496103377245
1358.8797	0.061353555776034
1357.4628	0.0593031140899607
1356.0458	0.0584509293032692
1354.6288	0.0580433606421552
1353.2118	0.0570318973662713
1351.7949	0.0570783645020673
1350.3779	0.0576677902708642
1348.9609	0.0566358325417811
1347.5439	0.0568200716097954
1346.127	0.0561692512741898
1344.71	0.0580127159292542
1343.293	0.0569391496897702
1341.876	0.0574270743753562
1340.4591	0.0580960656676786
1339.0421	0.0582404888036538
1337.6251	0.0581351543952189
1336.2081	0.0575636002762431
1334.7912	0.0574658950940285
1333.3742	0.0577612872136911
1331.9572	0.058256496056163
1330.5402	0.0576625606371376
1329.1233	0.0570388858642382
1327.7063	0.0569867713142866
1326.2893	0.0556784300540469
1324.8723	0.0548866924121141
1323.4554	0.0545212840637598
1322.0384	0.0547863495657561
1320.6214	0.0536955385785627
1319.2044	0.0540611675938055
1317.7875	0.0534549874667253
1316.3705	0.0521156590638502
1314.9535	0.052446412215161
1313.5365	0.0523596840567527
1312.1195	0.0517927407242955
1310.7026	0.0518202659635847
1309.2856	0.0509404047091237
1307.8686	0.0512427947283332
1306.4516	0.0523866283848652
1305.0347	0.0510496160403732
1303.6177	0.0518527938885831
1302.2007	0.0519661458302645
1300.7837	0.0514873547732686
1299.3668	0.0520841938928767
1297.9498	0.0524161091554014
1296.5328	0.0520049523130072
1295.1158	0.0515143713382914
1293.6989	0.0520151565455681
1292.2819	0.0517555552073712
1290.8649	0.0510854141262569
1289.4479	0.0518106752029922
1288.031	0.0510382213078395
1286.614	0.0520154996413529
1285.197	0.0519038513885503
1283.78	0.051566621737834
1282.3631	0.0523530439463551
1280.9461	0.0524019709881408
1279.5291	0.0538710027167107
1278.1121	0.0534336157181852
1276.6952	0.0542728588551311
1275.2782	0.0549482602335215
1273.8612	0.0550073072199691
1272.4442	0.0557285479784583
1271.0273	0.0554959442553294
1269.6103	0.0559949429276457
1268.1933	0.0564770798535099
1266.7763	0.0561162392497876
1265.3593	0.0553769934074752
1263.9424	0.0553840012412201
1262.5254	0.0551245978244825
1261.1084	0.0554543965610504
1259.6914	0.0551323802969854
1258.2745	0.0550117638727342
1256.8575	0.0550875035712741
1255.4405	0.0553479638286084
1254.0235	0.0550704758895072
1252.6066	0.0540764516774113
1251.1896	0.054484141563284
1249.7726	0.0546328345115899
1248.3556	0.054479058756189
1246.9387	0.0540888848082034
1245.5217	0.0550602044958093
1244.1047	0.0537606359990171
1242.6877	0.0539657563156383
1241.2708	0.0541992803044809
1239.8538	0.0534947089994641
1238.4368	0.0548612869786936
1237.0198	0.0550481546180952
1235.6029	0.0544206508248691
1234.1859	0.0545797189032317
1232.7689	0.0547631863176836
1231.3519	0.0547267427247532
1229.935	0.0540602194158125
1228.518	0.053421664075676
1227.101	0.052392348816672
1225.684	0.0519406736733702
1224.2671	0.0516137203212917
1222.8501	0.0492953483757103
1221.4331	0.0497376530515085
1220.0161	0.0490275434887159
1218.5991	0.048701618225626
1217.1822	0.0482762194525064
1215.7652	0.0485434985156061
1214.3482	0.0471238861197778
1212.9312	0.0476571452349187
1211.5143	0.0465750306003738
1210.0973	0.0469212943649184
1208.6803	0.0464023246877887
1207.2633	0.0461294107358963
1205.8464	0.0456911775538117
1204.4294	0.0444912426724718
1203.0124	0.0447495713841395
1201.5954	0.0437270674337976
1200.1785	0.0439219799676271
1198.7615	0.044100894380072
1197.3445	0.0431749990378153
1195.9275	0.0426941203171791
1194.5106	0.0422846890171467
1193.0936	0.0421693447079238
1191.6766	0.0414923244457303
1190.2596	0.0411054883314572
1188.8427	0.0393765800935554
1187.4257	0.0396800997939233
1186.0087	0.0394198064997271
1184.5917	0.0393289119920022
1183.1748	0.038821110755243
1181.7578	0.0394297443275495
1180.3408	0.038875659574274
1178.9238	0.0400465106189583
1177.5069	0.038986036385654
1176.0899	0.0397847901244214
1174.6729	0.0410914140096778
1173.2559	0.0424679528191256
1171.8389	0.0423310107857397
1170.422	0.0443904660176306
1169.005	0.0461527030197248
1167.588	0.048252118879565
1166.171	0.0496643840563267
1164.7541	0.0524232232581713
1163.3371	0.0556748961174137
1161.9201	0.0578148928612712
1160.5031	0.061942438847884
1159.0862	0.0639197674978811
1157.6692	0.0665076504763811
1156.2522	0.0696783178127204
1154.8352	0.0727580062530796
1153.4183	0.0738179670582206
1152.0013	0.0755903749968293
1150.5843	0.0767855622107523
1149.1673	0.0776643664997472
1147.7504	0.0786961834994763
1146.3334	0.0774195043885174
1144.9164	0.0778817398284673
1143.4994	0.0781718738723747
1142.0825	0.0770214263336754
1140.6655	0.0751291661320622
1139.2485	0.074183335169695
1137.8315	0.0732367688953103
1136.4146	0.0711561137288014
1134.9976	0.0714182253180391
1133.5806	0.0711055357951093
1132.1636	0.0703027429563093
1130.7467	0.0712262129712036
1129.3297	0.0704277900491928
1127.9127	0.070912368253924
1126.4957	0.0710558505266962
1125.0787	0.0713996940220339
1123.6618	0.0727100642866932
1122.2448	0.0724879215493119
1120.8278	0.0728461862461156
1119.4108	0.0729073594568805
1117.9939	0.073501871222456
1116.5769	0.0739357744617933
1115.1599	0.0741530715953814
1113.7429	0.0745624901555974
1112.326	0.075368892667621
1110.909	0.0754020581594626
1109.492	0.075766700484876
1108.075	0.0770379380096774
1106.6581	0.0771886057310654
1105.2411	0.0778236824794047
1103.8241	0.0787269605660671
1102.4071	0.0795923126592419
1100.9902	0.079478893329418
1099.5732	0.0806110362800224
1098.1562	0.0803735629294391
1096.7392	0.0805614958949143
1095.3223	0.0813371553006305
1093.9053	0.0812884824414188
1092.4883	0.0819690928596111
1091.0713	0.0823336066240342
1089.6544	0.0844970691530861
1088.2374	0.0868086457063909
1086.8204	0.0888726365254767
1085.4034	0.0914012936317958
1083.9865	0.0938540445222149
1082.5695	0.0967950979557133
1081.1525	0.0983423668477441
1079.7355	0.102021678702341
1078.3185	0.10288997540076
1076.9016	0.10473521849277
1075.4846	0.103714300000141
1074.0676	0.103797198359731
1072.6506	0.101944368800502
1071.2337	0.100829002170251
1069.8167	0.0990660239105509
1068.3997	0.0967604287959026
1066.9827	0.0963015999060849
1065.5658	0.0945286766931813
1064.1488	0.0950024928792294
1062.7318	0.0963112291237345
1061.3148	0.0958187166795473
1059.8979	0.0981987328013208
1058.4809	0.0996900028611823
1057.0639	0.100846184917416
1055.6469	0.103103841625491
1054.23	0.105034777423817
1052.813	0.105729149945688
1051.396	0.108668978685549
1049.979	0.110630040070006
1048.5621	0.113213081513187
1047.1451	0.115137474729369
1045.7281	0.117071222237999
1044.3111	0.119372699799926
1042.8942	0.120647282117624
1041.4772	0.123231212023498
1040.0602	0.124912738806586
1038.6432	0.127518883017427
1037.2263	0.129295430595269
1035.8093	0.130890840728326
1034.3923	0.132888598532594
1032.9753	0.136163095002215
1031.5583	0.137916081460824
1030.1414	0.139662950136947
1028.7244	0.142885607418937
1027.3074	0.144339324811954
1025.8904	0.147414808451503
1024.4735	0.14922428673226
1023.0565	0.151595046393296
1021.6395	0.153264796991653
1020.2225	0.154957617125034
1018.8056	0.15766963695459
1017.3886	0.158005017315434
1015.9716	0.159127136179989
1014.5546	0.160963644145626
1013.1377	0.161031469242047
1011.7207	0.161314523386309
1010.3037	0.161722041744361
1008.8867	0.16142077289725
1007.4698	0.161682367892319
1006.0528	0.162534435119083
1004.6358	0.163167014683458
1003.2188	0.16421225092281
1001.8019	0.163856835007478
1000.3849	0.164707169331687
998.9679	0.166438244729961
997.5509	0.167000018536066
996.134	0.167872531039911
994.717	0.167707948232737
993.3	0.169681781997926
991.883	0.168441613127046
990.4661	0.169264347264648
989.0491	0.1696906402005
987.6321	0.168341840588765
986.2151	0.167578182335205
984.7981	0.165924773820392
983.3812	0.164054943909918
981.9642	0.162605586691608
980.5472	0.160637096670819
979.1302	0.157779299056654
977.7133	0.155225941474004
976.2963	0.151805369110649
974.8793	0.15003521213546
973.4623	0.146467797969293
972.0454	0.143606022630712
970.6284	0.140013758748486
969.2114	0.136817795176632
967.7944	0.133330058435618
966.3775	0.131161457632497
964.9605	0.127183968994481
963.5435	0.124935601402899
962.1265	0.122662436732715
960.7096	0.119642505950443
959.2926	0.117756705824244
957.8756	0.11552568679281
956.4586	0.112612275969431
955.0417	0.109652295315501
953.6247	0.107710973519122
952.2077	0.105450746177989
950.7907	0.10373785522995
949.3738	0.102184652328494
947.9568	0.0997915254855651
946.5398	0.10006949807537
945.1228	0.0983817408722675
943.7059	0.0986497676290254
942.2889	0.0979576562586038
940.8719	0.0991182323616853
939.4549	0.0991523198359918
938.0379	0.0998485635049345
936.621	0.0985907529082366
935.204	0.0994608501300818
933.787	0.100460128680208
932.37	0.0998398438840975
930.9531	0.100039107639101
929.5361	0.100595396780422
928.1191	0.0998704426673293
926.7021	0.0995027244402861
925.2852	0.0989672937056064
923.8682	0.0990879311637596
922.4512	0.0989400105512176
921.0342	0.0990198670723975
919.6173	0.0978730488333328
918.2003	0.097668758993488
916.7833	0.0969433618854922
915.3663	0.0962201332079001
913.9494	0.0960266851632889
912.5324	0.0954931978091044
911.1154	0.0947290593740266
909.6984	0.0939978439849633
908.2815	0.0931514535403167
906.8645	0.0908932817056329
905.4475	0.0893432637554594
904.0305	0.087907171705654
902.6136	0.0878158875688004
901.1966	0.087373771582588
899.7796	0.0872624977409963
898.3626	0.0868174944354524
896.9457	0.0859791461934134
895.5287	0.0847407138481983
894.1117	0.0843458064256524
892.6947	0.0845231954671605
891.2777	0.0838615798137146
889.8608	0.0831083037738212
888.4438	0.0818783254701873
887.0268	0.0810826442464899
885.6098	0.0807522296261809
884.1929	0.0801702353834942
882.7759	0.0787021001150486
881.3589	0.0769710831410664
879.9419	0.0772649263247858
878.525	0.0761668703839019
877.108	0.0768688098118503
875.691	0.076402596770114
874.274	0.0764581939587337
872.8571	0.0767154352644897
871.4401	0.0770516331371175
870.0231	0.0775011013259369
868.6061	0.0776646531573278
867.1892	0.0783189288770863
865.7722	0.0792499134096849
864.3552	0.079858347526285
862.9382	0.0793348588131122
861.5213	0.0804258238778497
860.1043	0.0811476418378011
858.6873	0.0803997044179847
857.2703	0.0808438351019407
855.8534	0.0814258781515187
854.4364	0.0815199218209428
853.0194	0.0810222163069668
851.6024	0.0815724591876255
850.1855	0.0818105589830644
848.7685	0.081726960389599
847.3515	0.0815046362598915
845.9345	0.0814416633187871
844.5175	0.081125996278317
843.1006	0.0812366988599647
841.6836	0.0810449220593378
840.2666	0.0804621680191798
838.8496	0.0801408848802614
837.4327	0.0795859026339157
836.0157	0.0793353753371782
834.5987	0.077429072787598
833.1817	0.0774221438574877
831.7648	0.0764063157614575
830.3478	0.0763118035878214
828.9308	0.076946332278718
827.5138	0.0758326466242726
826.0969	0.0751120999797326
824.6799	0.0750749627673845
823.2629	0.0749489074277136
821.8459	0.0742328834559861
820.429	0.0740131515298815
819.012	0.0746507118566577
817.595	0.0740798073917744
816.178	0.0744380555333684
814.7611	0.0739617612232481
813.3441	0.0730586341297033
811.9271	0.0734607216989371
810.5101	0.0726409775703921
809.0932	0.072323493321981
807.6762	0.0724218285528755
806.2592	0.0720794385666462
804.8422	0.0728487338280552
803.4253	0.0716508625165444
802.0083	0.0716306967053056
800.5913	0.0716930965704689
799.1743	0.0719694599218702
797.7573	0.0723652907342763
796.3404	0.0723094069471687
794.9234	0.0721600449295658
793.5064	0.0719231622030395
792.0894	0.0728767263763691
790.6725	0.0730109907823835
789.2555	0.0736719191511507
787.8385	0.0735551942017609
786.4215	0.0735709218541151
785.0046	0.0739520929935434
783.5876	0.075356974203321
782.1706	0.0746080009821781
780.7536	0.0755265143499966
779.3367	0.0756137864942525
777.9197	0.076942899897604
776.5027	0.0768250101121962
775.0857	0.0785720279569534
773.6688	0.0787553213322622
772.2518	0.0792614562131163
770.8348	0.0811495427560422
769.4178	0.0818785181640313
768.0009	0.0832559771775245
766.5839	0.0842141369460923
765.1669	0.0846177877422333
763.7499	0.0855125041871344
762.333	0.0853611475037946
760.916	0.0866195195544928
759.499	0.0860007138028759
758.082	0.0852903337513348
756.6651	0.0850831767288714
755.2481	0.0847184897173379
753.8311	0.084623674352422
752.4141	0.0842934351537922
750.9971	0.0839839036549274
749.5802	0.0826670496386854
748.1632	0.0812441153671462
746.7462	0.0818435999652602
745.3292	0.0810318467223159
743.9123	0.0796865374177754
742.4953	0.0790668753595153
741.0783	0.0794498363508396
739.6613	0.0784475097785644
738.2444	0.0785895378377566
736.8274	0.0777674178401963
735.4104	0.0777304686344083
733.9934	0.0779225892024247
732.5765	0.0790464644872326
731.1595	0.0790457786927962
729.7425	0.0789186135124963
728.3255	0.0794645873184169
726.9086	0.0799400912775318
725.4916	0.0797961184228136
724.0746	0.0806990810306979
722.6576	0.0817018023526685
721.2407	0.0818565466559473
719.8237	0.0822026159165538
718.4067	0.0839535693691455
716.9897	0.0842358246085791
715.5728	0.0853960898680286
714.1558	0.0865470854991336
712.7388	0.086932961303476
711.3218	0.087432375582494
709.9049	0.0884282544093171
708.4879	0.0893875798982326
707.0709	0.0902013922876092
705.6539	0.0908058642183165
704.2369	0.0897726812666667
702.82	0.0906742600587386
701.403	0.0902459895992596
699.986	0.0905259144461659
698.569	0.0901534071826595
697.1521	0.0906195869833269
695.7351	0.0897488693347118
694.3181	0.0889748824139361
692.9011	0.0885022307500528
691.4842	0.088278642538867
690.0672	0.0893711389327015
688.6502	0.0893884274603917
687.2332	0.0885184150053486
685.8163	0.0887342003642011
684.3993	0.0899193153276376
682.9823	0.0892190739027997
681.5653	0.0891839013719588
680.1484	0.0900413089392279
678.7314	0.0895151998023905
677.3144	0.090744446752
675.8974	0.0897749374001983
674.4805	0.0893644667416064
673.0635	0.0900038420182624
671.6465	0.0905469895004663
670.2295	0.0904491899516804
668.8126	0.0903597052836914
667.3956	0.0911404648006525
665.9786	0.0920551521437617
664.5616	0.0919753528810371
663.1447	0.0920571438571908
661.7277	0.0919082530239127
660.3107	0.093160640930829
658.8937	0.0920918915413366
657.4767	0.0944830930340054
656.0598	0.0932218499312867
654.6428	0.0938372853947661
653.2258	0.0936972542999842
651.8088	0.09485277384667
650.3919	0.0948824873092643
648.9749	0.0956373483703138
647.5579	0.0954790973480112
646.1409	0.0962054007878661
644.724	0.0953546409399169
643.307	0.0970474311979704
641.89	0.0969005629774031
640.473	0.0973096606498798
639.0561	0.0967331346198912
637.6391	0.0978567692402971
636.2221	0.0976667136867036
634.8051	0.0979395217159429
633.3882	0.0977201877825962
631.9712	0.0981683217389728
630.5542	0.0981606759651287
629.1372	0.0991210067943203
627.7203	0.0998784522772002
626.3033	0.100218653026667
624.8863	0.101701647728473
623.4693	0.102073575511203
622.0524	0.102607841336726
620.6354	0.103278531529743
619.2184	0.104005583809457
617.8014	0.105325664666207
616.3845	0.107270671037091
614.9675	0.108552843106116
613.5505	0.109740102858196
612.1335	0.10943732480709
610.7165	0.110920790487748
609.2996	0.111847866425578
607.8826	0.111477260365798
606.4656	0.113112089175929
605.0486	0.113377636046746
603.6317	0.113714998983498
602.2147	0.113127376675202
600.7977	0.113477483195805
599.3807	0.114018477085285
597.9638	0.113375297868306
596.5468	0.11354146783655
595.1298	0.113778073591102
593.7128	0.113995440452599
592.2959	0.114279316154341
590.8789	0.114915819782707
589.4619	0.115862603603513
588.0449	0.116397295819708
586.628	0.117008171397061
585.211	0.117904832048938
583.794	0.119528764139299
582.377	0.121393001221757
580.9601	0.123013976057734
579.5431	0.123592591750915
578.1261	0.125694349149902
576.7091	0.125891394480867
575.2922	0.128154385426627
573.8752	0.130204428611962
572.4582	0.130922250705794
571.0412	0.130218394442884
569.6243	0.130423841891292
568.2073	0.130819866632402
566.7903	0.130353051416229
565.3733	0.129649013387888
563.9563	0.128749762362779
562.5394	0.128311205262771
561.1224	0.128788223704926
559.7054	0.128718563762415
558.2884	0.128074718019413
556.8715	0.127969608077039
555.4545	0.12712064031325
554.0375	0.126842930271624
552.6205	0.125985015968574
551.2036	0.125885062881312
549.7866	0.124832060193067
548.3696	0.124530233636983
546.9526	0.124481054329136
545.5357	0.125085475444826
544.1187	0.124228355023543
542.7017	0.124907865340023
541.2847	0.124933552687319
539.8678	0.126256452001574
538.4508	0.12680164646029
537.0338	0.127674972479312
535.6168	0.129317821745014
534.1999	0.128526404119047
532.7829	0.129646235154349
531.3659	0.131818746230626
529.9489	0.13274371659962
528.532	0.133847394803084
527.115	0.134398638670268
525.698	0.135662530536996
524.281	0.136957367870758
522.8641	0.136546245092824
521.4471	0.138000262570496
520.0301	0.137360446935745
518.6131	0.136554893740083
517.1962	0.13714581635937
515.7792	0.137975513354561
514.3622	0.137101246225152
512.9452	0.137274978577708
511.5282	0.136872521618456
510.1113	0.136339851314357
508.6943	0.135858623202995
507.2773	0.136107381168256
505.8603	0.135852179634209
504.4434	0.136273143790007
503.0264	0.135505510679002
501.6094	0.135916843364977
500.1924	0.135451529296762
498.7755	0.135760217984486
497.3585	0.134815922759761
495.9415	0.135046997162013
494.5245	0.134027140692381
493.1076	0.135139741603602
491.6906	0.134658678896664
490.2736	0.134360334734417
488.8566	0.134561496892942
487.4397	0.1349526538411
486.0227	0.134892124366657
484.6057	0.135055227417349
483.1887	0.135352965559648
481.7718	0.134366608914011
480.3548	0.134511092066922
478.9378	0.135572750795096
477.5208	0.135021540229683
476.1039	0.135495734450689
474.6869	0.134737868264283
473.2699	0.135058376103196
471.8529	0.135664638725779
470.436	0.135386245710548
469.019	0.134530368015633
467.602	0.133829755588664
466.185	0.133219577503915
464.768	0.133159456748157
463.3511	0.133049789154568
461.9341	0.132883367239131
460.5171	0.133425866356145
459.1001	0.133473342505113
457.6832	0.133519844194369
456.2662	0.133433353598419
454.8492	0.133602680621473
453.4322	0.132355908369069
452.0153	0.131451056796558
450.5983	0.130846902457767
449.1813	0.132049542432146
447.7643	0.134182981779653
446.3474	0.13459714696461
444.9304	0.135795970114796
443.5134	0.136564827455398
442.0964	0.136563872601367
440.6795	0.138209107752041
439.2625	0.139631619845666
437.8455	0.139955343405172
436.4285	0.14205801977253
435.0116	0.143291999825425
433.5946	0.144075980683694
432.1776	0.143641399455441
430.7606	0.143339401508087
429.3437	0.143134904231881
427.9267	0.142815605723841
426.5097	0.143764707047522
425.0927	0.14561025464614
423.6758	0.145465435844435
422.2588	0.146712617474165
420.8418	0.14738616892103
419.4248	0.147341040697975
418.0078	0.147745936404556
416.5909	0.148739593421115
415.1739	0.148357330722884
413.7569	0.148597764930227
412.3399	0.149426027855853
410.923	0.149445127222686
409.506	0.148730982705866
408.089	0.147731303451517
406.672	0.148228882457462
405.2551	0.148560602961021
403.8381	0.1495036053652
402.4211	0.150949424410471
401.0041	0.150703777037352
