3994.4546	0.0151024496505199
3993.0377	0.014492988152293
3991.6207	0.015138781406896
3990.2037	0.0149091102900774
3988.7867	0.0139678602719837
3987.3698	0.0144630952351514
3985.9528	0.0142977513641258
3984.5358	0.0149505599627585
3983.1188	0.0141933574935005
3981.7019	0.0147680767136645
3980.2849	0.0148184404460521
3978.8679	0.0148682575374843
3977.4509	0.0151750645959771
3976.034	0.0152774992400513
3974.617	0.0142086889509745
3973.2	0.0145604233936967
3971.783	0.0141877117131193
3970.3661	0.0144714543015438
3968.9491	0.0148166009774319
3967.5321	0.0147807397895174
3966.1151	0.0149608941910289
3964.6982	0.0146198573514484
3963.2812	0.0145986091327252
3961.8642	0.0148847378764024
3960.4472	0.0147007638777168
3959.0303	0.0147543099837709
3957.6133	0.0146222872616316
3956.1963	0.0144392498090275
3954.7793	0.0145283324465852
3953.3624	0.0141856042937014
3951.9454	0.0145089172391653
3950.5284	0.0143855045668703
3949.1114	0.0147052873514098
3947.6944	0.0150783204839879
3946.2775	0.0145015938917958
3944.8605	0.0152049727721739
3943.4435	0.0149356930315717
3942.0265	0.0149541991578465
3940.6096	0.0146064008068054
3939.1926	0.0146429760832812
3937.7756	0.0147004414827802
3936.3586	0.0140829385351505
3934.9417	0.0144441987060643
3933.5247	0.0144242224703067
3932.1077	0.0140921337046593
3930.6907	0.0148540819218914
3929.2738	0.0142919186282907
3927.8568	0.0148848747081435
3926.4398	0.0141998574337253
3925.0228	0.0140481815920748
3923.6059	0.0142434023006898
3922.1889	0.0147699943511875
3920.7719	0.0143424991025991
3919.3549	0.014471454978796
3917.938	0.0140052277608232
3916.521	0.0143018896661696
3915.104	0.0143786945734594
3913.687	0.0140540034482486
3912.2701	0.0146406212202405
3910.8531	0.0143612546003811
3909.4361	0.0137648371126894
3908.0191	0.0141964478379578
3906.6022	0.0140209024914478
3905.1852	0.0137471204636736
3903.7682	0.0142020896153391
3902.3512	0.0147032067907966
3900.9342	0.0138939816806928
3899.5173	0.0140718952997604
3898.1003	0.0143783668974936
3896.6833	0.01415416332112
3895.2663	0.014061280913571
3893.8494	0.0142733717006658
3892.4324	0.0144266547846595
3891.0154	0.0143355417138875
3889.5984	0.0139034090470588
3888.1815	0.0143954797800421
3886.7645	0.0138849300252832
3885.3475	0.0144483925693998
3883.9305	0.0135207430663832
3882.5136	0.0140260555541584
3881.0966	0.0144465578206807
3879.6796	0.0142493566233373
3878.2626	0.0142827995910036
3876.8457	0.0135154020271253
3875.4287	0.0148831264545629
3874.0117	0.0141504173755978
3872.5947	0.0143206963950416
3871.1778	0.0137241869638348
3869.7608	0.0143811959856827
3868.3438	0.0148566286919525
3866.9268	0.0144392834932734
3865.5099	0.0146186219887091
3864.0929	0.0142001717296133
3862.6759	0.0143466071968159
3861.2589	0.0141210405320666
3859.842	0.014317067818174
3858.425	0.0147746489347422
3857.008	0.0140243366178716
3855.591	0.014233068626364
3854.174	0.0142043757173621
3852.7571	0.0142739590516032
3851.3401	0.0145570757645914
3849.9231	0.0140674956547998
3848.5061	0.0145078830943616
3847.0892	0.0136192836647901
3845.6722	0.0145217194037463
3844.2552	0.0138519188420111
3842.8382	0.0135266564634574
3841.4213	0.0134552787556448
3840.0043	0.0141513670510865
3838.5873	0.0140173957372924
3837.1703	0.0135989026728339
3835.7534	0.0140811720783041
3834.3364	0.0141277861991652
3832.9194	0.0139486629805451
3831.5024	0.0141074041366832
3830.0855	0.0140671869873704
3828.6685	0.0139001335606961
3827.2515	0.0141095448418207
3825.8345	0.0143617027809637
3824.4176	0.0142723651893389
3823.0006	0.0145641573331937
3821.5836	0.0136613998848979
3820.1666	0.0140626026385815
3818.7497	0.0142667661631487
3817.3327	0.013458564654243
3815.9157	0.0134342420909053
3814.4987	0.0144687997320126
3813.0818	0.0141726735812161
3811.6648	0.0143123676202202
3810.2478	0.0134327779031203
3808.8308	0.0138352182886059
3807.4138	0.0137359232576062
3805.9969	0.0140402711000673
3804.5799	0.0136995216382223
3803.1629	0.0138369124254684
3801.7459	0.0140748150598721
3800.329	0.0140872257073491
3798.912	0.0135069559441237
3797.495	0.0142817651942435
3796.078	0.0134516069760946
3794.6611	0.0135379905291297
3793.2441	0.0138795946220361
3791.8271	0.0139367471331125
3790.4101	0.0133107762858137
3788.9932	0.0140560839045003
3787.5762	0.0136745257588608
3786.1592	0.0135541050454364
3784.7422	0.0131980845609401
3783.3253	0.0137215264523976
3781.9083	0.0136848420304217
3780.4913	0.0133322427323437
3779.0743	0.0135811497098876
3777.6574	0.0136858071751489
3776.2404	0.0139621264925466
3774.8234	0.0132874814597926
3773.4064	0.0132082172075916
3771.9895	0.0132185507365664
3770.5725	0.013338564545278
3769.1555	0.0137951589269828
3767.7385	0.0137938270985854
3766.3216	0.012953774463795
3764.9046	0.0134095808421476
3763.4876	0.0137707728818843
3762.0706	0.0138970749680695
3760.6536	0.0134989650142099
3759.2367	0.0139366719135384
3757.8197	0.0132913246760548
3756.4027	0.0132587511502419
3754.9857	0.0137990816425391
3753.5688	0.0137731664616351
3752.1518	0.0137032682476609
3750.7348	0.0140378310414932
3749.3178	0.0143446638571224
3747.9009	0.0137061298255219
3746.4839	0.0135342041911849
3745.0669	0.0133221177433214
3743.6499	0.0134630792956771
3742.233	0.0132251074209027
3740.816	0.013353898997331
3739.399	0.0134438653016719
3737.982	0.0132606504380626
3736.5651	0.0131589713004881
3735.1481	0.01259267167056
3733.7311	0.0133731185894736
3732.3141	0.0129262491353734
3730.8972	0.0129815464610826
3729.4802	0.0133518264076445
3728.0632	0.0136845215586632
3726.6462	0.0129908105520592
3725.2293	0.0132720791723911
3723.8123	0.0130426801124145
3722.3953	0.0143020853300771
3720.9783	0.0130518920556613
3719.5614	0.0123697942922723
3718.1444	0.0126892001125125
3716.7274	0.0126930883855606
3715.3104	0.0128963719462629
3713.8935	0.0131577076371487
3712.4765	0.0127069358510513
3711.0595	0.0128880804326779
3709.6425	0.0127884894873638
3708.2255	0.0124743941464924
3706.8086	0.0122308041593829
3705.3916	0.0130950432666312
3703.9746	0.0129183138486476
3702.5576	0.0127136746745561
3701.1407	0.0133884267855743
3699.7237	0.0133544031129161
3698.3067	0.0130666678342282
3696.8897	0.0128718380212119
3695.4728	0.0131801566693865
3694.0558	0.0126202914300718
3692.6388	0.0132831662190306
3691.2218	0.0139408863239423
3689.8049	0.0124660870740914
3688.3879	0.0125638582676346
3686.9709	0.013486191173873
3685.5539	0.0123504325094307
3684.137	0.0129945170903846
3682.72	0.0127395424788276
3681.303	0.0131182864642644
3679.886	0.0124349313201407
3678.4691	0.0123145355291946
3677.0521	0.0126821978522198
3675.6351	0.0124879695168716
3674.2181	0.0125009166974257
3672.8012	0.0131085471053744
3671.3842	0.0128184893878621
3669.9672	0.0133318794552467
3668.5502	0.0128628891860382
3667.1333	0.0129935188965593
3665.7163	0.0129670536588702
3664.2993	0.0131269627621993
3662.8823	0.0132245805869291
3661.4653	0.0129747267631838
3660.0484	0.0130173034707738
3658.6314	0.0131337465995241
3657.2144	0.0132504967368837
3655.7974	0.0129720482383591
3654.3805	0.0127630141117835
3652.9635	0.0136434719149545
3651.5465	0.0122474905665456
3650.1295	0.013170723676979
3648.7126	0.0130172864430679
3647.2956	0.0134912560000836
3645.8786	0.0129220989365095
3644.4616	0.0128419219564886
3643.0447	0.0130894330143852
3641.6277	0.0126209555116987
3640.2107	0.0127575047371199
3638.7937	0.0132413693251951
3637.3768	0.0133051493399144
3635.9598	0.0137462936046772
3634.5428	0.0137548472891421
3633.1258	0.013723457345871
3631.7089	0.0139248645487986
3630.2919	0.0138521754875373
3628.8749	0.0139166088452385
3627.4579	0.0139597221552386
3626.041	0.0139342276817187
3624.624	0.0136855089306891
3623.207	0.0134467503677044
3621.79	0.0134395253129841
3620.3731	0.0139117490466454
3618.9561	0.014568497022013
3617.5391	0.0143024644978357
3616.1221	0.0143389699988861
3614.7051	0.0148847930512884
3613.2882	0.0147458654272321
3611.8712	0.0149001790137958
3610.4542	0.0149249190808305
3609.0372	0.0146274737715857
3607.6203	0.0149475910321474
3606.2033	0.0152428100123332
3604.7863	0.0152721621571559
3603.3693	0.0155210581077275
3601.9524	0.014478964535838
3600.5354	0.0163632143537929
3599.1184	0.0153246238345199
3597.7014	0.0163064282799945
3596.2845	0.0155850431114551
3594.8675	0.0158650123795664
3593.4505	0.016504099239025
3592.0335	0.0159775199329289
3590.6166	0.0164511621424533
3589.1996	0.0166668140983825
3587.7826	0.0165913824877788
3586.3656	0.0166351770333637
3584.9487	0.0164541627819323
3583.5317	0.0164023828574748
3582.1147	0.0165775804014015
3580.6977	0.0166372389562369
3579.2808	0.0166493597988994
3577.8638	0.0171624551046248
3576.4468	0.0174259348706867
3575.0298	0.0174547028698794
3573.6129	0.0182292907106879
3572.1959	0.018259719533481
3570.7789	0.0182277782985828
3569.3619	0.0188656353062945
3567.9449	0.0181705639218467
3566.528	0.018980734685002
3565.111	0.018711533005556
3563.694	0.0192271480027149
3562.277	0.0196678865382306
3560.8601	0.0189722654409381
3559.4431	0.019372018251893
3558.0261	0.019316760988619
3556.6091	0.0193927082674142
3555.1922	0.0203996383305982
3553.7752	0.020496561263235
3552.3582	0.0204477311881353
3550.9412	0.0204462725513465
3549.5243	0.0204897482937258
3548.1073	0.0204977341238821
3546.6903	0.0212419638898063
3545.2733	0.020622646365368
3543.8564	0.0216763210037849
3542.4394	0.0215767595226511
3541.0224	0.0209243069053149
3539.6054	0.0226498603797905
3538.1885	0.0221447646602049
3536.7715	0.0222145768515226
3535.3545	0.0225380971568739
3533.9375	0.0229178378365336
3532.5206	0.0229795303333316
3531.1036	0.0234267670867239
3529.6866	0.0234012028557178
3528.2696	0.023807378282105
3526.8527	0.0238510120046036
3525.4357	0.0235767588292634
3524.0187	0.024197499234325
3522.6017	0.0240194475343849
3521.1847	0.0241951030570588
3519.7678	0.0250610623580867
3518.3508	0.02440872101172
3516.9338	0.0253314497893998
3515.5168	0.0256230265542254
3514.0999	0.0260206382570307
3512.6829	0.025850853479097
3511.2659	0.0261126588933237
3509.8489	0.0262785611519003
3508.432	0.0269957076594029
3507.015	0.0274657413400009
3505.598	0.0260873141045957
3504.181	0.027223291658817
3502.7641	0.027484562953964
3501.3471	0.0276546860227917
3499.9301	0.0279765292754257
3498.5131	0.0283047281249234
3497.0962	0.0279327519806313
3495.6792	0.0285687409624705
3494.2622	0.0285833112642535
3492.8452	0.0290127566134744
3491.4283	0.0286492704537264
3490.0113	0.0290925701204496
3488.5943	0.029325732334812
3487.1773	0.0294150303910211
3485.7604	0.0295536954371773
3484.3434	0.0299140093673938
3482.9264	0.0299060440384944
3481.5094	0.0306946406195058
3480.0925	0.0302504406788315
3478.6755	0.0306339174583612
3477.2585	0.0307119725639474
3475.8415	0.0305958305373756
3474.4245	0.0312040041841095
3473.0076	0.0312065199752624
3471.5906	0.0326096700630607
3470.1736	0.0310283406791917
3468.7566	0.0327917923996531
3467.3397	0.0317371210712091
3465.9227	0.0330281506253972
3464.5057	0.0327399476192208
3463.0887	0.0332922481018701
3461.6718	0.0325514573576568
3460.2548	0.0328325581712133
3458.8378	0.0335385276712169
3457.4208	0.0337390391772241
3456.0039	0.0331405913672838
3454.5869	0.0341315357978526
3453.1699	0.0344894712267295
3451.7529	0.0344176860136791
3450.336	0.0345861356345769
3448.919	0.0345385389655384
3447.502	0.0347538722309261
3446.085	0.0350456412982777
3444.6681	0.0355066322040046
3443.2511	0.0355790178552037
3441.8341	0.0359335908589761
3440.4171	0.0357625314042447
3439.0002	0.0358384157831024
3437.5832	0.0359483823371388
3436.1662	0.0366121160897329
3434.7492	0.0369521053421709
3433.3323	0.03661067476271
3431.9153	0.0372329019366007
3430.4983	0.0368348219925429
3429.0813	0.0371784454984954
3427.6643	0.0377522177253053
3426.2474	0.0381957538204722
3424.8304	0.0370781569337105
3423.4134	0.0381354143241451
3421.9964	0.038267903579674
3420.5795	0.0379829253486569
3419.1625	0.0381389766140451
3417.7455	0.0385695461839285
3416.3285	0.0391863096543354
3414.9116	0.0386847834518638
3413.4946	0.0388072155475127
3412.0776	0.038965813610407
3410.6606	0.0396508894952336
3409.2437	0.0393264033096542
3407.8267	0.0392245483509643
3406.4097	0.0396074204775715
3404.9927	0.0398821088838714
3403.5758	0.0400039262753697
3402.1588	0.0407471096097384
3400.7418	0.0401143001130982
3399.3248	0.0407506357087032
3397.9079	0.0405060473814648
3396.4909	0.0409009183872583
3395.0739	0.0412061762632071
3393.6569	0.0412872132981472
3392.24	0.0412239827749153
3390.823	0.0411297279605483
3389.406	0.0418177980016544
3387.989	0.0420562518374059
3386.5721	0.0418726960872895
3385.1551	0.0417137215072603
3383.7381	0.0422020395153934
3382.3211	0.0418810986434751
3380.9041	0.042651311311481
3379.4872	0.0428088336444742
3378.0702	0.0426439359014819
3376.6532	0.0423887745907588
3375.2362	0.042899065877841
3373.8193	0.0428653095392032
3372.4023	0.043026425614041
3370.9853	0.0437282494745638
3369.5683	0.0438638807034303
3368.1514	0.0430869932859907
3366.7344	0.0435612350544922
3365.3174	0.0440666267187828
3363.9004	0.0437594877790935
3362.4835	0.0443323456211022
3361.0665	0.0443669341168811
3359.6495	0.0441276798632617
3358.2325	0.0447760123955664
3356.8156	0.0442767335160565
3355.3986	0.044353412013822
3353.9816	0.0446413276619407
3352.5646	0.0450106890247814
3351.1477	0.0450929107337158
3349.7307	0.0457925331761576
3348.3137	0.0447413385724024
3346.8967	0.0448163615062059
3345.4798	0.0455683340087544
3344.0628	0.045271524124108
3342.6458	0.0452690757532932
3341.2288	0.0452085615371897
3339.8119	0.0451360608735848
3338.3949	0.0455653182554875
3336.9779	0.0453135683190886
3335.5609	0.0458817605716536
3334.1439	0.045399269146435
3332.727	0.0462555437219667
3331.31	0.0455636201968615
3329.893	0.0462417494490382
3328.476	0.0463057916744109
3327.0591	0.0460495802053903
3325.6421	0.0469470225551473
3324.2251	0.0467434396229029
3322.8081	0.0463359805814324
3321.3912	0.0466501728427469
3319.9742	0.0467585679851827
3318.5572	0.0467341692004725
3317.1402	0.0463157651470331
3315.7233	0.04657423930939
3314.3063	0.0463710976256164
3312.8893	0.0469302956870856
3311.4723	0.0461645414467948
3310.0554	0.0463986766832969
3308.6384	0.0471563928169103
3307.2214	0.0469183372180444
3305.8044	0.0469241190837433
3304.3875	0.0475872252290955
3302.9705	0.0471314291395626
3301.5535	0.0467407532499896
3300.1365	0.0472266911588111
3298.7196	0.0468999485271289
3297.3026	0.0465531855086431
3295.8856	0.0473957091875848
3294.4686	0.0469528947046141
3293.0517	0.0462088950852817
3291.6347	0.0468981589880722
3290.2177	0.0465170506073592
3288.8007	0.0471633323502698
3287.3837	0.0470043067815528
3285.9668	0.0468200449658921
3284.5498	0.0474935412856943
3283.1328	0.0473442130716673
3281.7158	0.0473445594014932
3280.2989	0.0465624525244094
3278.8819	0.0472699337472658
3277.4649	0.047520562521713
3276.0479	0.0475613578518961
3274.631	0.0474485631390245
3273.214	0.047296565786948
3271.797	0.0477890451930915
3270.38	0.0469823145624647
3268.9631	0.0475415900748035
3267.5461	0.0471615158473371
3266.1291	0.0472361206583469
3264.7121	0.0475906687025223
3263.2952	0.0469587603692979
3261.8782	0.0477196480904719
3260.4612	0.0475259762622576
3259.0442	0.0475667759676058
3257.6273	0.0475616071943103
3256.2103	0.0470151611116337
3254.7933	0.0467967992349246
3253.3763	0.0472180560668258
3251.9594	0.0475468534661302
3250.5424	0.047724335782737
3249.1254	0.047430863581467
3247.7084	0.0471543474520191
3246.2915	0.0470175290714834
3244.8745	0.0466435688079836
3243.4575	0.0465762330673319
3242.0405	0.0470370108990409
3240.6235	0.0464638039851969
3239.2066	0.0468394265542543
3237.7896	0.0465490408891126
3236.3726	0.0475108292427363
3234.9556	0.0467186065189948
3233.5387	0.0467670650394622
3232.1217	0.0466294128562595
3230.7047	0.0468419537490374
3229.2877	0.0469060610435033
3227.8708	0.0473267217100208
3226.4538	0.04594758831918
3225.0368	0.0465664055272092
3223.6198	0.0465180105637034
3222.2029	0.0464093803150352
3220.7859	0.0461005064423983
3219.3689	0.0463132160234315
3217.9519	0.0463497556148438
3216.535	0.0467689944714691
3215.118	0.0456476854912386
3213.701	0.045961977844655
3212.284	0.046376353313851
3210.8671	0.0452921448984545
3209.4501	0.0458736987373338
3208.0331	0.0459432905058002
3206.6161	0.0466217304326653
3205.1992	0.0449083652556585
3203.7822	0.0455009664992699
3202.3652	0.0453063242453546
3200.9482	0.0448340237975876
3199.5313	0.0454652802857882
3198.1143	0.0452831994003544
3196.6973	0.0457386258354007
3195.2803	0.0448791299640902
3193.8633	0.0452768608014216
3192.4464	0.0447515170868675
3191.0294	0.0445965473257437
3189.6124	0.0445372142343849
3188.1954	0.0447191253456147
3186.7785	0.0445322888118906
3185.3615	0.0438894118212429
3183.9445	0.0439537042370536
3182.5275	0.0440810613077736
3181.1106	0.0437220200121911
3179.6936	0.0434397887757838
3178.2766	0.044538799775716
3176.8596	0.0432993704569348
3175.4427	0.0435858286026829
3174.0257	0.0434076161496354
3172.6087	0.0436443662920223
3171.1917	0.0433721072534797
3169.7748	0.0433464802661664
3168.3578	0.043297961829598
3166.9408	0.0430304459503194
3165.5238	0.0428364392581276
3164.1069	0.0433446143037276
3162.6899	0.0424113734096008
3161.2729	0.0422915648638872
3159.8559	0.0426130907587641
3158.439	0.0416715670271669
3157.022	0.04221640715347
3155.605	0.0427249708739123
3154.188	0.0420074293092691
3152.7711	0.0417536062643838
3151.3541	0.0420860522101664
3149.9371	0.0415478937397895
3148.5201	0.0414696942814081
3147.1031	0.0413694562012048
3145.6862	0.04113489888475
3144.2692	0.0415311648373762
3142.8522	0.0416078583282896
3141.4352	0.0409814096938549
3140.0183	0.0405988817004896
3138.6013	0.0409292200112463
3137.1843	0.0408320698926139
3135.7673	0.0408195240022408
3134.3504	0.0404454030293738
3132.9334	0.0405845067802559
3131.5164	0.0402334193348144
3130.0994	0.0409161904531022
3128.6825	0.0398845217484024
3127.2655	0.040020092415936
3125.8485	0.0397522671808394
3124.4315	0.0395350583942393
3123.0146	0.0392389929564266
3121.5976	0.0395617911768345
3120.1806	0.0390485148776655
3118.7636	0.0385858541458819
3117.3467	0.0387700494189878
3115.9297	0.0385120564630641
3114.5127	0.0388556022186405
3113.0957	0.0383506358541618
3111.6788	0.0391061541233347
3110.2618	0.038476759028708
3108.8448	0.0385295016496176
3107.4278	0.0384634016988212
3106.0109	0.038055427344194
3104.5939	0.0380117314674497
3103.1769	0.0380714662189062
3101.7599	0.037923510976136
3100.3429	0.0380550161517291
3098.926	0.0373160644462587
3097.509	0.0374593794921819
3096.092	0.0375335981230331
3094.675	0.0371785593378807
3093.2581	0.0370644108063722
3091.8411	0.037363403041141
3090.4241	0.0368508804867469
3089.0071	0.0367625564042188
3087.5902	0.035889755484704
3086.1732	0.0363907975280747
3084.7562	0.0363802000024019
3083.3392	0.0365292348792393
3081.9223	0.0359246035400917
3080.5053	0.0360724556423236
3079.0883	0.0359467649751546
3077.6713	0.0357174039764844
3076.2544	0.0359768373125728
3074.8374	0.0358483279340338
3073.4204	0.0360093909989633
3072.0034	0.0353443287144347
3070.5865	0.0354417677009532
3069.1695	0.0358156793501273
3067.7525	0.0344160336592527
3066.3355	0.034710298693557
3064.9186	0.0344697718822303
3063.5016	0.0342443511472512
3062.0846	0.0344000633108751
3060.6676	0.0342004176109863
3059.2507	0.0335553229527323
3057.8337	0.0339539116185203
3056.4167	0.0342113734165482
3054.9997	0.0335057305227141
3053.5827	0.0338925018219754
3052.1658	0.0336736223102914
3050.7488	0.0335793999015433
3049.3318	0.0333014945914765
3047.9148	0.0329308215824817
3046.4979	0.0330705462769756
3045.0809	0.0332932630731744
3043.6639	0.0326130219993013
3042.2469	0.0333199423664632
3040.83	0.0333111043598941
3039.413	0.0334951146700898
3037.996	0.0322890337855376
3036.579	0.0324591223377448
3035.1621	0.031750110810019
3033.7451	0.0315386092581466
3032.3281	0.0322012018915312
3030.9111	0.0318856805443421
3029.4942	0.0313889965267994
3028.0772	0.0310977287648921
3026.6602	0.0316781647872972
3025.2432	0.0308604334703953
3023.8263	0.0315977155124049
3022.4093	0.0311974647499337
3020.9923	0.0309525701127941
3019.5753	0.0313881253044694
3018.1584	0.0305834488606884
3016.7414	0.0309730567209543
3015.3244	0.0305964045543817
3013.9074	0.0312791369313432
3012.4905	0.0305962392250826
3011.0735	0.0309624686318341
3009.6565	0.0310004257303991
3008.2395	0.0311766115478911
3006.8225	0.03048959127943
3005.4056	0.0311611100788716
3003.9886	0.0304607510501538
3002.5716	0.0305280889230145
3001.1546	0.0302442419431425
2999.7377	0.030377530904222
2998.3207	0.0301805743337852
2996.9037	0.0302427514809212
2995.4867	0.0309487809882233
2994.0698	0.0304990140152319
2992.6528	0.0301574211760052
2991.2358	0.0302730480252452
2989.8188	0.0297554381820762
2988.4019	0.0298194990949869
2986.9849	0.0303552879637077
2985.5679	0.0309926293699515
2984.1509	0.0303883062109167
2982.734	0.0310840626804596
2981.317	0.0308310574714282
2979.9	0.0303907525721429
2978.483	0.0304100420200883
2977.0661	0.0304942032437964
2975.6491	0.0304017971998458
2974.2321	0.0308087911865123
2972.8151	0.0311099851887829
2971.3982	0.031766272908579
2969.9812	0.0309925089983113
2968.5642	0.0316176138556169
2967.1472	0.0316612911427145
2965.7303	0.0317378676475042
2964.3133	0.0318802222779606
2962.8963	0.0313539112852615
2961.4793	0.0321460576482683
2960.0623	0.0318823694889159
2958.6454	0.0320096022009452
2957.2284	0.0323650724560943
2955.8114	0.0323949399480463
2954.3944	0.0329338385005091
2952.9775	0.0331993493333463
2951.5605	0.0327660388461265
2950.1435	0.0333910819281037
2948.7265	0.0332792142417271
2947.3096	0.0339128526553451
2945.8926	0.0349891832918802
2944.4756	0.0346951183405439
2943.0586	0.0354381750327697
2941.6417	0.0352339402836337
2940.2247	0.0348429781961667
2938.8077	0.0350882821540827
2937.3907	0.0353832862591262
2935.9738	0.0355672618541659
2934.5568	0.0365405967829264
2933.1398	0.0362868361127154
2931.7228	0.036401763326312
2930.3059	0.0365826391048693
2928.8889	0.0368650352224304
2927.4719	0.0367619026813051
2926.0549	0.0370507684750282
2924.638	0.0370513421576854
2923.221	0.0368930145431907
2921.804	0.0369278902600213
2920.387	0.0367729774285251
2918.9701	0.0374194007311646
2917.5531	0.0363786035739819
2916.1361	0.0366999424903103
2914.7191	0.0368113580911911
2913.3021	0.0362344202648608
2911.8852	0.0369000906375145
2910.4682	0.0366654111041306
2909.0512	0.0369279519376315
2907.6342	0.0366873848702564
2906.2173	0.0365313938127037
2904.8003	0.0359050986097629
2903.3833	0.0367073470264133
2901.9663	0.0363399391961679
2900.5494	0.0368242920350858
2899.1324	0.0366454413029103
2897.7154	0.0366566689853839
2896.2984	0.0359264708719245
2894.8815	0.0367283701021532
2893.4645	0.036673132492391
2892.0475	0.0365817176649344
2890.6305	0.0356736493888278
2889.2136	0.0355539273399038
2887.7966	0.0358911436083274
2886.3796	0.0359909914382531
2884.9626	0.0358996430076449
2883.5457	0.036733092203799
2882.1287	0.0355307930924396
2880.7117	0.0361869282417128
2879.2947	0.0350682463752157
2877.8778	0.0353330490987819
2876.4608	0.0355976867119292
2875.0438	0.0350133462284907
2873.6268	0.0345891917021815
2872.2099	0.0353740281471656
2870.7929	0.0342919397103465
2869.3759	0.0342361104854188
2867.9589	0.0349772429834342
2866.5419	0.0344510185897342
2865.125	0.0341533004777272
2863.708	0.0345994374228974
2862.291	0.0342672571481967
2860.874	0.0329105121814702
2859.4571	0.0337298726404369
2858.0401	0.0332396401859977
2856.6231	0.0334466945475532
2855.2061	0.0329558538545208
2853.7892	0.0327265022453408
2852.3722	0.0327677285795272
2850.9552	0.032863362173979
2849.5382	0.0327083962753946
2848.1213	0.0327849256735237
2846.7043	0.0320791474697029
2845.2873	0.0319178677425813
2843.8703	0.0327569468716386
2842.4534	0.0318860093932748
2841.0364	0.0316151924088084
2839.6194	0.0315289003665025
2838.2024	0.0314714125302756
2836.7855	0.0319107155271858
2835.3685	0.0311239799297173
2833.9515	0.0318997605086801
2832.5345	0.0315995172391113
2831.1176	0.0312100172051234
2829.7006	0.0309623741503277
2828.2836	0.0312175115027554
2826.8666	0.0309428385061029
2825.4497	0.0309937695915845
2824.0327	0.0310421211040413
2822.6157	0.0309149660626613
2821.1987	0.0309082424658607
2819.7817	0.0307575595526888
2818.3648	0.0302440592080361
2816.9478	0.0304069222824339
2815.5308	0.0305002637546863
2814.1138	0.0301344044750689
2812.6969	0.0301278431816194
2811.2799	0.0304097487871961
2809.8629	0.0301053640618116
2808.4459	0.0294908020275855
2807.029	0.0297695823043233
2805.612	0.0293617206968651
2804.195	0.0297800443945592
2802.778	0.0293127217741595
2801.3611	0.0293410768217231
2799.9441	0.0288473853535739
2798.5271	0.0291134674156662
2797.1101	0.0289683943604901
2795.6932	0.030014237941476
2794.2762	0.0292332839430708
2792.8592	0.0290538265461121
2791.4422	0.0291126386047082
2790.0253	0.0292798911716068
2788.6083	0.029943901951903
2787.1913	0.0293688371780254
2785.7743	0.0287976305549368
2784.3574	0.0280814973673622
2782.9404	0.0289247989564946
2781.5234	0.0282709383407474
2780.1064	0.0287419353882712
2778.6895	0.0284011978243138
2777.2725	0.0284890418117323
2775.8555	0.029041336242734
2774.4385	0.0286220073704777
2773.0215	0.0285685548924058
2771.6046	0.0288341785937109
2770.1876	0.0288143791778244
2768.7706	0.0275220330887488
2767.3536	0.0282574768002385
2765.9367	0.0285531819080396
2764.5197	0.0283696285219044
2763.1027	0.0279219453904695
2761.6857	0.0283418118304318
2760.2688	0.0283264578268625
2758.8518	0.0286380669980788
2757.4348	0.0281824786124156
2756.0178	0.0283269327816324
2754.6009	0.0285123086581333
2753.1839	0.0285047278496754
2751.7669	0.0276504637612839
2750.3499	0.0283249116764663
2748.933	0.0278603886933803
2747.516	0.0276468328088284
2746.099	0.0277292202863883
2744.682	0.0276873955482518
2743.2651	0.0284358781783701
2741.8481	0.0281917877107536
2740.4311	0.0276969396868516
2739.0141	0.0277735429274674
2737.5972	0.0275269515729134
2736.1802	0.0276611024278101
2734.7632	0.0274375439983889
2733.3462	0.0275848705638564
2731.9293	0.0276700788013038
2730.5123	0.0277498451312497
2729.0953	0.0276943627788439
2727.6783	0.027304402557643
2726.2613	0.0276421899186733
2724.8444	0.0273369019846526
2723.4274	0.0274781204577879
2722.0104	0.0278145811767749
2720.5934	0.0276496666038914
2719.1765	0.0273732502236261
2717.7595	0.027702466299077
2716.3425	0.0278663574252522
2714.9255	0.0273220125386966
2713.5086	0.0273970649086179
2712.0916	0.0269099910956243
2710.6746	0.0270692876366839
2709.2576	0.026904317439672
2707.8407	0.0267036412052017
2706.4237	0.0270829715922988
2705.0067	0.0272063654357296
2703.5897	0.0269529957711556
2702.1728	0.0272628307138733
2700.7558	0.0263551698109436
2699.3388	0.0262076329091457
2697.9218	0.0273923066050098
2696.5049	0.0268349467227353
2695.0879	0.0272823996144191
2693.6709	0.0268342821195575
2692.2539	0.0271863985586542
2690.837	0.0270215652272077
2689.42	0.0267426862668118
2688.003	0.0269970702996242
2686.586	0.0270996348496435
2685.1691	0.0262651929768483
2683.7521	0.0266858575127826
2682.3351	0.0266191298012011
2680.9181	0.026812423924777
2679.5011	0.0274960113186271
2678.0842	0.0267924137195974
2676.6672	0.0265433922301576
2675.2502	0.026204101166614
2673.8332	0.0268817098770256
2672.4163	0.0267627314225182
2670.9993	0.0264799114477589
2669.5823	0.0268541414494045
2668.1653	0.0265577953821112
2666.7484	0.0262900005276806
2665.3314	0.0266534952327921
2663.9144	0.0263228906556695
2662.4974	0.0265734453933346
2661.0805	0.0266766992085925
2659.6635	0.0262976501958995
2658.2465	0.0266070132006599
2656.8295	0.0266228984048562
2655.4126	0.0262981064429834
2653.9956	0.0263706308636908
2652.5786	0.0259060338769824
2651.1616	0.0260977105059144
2649.7447	0.0261905433932697
2648.3277	0.0270457578389306
2646.9107	0.026658779325493
2645.4937	0.0266875102839977
2644.0768	0.0263494503602114
2642.6598	0.0257381717022064
2641.2428	0.0261012579440703
2639.8258	0.0254854383138341
2638.4089	0.026158348275821
2636.9919	0.0260217479732533
2635.5749	0.0261152949090555
2634.1579	0.0257584495572583
2632.741	0.0259946184183926
2631.324	0.0257089349290326
2629.907	0.026002670918856
2628.49	0.0258664035968322
2627.073	0.0256731884165614
2625.6561	0.025830419947313
2624.2391	0.0250242554840503
2622.8221	0.0255604669852569
2621.4051	0.0251771245230791
2619.9882	0.0254853230806613
2618.5712	0.0244349861532383
2617.1542	0.0253046506516674
2615.7372	0.0249332431493717
2614.3203	0.0247148339183264
2612.9033	0.0245381403147686
2611.4863	0.0248942359518297
2610.0693	0.0248161668784837
2608.6524	0.0249084024871969
2607.2354	0.0258131809317028
2605.8184	0.0252013635284757
2604.4014	0.0249828460293665
2602.9845	0.0249337701821943
2601.5675	0.0248595867539228
2600.1505	0.0246021959408498
2598.7335	0.0252536625792538
2597.3166	0.0249458173965189
2595.8996	0.024900361061308
2594.4826	0.024655988847647
2593.0656	0.024662599680683
2591.6487	0.0246166221381293
2590.2317	0.0249442124244077
2588.8147	0.0242809392814077
2587.3977	0.0247116687736771
2585.9808	0.0245407826352838
2584.5638	0.0249066997195892
2583.1468	0.024857023836085
2581.7298	0.024129036711396
2580.3128	0.0243108457825894
2578.8959	0.0243754934465126
2577.4789	0.0237576419123538
2576.0619	0.0241337678969064
2574.6449	0.0246271110105896
2573.228	0.0242313229012391
2571.811	0.0237736622525005
2570.394	0.0243968222084762
2568.977	0.0237177145769516
2567.5601	0.0244304646864478
2566.1431	0.0242638786230052
2564.7261	0.0239151809100245
2563.3091	0.024380286790788
2561.8922	0.0237946008035937
2560.4752	0.0238086400263342
2559.0582	0.0245074400567033
2557.6412	0.0238060909240035
2556.2243	0.0242214299043164
2554.8073	0.0241482753119278
2553.3903	0.0245113453079809
2551.9733	0.0243017440026126
2550.5564	0.0234646566155272
2549.1394	0.0239402505166523
2547.7224	0.0233237604270405
2546.3054	0.0233950192696662
2544.8885	0.0239386954052384
2543.4715	0.0233152677944216
2542.0545	0.0235779429512416
2540.6375	0.0235602026681104
2539.2206	0.0231053984186197
2537.8036	0.0237522162003424
2536.3866	0.0232417764295711
2534.9696	0.0235317060486929
2533.5526	0.0235886545208445
2532.1357	0.0235740071300683
2530.7187	0.0238011659781593
2529.3017	0.0240467804505467
2527.8847	0.0229777560768569
2526.4678	0.0233308214167064
2525.0508	0.0234539812257284
2523.6338	0.0231727369613152
2522.2168	0.0231527436709635
2520.7999	0.0235299740011938
2519.3829	0.0238461911611011
2517.9659	0.0236367382488383
2516.5489	0.0235940085563037
2515.132	0.0233035584402429
2513.715	0.0234674539510701
2512.298	0.0225433973925286
2510.881	0.0223814003895431
2509.4641	0.0230690284960186
2508.0471	0.023068748871952
2506.6301	0.0230708498610324
2505.2131	0.0237450527888292
2503.7962	0.0231252177574312
2502.3792	0.0233134309633482
2500.9622	0.0230445080145835
2499.5452	0.0231931981612912
2498.1283	0.0231714326706803
2496.7113	0.0234585579290499
2495.2943	0.0225406610967516
2493.8773	0.0224468945637807
2492.4604	0.0230384523079396
2491.0434	0.0228104214141655
2489.6264	0.0227600891343261
2488.2094	0.0225479699199984
2486.7924	0.0228009880117973
2485.3755	0.0223432884082804
2483.9585	0.023200264925798
2482.5415	0.0230594210644219
2481.1245	0.0221323212826246
2479.7076	0.0227276048803
2478.2906	0.0225276772091335
2476.8736	0.0232492247917465
2475.4566	0.022790804769555
2474.0397	0.0225746838160997
2472.6227	0.0227341629958901
2471.2057	0.0226391799631388
2469.7887	0.0230276368987597
2468.3718	0.0233615428702381
2466.9548	0.0223122661776688
2465.5378	0.0229833693162997
2464.1208	0.0222267686839556
2462.7039	0.0224104753346384
2461.2869	0.0231104054256177
2459.8699	0.0228051757041619
2458.4529	0.0229696255913926
2457.036	0.0221798818547647
2455.619	0.0234716115695927
2454.202	0.0230008798731272
2452.785	0.0220142389894617
2451.3681	0.021996491082135
2449.9511	0.0228147168797085
2448.5341	0.0223722461691185
2447.1171	0.0223646893075529
2445.7002	0.0223229904186769
2444.2832	0.0225446545132258
2442.8662	0.0223415926258308
2441.4492	0.0223377965432308
2440.0322	0.0229032494964873
2438.6153	0.0222735815251572
2437.1983	0.021950128500214
2435.7813	0.0220415075748573
2434.3643	0.0217321346807666
2432.9474	0.0221929070665864
2431.5304	0.0220041805073026
2430.1134	0.0222156899217289
2428.6964	0.0221929996425339
2427.2795	0.0218444696332603
2425.8625	0.0217278387312711
2424.4455	0.0221921978915476
2423.0285	0.0221322278639783
2421.6116	0.0217550700085783
2420.1946	0.0217598742095984
2418.7776	0.0215789547892506
2417.3606	0.0212073210816814
2415.9437	0.0218548251183373
2414.5267	0.0218171455825111
2413.1097	0.0216558385898995
2411.6927	0.0220324613143369
2410.2758	0.0222721105415463
2408.8588	0.021581059152443
2407.4418	0.0217701633512311
2406.0248	0.0210363307343401
2404.6079	0.0216262515585251
2403.1909	0.0208655565230648
2401.7739	0.0212301378860101
2400.3569	0.0216343339458852
2398.94	0.0214036612565322
2397.523	0.0211438129372394
2396.106	0.0218221329263183
2394.689	0.0209142804861912
2393.272	0.0214075113825215
2391.8551	0.0218910739633813
2390.4381	0.0214228931434759
2389.0211	0.02154490935454
2387.6041	0.0216720448976982
2386.1872	0.0213879570948246
2384.7702	0.0219079327349638
2383.3532	0.021221094360268
2381.9362	0.021437393232516
2380.5193	0.0211805906793464
2379.1023	0.0219758042994511
2377.6853	0.0217692335980769
2376.2683	0.0214667136501005
2374.8514	0.0217616500591912
2373.4344	0.0211166397106335
2372.0174	0.0219466386780952
2370.6004	0.0208669610875323
2369.1835	0.0211642142039362
2367.7665	0.0212795518467551
2366.3495	0.0215198671662647
2364.9325	0.0216536930289631
2363.5156	0.0210572133995202
2362.0986	0.0210451044803509
2360.6816	0.0216999083008082
2359.2646	0.0222110883043366
2357.8477	0.0218798636843574
2356.4307	0.021768745547752
2355.0137	0.0217266702457241
2353.5967	0.0224368717510202
2352.1798	0.0217755456703174
2350.7628	0.0220032318941537
2349.3458	0.0217834182009333
2347.9288	0.0218154590610558
2346.5118	0.0214424705645747
2345.0949	0.0217239732381155
2343.6779	0.0214629709104757
2342.2609	0.0216794867215593
2340.8439	0.0217857713271463
2339.427	0.0212727814846241
2338.01	0.021270651163959
2336.593	0.0213391299399833
2335.176	0.021100535837586
2333.7591	0.0214018228148937
2332.3421	0.0216758641895818
2330.9251	0.0214908546819567
2329.5081	0.021300544127822
2328.0912	0.0212227445235291
2326.6742	0.0218602209204551
2325.2572	0.0217528137434259
2323.8402	0.0215245897673212
2322.4233	0.0214391117910821
2321.0063	0.0220127058000659
2319.5893	0.0222748093302483
2318.1723	0.0216689699006005
2316.7554	0.0217738714264244
2315.3384	0.0208602477901714
2313.9214	0.0212323734905369
2312.5044	0.021706122512661
2311.0875	0.0210886917317237
2309.6705	0.0215509833178534
2308.2535	0.0213906035758174
2306.8365	0.020724216147367
2305.4196	0.0212915533703868
2304.0026	0.0212136315846095
2302.5856	0.0210356976866841
2301.1686	0.0209913153364806
2299.7516	0.020745968494141
2298.3347	0.0212534155427523
2296.9177	0.0213846622065377
2295.5007	0.0212050427285996
2294.0837	0.021156065216199
2292.6668	0.0215822349486756
2291.2498	0.0213247057904561
2289.8328	0.0211856491724652
2288.4158	0.0211679701367858
2286.9989	0.0211430849307919
2285.5819	0.0213707219088371
2284.1649	0.0212650281347452
2282.7479	0.0211764708918252
2281.331	0.0213038928915797
2279.914	0.0212485208725177
2278.497	0.0207425714227476
2277.08	0.0208648254371095
2275.6631	0.0208683842062256
2274.2461	0.0206871912947534
2272.8291	0.0207999756496577
2271.4121	0.0200220765148542
2269.9952	0.0204036242716734
2268.5782	0.020612080293531
2267.1612	0.0208610461356023
2265.7442	0.0207928156060841
2264.3273	0.020636550283033
2262.9103	0.0201828462422568
2261.4933	0.0197344808707514
2260.0763	0.0204303567107704
2258.6594	0.0202346704095772
2257.2424	0.0208132525775853
2255.8254	0.0208991020988175
2254.4084	0.0204745750514872
2252.9914	0.020331659450832
2251.5745	0.0204499769941489
2250.1575	0.0204091647936453
2248.7405	0.0203177939674837
2247.3235	0.019763220233299
2245.9066	0.0203851106785346
2244.4896	0.0202504346835997
2243.0726	0.0200679441522832
2241.6556	0.0198854044153977
2240.2387	0.0197475155877383
2238.8217	0.0195124493630362
2237.4047	0.0203558015502883
2235.9877	0.0205568809310008
2234.5708	0.0190966678026527
2233.1538	0.0199139160566751
2231.7368	0.0200478652080965
2230.3198	0.0198373745092137
2228.9029	0.0201582538309062
2227.4859	0.0200668360896015
2226.0689	0.0211792839517699
2224.6519	0.0196302811516865
2223.235	0.0202157717960402
2221.818	0.019949941417372
2220.401	0.0198755717258808
2218.984	0.0198489760128705
2217.5671	0.0203711565345327
2216.1501	0.0203626575826622
2214.7331	0.0203994669509595
2213.3161	0.0197138948989344
2211.8992	0.0203306888534691
2210.4822	0.0199872384286775
2209.0652	0.0196200889468717
2207.6482	0.0206302705584665
2206.2312	0.020980676749586
2204.8143	0.0203236015937849
2203.3973	0.0203639724311962
2201.9803	0.0203262779513122
2200.5633	0.0194141305341697
2199.1464	0.0197740354570352
2197.7294	0.020003979081504
2196.3124	0.0203934058539405
2194.8954	0.0207975250909741
2193.4785	0.0209481119506493
2192.0615	0.0213288555475042
2190.6445	0.0204639062613566
2189.2275	0.020157618882654
2187.8106	0.0204995403991887
2186.3936	0.0204286716853451
2184.9766	0.0202104102633236
2183.5596	0.0203625493276243
2182.1427	0.0199865765786616
2180.7257	0.0203683919484778
2179.3087	0.0198085856714093
2177.8917	0.019381252547229
2176.4748	0.0190877091956208
2175.0578	0.0196849142458722
2173.6408	0.0194286094345722
2172.2238	0.0199126028446029
2170.8069	0.0201793279814887
2169.3899	0.0203197361528757
2167.9729	0.0205756273715231
2166.5559	0.0202593831475266
2165.139	0.0211169274053602
2163.722	0.0205403343444815
2162.305	0.0208346581655987
2160.888	0.0207430784080979
2159.471	0.0196762071015768
2158.0541	0.0188770837697154
2156.6371	0.0186554783698747
2155.2201	0.0189386417496165
2153.8031	0.0181286084509115
2152.3862	0.0182652531315299
2150.9692	0.0180108350662423
2149.5522	0.0186089540496861
2148.1352	0.0186034775345481
2146.7183	0.0187440201547996
2145.3013	0.0179074238903492
2143.8843	0.0185481022426755
2142.4673	0.0192440917983837
2141.0504	0.0188288598010206
2139.6334	0.01913274939826
2138.2164	0.0193891213618544
2136.7994	0.0189978314582294
2135.3825	0.0191467285849131
2133.9655	0.0185423584341537
2132.5485	0.0189181808876594
2131.1315	0.0189652062879573
2129.7146	0.0188003377628247
2128.2976	0.0192144845730825
2126.8806	0.0190504842345123
2125.4636	0.0186084176637093
2124.0467	0.0201112237364448
2122.6297	0.019636726466924
2121.2127	0.0192123837963282
2119.7957	0.0196961641738607
2118.3788	0.0193931130897217
2116.9618	0.0194538044602704
2115.5448	0.0196440403926653
2114.1278	0.0198847872662148
2112.7108	0.0203140882615876
2111.2939	0.0198068703214337
2109.8769	0.0199519741322357
2108.4599	0.0191133853035306
2107.0429	0.0192374705685844
2105.626	0.0192652531856173
2104.209	0.0200656943449496
2102.792	0.0195954295524933
2101.375	0.0193159947226767
2099.9581	0.0198148059791359
2098.5411	0.0195951555890119
2097.1241	0.0193338568195002
2095.7071	0.019093484767332
2094.2902	0.0193746708533467
2092.8732	0.0196361487517678
2091.4562	0.0195212405094684
2090.0392	0.0190571245834114
2088.6223	0.0199790694819952
2087.2053	0.0201844566724389
2085.7883	0.0196961563030335
2084.3713	0.019742411855268
2082.9544	0.0196443343754906
2081.5374	0.0194967962308018
2080.1204	0.0195037783705626
2078.7034	0.0198612411219376
2077.2865	0.0199483783215923
2075.8695	0.019656205230617
2074.4525	0.019389576990267
2073.0355	0.0198678841332233
2071.6186	0.0188270948495726
2070.2016	0.0190547643398414
2068.7846	0.0188658185922551
2067.3676	0.0190292658584584
2065.9506	0.0195229450626163
2064.5337	0.0195589822273008
2063.1167	0.0201728224236487
2061.6997	0.0194001019768828
2060.2827	0.0192408379434776
2058.8658	0.0191777825481277
2057.4488	0.0186828398276862
2056.0318	0.0190157217687975
2054.6148	0.0190023114358342
2053.1979	0.0194100437590689
2051.7809	0.0188663256627245
2050.3639	0.0188632786087529
2048.9469	0.0189171123421756
2047.53	0.019126668404243
2046.113	0.0186923100772752
2044.696	0.0189334684787495
2043.279	0.0183047156777718
2041.8621	0.0183490015479169
2040.4451	0.0182621476993585
2039.0281	0.0182646150177335
2037.6111	0.0186333865905619
2036.1942	0.0191820761417945
2034.7772	0.0193125449242687
2033.3602	0.0181348514265855
2031.9432	0.0188175913606574
2030.5263	0.0185820223980442
2029.1093	0.0186523259750127
2027.6923	0.0184135874909122
2026.2753	0.0181696373313492
2024.8584	0.01711581661917
2023.4414	0.0170590661567639
2022.0244	0.0168398226235857
2020.6074	0.0171504329955024
2019.1904	0.0177432321723091
2017.7735	0.0175742980751461
2016.3565	0.0181371859197571
2014.9395	0.0171400996623748
2013.5225	0.0170063185439684
2012.1056	0.0170091824085776
2010.6886	0.0169318640959338
2009.2716	0.0165793090715471
2007.8546	0.0175236592052856
2006.4377	0.017640276785078
2005.0207	0.0174505311973408
2003.6037	0.0174056339320184
2002.1867	0.0174204924554462
2000.7698	0.0175187549512458
1999.3528	0.0178828220564027
1997.9358	0.017255913542883
1996.5188	0.0170481356847479
1995.1019	0.017225009842184
1993.6849	0.0165717536377424
1992.2679	0.0175886380028544
1990.8509	0.0174208329599054
1989.434	0.0173946021711147
1988.017	0.0179113340872084
1986.6	0.0182935052992622
1985.183	0.0190183514040208
1983.7661	0.0187105812382698
1982.3491	0.0190889926503911
1980.9321	0.0183619237061017
1979.5151	0.0181370278998699
1978.0982	0.0176852137506113
1976.6812	0.0171810626442033
1975.2642	0.0170631173070544
1973.8472	0.0172234694327527
1972.4302	0.0175346712753215
1971.0133	0.0171180009752516
1969.5963	0.0171823285816038
1968.1793	0.0165585718311851
1966.7623	0.0172257909558337
1965.3454	0.017510747244758
1963.9284	0.0170915320636897
1962.5114	0.0172394549995511
1961.0944	0.0177469495583219
1959.6775	0.0173753797145823
1958.2605	0.0177572813738726
1956.8435	0.0173797032700697
1955.4265	0.0167709453856942
1954.0096	0.0169950272714494
1952.5926	0.0174216711983928
1951.1756	0.0168112498817329
1949.7586	0.0173934488745723
1948.3417	0.0169661441080977
1946.9247	0.0172033029345255
1945.5077	0.0167190645992211
1944.0907	0.0173793670929601
1942.6738	0.0169842113021549
1941.2568	0.0175310332838894
1939.8398	0.0180971174848692
1938.4228	0.0180249214437337
1937.0059	0.0180905497857016
1935.5889	0.0180233305934768
1934.1719	0.0178345424559555
1932.7549	0.0177430004648976
1931.338	0.0177555702786956
1929.921	0.0170506585024319
1928.504	0.0175292217510533
1927.087	0.0175461934294486
1925.67	0.0178197825287688
1924.2531	0.0177971626801369
1922.8361	0.0180009207754534
1921.4191	0.0183392406379642
1920.0021	0.0181330133679308
1918.5852	0.0180826631515296
1917.1682	0.0178185601530718
1915.7512	0.0188641006804307
1914.3342	0.0182252761607317
1912.9173	0.0180064782397601
1911.5003	0.0179067495516765
1910.0833	0.0173053779919504
1908.6663	0.0177485522755529
1907.2494	0.0179454500568413
1905.8324	0.0179243317777786
1904.4154	0.0183127529240741
1902.9984	0.0181381470154941
1901.5815	0.0181127304500932
1900.1645	0.0178560471633664
1898.7475	0.0177986060603645
1897.3305	0.0183386020830516
1895.9136	0.0177551073141292
1894.4966	0.0181031567449807
1893.0796	0.0183991237620485
1891.6626	0.0179398229586044
1890.2457	0.0180570256119212
1888.8287	0.0187713794413109
1887.4117	0.0183548073618136
1885.9947	0.017673751469367
1884.5778	0.0180329072078963
1883.1608	0.0176140620394482
1881.7438	0.0175663322737357
1880.3268	0.0176093978535706
1878.9098	0.0178171147344669
1877.4929	0.0180276911400053
1876.0759	0.0176537022880411
1874.6589	0.017299784392472
1873.2419	0.017709144382121
1871.825	0.0176152486928789
1870.408	0.0174247360551289
1868.991	0.0173858179320856
1867.574	0.0177630539322537
1866.1571	0.0175752439101214
1864.7401	0.0176231324101961
1863.3231	0.0176264901992719
1861.9061	0.0181796204202916
1860.4892	0.0180474821660736
1859.0722	0.0179553614290333
1857.6552	0.0170755656224602
1856.2382	0.0169998615197865
1854.8213	0.0180750097775681
1853.4043	0.0169588818751926
1851.9873	0.016803800830171
1850.5703	0.0176056724232502
1849.1534	0.0182088908472913
1847.7364	0.0176964650234446
1846.3194	0.0174700951887942
1844.9024	0.0178892018082449
1843.4855	0.0179604724257593
1842.0685	0.0177057631526987
1840.6515	0.0178109649292832
1839.2345	0.0179718917501775
1837.8176	0.0171385301772861
1836.4006	0.0179350656954622
1834.9836	0.0172554456808375
1833.5666	0.0174703425208259
1832.1496	0.0168223213974554
1830.7327	0.0172553920115975
1829.3157	0.0174448935131687
1827.8987	0.0169919927895943
1826.4817	0.0169250877804594
1825.0648	0.0167670839478755
1823.6478	0.0175891751386209
1822.2308	0.0171373815320137
1820.8138	0.0166487034824887
1819.3969	0.0169646555418711
1817.9799	0.016929172552896
1816.5629	0.0174024023128833
1815.1459	0.0168210712403488
1813.729	0.0173563398463615
1812.312	0.0180501756883239
1810.895	0.0176422378227474
1809.478	0.0168515219504181
1808.0611	0.0172163004236753
1806.6441	0.0177095610031699
1805.2271	0.0169720028063415
1803.8101	0.0173433168803703
1802.3932	0.0168001144709301
1800.9762	0.0174001142050372
1799.5592	0.0171181617642137
1798.1422	0.0175926273286834
1796.7253	0.0174224632786522
1795.3083	0.017089061104255
1793.8913	0.01708759408103
1792.4743	0.0173435967350627
1791.0574	0.0177338263423218
1789.6404	0.0169667431526338
1788.2234	0.0171580390929835
1786.8064	0.01726252260992
1785.3894	0.0174463670034068
1783.9725	0.0172510990835075
1782.5555	0.0169571287544409
1781.1385	0.0171434899432456
1779.7215	0.0169032555344802
1778.3046	0.0167686618912502
1776.8876	0.0169752530185742
1775.4706	0.0171965846377851
1774.0536	0.017456420999539
1772.6367	0.0177318837448202
1771.2197	0.0178027087322932
1769.8027	0.0175417066971917
1768.3857	0.0171480994275627
1766.9688	0.0172111419101138
1765.5518	0.0171626134995634
1764.1348	0.0176621720858457
1762.7178	0.0175855603201181
1761.3009	0.0181264931532074
1759.8839	0.0176070380753374
1758.4669	0.0179117460522696
1757.0499	0.0180071716639467
1755.633	0.0175524384263145
1754.216	0.0179463936874207
1752.799	0.0178539756222672
1751.382	0.0183881623938218
1749.9651	0.0178690683159519
1748.5481	0.0180027122927764
1747.1311	0.0183955435776563
1745.7141	0.018409020146609
1744.2972	0.0188639531414843
1742.8802	0.01917441078277
1741.4632	0.0187882836785591
1740.0462	0.0188858182634377
1738.6292	0.0190775513502312
1737.2123	0.0189880837227029
1735.7953	0.0190833502537032
1734.3783	0.0195804158106203
1732.9613	0.019619748107498
1731.5444	0.0199832134059287
1730.1274	0.0199264061738752
1728.7104	0.0202998452121012
1727.2934	0.0195831076883193
1725.8765	0.020669363997455
1724.4595	0.0205403424790334
1723.0425	0.0200434278734957
1721.6255	0.0208533174872323
1720.2086	0.0205349472627013
1718.7916	0.0211066789436135
1717.3746	0.0213090019284052
1715.9576	0.0218086960877443
1714.5407	0.0224515097992569
1713.1237	0.0218946280357014
1711.7067	0.0218352259380725
1710.2897	0.0219578057953215
1708.8728	0.0217791744396019
1707.4558	0.0223943052703902
1706.0388	0.022326091572496
1704.6218	0.0222008463698014
1703.2049	0.0226215964261535
1701.7879	0.0224289325714518
1700.3709	0.0231238265008396
1698.9539	0.0229481095912376
1697.537	0.0236068512469989
1696.12	0.0232835642263833
1694.703	0.022665970801175
1693.286	0.023450404300494
1691.869	0.0242803266769469
1690.4521	0.0236336926741924
1689.0351	0.0233266995876348
1687.6181	0.0244206134382538
1686.2011	0.0235113421619114
1684.7842	0.0238647825461648
1683.3672	0.023482259838815
1681.9502	0.0241040762822123
1680.5332	0.0240351078127964
1679.1163	0.0242522145916579
1677.6993	0.0243874486597815
1676.2823	0.0241610272961578
1674.8653	0.0239260351079408
1673.4484	0.0242700189735169
1672.0314	0.0240287104278336
1670.6144	0.0244249419953169
1669.1974	0.0252055973611097
1667.7805	0.0246359654001001
1666.3635	0.0257474843211432
1664.9465	0.0255744493884577
1663.5295	0.0258385357789827
1662.1126	0.0254342490208498
1660.6956	0.0255581810680756
1659.2786	0.025393068307752
1657.8616	0.0260136628468284
1656.4447	0.0259859041005409
1655.0277	0.0260165527806941
1653.6107	0.0266385659867503
1652.1937	0.0272992603755244
1650.7768	0.0282332242899016
1649.3598	0.0273841314085836
1647.9428	0.0280541108163927
1646.5258	0.0284174703472282
1645.1088	0.0287150126963588
1643.6919	0.0294049405765929
1642.2749	0.0291717673175504
1640.8579	0.0302017362440858
1639.4409	0.0304304302978544
1638.024	0.0306166503515886
1636.607	0.031114750587496
1635.19	0.0322413335509311
1633.773	0.0321911891404994
1632.3561	0.0329294488419247
1630.9391	0.0331931464402362
1629.5221	0.0332218677597128
1628.1051	0.0337068643232946
1626.6882	0.0332239582855294
1625.2712	0.0340813181895666
1623.8542	0.0342701196016211
1622.4372	0.0351125754206179
1621.0203	0.035063781819817
1619.6033	0.0351324927912042
1618.1863	0.0349523251698266
1616.7693	0.0355994472718992
1615.3524	0.0360353749515061
1613.9354	0.0362016118506164
1612.5184	0.0364602377146519
1611.1014	0.0364247257836917
1609.6845	0.0375024785371401
1608.2675	0.0371155665833906
1606.8505	0.0376000236059457
1605.4335	0.0386351946056911
1604.0166	0.0387603336857051
1602.5996	0.0391339775302304
1601.1826	0.0396084485516543
1599.7656	0.0394587948832908
1598.3486	0.0391774162325902
1596.9317	0.0385771821965858
1595.5147	0.0391089334836922
1594.0977	0.0387735275846388
1592.6807	0.0381280277703769
1591.2638	0.0376889257154557
1589.8468	0.0383179095629502
1588.4298	0.037994452979486
1587.0128	0.0376198345295673
1585.5959	0.0371472527223755
1584.1789	0.0369231939193944
1582.7619	0.0364027711029399
1581.3449	0.0354313666508177
1579.928	0.0350611439017328
1578.511	0.034978884803113
1577.094	0.0347377963392548
1575.677	0.0340341052265619
1574.2601	0.0343313981745507
1572.8431	0.0334296283365685
1571.4261	0.033474670877984
1570.0091	0.0329183988412593
1568.5922	0.033133701021772
1567.1752	0.032517812494439
1565.7582	0.0320506662229823
1564.3412	0.031230563576017
1562.9243	0.0296491327117842
1561.5073	0.030091044897813
1560.0903	0.0301024777434554
1558.6733	0.0289630874374274
1557.2564	0.0284575231109972
1555.8394	0.0280553540438581
1554.4224	0.0274324990865976
1553.0054	0.0272938651149633
1551.5885	0.0271859500226572
1550.1715	0.0267606394481843
1548.7545	0.0262198259471201
1547.3375	0.0258534121471719
1545.9205	0.0259468496377418
1544.5036	0.0258753166557021
1543.0866	0.0251112543767361
1541.6696	0.0241476639660063
1540.2526	0.0252067294040178
1538.8357	0.024916413907473
1537.4187	0.0247113139620307
1536.0017	0.0242329856032723
1534.5847	0.0240198429784191
1533.1678	0.024651299434344
1531.7508	0.0241195670946482
1530.3338	0.0240750588956252
1528.9168	0.0242115018140627
1527.4999	0.0245298079584502
1526.0829	0.0248016346801271
1524.6659	0.0250661934272551
1523.2489	0.0261682598582011
1521.832	0.0257473564072255
1520.415	0.0267317212606987
1518.998	0.0280915985625426
1517.581	0.0286260599804225
1516.1641	0.0277473425786852
1514.7471	0.0287862006735217
1513.3301	0.0296600026370504
1511.9131	0.0302608234705268
1510.4962	0.0298969638014544
1509.0792	0.0301857789908285
1507.6622	0.0307869387203025
1506.2452	0.0311798355003209
1504.8283	0.0301275911027465
1503.4113	0.0292781009616514
1501.9943	0.0290059708091655
1500.5773	0.0281398197467368
1499.1603	0.0274757528587991
1497.7434	0.0267285116201009
1496.3264	0.0273781384503218
1494.9094	0.0256726743834184
1493.4924	0.0260302694847063
1492.0755	0.0248518354914775
1490.6585	0.0249814716829774
1489.2415	0.024748778813734
1487.8245	0.0249904808179886
1486.4076	0.0257928717633814
1484.9906	0.0255781417331748
1483.5736	0.0261501263110459
1482.1566	0.0265258537417812
1480.7397	0.0269690095881334
1479.3227	0.0272965206280045
1477.9057	0.027088675304555
1476.4887	0.0268781795252814
1475.0718	0.0268415391023726
1473.6548	0.0275839915564298
1472.2378	0.0283422873296879
1470.8208	0.0284268999151579
1469.4039	0.0289220165857873
1467.9869	0.0296207792029914
1466.5699	0.0308939187858151
1465.1529	0.0308417782339357
1463.736	0.0312864643693496
1462.319	0.0325812862603884
1460.902	0.0325805947285921
1459.485	0.0327679451994541
1458.0681	0.0336707311081677
1456.6511	0.0334630320041148
1455.2341	0.0349937181136562
1453.8171	0.0355385590016688
1452.4001	0.0353415034688192
1450.9832	0.0342024364401894
1449.5662	0.0349587418459296
1448.1492	0.0347003284247125
1446.7322	0.0350063962898446
1445.3153	0.0348868636468718
1443.8983	0.034594313057497
1442.4813	0.0352811325215574
1441.0643	0.0352791246806497
1439.6474	0.0352303549254973
1438.2304	0.0355991530957384
1436.8134	0.0352661990323301
1435.3964	0.035999954219057
1433.9795	0.0362831938848918
1432.5625	0.0364849885497901
1431.1455	0.0371419796622345
1429.7285	0.0375461077426327
1428.3116	0.0377875175356881
1426.8946	0.0381828762892497
1425.4776	0.0386248904955296
1424.0606	0.0385945459931276
1422.6437	0.0385756582910932
1421.2267	0.0392440859388132
1419.8097	0.0393123263042317
1418.3927	0.0401933413936331
1416.9758	0.0399502663557016
1415.5588	0.0407121019286081
1414.1418	0.0402685664623426
1412.7248	0.0401028843906875
1411.3079	0.0396862317832681
1409.8909	0.0402323530672451
1408.4739	0.0403668330368967
1407.0569	0.0395659831979688
1405.6399	0.039993580798288
1404.223	0.0403179799842468
1402.806	0.0408275610828134
1401.389	0.0407294487272829
1399.972	0.0406082800833468
1398.5551	0.0403066735146528
1397.1381	0.0406978513436965
1395.7211	0.0408392826009232
1394.3041	0.0411361806397209
1392.8872	0.0422206804545201
1391.4702	0.0419310636898656
1390.0532	0.0422136403337612
1388.6362	0.0423042649276286
1387.2193	0.0433762267942151
1385.8023	0.0436813660893677
1384.3853	0.0443323325307618
1382.9683	0.0429606002287928
1381.5514	0.0431508708501816
1380.1344	0.0433796039526372
1378.7174	0.0436326571690846
1377.3004	0.0428158825017608
1375.8835	0.0436039495136343
1374.4665	0.0426497110331443
1373.0495	0.0437003944437507
1371.6325	0.0436084747036604
1370.2156	0.0440211384497922
1368.7986	0.0450691307845481
1367.3816	0.0444787870792469
1365.9646	0.0451637207620414
1364.5477	0.045524970763925
1363.1307	0.0462066497706653
1361.7137	0.0454215815885641
1360.2967	0.0461809728000729
1358.8797	0.045234455122788
1357.4628	0.0450626637197989
1356.0458	0.044529161806556
1354.6288	0.0440870485204438
1353.2118	0.0437530217243655
1351.7949	0.0432972676377398
1350.3779	0.0431548124938372
1348.9609	0.0431514981998595
1347.5439	0.0429486048213232
1346.127	0.0428594393366062
1344.71	0.0439801060832274
1343.293	0.0437734304061576
1341.876	0.0444941265723693
1340.4591	0.0447895440775325
1339.0421	0.0443202192006694
1337.6251	0.0445710414115008
1336.2081	0.0440886489234995
1334.7912	0.044001266294211
1333.3742	0.0437409787307014
1331.9572	0.0436086618072076
1330.5402	0.0429754280727351
1329.1233	0.0433854427293212
1327.7063	0.0434957703892619
1326.2893	0.0422123167816647
1324.8723	0.0425182688324401
1323.4554	0.0420947569026573
1322.0384	0.0419370251848858
1320.6214	0.0415159562220574
1319.2044	0.0406593795806147
1317.7875	0.0407553598121136
1316.3705	0.0412539856064345
1314.9535	0.0395538323692956
1313.5365	0.0393965453123618
1312.1195	0.0395144755873817
1310.7026	0.0397927655624147
1309.2856	0.038935517531422
1307.8686	0.0388911511443863
1306.4516	0.0384306909233825
1305.0347	0.0393973981569698
1303.6177	0.039008407911936
1302.2007	0.0396531909276433
1300.7837	0.0395068065682922
1299.3668	0.0390804787778003
1297.9498	0.0391077953611409
1296.5328	0.0385354664544664
1295.1158	0.039224550648932
1293.6989	0.0398191948921947
1292.2819	0.0389682361501917
1290.8649	0.0398517314607983
1289.4479	0.0394413778976838
1288.031	0.0394434636762411
1286.614	0.0398151539276808
1285.197	0.0395276923340641
1283.78	0.0394037360822909
1282.3631	0.0402353074509369
1280.9461	0.0400623542622643
1279.5291	0.0406183495209242
1278.1121	0.0416033765409061
1276.6952	0.0414865500048195
1275.2782	0.0421812085703571
1273.8612	0.042320821581364
1272.4442	0.0424480765686953
1271.0273	0.0429461157616492
1269.6103	0.043731865610327
1268.1933	0.0429660605699387
1266.7763	0.0427447115012509
1265.3593	0.0432681227646179
1263.9424	0.042701480484677
1262.5254	0.0423624802865681
1261.1084	0.0426429032794303
1259.6914	0.0428948008781588
1258.2745	0.0427210991763351
1256.8575	0.042573121306788
1255.4405	0.0425033703013794
1254.0235	0.0426047298441706
1252.6066	0.042193638755754
1251.1896	0.0419054160676548
1249.7726	0.0423873702677139
1248.3556	0.0422977047375101
1246.9387	0.0413787924739564
1245.5217	0.0409696112947739
1244.1047	0.0412281946202406
1242.6877	0.0416114256407753
1241.2708	0.0412047808246496
1239.8538	0.0415152997060463
1238.4368	0.041645537385177
1237.0198	0.0411458588914644
1235.6029	0.0417659331750483
1234.1859	0.042078961274885
1232.7689	0.0411177119022807
1231.3519	0.0415336602479587
1229.935	0.0407327286279412
1228.518	0.040738973049184
1227.101	0.0397224389068145
1225.684	0.0399085155382069
1224.2671	0.0387616073553205
1222.8501	0.0386160238163422
1221.4331	0.0376746850773399
1220.0161	0.0368716214791544
1218.5991	0.0365028554142308
1217.1822	0.0363792050360802
1215.7652	0.036500654942341
1214.3482	0.0364017009123461
1212.9312	0.0365202049478447
1211.5143	0.0359820717843404
1210.0973	0.0356433554444922
1208.6803	0.035489374951293
1207.2633	0.0349397159274442
1205.8464	0.0350802711890986
1204.4294	0.0349329095435843
1203.0124	0.0344497815605384
1201.5954	0.0343658138175529
1200.1785	0.0336750740701823
1198.7615	0.0330817564092871
1197.3445	0.0330454569419299
1195.9275	0.0325456856109822
1194.5106	0.0321297880544178
1193.0936	0.0314496200876698
1191.6766	0.0312368283793615
1190.2596	0.030956728790001
1188.8427	0.0306212679649163
1187.4257	0.0306265511994614
1186.0087	0.0294192983049425
1184.5917	0.0294273596508796
1183.1748	0.0290523799722693
1181.7578	0.0294998608634609
1180.3408	0.0295111119421521
1178.9238	0.0298209767742244
1177.5069	0.0298351684158318
1176.0899	0.0298099853983611
1174.6729	0.0308328096677755
1173.2559	0.0311484350543365
1171.8389	0.032449615696273
1170.422	0.0338745301038192
1169.005	0.0348328563502321
1167.588	0.0359702136606097
1166.171	0.0377351115132678
1164.7541	0.0390922593432086
1163.3371	0.0414085336203705
1161.9201	0.0432069213213681
1160.5031	0.0456384171598046
1159.0862	0.0481647539106622
1157.6692	0.0500192605257044
1156.2522	0.0520070499922227
1154.8352	0.0537832213634813
1153.4183	0.0553250474511415
1152.0013	0.0568279497385301
1150.5843	0.0573743841722418
1149.1673	0.05829070760657
1147.7504	0.0587817379297529
1146.3334	0.0582887270894416
1144.9164	0.0592413340269406
1143.4994	0.0581175179280887
1142.0825	0.0575732520538853
1140.6655	0.05677438966491
1139.2485	0.0557454373509537
1137.8315	0.055137834299183
1136.4146	0.0538774760179264
1134.9976	0.0534497226913981
1133.5806	0.0527183515137417
1132.1636	0.0531136800089714
1130.7467	0.0527080875032413
1129.3297	0.0532186259741953
1127.9127	0.0531934269617957
1126.4957	0.0535851880696632
1125.0787	0.0544282306451561
1123.6618	0.0541029048492768
1122.2448	0.0544450668611971
1120.8278	0.0548730124466251
1119.4108	0.054520780818365
1117.9939	0.0551141666568326
1116.5769	0.0547084306194797
1115.1599	0.0553102131808125
1113.7429	0.0556234722739164
1112.326	0.0558161954733748
1110.909	0.056436179055441
1109.492	0.0570568546140333
1108.075	0.057353982886505
1106.6581	0.0581004700139287
1105.2411	0.0584813022173476
1103.8241	0.0586295591577439
1102.4071	0.0596216028657481
1100.9902	0.0604497463759293
1099.5732	0.0601923342056654
1098.1562	0.0603666675021422
1096.7392	0.0605940296869741
1095.3223	0.0603450560274057
1093.9053	0.0611272342034042
1092.4883	0.0615436206701226
1091.0713	0.0623026118019628
1089.6544	0.063282518696518
1088.2374	0.0650051025478529
1086.8204	0.066233351142198
1085.4034	0.0682509062656179
1083.9865	0.0697322420058063
1082.5695	0.0723262264631047
1081.1525	0.0742874183727334
1079.7355	0.0762773635123231
1078.3185	0.0773927718871458
1076.9016	0.0787551574877226
1075.4846	0.0790704856789399
1074.0676	0.0785192203850634
1072.6506	0.0769623110251914
1071.2337	0.0758043350466966
1069.8167	0.0746039876198972
1068.3997	0.0723162964375747
1066.9827	0.0717871453283214
1065.5658	0.0713384756859664
1064.1488	0.0714343930176897
1062.7318	0.0714515704208774
1061.3148	0.0726483842780149
1059.8979	0.0738010364249252
1058.4809	0.0748357470613824
1057.0639	0.0760217830305424
1055.6469	0.0773774839330717
1054.23	0.0783942711461295
1052.813	0.0801138217900479
1051.396	0.0817814913288427
1049.979	0.0834248888553803
1048.5621	0.0850729735576991
1047.1451	0.0857819836451228
1045.7281	0.0875727099682654
1044.3111	0.0897059667277999
1042.8942	0.0902562242975714
1041.4772	0.092399980479574
1040.0602	0.0940051346218288
1038.6432	0.095191058396008
1037.2263	0.0972188748493685
1035.8093	0.0984837015308625
1034.3923	0.100072853480229
1032.9753	0.10163404381723
1031.5583	0.103066880076998
1030.1414	0.104805878866877
1028.7244	0.105877917160488
1027.3074	0.107942168052122
1025.8904	0.109758004306357
1024.4735	0.111348652424906
1023.0565	0.113242038653167
1021.6395	0.114972551886972
1020.2225	0.115863152046129
1018.8056	0.117160879954127
1017.3886	0.118934420849403
1015.9716	0.119856368246864
1014.5546	0.120377946864358
1013.1377	0.120950442506972
1011.7207	0.120771650427984
1010.3037	0.120201001430953
1008.8867	0.11997497135426
1007.4698	0.119940494494009
1006.0528	0.121971844026939
1004.6358	0.120921421337135
1003.2188	0.121464563047864
1001.8019	0.122389801374033
1000.3849	0.123232603746506
998.9679	0.124155128949234
997.5509	0.124948966999306
996.134	0.125256144933544
994.717	0.125635669474058
993.3	0.126330793069634
991.883	0.126226768996171
990.4661	0.125777230517512
989.0491	0.125987398875196
987.6321	0.125001493395336
986.2151	0.124918447767212
984.7981	0.123782955483414
983.3812	0.122716622945693
981.9642	0.121510975674118
980.5472	0.120055555779957
979.1302	0.117676250211686
977.7133	0.11555114646597
976.2963	0.114128547217426
974.8793	0.111328906941143
973.4623	0.109336485806162
972.0454	0.107436692237839
970.6284	0.104767850253667
969.2114	0.102683931083348
967.7944	0.100238925538587
966.3775	0.0981273868496647
964.9605	0.0960396337064039
963.5435	0.0938573296534434
962.1265	0.0916068199095881
960.7096	0.0898606610722599
959.2926	0.087681266009346
957.8756	0.0859665766645789
956.4586	0.0845725749173508
955.0417	0.0818841382544415
953.6247	0.0806230452803454
952.2077	0.0787360810616063
950.7907	0.0779776677956997
949.3738	0.0765907012021658
947.9568	0.0755470900152983
946.5398	0.0751910346984183
945.1228	0.0741091980681742
943.7059	0.0744568277028446
942.2889	0.0733941920679978
940.8719	0.0730179355141695
939.4549	0.0741572376330187
938.0379	0.0745228967457252
936.621	0.07508254835496
935.204	0.0748539956153692
933.787	0.0752501939312371
932.37	0.07497254962467
930.9531	0.0752742704685623
929.5361	0.0747088240670754
928.1191	0.0746523040450578
926.7021	0.074855687007563
925.2852	0.0749486444754329
923.8682	0.0743143884236905
922.4512	0.0743641336836026
921.0342	0.0741101026518952
919.6173	0.073817831559795
918.2003	0.0737824330634813
916.7833	0.0727316304566734
915.3663	0.0725326801011831
913.9494	0.0722257329470202
912.5324	0.0710698992931221
911.1154	0.0708377773037464
909.6984	0.0703248273733848
908.2815	0.0686805455128136
906.8645	0.0687289609274138
905.4475	0.0683139911359004
904.0305	0.067514498114128
902.6136	0.0667191621266427
901.1966	0.0664879983461085
899.7796	0.0660109985621098
898.3626	0.0649926834911106
896.9457	0.0645486940964097
895.5287	0.0638312456536986
894.1117	0.06404245572582
892.6947	0.0634339866174971
891.2777	0.0630118739654015
889.8608	0.0626294465021474
888.4438	0.0619400950448599
887.0268	0.0615062558783434
885.6098	0.06108939072062
884.1929	0.0599121986016072
882.7759	0.0593271707291253
881.3589	0.0584986661927908
879.9419	0.0587662917856003
878.525	0.0581433106998095
877.108	0.0580789062497449
875.691	0.0577624751402045
874.274	0.0575996187781452
872.8571	0.0577594014322158
871.4401	0.0584799801140168
870.0231	0.0582512082301106
868.6061	0.0589031849816332
867.1892	0.059587097159693
865.7722	0.0595098161757446
864.3552	0.0598661399253148
862.9382	0.0600714819949053
861.5213	0.0603912982769462
860.1043	0.0604822978548586
858.6873	0.0609875673477007
857.2703	0.0617262760632855
855.8534	0.0608923276996626
854.4364	0.061262723115695
853.0194	0.0616863939029964
851.6024	0.0612623879285614
850.1855	0.0610237297501652
848.7685	0.0612636228934801
847.3515	0.0609690807973525
845.9345	0.0610908730651842
844.5175	0.061372083790373
843.1006	0.0608671131305878
841.6836	0.0611313153556251
840.2666	0.0601546105187169
838.8496	0.0604027071312521
837.4327	0.0601808330387759
836.0157	0.059423895420893
834.5987	0.0593610986317414
833.1817	0.0586705408377634
831.7648	0.0586652253789539
830.3478	0.0581663288087855
828.9308	0.0575838685480092
827.5138	0.0577114120330471
826.0969	0.0570321687384265
824.6799	0.0559261174870082
823.2629	0.0565425279801338
821.8459	0.0562819242765446
820.429	0.0562907804348969
819.012	0.0565802563359288
817.595	0.0566161261521562
816.178	0.0558778177244145
814.7611	0.0556749419899582
813.3441	0.0554321679690759
811.9271	0.0550120878038132
810.5101	0.0552563074806742
809.0932	0.0550464840037205
807.6762	0.0556607554259441
806.2592	0.0544731788982266
804.8422	0.0545581769502668
803.4253	0.0550898656745965
802.0083	0.0544601811348244
800.5913	0.0541869017804048
799.1743	0.0541614059083391
797.7573	0.0541940157772346
796.3404	0.0544201161656547
794.9234	0.0548920182168656
793.5064	0.0547971661901982
792.0894	0.0548755893621142
790.6725	0.0551701240743949
789.2555	0.055629237518649
787.8385	0.0558073092900379
786.4215	0.0561088078181892
785.0046	0.0554670488165143
783.5876	0.0561622158335274
782.1706	0.0570021273185461
780.7536	0.0572533671317863
779.3367	0.0579851553666503
777.9197	0.0583340707065158
776.5027	0.0577096545461379
775.0857	0.0588827155521177
773.6688	0.0594673716319539
772.2518	0.0605272997079461
770.8348	0.0603985818627121
769.4178	0.0614160389758566
768.0009	0.0616752024939424
766.5839	0.0627811843975301
765.1669	0.063928799938246
763.7499	0.0643059115134422
762.333	0.0644109057790705
760.916	0.0642489953069986
759.499	0.0644673132612912
758.082	0.0645887263029149
756.6651	0.0642645984448437
755.2481	0.064187853226145
753.8311	0.0636781550015924
752.4141	0.0622429579142817
750.9971	0.0624568532189942
749.5802	0.0620195180302912
748.1632	0.0620064120731335
746.7462	0.0609875349578027
745.3292	0.0599791724072543
743.9123	0.0601102485665505
742.4953	0.05968968249224
741.0783	0.059300714492917
739.6613	0.0596180332261099
738.2444	0.0590660669938607
736.8274	0.0585216340001762
735.4104	0.0593095595838631
733.9934	0.058665810328028
732.5765	0.0588445383854377
731.1595	0.058869104755557
729.7425	0.0595588493377691
728.3255	0.0601833381221212
726.9086	0.0594364388018303
725.4916	0.0601266736786417
724.0746	0.0605473800145803
722.6576	0.060951647153
721.2407	0.0612547572566207
719.8237	0.0621291963032563
718.4067	0.0627082063916167
716.9897	0.0631849528887234
715.5728	0.0637541780683456
714.1558	0.0654305345250576
712.7388	0.0657738797087727
711.3218	0.0661993949776397
709.9049	0.0669741063522267
708.4879	0.0669806577715037
707.0709	0.0675148776313112
705.6539	0.0681021178995867
704.2369	0.0681440348392185
702.82	0.0681780603117499
701.403	0.0678918789527706
699.986	0.0679010981364498
698.569	0.0679900325706577
697.1521	0.0680638282636223
695.7351	0.0674466939820154
694.3181	0.0674961466835174
692.9011	0.0663359443785922
691.4842	0.0668090942267279
690.0672	0.0671302258971108
688.6502	0.0669101527735928
687.2332	0.0671615578244502
685.8163	0.0676729069441038
684.3993	0.0673570834173778
682.9823	0.0669756731091578
681.5653	0.0669326316608303
680.1484	0.0673713253517073
678.7314	0.0669590158324256
677.3144	0.0679446294958412
675.8974	0.0676076081127549
674.4805	0.0676034718422793
673.0635	0.0683168466876877
671.6465	0.0691078568570171
670.2295	0.0685645740395258
668.8126	0.0686597682572967
667.3956	0.0695314094804244
665.9786	0.0693741012516731
664.5616	0.0693214813995394
663.1447	0.0692418789586873
661.7277	0.069074104700949
660.3107	0.0698423114224944
658.8937	0.0697368736335348
657.4767	0.0700060727270145
656.0598	0.0706746948579527
654.6428	0.0711422136363542
653.2258	0.0711748867395092
651.8088	0.0711647148900577
650.3919	0.0714767264318981
648.9749	0.0712738705482001
647.5579	0.0720301197525849
646.1409	0.071106487587161
644.724	0.0719789518006773
643.307	0.0725715297930674
641.89	0.0722540550450607
640.473	0.0725252751336554
639.0561	0.0724544737621843
637.6391	0.0723926476346443
636.2221	0.0730802264320569
634.8051	0.0737637761712002
633.3882	0.0730766532807697
631.9712	0.0741596791450659
630.5542	0.0738787054576645
629.1372	0.074177036299752
627.7203	0.0743166448760016
626.3033	0.0743709164979484
624.8863	0.0756043009713158
623.4693	0.0763576388389446
622.0524	0.0767452299339906
620.6354	0.0775339362856027
619.2184	0.077687926599262
617.8014	0.0793438561226524
616.3845	0.0791281311845545
614.9675	0.0806666236928174
613.5505	0.0812567141767145
612.1335	0.0827862789520478
610.7165	0.0826008838438208
609.2996	0.0835804778744783
607.8826	0.0829022115553427
606.4656	0.0845286654167146
605.0486	0.0840760755911403
603.6317	0.0848680511975915
602.2147	0.0853692918948666
600.7977	0.0850133914113109
599.3807	0.0860521074430106
597.9638	0.08537253792246
596.5468	0.0848975784192358
595.1298	0.0854705250191313
593.7128	0.0849797895389931
592.2959	0.0856992156497028
590.8789	0.0855545686596862
589.4619	0.0861841808814224
588.0449	0.0870234989960092
586.628	0.0875235434932314
585.211	0.0886311055822946
583.794	0.0894641232743024
582.377	0.0910682461156801
580.9601	0.0928880192034557
579.5431	0.093275478476956
578.1261	0.0942894651955469
576.7091	0.0956945637457568
575.2922	0.0954961699529724
573.8752	0.0968019848114797
572.4582	0.0971773129725816
571.0412	0.0975033646726209
569.6243	0.0978520365863514
568.2073	0.0973400357479295
566.7903	0.0981595887307952
565.3733	0.0975319879713504
563.9563	0.0971893954329536
562.5394	0.0971938777076788
561.1224	0.096457498712676
559.7054	0.0952094987851549
558.2884	0.0953981884076796
556.8715	0.0948590273883142
555.4545	0.0945062067323193
554.0375	0.0946577614579435
552.6205	0.0944059278329782
551.2036	0.0935154051668809
549.7866	0.0939365157613852
548.3696	0.0937765513025315
546.9526	0.0930744120390867
545.5357	0.0929458366577316
544.1187	0.0928322893471387
542.7017	0.09286396385615
541.2847	0.0933020499158164
539.8678	0.0938703051568087
538.4508	0.0944152958676082
537.0338	0.0949053707330626
535.6168	0.0958090816541511
534.1999	0.0966748078361478
532.7829	0.0975144344338112
531.3659	0.0987120855839573
529.9489	0.0991912846981471
528.532	0.0995843196894462
527.115	0.101631201661886
525.698	0.10143561434126
524.281	0.102003297019889
522.8641	0.102071938311972
521.4471	0.102217127772925
520.0301	0.10186781659772
518.6131	0.102943818776426
517.1962	0.102511565262515
515.7792	0.102353854649525
514.3622	0.10249372449352
512.9452	0.101731641010105
511.5282	0.101698276931644
510.1113	0.101855442666144
508.6943	0.101440416712353
507.2773	0.101866667677494
505.8603	0.101551104983691
504.4434	0.101098849213044
503.0264	0.100842958586359
501.6094	0.100261885027614
500.1924	0.100105971119967
498.7755	0.100911565136059
497.3585	0.100857143652848
495.9415	0.100536719359858
494.5245	0.100494954135964
493.1076	0.100384124374226
491.6906	0.100150570758669
490.2736	0.100457595702931
488.8566	0.101100077746424
487.4397	0.100125840348471
486.0227	0.100925431245735
484.6057	0.100863313083641
483.1887	0.101000024927147
481.7718	0.101270338387383
480.3548	0.100958136001055
478.9378	0.101702051706694
477.5208	0.101281430964134
476.1039	0.101588463755178
474.6869	0.101230094793362
473.2699	0.100837690557782
471.8529	0.100924612342417
470.436	0.100791400388131
469.019	0.0996032059309402
467.602	0.0998924015476148
466.185	0.0990146669526207
464.768	0.0995564141496465
463.3511	0.0992079607931946
461.9341	0.0993467396561218
460.5171	0.0995801524438095
459.1001	0.0996489173147952
457.6832	0.0997132159223311
456.2662	0.0996820654145883
454.8492	0.0993336020481877
453.4322	0.0991653363964397
452.0153	0.0995075429381061
450.5983	0.0993719586455013
449.1813	0.100253015178983
447.7643	0.100826806550411
446.3474	0.101693181899366
444.9304	0.101459008406765
443.5134	0.102126119907632
442.0964	0.104119818812993
440.6795	0.105783470947475
439.2625	0.106548271767154
437.8455	0.10655679567367
436.4285	0.106918055299384
435.0116	0.107598461467014
433.5946	0.106965757512556
432.1776	0.107619340503899
430.7606	0.108653172200625
429.3437	0.109317352446872
427.9267	0.109139767612609
426.5097	0.109615519559529
425.0927	0.110914001456797
423.6758	0.110718343681278
422.2588	0.112020298706725
420.8418	0.112039436027359
419.4248	0.112207820441729
418.0078	0.111878745932631
416.5909	0.111234762983344
415.1739	0.110070499966089
413.7569	0.109741294707822
412.3399	0.1097369086486
410.923	0.110953467997563
409.506	0.111033872090001
408.089	0.111835461022171
406.672	0.112954203771348
405.2551	0.112854699409603
403.8381	0.113759396379498
402.4211	0.114794948169951
401.0041	0.114767156648895
