3994.4546	0.0255212079178962
3993.0377	0.0252685627845248
3991.6207	0.0252082821540276
3990.2037	0.0252262869895192
3988.7867	0.0259149527729706
3987.3698	0.0249582710317561
3985.9528	0.0251548228600156
3984.5358	0.0251484484509339
3983.1188	0.0249510026287508
3981.7019	0.0247065249333369
3980.2849	0.0259173566369631
3978.8679	0.0247715832788241
3977.4509	0.0246846898802989
3976.034	0.0252759362876034
3974.617	0.0253023512933671
3973.2	0.0251632084611699
3971.783	0.0249312762548174
3970.3661	0.0259186148502318
3968.9491	0.025701531141362
3967.5321	0.0253413320126693
3966.1151	0.0255107381780874
3964.6982	0.0254727657730005
3963.2812	0.0248527939681296
3961.8642	0.0254676818351687
3960.4472	0.0252435755417153
3959.0303	0.0248382922011616
3957.6133	0.0255361567687407
3956.1963	0.0256437205869961
3954.7793	0.0257006098569245
3953.3624	0.0242870774367802
3951.9454	0.0255872966175556
3950.5284	0.0261062596381287
3949.1114	0.024586107799048
3947.6944	0.02488054461603
3946.2775	0.0253172465605468
3944.8605	0.0250221608520215
3943.4435	0.0251889723725184
3942.0265	0.024183325167089
3940.6096	0.0254841511082811
3939.1926	0.0250680529778743
3937.7756	0.0256916314434739
3936.3586	0.0248957985746427
3934.9417	0.0248523910210901
3933.5247	0.024323394506199
3932.1077	0.0248103450949369
3930.6907	0.0257231577749565
3929.2738	0.0255589999349076
3927.8568	0.0257294066957554
3926.4398	0.0254577746449932
3925.0228	0.0240999346928247
3923.6059	0.0254446926918843
3922.1889	0.0260776025431712
3920.7719	0.0254298252336408
3919.3549	0.0253327114830275
3917.938	0.0246903861909968
3916.521	0.0244761829695443
3915.104	0.0247872373346256
3913.687	0.024982155700217
3912.2701	0.025150630234135
3910.8531	0.025048564774945
3909.4361	0.0242089617137148
3908.0191	0.0246564271301443
3906.6022	0.0240047936684841
3905.1852	0.0243473601011469
3903.7682	0.024377883752557
3902.3512	0.0239526698282248
3900.9342	0.0243351662517806
3899.5173	0.0250682105227097
3898.1003	0.0251468822491765
3896.6833	0.0249589307080903
3895.2663	0.0250908127201566
3893.8494	0.0237332996020675
3892.4324	0.024649053185865
3891.0154	0.0248619203644444
3889.5984	0.0235754524910885
3888.1815	0.0244820114013117
3886.7645	0.024983289750923
3885.3475	0.0248824481829651
3883.9305	0.0256012193632996
3882.5136	0.0247200451031059
3881.0966	0.0247005317269665
3879.6796	0.0248688962785469
3878.2626	0.0236644422595284
3876.8457	0.0243946008687051
3875.4287	0.0247320720066674
3874.0117	0.0240746316307724
3872.5947	0.0236501792103606
3871.1778	0.024763499518086
3869.7608	0.0245521026521036
3868.3438	0.0238544286839418
3866.9268	0.0249237975345195
3865.5099	0.0243228485573676
3864.0929	0.0245122257133279
3862.6759	0.0252430712498065
3861.2589	0.0247032966251256
3859.842	0.024256795946861
3858.425	0.0237375918194264
3857.008	0.0249798368246824
3855.591	0.0237489396924845
3854.174	0.0248683953153944
3852.7571	0.0252003516611177
3851.3401	0.0254906808453437
3849.9231	0.0247605685861195
3848.5061	0.0247030911967691
3847.0892	0.0242058395230167
3845.6722	0.0242475759194638
3844.2552	0.0249084228394672
3842.8382	0.0237022251051556
3841.4213	0.0246138255256477
3840.0043	0.0243448154630047
3838.5873	0.0236957363918761
3837.1703	0.0234351406278178
3835.7534	0.0233870509470553
3834.3364	0.0240047756800271
3832.9194	0.02347516380208
3831.5024	0.0243398801282559
3830.0855	0.0243157770090918
3828.6685	0.0239253988605915
3827.2515	0.024481343865619
3825.8345	0.0249835557702668
3824.4176	0.023640843472274
3823.0006	0.0244422013087106
3821.5836	0.0252010379835484
3820.1666	0.0241775792408258
3818.7497	0.0240201437299561
3817.3327	0.0248742802930351
3815.9157	0.0244091647997802
3814.4987	0.0242085400648526
3813.0818	0.0242588849539041
3811.6648	0.0240845392120255
3810.2478	0.0247657572099226
3808.8308	0.0240218438097017
3807.4138	0.0234099822877873
3805.9969	0.0232664894840311
3804.5799	0.0235894357189067
3803.1629	0.0236521520797508
3801.7459	0.0225501181076736
3800.329	0.024603478557395
3798.912	0.0246735567187365
3797.495	0.0230169945927492
3796.078	0.0251668236202545
3794.6611	0.0241334459262682
3793.2441	0.0236650147465939
3791.8271	0.0238389903515872
3790.4101	0.0239402851212146
3788.9932	0.0231206334002734
3787.5762	0.0238615088203645
3786.1592	0.0234268239966123
3784.7422	0.0234813101519069
3783.3253	0.0244118595456243
3781.9083	0.0240989420334619
3780.4913	0.0233606160239001
3779.0743	0.0240530184450319
3777.6574	0.0233733259197251
3776.2404	0.0230289392239747
3774.8234	0.0233947967433434
3773.4064	0.0243507672262457
3771.9895	0.0234219642052748
3770.5725	0.0232479674276701
3769.1555	0.0222553114639251
3767.7385	0.0230653752172227
3766.3216	0.0237451150541449
3764.9046	0.0225254841793195
3763.4876	0.0226806596789133
3762.0706	0.0237135093486759
3760.6536	0.023195572402584
3759.2367	0.0223895329044062
3757.8197	0.0241711974722543
3756.4027	0.0226862337580421
3754.9857	0.0228923349612939
3753.5688	0.0224129648585768
3752.1518	0.023106244078359
3750.7348	0.022639872750512
3749.3178	0.0241420650244777
3747.9009	0.0231617778693613
3746.4839	0.0233969428736026
3745.0669	0.022494347319712
3743.6499	0.0228303168297031
3742.233	0.0228346303217876
3740.816	0.0234246923652598
3739.399	0.0220722963749096
3737.982	0.0235892367207757
3736.5651	0.0231341052622969
3735.1481	0.0235437311180804
3733.7311	0.0227902015784803
3732.3141	0.022781771098135
3730.8972	0.0227322817553697
3729.4802	0.0227189652370416
3728.0632	0.0238941299732105
3726.6462	0.0225472379970727
3725.2293	0.0225468017558155
3723.8123	0.0228477392394241
3722.3953	0.0225536785109419
3720.9783	0.022051146104181
3719.5614	0.023724137111025
3718.1444	0.0226969640219088
3716.7274	0.021953255859267
3715.3104	0.0214674252210997
3713.8935	0.0216302581423484
3712.4765	0.0217176538416639
3711.0595	0.022219523978991
3709.6425	0.0236936806192296
3708.2255	0.0232463818101648
3706.8086	0.0230981208869798
3705.3916	0.0226237258578947
3703.9746	0.0225641617702673
3702.5576	0.0232251888438279
3701.1407	0.0230546253059375
3699.7237	0.0221185810947963
3698.3067	0.0224179185547001
3696.8897	0.0237300078984387
3695.4728	0.0225007275697261
3694.0558	0.0223245231693892
3692.6388	0.0224583233680318
3691.2218	0.0214202406434738
3689.8049	0.0211106782511644
3688.3879	0.0220326042102302
3686.9709	0.0216880581750433
3685.5539	0.0221390892989713
3684.137	0.0225497240957886
3682.72	0.0225292661087077
3681.303	0.0225327660983982
3679.886	0.0225442104931996
3678.4691	0.0220754545329671
3677.0521	0.0215768151997503
3675.6351	0.0221110788739834
3674.2181	0.0212772787668034
3672.8012	0.0212478208056248
3671.3842	0.0212949181726422
3669.9672	0.0224739521434405
3668.5502	0.0219830283915375
3667.1333	0.0220694089097255
3665.7163	0.0223226274420555
3664.2993	0.0224340594824632
3662.8823	0.0232363911169826
3661.4653	0.0222941607809294
3660.0484	0.0218233254913538
3658.6314	0.0218471263717546
3657.2144	0.0219605421061863
3655.7974	0.0222518123727627
3654.3805	0.0224679976991849
3652.9635	0.0218761338194043
3651.5465	0.0216040991040308
3650.1295	0.0213651601871704
3648.7126	0.0229180712639094
3647.2956	0.022263031287101
3645.8786	0.0232689923901069
3644.4616	0.0223496516009752
3643.0447	0.0234499275878069
3641.6277	0.0227366944029944
3640.2107	0.0231561499384256
3638.7937	0.0223875661526362
3637.3768	0.0229744350479545
3635.9598	0.0244243471164232
3634.5428	0.0228303994215798
3633.1258	0.0231302988658412
3631.7089	0.0231710052084516
3630.2919	0.0232836892461468
3628.8749	0.0239035495796087
3627.4579	0.0239491721124225
3626.041	0.0257741853775339
3624.624	0.0239271775600274
3623.207	0.024716933901067
3621.79	0.025366274825679
3620.3731	0.024843894716361
3618.9561	0.0245630437198081
3617.5391	0.0232796105990457
3616.1221	0.025017566814598
3614.7051	0.0250387366709116
3613.2882	0.0256389488713064
3611.8712	0.024284752736344
3610.4542	0.0251670402949868
3609.0372	0.0238553637810835
3607.6203	0.0252036234209378
3606.2033	0.0258564864042128
3604.7863	0.0262795682749961
3603.3693	0.0256912691887293
3601.9524	0.0264044275275341
3600.5354	0.0266791231992124
3599.1184	0.0271161830532303
3597.7014	0.0268564082254608
3596.2845	0.0275537788095694
3594.8675	0.0278060103138347
3593.4505	0.0288584624683987
3592.0335	0.0271094247004752
3590.6166	0.0283689464867889
3589.1996	0.028006739088926
3587.7826	0.0288337786992613
3586.3656	0.0285823790756905
3584.9487	0.0293103535382983
3583.5317	0.0288955733105455
3582.1147	0.0294050494153336
3580.6977	0.0294477617890426
3579.2808	0.0294505661680031
3577.8638	0.0307689986164075
3576.4468	0.0298553786172137
3575.0298	0.0308705865726456
3573.6129	0.0316790927000437
3572.1959	0.0315700928125411
3570.7789	0.0300347808027341
3569.3619	0.0317776154465511
3567.9449	0.0323021567478022
3566.528	0.0325468419990198
3565.111	0.0335721094234346
3563.694	0.0339253980090762
3562.277	0.0334178515121004
3560.8601	0.0344289384696372
3559.4431	0.0341039286364774
3558.0261	0.0333267138467878
3556.6091	0.0354040330123733
3555.1922	0.0354333919145985
3553.7752	0.035129397695699
3552.3582	0.0350823136870416
3550.9412	0.0361830405781885
3549.5243	0.0366952083461221
3548.1073	0.0374729955756551
3546.6903	0.0373134066063821
3545.2733	0.0378145543029319
3543.8564	0.0387422330191533
3542.4394	0.0392390277777297
3541.0224	0.0402886214066716
3539.6054	0.0394753720711027
3538.1885	0.0404184091636568
3536.7715	0.0403689587537527
3535.3545	0.0401457001191096
3533.9375	0.0402867967341314
3532.5206	0.0408851238939586
3531.1036	0.0413998401869658
3529.6866	0.0418291690456416
3528.2696	0.0422229327367198
3526.8527	0.0426410377573351
3525.4357	0.0419481761811067
3524.0187	0.0435084070316241
3522.6017	0.0431598908291668
3521.1847	0.0428578241451419
3519.7678	0.0441165420289251
3518.3508	0.0451083221783924
3516.9338	0.044787911653567
3515.5168	0.0450699981793245
3514.0999	0.045409463861535
3512.6829	0.0466655718302066
3511.2659	0.0476521897432327
3509.8489	0.0467999357877681
3508.432	0.0469218599893269
3507.015	0.0482169569597479
3505.598	0.0471281711495625
3504.181	0.0492797318153179
3502.7641	0.0477570364383141
3501.3471	0.0490772981919942
3499.9301	0.04941357181654
3498.5131	0.0492956085587061
3497.0962	0.0498021737651738
3495.6792	0.0507128860222427
3494.2622	0.0513986167560038
3492.8452	0.0525664910310077
3491.4283	0.052280094945159
3490.0113	0.0517797230194961
3488.5943	0.0521499834138225
3487.1773	0.0523459330630408
3485.7604	0.0539273089704928
3484.3434	0.0531750658639921
3482.9264	0.0540840617705643
3481.5094	0.05385582757576
3480.0925	0.0535257088776316
3478.6755	0.0549212030659985
3477.2585	0.0560350619907842
3475.8415	0.0550723304351827
3474.4245	0.0564100534459676
3473.0076	0.0562845251383967
3471.5906	0.0564326698074107
3470.1736	0.0568404929705483
3468.7566	0.057739556326135
3467.3397	0.0581620043155093
3465.9227	0.0572791292796375
3464.5057	0.058412074097849
3463.0887	0.0584092956408835
3461.6718	0.0584220506393236
3460.2548	0.0599430803470809
3458.8378	0.0604746501071683
3457.4208	0.059988064105484
3456.0039	0.0597116882523539
3454.5869	0.0609164305097275
3453.1699	0.0609931982745029
3451.7529	0.0611845734492425
3450.336	0.0614858502447112
3448.919	0.0615386254468656
3447.502	0.0625020805978099
3446.085	0.0626234882434819
3444.6681	0.0635984635928595
3443.2511	0.0635141740960568
3441.8341	0.0643604112492148
3440.4171	0.06398116619151
3439.0002	0.0650967451462636
3437.5832	0.0642553744644994
3436.1662	0.0649453888165493
3434.7492	0.0656327970915346
3433.3323	0.0662363642167187
3431.9153	0.066089743308252
3430.4983	0.0654966619153684
3429.0813	0.0661606301025036
3427.6643	0.0666055798979553
3426.2474	0.0680356708318616
3424.8304	0.0685572703945141
3423.4134	0.0676411378979975
3421.9964	0.0672025141141563
3420.5795	0.0676793556901827
3419.1625	0.0676257551194493
3417.7455	0.0692366536949199
3416.3285	0.0683176885291633
3414.9116	0.0688270944872358
3413.4946	0.0692289201439297
3412.0776	0.0695595978404919
3410.6606	0.0705786118069939
3409.2437	0.0699264485065008
3407.8267	0.0710086784690717
3406.4097	0.0714656965927163
3404.9927	0.0717234174198377
3403.5758	0.0717762702892216
3402.1588	0.0728466811065832
3400.7418	0.0730040396509471
3399.3248	0.0725215247440503
3397.9079	0.0734792739514359
3396.4909	0.0726711981060552
3395.0739	0.0737767243429008
3393.6569	0.0732954906456504
3392.24	0.0742709119475347
3390.823	0.0742058316349244
3389.406	0.0751469801613887
3387.989	0.0742729215381424
3386.5721	0.0758282395677772
3385.1551	0.075281683648256
3383.7381	0.0751541455585022
3382.3211	0.075570715524518
3380.9041	0.0756160432438114
3379.4872	0.0762662004685146
3378.0702	0.0775232962351102
3376.6532	0.0770834455675067
3375.2362	0.0780278357609302
3373.8193	0.0782061105235159
3372.4023	0.0767915288361744
3370.9853	0.0778329504543305
3369.5683	0.0778262141555406
3368.1514	0.0777638665407889
3366.7344	0.0788184179917037
3365.3174	0.0782624290657902
3363.9004	0.0792384743421412
3362.4835	0.0793598984468849
3361.0665	0.0784717783580423
3359.6495	0.0787950921129016
3358.2325	0.0803037821486632
3356.8156	0.0797412413501327
3355.3986	0.0801145592219107
3353.9816	0.0802061714657688
3352.5646	0.0796175018904333
3351.1477	0.0801596827802217
3349.7307	0.0805807786456665
3348.3137	0.0801582848562958
3346.8967	0.0802074911770354
3345.4798	0.0799718617985057
3344.0628	0.0806407536549792
3342.6458	0.0812229250454079
3341.2288	0.080946183065759
3339.8119	0.0810195485131235
3338.3949	0.081566433388154
3336.9779	0.0814729395432794
3335.5609	0.0818357314034763
3334.1439	0.0828147205732227
3332.727	0.082879128611262
3331.31	0.0829151822978191
3329.893	0.0821504700863228
3328.476	0.0824175532424975
3327.0591	0.0813113836967185
3325.6421	0.0825366371188887
3324.2251	0.0831465978890979
3322.8081	0.0834624660041124
3321.3912	0.0824885110473395
3319.9742	0.082612619992335
3318.5572	0.083817745976117
3317.1402	0.0833142823236045
3315.7233	0.0831518511223484
3314.3063	0.0832363778426684
3312.8893	0.0837245570688254
3311.4723	0.0825263112668511
3310.0554	0.0834464788459001
3308.6384	0.083479759909951
3307.2214	0.0838374989521597
3305.8044	0.0839314087443332
3304.3875	0.0831201655986685
3302.9705	0.0841600932709555
3301.5535	0.0840383647751502
3300.1365	0.083271980943764
3298.7196	0.0842021301902375
3297.3026	0.0840226725709829
3295.8856	0.0835080675147054
3294.4686	0.0845773854799579
3293.0517	0.0844282416385418
3291.6347	0.0852708900003967
3290.2177	0.0848362478520916
3288.8007	0.0846019200761066
3287.3837	0.084769715153246
3285.9668	0.0847206681114299
3284.5498	0.0847726727647123
3283.1328	0.0842944485848734
3281.7158	0.0839557119772264
3280.2989	0.0844860373524203
3278.8819	0.0846448785762199
3277.4649	0.0841495962770731
3276.0479	0.0841216159492617
3274.631	0.0832661397151916
3273.214	0.0837921101348999
3271.797	0.0849220200400063
3270.38	0.0845539206111126
3268.9631	0.0842068512521574
3267.5461	0.0844829461668788
3266.1291	0.0840220377993785
3264.7121	0.0827836211800197
3263.2952	0.084966412605697
3261.8782	0.0846237434421643
3260.4612	0.0842443628402798
3259.0442	0.0839210569704665
3257.6273	0.0846542653497755
3256.2103	0.0850255215720584
3254.7933	0.0849793129217528
3253.3763	0.0840395613063095
3251.9594	0.0835738317509116
3250.5424	0.0843272823998954
3249.1254	0.084099555935639
3247.7084	0.0839076239762386
3246.2915	0.082984719549383
3244.8745	0.0838710199346761
3243.4575	0.0843787928388191
3242.0405	0.0845248449961959
3240.6235	0.0840652130171636
3239.2066	0.0825915644784907
3237.7896	0.0838589533305774
3236.3726	0.0835585066082312
3234.9556	0.0822428916996428
3233.5387	0.0841330211233172
3232.1217	0.0827752425047829
3230.7047	0.0831392907323758
3229.2877	0.0830943180166559
3227.8708	0.0828362860352018
3226.4538	0.0828946404191273
3225.0368	0.0823320364609035
3223.6198	0.0824312443113363
3222.2029	0.0827475833879009
3220.7859	0.0829070948040239
3219.3689	0.0820426520452834
3217.9519	0.0816999380118196
3216.535	0.0819401204643416
3215.118	0.0819915946799549
3213.701	0.0807331366622264
3212.284	0.0813314105519429
3210.8671	0.0808827213840698
3209.4501	0.082253649626101
3208.0331	0.0820992130403529
3206.6161	0.0814127737912901
3205.1992	0.0812313428806411
3203.7822	0.0807197734354111
3202.3652	0.0812357444455951
3200.9482	0.0811453101662934
3199.5313	0.08039484780579
3198.1143	0.0808572843779403
3196.6973	0.0814680409120773
3195.2803	0.0797715987265784
3193.8633	0.0801942019916967
3192.4464	0.0799802869528713
3191.0294	0.0792117483549424
3189.6124	0.0795320913474192
3188.1954	0.0787779493156022
3186.7785	0.0780126368602094
3185.3615	0.0780771873399928
3183.9445	0.0782869802639225
3182.5275	0.0787929186793585
3181.1106	0.0785014138162814
3179.6936	0.07850152995925
3178.2766	0.0778709355241823
3176.8596	0.0781276889067285
3175.4427	0.0778321812912
3174.0257	0.0787044774848138
3172.6087	0.0767796665116198
3171.1917	0.077006182586207
3169.7748	0.0784864509203498
3168.3578	0.0769576625407525
3166.9408	0.0760247742082347
3165.5238	0.0758178840479246
3164.1069	0.0755484799500493
3162.6899	0.0760549853031768
3161.2729	0.0753629004985319
3159.8559	0.0747358556127195
3158.439	0.0743768965694828
3157.022	0.0751282912966116
3155.605	0.0747160518401936
3154.188	0.0747426687655243
3152.7711	0.0733848949570544
3151.3541	0.0737680889583149
3149.9371	0.0756099404133385
3148.5201	0.0734163806824243
3147.1031	0.0736032193566544
3145.6862	0.0737675541383999
3144.2692	0.0725606152842535
3142.8522	0.072474104972561
3141.4352	0.0712735182957247
3140.0183	0.0719327198234096
3138.6013	0.0718988517215828
3137.1843	0.0711680312915161
3135.7673	0.0712950736885467
3134.3504	0.0707693805828392
3132.9334	0.072014086913993
3131.5164	0.0718622715924833
3130.0994	0.0703504849053348
3128.6825	0.0709721124058076
3127.2655	0.0702545551879135
3125.8485	0.0697924753585163
3124.4315	0.0697700440568168
3123.0146	0.0691238755013245
3121.5976	0.0690721357444583
3120.1806	0.0694300009684504
3118.7636	0.0692049283859448
3117.3467	0.0678016857507535
3115.9297	0.0683918109627106
3114.5127	0.0674383180250438
3113.0957	0.0665690294822867
3111.6788	0.0674166085348513
3110.2618	0.0671355121171651
3108.8448	0.0676675426948877
3107.4278	0.0668110686105401
3106.0109	0.0659763589028109
3104.5939	0.0663282594520177
3103.1769	0.0659683117496286
3101.7599	0.0664251369528925
3100.3429	0.0661298030714993
3098.926	0.0664071685395101
3097.509	0.0649909635167547
3096.092	0.0649683635883345
3094.675	0.0654317518598945
3093.2581	0.0648645456274179
3091.8411	0.0650763195522649
3090.4241	0.0650552634006409
3089.0071	0.0640118296420982
3087.5902	0.0643355266060624
3086.1732	0.0633877074624012
3084.7562	0.0631374659512431
3083.3392	0.0628318289269662
3081.9223	0.0629793590049228
3080.5053	0.0633654211469982
3079.0883	0.0629324065211025
3077.6713	0.0621693103574612
3076.2544	0.0629980127859002
3074.8374	0.061886730883821
3073.4204	0.0609214822579872
3072.0034	0.0620183611065667
3070.5865	0.0611220771931378
3069.1695	0.0618097665944888
3067.7525	0.0617261305620687
3066.3355	0.0605465088145881
3064.9186	0.0607042241255033
3063.5016	0.0600924381529615
3062.0846	0.059641006395182
3060.6676	0.0606348680375766
3059.2507	0.0595981768102269
3057.8337	0.0593966948311609
3056.4167	0.0601003056134647
3054.9997	0.0589128570181532
3053.5827	0.0578426089675672
3052.1658	0.0583133419993111
3050.7488	0.0585939698617589
3049.3318	0.0577936104479695
3047.9148	0.0578814227226771
3046.4979	0.0576609319347995
3045.0809	0.0574726194728901
3043.6639	0.0577212628580832
3042.2469	0.0569166053757074
3040.83	0.05724115249796
3039.413	0.0561666449352607
3037.996	0.0570199895591994
3036.579	0.0563601770358068
3035.1621	0.0561183940090441
3033.7451	0.0567738365519401
3032.3281	0.0563975874792251
3030.9111	0.0554408311690445
3029.4942	0.0556876302567134
3028.0772	0.0551605897295987
3026.6602	0.0554476968472511
3025.2432	0.0549887855736697
3023.8263	0.0548527217100128
3022.4093	0.0543776668514308
3020.9923	0.0540793448769506
3019.5753	0.0552151921762215
3018.1584	0.0541778417363429
3016.7414	0.0540568646880342
3015.3244	0.0545017232732811
3013.9074	0.0532086815588064
3012.4905	0.0538591564736258
3011.0735	0.0534755169474588
3009.6565	0.0532311397441954
3008.2395	0.0525141446418958
3006.8225	0.0533454165959282
3005.4056	0.0520879841028316
3003.9886	0.0535560140345046
3002.5716	0.0525532350346835
3001.1546	0.0520438387726793
2999.7377	0.0521972291025116
2998.3207	0.0534989215034498
2996.9037	0.052258960179262
2995.4867	0.052500062750174
2994.0698	0.0524673996531241
2992.6528	0.0526094771879588
2991.2358	0.0522192592590607
2989.8188	0.0521440327843018
2988.4019	0.0521788596644342
2986.9849	0.0528860703200542
2985.5679	0.0517577449401491
2984.1509	0.0522256101903829
2982.734	0.0522545144468585
2981.317	0.0536794248607121
2979.9	0.0539449269061651
2978.483	0.0530140061458539
2977.0661	0.0538912061351552
2975.6491	0.0539159063354366
2974.2321	0.0533816158797893
2972.8151	0.054155244817299
2971.3982	0.0544409965402625
2969.9812	0.0542055299986168
2968.5642	0.0543642344424502
2967.1472	0.055407613490324
2965.7303	0.0553921060379077
2964.3133	0.055100742629509
2962.8963	0.056133137806356
2961.4793	0.0561437939180837
2960.0623	0.0569550401550618
2958.6454	0.057348525608294
2957.2284	0.0573366351955245
2955.8114	0.0565863632479333
2954.3944	0.0572301120710876
2952.9775	0.0580819232673691
2951.5605	0.0589068254711358
2950.1435	0.0589861727024152
2948.7265	0.0592456597896385
2947.3096	0.0602986371914307
2945.8926	0.0589290381018467
2944.4756	0.0596620792355381
2943.0586	0.0610568240904456
2941.6417	0.0619406661728437
2940.2247	0.062461306324741
2938.8077	0.0623895457381496
2937.3907	0.0625768766066046
2935.9738	0.0636628803104728
2934.5568	0.0638017696607685
2933.1398	0.0645217324017556
2931.7228	0.065162734630752
2930.3059	0.0642448382728877
2928.8889	0.0654248481704046
2927.4719	0.0645210293160611
2926.0549	0.06621410428543
2924.638	0.0658888465650806
2923.221	0.0653604291703605
2921.804	0.0653986395684953
2920.387	0.0645795957780896
2918.9701	0.0643165014191699
2917.5531	0.0647677269803756
2916.1361	0.0658596072664158
2914.7191	0.0648659069798317
2913.3021	0.0651558169641711
2911.8852	0.0644708416246049
2910.4682	0.0645992110064831
2909.0512	0.0638681079853274
2907.6342	0.0651126282560822
2906.2173	0.0644578091483904
2904.8003	0.064304315607156
2903.3833	0.0645336865618206
2901.9663	0.0635491988460687
2900.5494	0.0641134045597322
2899.1324	0.0640733883384159
2897.7154	0.0635103375220893
2896.2984	0.0642219585563629
2894.8815	0.0636580293968407
2893.4645	0.0626491448674477
2892.0475	0.0632946091106514
2890.6305	0.0636907773986422
2889.2136	0.0645293769894461
2887.7966	0.0644784790168834
2886.3796	0.063401932944624
2884.9626	0.0631157666413432
2883.5457	0.0624975905236199
2882.1287	0.0623956116097583
2880.7117	0.0622183626388166
2879.2947	0.063021405213782
2877.8778	0.0620330931853977
2876.4608	0.0625371852086178
2875.0438	0.06112806077966
2873.6268	0.0609444321065649
2872.2099	0.061307717070979
2870.7929	0.0607171423416256
2869.3759	0.0608904673133969
2867.9589	0.061068369948283
2866.5419	0.0605409566459057
2865.125	0.0596789419069441
2863.708	0.060437010372904
2862.291	0.0582501797493989
2860.874	0.057936985684631
2859.4571	0.058209617069663
2858.0401	0.0570675325774324
2856.6231	0.0569452691584299
2855.2061	0.0577658124513901
2853.7892	0.0575373193665546
2852.3722	0.0576202051758205
2850.9552	0.0577525104945372
2849.5382	0.0565967290987124
2848.1213	0.0568931581667554
2846.7043	0.0575254336595663
2845.2873	0.0565387902129474
2843.8703	0.0559502207520548
2842.4534	0.0570976340441104
2841.0364	0.0558786877232719
2839.6194	0.0559968471839618
2838.2024	0.0565259604272372
2836.7855	0.0544623083311713
2835.3685	0.0538975531505043
2833.9515	0.0552594829419156
2832.5345	0.0540257552700648
2831.1176	0.0551565805229544
2829.7006	0.0543017029818759
2828.2836	0.0547590327288535
2826.8666	0.0540222171702884
2825.4497	0.0538082510587712
2824.0327	0.0536918458305844
2822.6157	0.0539672280071512
2821.1987	0.05381199260263
2819.7817	0.0543479397595042
2818.3648	0.0535067953724837
2816.9478	0.0528132501223108
2815.5308	0.0524726366479452
2814.1138	0.0520635516588878
2812.6969	0.0516976040971864
2811.2799	0.0517332294444473
2809.8629	0.0522091957925252
2808.4459	0.0515915992823793
2807.029	0.0517275206729701
2805.612	0.0505317740267235
2804.195	0.0510379197459263
2802.778	0.0506011422460148
2801.3611	0.0507659934187141
2799.9441	0.0499726579275828
2798.5271	0.0508040576520683
2797.1101	0.0503251360517928
2795.6932	0.0516124150220211
2794.2762	0.0509235726949678
2792.8592	0.0507034290180497
2791.4422	0.0502114113306694
2790.0253	0.0501196247142548
2788.6083	0.0501140644302733
2787.1913	0.0507515996072772
2785.7743	0.05010537652517
2784.3574	0.0503135213282755
2782.9404	0.0501999530446506
2781.5234	0.0503129187950236
2780.1064	0.0491316077456182
2778.6895	0.0492832135665943
2777.2725	0.050033580886935
2775.8555	0.0496132660831868
2774.4385	0.0497325083243375
2773.0215	0.0491080382251046
2771.6046	0.0493939451730517
2770.1876	0.049457860913849
2768.7706	0.0489447611973021
2767.3536	0.0489235046094922
2765.9367	0.047934186179473
2764.5197	0.0496356979588166
2763.1027	0.0493043368369479
2761.6857	0.0488965125124844
2760.2688	0.0486444817534821
2758.8518	0.0491533399815148
2757.4348	0.0494464521456029
2756.0178	0.0502129746742294
2754.6009	0.0487591767226083
2753.1839	0.0480541871997972
2751.7669	0.0483694655087149
2750.3499	0.049132278529211
2748.933	0.0481515224559316
2747.516	0.0483078937408749
2746.099	0.0490066598841636
2744.682	0.0491930432606073
2743.2651	0.0488675246379963
2741.8481	0.0477282766716366
2740.4311	0.0489793479738143
2739.0141	0.0480378267308936
2737.5972	0.0489076380688678
2736.1802	0.0484095687340903
2734.7632	0.047724439080433
2733.3462	0.0485395696630891
2731.9293	0.048083443269979
2730.5123	0.0473828667083944
2729.0953	0.0474181929461703
2727.6783	0.0479103092850056
2726.2613	0.0477601867665954
2724.8444	0.0482620130392151
2723.4274	0.0483557149624086
2722.0104	0.0473339651965169
2720.5934	0.0471013512961383
2719.1765	0.0469984549854871
2717.7595	0.047091478837544
2716.3425	0.047554062530635
2714.9255	0.0470852098108493
2713.5086	0.047417923168204
2712.0916	0.047777223257209
2710.6746	0.0473568911151537
2709.2576	0.047176513582672
2707.8407	0.0472405285714226
2706.4237	0.0475487907545731
2705.0067	0.0468937523962185
2703.5897	0.0469032163903708
2702.1728	0.0472589533220424
2700.7558	0.0472538671749549
2699.3388	0.0472914328981738
2697.9218	0.0467575084654601
2696.5049	0.0482959113036001
2695.0879	0.046678440517681
2693.6709	0.0469534305549772
2692.2539	0.0468147621225738
2690.837	0.0468057986691292
2689.42	0.046423282556652
2688.003	0.04649158145285
2686.586	0.0466292890113979
2685.1691	0.0461530696810002
2683.7521	0.0464535262407005
2682.3351	0.046361951190128
2680.9181	0.0460387694120856
2679.5011	0.0458318015758269
2678.0842	0.0465487895907371
2676.6672	0.0465082262399898
2675.2502	0.0463072087575084
2673.8332	0.0458216175220588
2672.4163	0.0452881491271849
2670.9993	0.0455982080567655
2669.5823	0.0464160280740435
2668.1653	0.0443518609127479
2666.7484	0.0460276349104027
2665.3314	0.0470729859146259
2663.9144	0.0463331346368505
2662.4974	0.0460616848340763
2661.0805	0.0462426996355955
2659.6635	0.0465241866985079
2658.2465	0.0458261424466485
2656.8295	0.0459428722982788
2655.4126	0.045621759199265
2653.9956	0.0448361775122856
2652.5786	0.0446870151265389
2651.1616	0.044270869904826
2649.7447	0.0451696343320226
2648.3277	0.0452048333279735
2646.9107	0.0454262779699646
2645.4937	0.0444505818920411
2644.0768	0.0453463520326917
2642.6598	0.0439559410000443
2641.2428	0.0444874833739328
2639.8258	0.0445589541214415
2638.4089	0.0439604735978858
2636.9919	0.0448096665024663
2635.5749	0.0437195913884118
2634.1579	0.0427312844947643
2632.741	0.0432394424217787
2631.324	0.0454371617976136
2629.907	0.0433914268852191
2628.49	0.0435535100890955
2627.073	0.0436824094788266
2625.6561	0.043774466902685
2624.2391	0.043883083775061
2622.8221	0.0424332049411555
2621.4051	0.0434307963874433
2619.9882	0.0435916448207081
2618.5712	0.0425689735396003
2617.1542	0.0426573421330039
2615.7372	0.0441968282381462
2614.3203	0.043600861323633
2612.9033	0.0422204134797178
2611.4863	0.043756092190968
2610.0693	0.0424818849667418
2608.6524	0.0425438706604419
2607.2354	0.043288940338271
2605.8184	0.0420051456643186
2604.4014	0.0422253058499593
2602.9845	0.0425182712091342
2601.5675	0.0420948556309547
2600.1505	0.0427608613578428
2598.7335	0.0409464468347925
2597.3166	0.0419767374888988
2595.8996	0.0431557672665816
2594.4826	0.041402030365467
2593.0656	0.0438577644871226
2591.6487	0.0427076178245014
2590.2317	0.0426183263936103
2588.8147	0.0420766811553088
2587.3977	0.0410076257259968
2585.9808	0.0418802766002593
2584.5638	0.0421260139585811
2583.1468	0.0407563962352463
2581.7298	0.0420043711231915
2580.3128	0.0421826868845551
2578.8959	0.0416291882967533
2577.4789	0.0425785057810521
2576.0619	0.0417092683265597
2574.6449	0.0404003333169025
2573.228	0.0417796319804019
2571.811	0.0412165838838509
2570.394	0.0412663943557935
2568.977	0.0394824960012631
2567.5601	0.041232427453905
2566.1431	0.0410478396558833
2564.7261	0.0406065143073994
2563.3091	0.0395250903002522
2561.8922	0.0414049533088065
2560.4752	0.0408153054814278
2559.0582	0.0409633416319903
2557.6412	0.0408371256170535
2556.2243	0.0401721720419867
2554.8073	0.0402318692120962
2553.3903	0.040456402826036
2551.9733	0.0405238354827841
2550.5564	0.0400070638767726
2549.1394	0.0407275091866904
2547.7224	0.040524870257988
2546.3054	0.0411675188832323
2544.8885	0.0402568924067327
2543.4715	0.0402426577188416
2542.0545	0.0409790723620756
2540.6375	0.0397295479539205
2539.2206	0.0403845531540168
2537.8036	0.0406355087395464
2536.3866	0.0402551850820843
2534.9696	0.0394207170596411
2533.5526	0.0396267561520991
2532.1357	0.0403162078680845
2530.7187	0.039981864124014
2529.3017	0.0390216003480674
2527.8847	0.039474717700902
2526.4678	0.0389281712372036
2525.0508	0.0398295890577631
2523.6338	0.0401813504014953
2522.2168	0.0395614709270766
2520.7999	0.0392756422999869
2519.3829	0.0392196367242274
2517.9659	0.0395195420973686
2516.5489	0.0385046070476334
2515.132	0.0385883368920158
2513.715	0.0392382957359091
2512.298	0.0393806149191593
2510.881	0.0396309289254806
2509.4641	0.039399597869182
2508.0471	0.0388257976271706
2506.6301	0.0393698422812282
2505.2131	0.0386216119026418
2503.7962	0.0401117759671169
2502.3792	0.0392825591946862
2500.9622	0.0395275697899291
2499.5452	0.0392152084158487
2498.1283	0.0398667905293573
2496.7113	0.039960471394839
2495.2943	0.0400858702950402
2493.8773	0.0391279407443926
2492.4604	0.0386894584420986
2491.0434	0.0379851185314478
2489.6264	0.03855232073705
2488.2094	0.0385763590683748
2486.7924	0.0394923441126153
2485.3755	0.0391956965079282
2483.9585	0.0380508752988368
2482.5415	0.0390871974769906
2481.1245	0.0381459138948883
2479.7076	0.0381296997765869
2478.2906	0.037973092209583
2476.8736	0.0390482208668399
2475.4566	0.0387340000230035
2474.0397	0.0393692590025202
2472.6227	0.0384747777790073
2471.2057	0.0387252960659562
2469.7887	0.0398119041262342
2468.3718	0.0384299288813084
2466.9548	0.038788681261839
2465.5378	0.0387595425884808
2464.1208	0.0385383622720477
2462.7039	0.0394281639610573
2461.2869	0.0382630065274606
2459.8699	0.0394683457792413
2458.4529	0.0388710882449068
2457.036	0.0391282538119009
2455.619	0.0388972826946738
2454.202	0.038828275825879
2452.785	0.0381441123543828
2451.3681	0.0379586762688337
2449.9511	0.0379702422672449
2448.5341	0.0379332141625091
2447.1171	0.0375313150783489
2445.7002	0.0385663876548767
2444.2832	0.0379441694283574
2442.8662	0.0381874785999695
2441.4492	0.0383905872189377
2440.0322	0.0379076016680947
2438.6153	0.0380151995503119
2437.1983	0.0382953960913681
2435.7813	0.037332820669144
2434.3643	0.0370375913698002
2432.9474	0.0382892916792122
2431.5304	0.0368206994874119
2430.1134	0.0376756053510644
2428.6964	0.0372745198668948
2427.2795	0.0371665139056774
2425.8625	0.0366349906110536
2424.4455	0.036781789874233
2423.0285	0.0362927511477375
2421.6116	0.0375113471522595
2420.1946	0.036902927301409
2418.7776	0.0371974023563072
2417.3606	0.0363024944782695
2415.9437	0.0373705830584192
2414.5267	0.0376652005289447
2413.1097	0.037047265222154
2411.6927	0.0373306151193683
2410.2758	0.0365130284784535
2408.8588	0.0373760061590902
2407.4418	0.0370047035661853
2406.0248	0.0363721209512965
2404.6079	0.0372179508795771
2403.1909	0.0354634359682139
2401.7739	0.0368017689623969
2400.3569	0.0362200540284371
2398.94	0.0366782383100164
2397.523	0.0368779116985572
2396.106	0.0360505426314938
2394.689	0.0360838855875364
2393.272	0.0363181798096356
2391.8551	0.0360998493268453
2390.4381	0.0363858225444462
2389.0211	0.0366778754803161
2387.6041	0.0359808372178612
2386.1872	0.0365638529188498
2384.7702	0.0368834864187569
2383.3532	0.0356807076376487
2381.9362	0.0370332046602425
2380.5193	0.0356664041709385
2379.1023	0.0358887053397579
2377.6853	0.0364011523339178
2376.2683	0.037636851691328
2374.8514	0.0355133183111185
2373.4344	0.0358472330377581
2372.0174	0.0350361459801104
2370.6004	0.0354589239068674
2369.1835	0.0352943812280183
2367.7665	0.0352121785623501
2366.3495	0.0359724791021462
2364.9325	0.0367468822084974
2363.5156	0.0353656470648697
2362.0986	0.0362594674550761
2360.6816	0.0364594837469985
2359.2646	0.0362868878417334
2357.8477	0.03643567670631
2356.4307	0.0374429721601037
2355.0137	0.0359494804053873
2353.5967	0.0359832521453609
2352.1798	0.036888199001177
2350.7628	0.0354612987401021
2349.3458	0.0371519834554941
2347.9288	0.0359353424272006
2346.5118	0.0343125089355796
2345.0949	0.0352661139845894
2343.6779	0.0358192991684372
2342.2609	0.0357061505721279
2340.8439	0.0348098784060332
2339.427	0.0357444136383608
2338.01	0.0341740777654006
2336.593	0.0360890154460766
2335.176	0.0352134027544643
2333.7591	0.0351235680168588
2332.3421	0.0356998813542295
2330.9251	0.0364970947911268
2329.5081	0.0359024851103038
2328.0912	0.0359783371770323
2326.6742	0.0381497280796808
2325.2572	0.0365646273348482
2323.8402	0.0376888987753181
2322.4233	0.037284432494365
2321.0063	0.0371716769763879
2319.5893	0.0361883174130143
2318.1723	0.0360371552943883
2316.7554	0.0361886430596318
2315.3384	0.0356969509833607
2313.9214	0.0357852681386774
2312.5044	0.0362739401072951
2311.0875	0.0354805720720111
2309.6705	0.0352483058459711
2308.2535	0.035655537844449
2306.8365	0.0352812286040089
2305.4196	0.0354841239895021
2304.0026	0.0354688202105433
2302.5856	0.0368029734549386
2301.1686	0.0346948827270698
2299.7516	0.036441241333285
2298.3347	0.035446919594181
2296.9177	0.0359877976212545
2295.5007	0.0347147546770327
2294.0837	0.0361505414636909
2292.6668	0.0346667143928948
2291.2498	0.036311284125646
2289.8328	0.0361062664877316
2288.4158	0.0350881478803816
2286.9989	0.0353080861714539
2285.5819	0.0359556029548111
2284.1649	0.0359844496009436
2282.7479	0.0350225748016132
2281.331	0.0339884843509547
2279.914	0.0350902915804967
2278.497	0.0353010068599232
2277.08	0.0358915000980919
2275.6631	0.0356183649609273
2274.2461	0.0349127322896836
2272.8291	0.0339225045592962
2271.4121	0.0340698801240539
2269.9952	0.0344269977892236
2268.5782	0.0353847088569519
2267.1612	0.034667560665315
2265.7442	0.0329671261153517
2264.3273	0.0349227568219111
2262.9103	0.0341549294895187
2261.4933	0.034070171763391
2260.0763	0.034136004385915
2258.6594	0.0338626247057298
2257.2424	0.0337027399209546
2255.8254	0.0335592534251447
2254.4084	0.0338205397502444
2252.9914	0.0323012409105417
2251.5745	0.0334622334701701
2250.1575	0.0333659879593399
2248.7405	0.0337556861970137
2247.3235	0.0350813336197874
2245.9066	0.0334285082814875
2244.4896	0.0334574291805303
2243.0726	0.0338365180679665
2241.6556	0.0346922040580944
2240.2387	0.0345406060990949
2238.8217	0.034255127477226
2237.4047	0.0340272742656423
2235.9877	0.032784158638223
2234.5708	0.0327695693449921
2233.1538	0.0344819763702718
2231.7368	0.0341836248945371
2230.3198	0.033570206892388
2228.9029	0.0332654418101852
2227.4859	0.0342299862703652
2226.0689	0.03263136444071
2224.6519	0.032775579768349
2223.235	0.0332155451807279
2221.818	0.0326714953190955
2220.401	0.0336660139411915
2218.984	0.0333153421396388
2217.5671	0.0333038898775368
2216.1501	0.0348175641432727
2214.7331	0.0333876737517144
2213.3161	0.031989350024458
2211.8992	0.0332497489873133
2210.4822	0.033247673261077
2209.0652	0.0335947105674879
2207.6482	0.0332949154915683
2206.2312	0.0335726089148297
2204.8143	0.033540439750703
2203.3973	0.0342558293431661
2201.9803	0.0341009783705623
2200.5633	0.034670455390182
2199.1464	0.0334719633826415
2197.7294	0.0344279886826375
2196.3124	0.034723277749988
2194.8954	0.033463220240433
2193.4785	0.0328211196253371
2192.0615	0.0333093400708701
2190.6445	0.0327795180930204
2189.2275	0.0319642534958351
2187.8106	0.0325993975969038
2186.3936	0.0306551299133477
2184.9766	0.0320733620760711
2183.5596	0.0316029001872406
2182.1427	0.0325698622130486
2180.7257	0.0331329798021626
2179.3087	0.0320675633614887
2177.8917	0.0335352066406846
2176.4748	0.0339083902693019
2175.0578	0.0338903262204203
2173.6408	0.0320025627627488
2172.2238	0.0322231533644675
2170.8069	0.032382681778763
2169.3899	0.0325112402731332
2167.9729	0.0341995962768554
2166.5559	0.0341216905944171
2165.139	0.0327950353792773
2163.722	0.0327972254236269
2162.305	0.0336332752685731
2160.888	0.0327399273421826
2159.471	0.0323977539142035
2158.0541	0.0293595694773267
2156.6371	0.0278318742358565
2155.2201	0.0280745111091018
2153.8031	0.0292148373893168
2152.3862	0.029483113580726
2150.9692	0.0293057455085547
2149.5522	0.0282995199710456
2148.1352	0.0293959565977308
2146.7183	0.0285594954944252
2145.3013	0.0295408109378313
2143.8843	0.030614124985566
2142.4673	0.0297942493997541
2141.0504	0.029882095544798
2139.6334	0.0303532805428561
2138.2164	0.0309145590942677
2136.7994	0.0315700367426956
2135.3825	0.0315145783951565
2133.9655	0.0313215881598117
2132.5485	0.0322282791482418
2131.1315	0.0320203876086189
2129.7146	0.0323652742618994
2128.2976	0.0319527613070232
2126.8806	0.0330726836190951
2125.4636	0.0318353621381084
2124.0467	0.0323842770061899
2122.6297	0.0322155232638271
2121.2127	0.0322896943026382
2119.7957	0.0323963276733023
2118.3788	0.0321284585254372
2116.9618	0.033023970397772
2115.5448	0.0329652729501782
2114.1278	0.032539413711489
2112.7108	0.0326253193387351
2111.2939	0.0326339167946079
2109.8769	0.0324765552626966
2108.4599	0.0322449127637954
2107.0429	0.0314393683437467
2105.626	0.0323122462072522
2104.209	0.0331040663013319
2102.792	0.0330035693705433
2101.375	0.0332087142305789
2099.9581	0.0320463338951378
2098.5411	0.032789126733454
2097.1241	0.0318134595713798
2095.7071	0.0329079475055673
2094.2902	0.033460794918987
2092.8732	0.0322317705134056
2091.4562	0.032031743199061
2090.0392	0.0314501695404809
2088.6223	0.031692207477908
2087.2053	0.0319769503761571
2085.7883	0.032415696837398
2084.3713	0.0332978914548253
2082.9544	0.0321514662752579
2081.5374	0.0335335153782088
2080.1204	0.0328533934978175
2078.7034	0.0336626823884886
2077.2865	0.0329208337710229
2075.8695	0.0317742503843599
2074.4525	0.0323589650100333
2073.0355	0.0318423146146248
2071.6186	0.0312995001520662
2070.2016	0.0319577391701156
2068.7846	0.0313527081470453
2067.3676	0.0318054080960227
2065.9506	0.0310828791011844
2064.5337	0.0305324757921667
2063.1167	0.0312678463190804
2061.6997	0.0310705341306642
2060.2827	0.0318850155019339
2058.8658	0.0315593626439117
2057.4488	0.031701420044703
2056.0318	0.0320265190183132
2054.6148	0.03318810911582
2053.1979	0.031811787768928
2051.7809	0.0322206347172854
2050.3639	0.0321112955908061
2048.9469	0.0320586251454496
2047.53	0.0305300815306432
2046.113	0.0301368748466385
2044.696	0.0298262033451634
2043.279	0.0297816147138
2041.8621	0.0301984393053498
2040.4451	0.0307266800793013
2039.0281	0.031187636499808
2037.6111	0.0309775025422413
2036.1942	0.0307472348577941
2034.7772	0.0288401512280157
2033.3602	0.028640201783162
2031.9432	0.0285417858809156
2030.5263	0.0279854369983719
2029.1093	0.0288237300231257
2027.6923	0.0286049641108526
2026.2753	0.0290329921749162
2024.8584	0.0291002372209253
2023.4414	0.0292894657123557
2022.0244	0.0275051724623439
2020.6074	0.0281811134995649
2019.1904	0.0269600620399512
2017.7735	0.0272156915518907
2016.3565	0.0274021019151246
2014.9395	0.027367655336275
2013.5225	0.027558145714295
2012.1056	0.0279237199786964
2010.6886	0.0277578963642616
2009.2716	0.0281476258011708
2007.8546	0.0282260879903989
2006.4377	0.0282561974202723
2005.0207	0.0279951752564539
2003.6037	0.0274831663869882
2002.1867	0.029055602939411
2000.7698	0.028404179506423
1999.3528	0.0277932155713441
1997.9358	0.0289576876794836
1996.5188	0.0292006011903221
1995.1019	0.0298354253794313
1993.6849	0.0294543373473947
1992.2679	0.0285733361319236
1990.8509	0.0285576568212146
1989.434	0.0285367894017122
1988.017	0.0273023717274358
1986.6	0.0281186299295839
1985.183	0.0274251048288578
1983.7661	0.027684868698498
1982.3491	0.0271706464710448
1980.9321	0.0283203009036892
1979.5151	0.0291344469518242
1978.0982	0.0289496855312976
1976.6812	0.0277889989000548
1975.2642	0.0270946932850409
1973.8472	0.0275439169563833
1972.4302	0.0284517207555959
1971.0133	0.0265820704492989
1969.5963	0.0269997459306301
1968.1793	0.0265618765018513
1966.7623	0.0260185844215991
1965.3454	0.0268871077383806
1963.9284	0.026383973597233
1962.5114	0.0275840297853453
1961.0944	0.0255975674378324
1959.6775	0.0272327738528888
1958.2605	0.0287990125273395
1956.8435	0.0277456312974341
1955.4265	0.0279547004552418
1954.0096	0.0278341926491377
1952.5926	0.0273727629224679
1951.1756	0.0279392792895631
1949.7586	0.0279315050905324
1948.3417	0.0286640403806307
1946.9247	0.0268915241806755
1945.5077	0.0282037818537137
1944.0907	0.02852936485593
1942.6738	0.0280572085379712
1941.2568	0.0276516443619317
1939.8398	0.0284962062852223
1938.4228	0.0279161511662518
1937.0059	0.0292164093049515
1935.5889	0.0291964651924624
1934.1719	0.0279345718432937
1932.7549	0.0293694927787049
1931.338	0.028917539855251
1929.921	0.029358443327871
1928.504	0.029014080399723
1927.087	0.0294466337735427
1925.67	0.0287497408010661
1924.2531	0.0296547294184594
1922.8361	0.0292286512268038
1921.4191	0.0306994655563221
1920.0021	0.0315164292313237
1918.5852	0.0292015186288666
1917.1682	0.0306445239761305
1915.7512	0.0294356689829583
1914.3342	0.0308082393113958
1912.9173	0.0308519855928144
1911.5003	0.02926150717735
1910.0833	0.0301683854069991
1908.6663	0.0299287676887081
1907.2494	0.0297990597039803
1905.8324	0.0293697151722361
1904.4154	0.0291462803648722
1902.9984	0.0291968505359032
1901.5815	0.029394762933415
1900.1645	0.0302828993420159
1898.7475	0.0289803452456943
1897.3305	0.029999412420595
1895.9136	0.0285098067446117
1894.4966	0.029510051369872
1893.0796	0.0298746688047697
1891.6626	0.0293441419104986
1890.2457	0.0302790016552488
1888.8287	0.0291749280997323
1887.4117	0.0292169829600204
1885.9947	0.0299676872808642
1884.5778	0.0299545436078743
1883.1608	0.0311473445873428
1881.7438	0.0298118475686924
1880.3268	0.0298137517519582
1878.9098	0.0306980030184007
1877.4929	0.0296829984827571
1876.0759	0.0285524104725017
1874.6589	0.0291166337235704
1873.2419	0.0287944763624934
1871.825	0.0297835405532137
1870.408	0.0299024027356924
1868.991	0.0292574796729592
1867.574	0.0291745441877962
1866.1571	0.0297947322359648
1864.7401	0.0294690933616377
1863.3231	0.0307420825880264
1861.9061	0.0303951750671729
1860.4892	0.0309511874280448
1859.0722	0.0305707688023613
1857.6552	0.0286853940163566
1856.2382	0.0293001199284149
1854.8213	0.029227242686288
1853.4043	0.0299769221147682
1851.9873	0.029078592237164
1850.5703	0.0294641647892748
1849.1534	0.0296558870535306
1847.7364	0.0293691788144048
1846.3194	0.0289897475315881
1844.9024	0.0287918338941766
1843.4855	0.0294965983314298
1842.0685	0.0291034937153572
1840.6515	0.0296912901799547
1839.2345	0.0291896026070516
1837.8176	0.0296628656318155
1836.4006	0.0288237912957498
1834.9836	0.029017620499861
1833.5666	0.0285358907632821
1832.1496	0.0292229265620876
1830.7327	0.0284380983560019
1829.3157	0.0294291435675801
1827.8987	0.0294825617110022
1826.4817	0.0282484985080141
1825.0648	0.0284669312262202
1823.6478	0.0284173188853103
1822.2308	0.0273384155621911
1820.8138	0.0285829583935054
1819.3969	0.0287315387873612
1817.9799	0.028366089568631
1816.5629	0.0280709651348524
1815.1459	0.0293480485803358
1813.729	0.0299194707920303
1812.312	0.0294706066929113
1810.895	0.0294927688123122
1809.478	0.0293008783858124
1808.0611	0.0290131002622665
1806.6441	0.0292222407145532
1805.2271	0.0291819877776999
1803.8101	0.027471369871312
1802.3932	0.0291283405668751
1800.9762	0.0296485988889735
1799.5592	0.0293744560444429
1798.1422	0.0300476812394683
1796.7253	0.0297192809171291
1795.3083	0.0290248824680332
1793.8913	0.0291910946721634
1792.4743	0.0298197787728565
1791.0574	0.0295884798722003
1789.6404	0.0304566244504397
1788.2234	0.0299769484157812
1786.8064	0.0302552160803125
1785.3894	0.03005842004523
1783.9725	0.0292501789764098
1782.5555	0.0297663664973648
1781.1385	0.0303372332901682
1779.7215	0.0300555935915698
1778.3046	0.0292787764283556
1776.8876	0.029725088616342
1775.4706	0.0301250277111065
1774.0536	0.0292921757288084
1772.6367	0.0304926621319868
1771.2197	0.0287468272305412
1769.8027	0.029670264474222
1768.3857	0.0302742197071621
1766.9688	0.030049063232148
1765.5518	0.0293721694266107
1764.1348	0.0294840103624865
1762.7178	0.0286594110504006
1761.3009	0.030518526613526
1759.8839	0.0301669002522165
1758.4669	0.0303832348813126
1757.0499	0.0308986385808159
1755.633	0.0309588906346504
1754.216	0.0300575639364138
1752.799	0.0315045158455321
1751.382	0.0311317593305949
1749.9651	0.0313946162753354
1748.5481	0.0313503678095172
1747.1311	0.0309431833420432
1745.7141	0.032190870691571
1744.2972	0.0320207218784696
1742.8802	0.0305147014320144
1741.4632	0.0313883317502868
1740.0462	0.0323445645981213
1738.6292	0.0316159377273046
1737.2123	0.032977277917664
1735.7953	0.0329336885303449
1734.3783	0.0325770247620487
1732.9613	0.0335232804338962
1731.5444	0.0342635139997616
1730.1274	0.0339965990586847
1728.7104	0.034663481586885
1727.2934	0.0354589028095893
1725.8765	0.0340132422768594
1724.4595	0.0347328188997897
1723.0425	0.0354003393603323
1721.6255	0.0354502769241341
1720.2086	0.0349057575501794
1718.7916	0.0349051527664764
1717.3746	0.0356087754127128
1715.9576	0.035745858771201
1714.5407	0.0365930772654894
1713.1237	0.0371351015021811
1711.7067	0.0376695173763594
1710.2897	0.0381336699596717
1708.8728	0.0392746365245419
1707.4558	0.0378385475524657
1706.0388	0.0383442301918982
1704.6218	0.0375517528836324
1703.2049	0.0376139053898371
1701.7879	0.03802720919178
1700.3709	0.038750027452165
1698.9539	0.0397814273815932
1697.537	0.0401742366890712
1696.12	0.0402187435954859
1694.703	0.0402320657584408
1693.286	0.0393303065834599
1691.869	0.0397976888237741
1690.4521	0.0397443049214137
1689.0351	0.0395438932737212
1687.6181	0.0400396827527786
1686.2011	0.040659347162147
1684.7842	0.0406247185923621
1683.3672	0.0407766891094606
1681.9502	0.0414655563564869
1680.5332	0.0411215862652677
1679.1163	0.0415829167644542
1677.6993	0.0411073296624237
1676.2823	0.0415196844289912
1674.8653	0.0420104571022274
1673.4484	0.042655698009833
1672.0314	0.0425418771846113
1670.6144	0.042372634898163
1669.1974	0.0437350660678056
1667.7805	0.0423935479194014
1666.3635	0.0436660880307137
1664.9465	0.0427415661600402
1663.5295	0.042849597752031
1662.1126	0.0448794708075131
1660.6956	0.0444311777132683
1659.2786	0.0445727239493262
1657.8616	0.0436525920124417
1656.4447	0.0446294585657043
1655.0277	0.0444837364194149
1653.6107	0.0456792492969961
1652.1937	0.0460214516079583
1650.7768	0.0465887236159471
1649.3598	0.0469689946586755
1647.9428	0.0472485357282918
1646.5258	0.0486137225741413
1645.1088	0.0500906792499795
1643.6919	0.0493871497142197
1642.2749	0.0498263572780726
1640.8579	0.0502265798741973
1639.4409	0.051915628410827
1638.024	0.0525611078908708
1636.607	0.0535696153558268
1635.19	0.0547146305875661
1633.773	0.0549393478729942
1632.3561	0.0563449541985066
1630.9391	0.0568503045885889
1629.5221	0.0562810154551663
1628.1051	0.0575208925712377
1626.6882	0.0570696112491792
1625.2712	0.0580032843680036
1623.8542	0.0582185168781184
1622.4372	0.0595975961712778
1621.0203	0.0588183497757001
1619.6033	0.0586099360319152
1618.1863	0.0588709857086162
1616.7693	0.0601563355950625
1615.3524	0.0596414950118571
1613.9354	0.0618734300341909
1612.5184	0.0609770275474968
1611.1014	0.0616098205449889
1609.6845	0.0611411224593774
1608.2675	0.0623402378578145
1606.8505	0.0644134768404141
1605.4335	0.0645871237477132
1604.0166	0.0655216921676956
1602.5996	0.0653446918140172
1601.1826	0.0653797709399464
1599.7656	0.0662032660782814
1598.3486	0.0655468993795061
1596.9317	0.0653747076313295
1595.5147	0.0652158096737294
1594.0977	0.0657238960476932
1592.6807	0.0646737482745014
1591.2638	0.0644426119996953
1589.8468	0.0652636107998668
1588.4298	0.0632549634914965
1587.0128	0.0629608496638991
1585.5959	0.062155896816398
1584.1789	0.0614165978043092
1582.7619	0.0604082130913603
1581.3449	0.0589357492367607
1579.928	0.0592364963693464
1578.511	0.0575941137927835
1577.094	0.0576860538007541
1575.677	0.0580596765514227
1574.2601	0.0556469459948035
1572.8431	0.0567013273810221
1571.4261	0.0551198511076456
1570.0091	0.0547626552871071
1568.5922	0.0550613112337265
1567.1752	0.0538308926054025
1565.7582	0.0528578873581245
1564.3412	0.0524703804483109
1562.9243	0.051380612240877
1561.5073	0.0506352577816498
1560.0903	0.049991248067529
1558.6733	0.0486014680565496
1557.2564	0.0473953921446053
1555.8394	0.046566399628055
1554.4224	0.0456759522367705
1553.0054	0.045129077761587
1551.5885	0.0455885977251692
1550.1715	0.0439993427737122
1548.7545	0.0446531669876553
1547.3375	0.0440258414601147
1545.9205	0.0428162819974157
1544.5036	0.0423039137056111
1543.0866	0.0426786849697329
1541.6696	0.0420179530434683
1540.2526	0.041220641942356
1538.8357	0.0416812148971985
1537.4187	0.0413837589562234
1536.0017	0.040961198821468
1534.5847	0.040212463943109
1533.1678	0.0409284376115118
1531.7508	0.039918708210911
1530.3338	0.0410594398658894
1528.9168	0.0408879134715142
1527.4999	0.041938050870461
1526.0829	0.040745332841432
1524.6659	0.0429384804278572
1523.2489	0.0428402874419541
1521.832	0.0434361076625807
1520.415	0.0439492635186223
1518.998	0.0464281416201556
1517.581	0.0472057153895802
1516.1641	0.0478477583156461
1514.7471	0.0484324847581667
1513.3301	0.0487599685613518
1511.9131	0.0502447544765556
1510.4962	0.0505410061708735
1509.0792	0.0511182073744057
1507.6622	0.0518658391146288
1506.2452	0.0519854306636553
1504.8283	0.0505568577551566
1503.4113	0.0493899028800059
1501.9943	0.0487619718188765
1500.5773	0.0479702401169022
1499.1603	0.0466992759194441
1497.7434	0.0451775474137763
1496.3264	0.0448455599900376
1494.9094	0.0438512587477608
1493.4924	0.0421858159530938
1492.0755	0.0422542187077382
1490.6585	0.0433311115075317
1489.2415	0.0427219081243254
1487.8245	0.0430166318902832
1486.4076	0.0440066312522377
1484.9906	0.0434086386400232
1483.5736	0.0439583024429589
1482.1566	0.0442975052773532
1480.7397	0.0465175867612213
1479.3227	0.0454275469622288
1477.9057	0.0463451184005175
1476.4887	0.0455276284326619
1475.0718	0.0462768664298841
1473.6548	0.0479600716767466
1472.2378	0.0471911586795339
1470.8208	0.0486485744474657
1469.4039	0.0503502583341243
1467.9869	0.0518621929059305
1466.5699	0.0527711074677283
1465.1529	0.0530613712674236
1463.736	0.055013932906858
1462.319	0.0557282024445254
1460.902	0.0566535947518196
1459.485	0.055965193216586
1458.0681	0.0575277314206437
1456.6511	0.0583455888839517
1455.2341	0.05985565187671
1453.8171	0.0600323188844993
1452.4001	0.0604906897683864
1450.9832	0.0600760496180454
1449.5662	0.0609331593068205
1448.1492	0.0615230218823813
1446.7322	0.0601522624151349
1445.3153	0.0617825603259544
1443.8983	0.0600625223160755
1442.4813	0.0617292139304131
1441.0643	0.0602219170148636
1439.6474	0.0616775858694436
1438.2304	0.0611019265867503
1436.8134	0.0612684034710543
1435.3964	0.0629109386354521
1433.9795	0.0628945864257967
1432.5625	0.0625149366648353
1431.1455	0.0638111436604041
1429.7285	0.0639184779660696
1428.3116	0.0655862724970009
1426.8946	0.0656000317298953
1425.4776	0.0667053654811871
1424.0606	0.0652140024751697
1422.6437	0.0668121925555014
1421.2267	0.067669305632607
1419.8097	0.0672710037966382
1418.3927	0.0688159351143903
1416.9758	0.0698468435025672
1415.5588	0.0687304619875533
1414.1418	0.0699069430888785
1412.7248	0.0694911625239885
1411.3079	0.0701509428299231
1409.8909	0.0693507676024163
1408.4739	0.0692922419995353
1407.0569	0.068954791252908
1405.6399	0.0694899375357285
1404.223	0.0704936238926047
1402.806	0.0699137672095448
1401.389	0.0710281313680893
1399.972	0.0695442650149936
1398.5551	0.070177301616542
1397.1381	0.0696404894075065
1395.7211	0.0702327311890489
1394.3041	0.0716234749699456
1392.8872	0.0714966525047391
1391.4702	0.0712117343687486
1390.0532	0.0728260171726667
1388.6362	0.0726921399842583
1387.2193	0.0741644940181187
1385.8023	0.0737312782409055
1384.3853	0.0749065075676847
1382.9683	0.074166960489039
1381.5514	0.0738156224400249
1380.1344	0.0735809108781164
1378.7174	0.0741131981452276
1377.3004	0.0746979178825077
1375.8835	0.0735591441837508
1374.4665	0.0751399065121249
1373.0495	0.0746708512393111
1371.6325	0.0760294892208786
1370.2156	0.0764259297838876
1368.7986	0.0773920255750332
1367.3816	0.0781557062432124
1365.9646	0.0776292660810736
1364.5477	0.0785854189774707
1363.1307	0.0788609987499466
1361.7137	0.0788766058325375
1360.2967	0.0790964019728212
1358.8797	0.0778931914844759
1357.4628	0.0791718341528296
1356.0458	0.0775035382656915
1354.6288	0.0766258976600732
1353.2118	0.0762319467168368
1351.7949	0.075913031519734
1350.3779	0.0752892497982703
1348.9609	0.0754773870616068
1347.5439	0.0755370537696454
1346.127	0.0742312410647942
1344.71	0.0765059940460035
1343.293	0.0756013444170414
1341.876	0.0764672995335194
1340.4591	0.0771664499682388
1339.0421	0.0765946774210512
1337.6251	0.0760993446127481
1336.2081	0.0768622221858007
1334.7912	0.0756510689846432
1333.3742	0.0765822286635967
1331.9572	0.0761881872926683
1330.5402	0.075322185006298
1329.1233	0.0754398158775823
1327.7063	0.0757528222316754
1326.2893	0.073794123291142
1324.8723	0.0732131874861059
1323.4554	0.0723925405010477
1322.0384	0.0721288026515491
1320.6214	0.0708667990370975
1319.2044	0.0705143229279825
1317.7875	0.0696367353420074
1316.3705	0.0698384283346866
1314.9535	0.0694458054683349
1313.5365	0.0681242162781965
1312.1195	0.0681765818543628
1310.7026	0.0680740336868538
1309.2856	0.0683107803925309
1307.8686	0.0678136427744498
1306.4516	0.0674505709809913
1305.0347	0.0677178596265839
1303.6177	0.0681820677929151
1302.2007	0.0675423531654179
1300.7837	0.0672280570755419
1299.3668	0.068188323217474
1297.9498	0.0680227599453973
1296.5328	0.0688306076426865
1295.1158	0.0674849809882537
1293.6989	0.0676016888152129
1292.2819	0.0682434408555364
1290.8649	0.0677743825109185
1289.4479	0.0679629527854309
1288.031	0.0673879283201203
1286.614	0.0680099935225113
1285.197	0.068482003462472
1283.78	0.0693865073341634
1282.3631	0.0689826750732932
1280.9461	0.0699895589606829
1279.5291	0.0701418072252924
1278.1121	0.0705316560128491
1276.6952	0.0711087435224215
1275.2782	0.0721718021711689
1273.8612	0.0721320181407036
1272.4442	0.0731985876264137
1271.0273	0.0734497360216247
1269.6103	0.073249194671774
1268.1933	0.0735066993741481
1266.7763	0.0735828854588024
1265.3593	0.0736290235542009
1263.9424	0.0732399046639043
1262.5254	0.0732147705400845
1261.1084	0.0726540414257611
1259.6914	0.0729246568549932
1258.2745	0.0730341579722524
1256.8575	0.0719117093109366
1255.4405	0.0732538434846262
1254.0235	0.0726867119314584
1252.6066	0.0713701947370093
1251.1896	0.0723439665936539
1249.7726	0.0713146155085079
1248.3556	0.0716010588639776
1246.9387	0.0712060026364837
1245.5217	0.0711162536072844
1244.1047	0.0713746940663774
1242.6877	0.0696828503161134
1241.2708	0.0702562727997494
1239.8538	0.0706452877755078
1238.4368	0.0717278339727669
1237.0198	0.0720471394526842
1235.6029	0.072310021342431
1234.1859	0.0711578456966631
1232.7689	0.0712574799633826
1231.3519	0.0717261453183994
1229.935	0.0698707271293227
1228.518	0.0686984076170665
1227.101	0.0688535033911139
1225.684	0.0681075507262739
1224.2671	0.0675498676740337
1222.8501	0.0657778076547317
1221.4331	0.0645929029406357
1220.0161	0.0641871162737292
1218.5991	0.062887562339177
1217.1822	0.0626092332240636
1215.7652	0.0633332446393751
1214.3482	0.0619361088140275
1212.9312	0.0611881562386241
1211.5143	0.0626635220400032
1210.0973	0.0606102961056957
1208.6803	0.0601562341689022
1207.2633	0.0605790101573741
1205.8464	0.0588921220623737
1204.4294	0.0590997988420754
1203.0124	0.0585374665639007
1201.5954	0.0587838211458371
1200.1785	0.0572927512742264
1198.7615	0.0563020903246051
1197.3445	0.0569412883936722
1195.9275	0.0562180000223799
1194.5106	0.0552981778467157
1193.0936	0.054496349076615
1191.6766	0.0541315009554346
1190.2596	0.0528421802319432
1188.8427	0.0532044470526067
1187.4257	0.0514428582309982
1186.0087	0.0510308049229847
1184.5917	0.0509828663460347
1183.1748	0.0503655939791822
1181.7578	0.0518459819965064
1180.3408	0.051652567702722
1178.9238	0.0512587320657935
1177.5069	0.0509363046080771
1176.0899	0.0522511816507085
1174.6729	0.0536582220505648
1173.2559	0.0539807260141471
1171.8389	0.0569899979971785
1170.422	0.0577937097097266
1169.005	0.0601751366312325
1167.588	0.0640333961904692
1166.171	0.0665241870108425
1164.7541	0.0695235663125283
1163.3371	0.0733705737940015
1161.9201	0.0778400341558302
1160.5031	0.080602567597462
1159.0862	0.085229448315257
1157.6692	0.087620761705018
1156.2522	0.0907854177272175
1154.8352	0.0951022445838512
1153.4183	0.098615738418595
1152.0013	0.10099084341323
1150.5843	0.102189439020966
1149.1673	0.10274168293012
1147.7504	0.103310453703447
1146.3334	0.104096093293456
1144.9164	0.104337986468735
1143.4994	0.102996538958735
1142.0825	0.101287425754972
1140.6655	0.0999434884110997
1139.2485	0.0988424196860589
1137.8315	0.0959105637182157
1136.4146	0.0945233790851698
1134.9976	0.0947663044436924
1133.5806	0.0935467300782636
1132.1636	0.092408475760235
1130.7467	0.0943512189672067
1129.3297	0.0936886624531958
1127.9127	0.0951537054475103
1126.4957	0.0946725170908594
1125.0787	0.0957318123261009
1123.6618	0.0956658977451419
1122.2448	0.0975414898290166
1120.8278	0.0969067278407561
1119.4108	0.0961543002134654
1117.9939	0.0959394973565605
1116.5769	0.0982530114850874
1115.1599	0.0975981563333823
1113.7429	0.0996186694981876
1112.326	0.0982869045744114
1110.909	0.100452631986977
1109.492	0.100711277324597
1108.075	0.100849030736381
1106.6581	0.100610799218338
1105.2411	0.103432380507879
1103.8241	0.104720123808862
1102.4071	0.105214196367501
1100.9902	0.10574384224609
1099.5732	0.106021924612057
1098.1562	0.106991648528791
1096.7392	0.107705176904371
1095.3223	0.106680777837884
1093.9053	0.106556260213298
1092.4883	0.10876335159131
1091.0713	0.109821779380288
1089.6544	0.111978831068906
1088.2374	0.115624919616683
1086.8204	0.118019480592928
1085.4034	0.120592484999471
1083.9865	0.124696617727066
1082.5695	0.129301021701097
1081.1525	0.132289679410564
1079.7355	0.134618812189979
1078.3185	0.13780201035408
1076.9016	0.137603482056584
1075.4846	0.138745945070329
1074.0676	0.137880392632903
1072.6506	0.136284831823797
1071.2337	0.133258580968622
1069.8167	0.131244378613658
1068.3997	0.127433876897831
1066.9827	0.126415712421766
1065.5658	0.125429639675722
1064.1488	0.125617519721069
1062.7318	0.124686831803533
1061.3148	0.127311627339353
1059.8979	0.130660648639493
1058.4809	0.132115889010112
1057.0639	0.134309894248762
1055.6469	0.13683302250346
1054.23	0.140579376773807
1052.813	0.142537497128122
1051.396	0.144742553983851
1049.979	0.147885142392952
1048.5621	0.150560110961191
1047.1451	0.153701490366878
1045.7281	0.155134262203253
1044.3111	0.158963228714115
1042.8942	0.162505674619152
1041.4772	0.16381293853668
1040.0602	0.167952230131322
1038.6432	0.170105315448964
1037.2263	0.171595232271376
1035.8093	0.174658423182554
1034.3923	0.178643943940435
1032.9753	0.180831662396319
1031.5583	0.182952549763713
1030.1414	0.187659969342199
1028.7244	0.190827786268846
1027.3074	0.193534754729338
1025.8904	0.195654419976205
1024.4735	0.199279404120841
1023.0565	0.203027808870721
1021.6395	0.204390630557127
1020.2225	0.207235504899208
1018.8056	0.209318951541923
1017.3886	0.212073366713884
1015.9716	0.214577685058447
1014.5546	0.215460413534888
1013.1377	0.215731986065353
1011.7207	0.215768944947874
1010.3037	0.215797865035205
1008.8867	0.215780102112845
1007.4698	0.216795150573323
1006.0528	0.216786794549075
1004.6358	0.217463760998448
1003.2188	0.218246861703938
1001.8019	0.21992033737048
1000.3849	0.220598853538945
998.9679	0.221226552011834
997.5509	0.222288662111065
996.134	0.223933351055401
994.717	0.22469311448673
993.3	0.22520606687961
991.883	0.227246824263708
990.4661	0.226966847163569
989.0491	0.226617430594875
987.6321	0.226245556836451
986.2151	0.224106293744767
984.7981	0.221770700660255
983.3812	0.220663813454117
981.9642	0.216520517540715
980.5472	0.212567861460509
979.1302	0.209860334490902
977.7133	0.206147215030123
976.2963	0.203283713299868
974.8793	0.198648906203447
973.4623	0.194353280996566
972.0454	0.190878765667383
970.6284	0.186320482085644
969.2114	0.182479499220695
967.7944	0.177283204132084
966.3775	0.173519564805654
964.9605	0.169026646425763
963.5435	0.165824745567096
962.1265	0.162191798236488
960.7096	0.15839806055713
959.2926	0.154288735481448
957.8756	0.150510724040954
956.4586	0.147609420788617
955.0417	0.144131217268535
953.6247	0.140540491926118
952.2077	0.138231059771786
950.7907	0.135451717324016
949.3738	0.133284182062673
947.9568	0.131592952355756
946.5398	0.130752222569638
945.1228	0.129877810238537
943.7059	0.129354974765499
942.2889	0.129262064541298
940.8719	0.128369834833921
939.4549	0.130083887988557
938.0379	0.13022381105037
936.621	0.130895741557329
935.204	0.131071733783345
933.787	0.131394575069032
932.37	0.131485757563684
930.9531	0.131520595047798
929.5361	0.131998233796572
928.1191	0.131803885954071
926.7021	0.131645858035391
925.2852	0.130794498512367
923.8682	0.130979773516096
922.4512	0.130912014583234
921.0342	0.128523443920118
919.6173	0.12898899053861
918.2003	0.128157273180225
916.7833	0.127403671050728
915.3663	0.127087097496858
913.9494	0.125664233653853
912.5324	0.125107632609419
911.1154	0.123180292608847
909.6984	0.12331593793436
908.2815	0.121157377997439
906.8645	0.120129317881294
905.4475	0.11736274028126
904.0305	0.116933550600285
902.6136	0.115395799719089
901.1966	0.114809798719481
899.7796	0.113556857694173
898.3626	0.113189284665069
896.9457	0.112343353937217
895.5287	0.111732163427815
894.1117	0.110525629393436
892.6947	0.109575279219642
891.2777	0.110013433433729
889.8608	0.108384438819708
888.4438	0.10719648991471
887.0268	0.106991368177747
885.6098	0.105787976601601
884.1929	0.102855937362187
882.7759	0.103344935004169
881.3589	0.101917129318119
879.9419	0.100458727640315
878.525	0.100004247619213
877.108	0.0998479510034271
875.691	0.0994903505817879
874.274	0.100763457761429
872.8571	0.0998069746523361
871.4401	0.100848766341725
870.0231	0.100583780735987
868.6061	0.101627227503651
867.1892	0.101633082233645
865.7722	0.102767014997152
864.3552	0.103971218420617
862.9382	0.104775565427156
861.5213	0.105090246815301
860.1043	0.106306197802639
858.6873	0.10564265249843
857.2703	0.10591271645604
855.8534	0.105682633236673
854.4364	0.106066259420958
853.0194	0.106248724837166
851.6024	0.1068117848313
850.1855	0.106747647552887
848.7685	0.106970198677794
847.3515	0.105676061362466
845.9345	0.106353239349665
844.5175	0.105722806536713
843.1006	0.106015394235768
841.6836	0.104658592647655
840.2666	0.105010289513103
838.8496	0.104448688755915
837.4327	0.103601973918267
836.0157	0.101378102239171
834.5987	0.102058916109485
833.1817	0.10124783039555
831.7648	0.101105238825105
830.3478	0.0994232521275527
828.9308	0.0984997176026284
827.5138	0.0983475334420707
826.0969	0.0986088776130285
824.6799	0.099196706618258
823.2629	0.0968035873591953
821.8459	0.0973512259598379
820.429	0.0963057902547416
819.012	0.0959811830893566
817.595	0.096369385020669
816.178	0.0968053060460181
814.7611	0.0953778438166588
813.3441	0.0953069784433792
811.9271	0.0945318249566016
810.5101	0.0936683142748316
809.0932	0.0952956415883118
807.6762	0.0939213927275029
806.2592	0.094521535138313
804.8422	0.0939071653286774
803.4253	0.0933479207468675
802.0083	0.093395266612249
800.5913	0.0942205838791559
799.1743	0.0926598530882603
797.7573	0.0953546229229693
796.3404	0.0937079560126156
794.9234	0.0938464935675701
793.5064	0.0947147092413808
792.0894	0.0933879252374122
790.6725	0.0949369959048493
789.2555	0.0964135860074537
787.8385	0.095737408129708
786.4215	0.0950827971787298
785.0046	0.0969751358127034
783.5876	0.0978721245752061
782.1706	0.0977600052198815
780.7536	0.098539240941937
779.3367	0.0986712656713431
777.9197	0.0993243149923289
776.5027	0.100240789212628
775.0857	0.101514069371534
773.6688	0.103055045231717
772.2518	0.105151748610256
770.8348	0.106569874556996
769.4178	0.108478346599607
768.0009	0.108178308396084
766.5839	0.109703045397415
765.1669	0.10984728208537
763.7499	0.111472930974877
762.333	0.111208572925748
760.916	0.112868056893809
759.499	0.113525387983761
758.082	0.11323851651598
756.6651	0.112649599990865
755.2481	0.111228304147575
753.8311	0.11116340509073
752.4141	0.110780939922633
750.9971	0.109825944039362
749.5802	0.108345905694376
748.1632	0.108077079916955
746.7462	0.106051103306032
745.3292	0.105674343460683
743.9123	0.103652498484966
742.4953	0.104457300596307
741.0783	0.102979943540942
739.6613	0.102923454902637
738.2444	0.103835667840443
736.8274	0.102270422489046
735.4104	0.102029808082929
733.9934	0.103192739316509
732.5765	0.102503549741756
731.1595	0.102694971399548
729.7425	0.103805231542314
728.3255	0.104410952727857
726.9086	0.104120175193401
725.4916	0.104546958851914
724.0746	0.106102748312793
722.6576	0.10719484213133
721.2407	0.108517198679257
719.8237	0.109184740410949
718.4067	0.109216178358026
716.9897	0.11039498449722
715.5728	0.110615065347587
714.1558	0.113248495771568
712.7388	0.114476463975232
711.3218	0.113910869429281
709.9049	0.11673265842007
708.4879	0.117354589897237
707.0709	0.118796836123914
705.6539	0.11928169812572
704.2369	0.117417290764843
702.82	0.119774196032745
701.403	0.11782213084213
699.986	0.117977347965858
698.569	0.117747897239997
697.1521	0.117458677537399
695.7351	0.11682323218742
694.3181	0.115930390659669
692.9011	0.116024423667597
691.4842	0.115971408727149
690.0672	0.114967109192848
688.6502	0.116000991782839
687.2332	0.116046116952241
685.8163	0.116492827678651
684.3993	0.116449122372131
682.9823	0.11590725521718
681.5653	0.116559494230093
680.1484	0.115693307969667
678.7314	0.117595636771708
677.3144	0.117587375037239
675.8974	0.116668074560061
674.4805	0.117487300264463
673.0635	0.118783045172218
671.6465	0.118033159219044
670.2295	0.118032222560565
668.8126	0.121135952721562
667.3956	0.120742617515158
665.9786	0.121277740825042
664.5616	0.121016736957407
663.1447	0.120662311554507
661.7277	0.121036039834521
660.3107	0.122202010251006
658.8937	0.122593199805825
657.4767	0.122639380264322
656.0598	0.122659296207001
654.6428	0.122603081544137
653.2258	0.122908468009211
651.8088	0.123223542229907
650.3919	0.124216249844884
648.9749	0.124011412974598
647.5579	0.124415625643769
646.1409	0.124742449088122
644.724	0.126025731853082
643.307	0.124107900441173
641.89	0.124330363480374
640.473	0.125731396272637
639.0561	0.126395650938406
637.6391	0.125990439724329
636.2221	0.127355903333535
634.8051	0.127021967576487
633.3882	0.127573345795956
631.9712	0.127536172746824
630.5542	0.129002890446182
629.1372	0.129187239165931
627.7203	0.128677452805258
626.3033	0.131202175918252
624.8863	0.131800980233534
623.4693	0.132045739185016
622.0524	0.132892107445891
620.6354	0.134530457170522
619.2184	0.135526775537167
617.8014	0.136852436047866
616.3845	0.139537487389867
614.9675	0.141192987226514
613.5505	0.143124266187841
612.1335	0.142615859084219
610.7165	0.143534445384538
609.2996	0.14561122723682
607.8826	0.145337964512016
606.4656	0.147132954582559
605.0486	0.147292885775417
603.6317	0.148489722574134
602.2147	0.147710815564198
600.7977	0.14906648215999
599.3807	0.148715017035378
597.9638	0.148063183833529
596.5468	0.148480213215163
595.1298	0.148501719436957
593.7128	0.149558721560091
592.2959	0.148806923943017
590.8789	0.150109612227368
589.4619	0.151090875916251
588.0449	0.150816881742141
586.628	0.152298163360339
585.211	0.153392120196804
583.794	0.155532461593611
582.377	0.158310471736909
580.9601	0.159792856774896
579.5431	0.162804919547557
578.1261	0.165406025331644
576.7091	0.166906664256605
575.2922	0.169256808708651
573.8752	0.168267827696586
572.4582	0.168900119373168
571.0412	0.172173816648295
569.6243	0.171787631221437
568.2073	0.1712834034447
566.7903	0.170371053693032
565.3733	0.169838003763508
563.9563	0.168163844622471
562.5394	0.167680704344694
561.1224	0.16706001649287
559.7054	0.167637185640114
558.2884	0.166522183901313
556.8715	0.165161898457337
555.4545	0.16373095622641
554.0375	0.164145215054993
552.6205	0.163259941815629
551.2036	0.163307727896512
549.7866	0.16053199111269
548.3696	0.160758480327291
546.9526	0.161151518102826
545.5357	0.160975307778507
544.1187	0.160759488140826
542.7017	0.161276476847234
541.2847	0.163446110420428
539.8678	0.163048307053072
538.4508	0.165223242941537
537.0338	0.16653610767491
535.6168	0.168527968821593
534.1999	0.170146303054253
532.7829	0.17009920375875
531.3659	0.171291948899678
529.9489	0.173027511946177
528.532	0.174674550061801
527.115	0.175242788667197
525.698	0.175358868920968
524.281	0.176386488702932
522.8641	0.178194608350728
521.4471	0.17748922219326
520.0301	0.177026391883635
518.6131	0.177604361756985
517.1962	0.17719897060502
515.7792	0.178464910503539
514.3622	0.17786237074263
512.9452	0.177677467401014
511.5282	0.176706571664936
510.1113	0.175561769147404
508.6943	0.175546918894959
507.2773	0.175332173570375
505.8603	0.174237819744827
504.4434	0.174769642830671
503.0264	0.174264650121085
501.6094	0.17304725417751
500.1924	0.173413578050605
498.7755	0.173517790955222
497.3585	0.173547207972085
495.9415	0.174637288575804
494.5245	0.174197033919335
493.1076	0.173570908006712
491.6906	0.174423180302549
490.2736	0.174114492898075
488.8566	0.175021201061742
487.4397	0.174476588757162
486.0227	0.173690549116709
484.6057	0.172769581289869
483.1887	0.172664946207351
481.7718	0.173165595165224
480.3548	0.173401285456911
478.9378	0.173860744740153
477.5208	0.174246060598004
476.1039	0.172966465788728
474.6869	0.172856331389631
473.2699	0.172501859280385
471.8529	0.173497235848563
470.436	0.173689349925258
469.019	0.173419703483059
467.602	0.175550277564457
466.185	0.17433946828547
464.768	0.173295577350172
463.3511	0.174072493749673
461.9341	0.172142889407489
460.5171	0.171398956218227
459.1001	0.171005364795078
457.6832	0.17008246289477
456.2662	0.171253954865247
454.8492	0.171747963945385
453.4322	0.171212959651803
452.0153	0.172304006145377
450.5983	0.170342289494358
449.1813	0.170497743317669
447.7643	0.170778454452107
446.3474	0.170115259038331
444.9304	0.171102269372503
443.5134	0.17367150142187
442.0964	0.178311793191255
440.6795	0.178007157285538
439.2625	0.179788945588541
437.8455	0.182843240055632
436.4285	0.186600750642189
435.0116	0.18913205742906
433.5946	0.189419263626199
432.1776	0.189958929836778
430.7606	0.186983400975869
429.3437	0.184846418038832
427.9267	0.182937402526239
426.5097	0.183102539319431
425.0927	0.182230467507337
423.6758	0.183700994104124
422.2588	0.182659957939796
420.8418	0.184494435274172
419.4248	0.187112155636172
418.0078	0.189281545575831
416.5909	0.189050985653665
415.1739	0.188709714711974
413.7569	0.186319422639777
412.3399	0.188130795810053
410.923	0.188573223146486
409.506	0.189059831211402
408.089	0.189657810599159
406.672	0.189152874897937
405.2551	0.190009357698544
403.8381	0.189267411252172
402.4211	0.188357046807031
401.0041	0.188309530472902
