3994.4546	0.0246512633903016
3993.0377	0.0240082862648761
3991.6207	0.0244332914684374
3990.2037	0.0227426961892969
3988.7867	0.0249336127087128
3987.3698	0.023904977071805
3985.9528	0.0233505193926103
3984.5358	0.0236166445424631
3983.1188	0.0247817097373944
3981.7019	0.0238537633045284
3980.2849	0.0245142130244101
3978.8679	0.0239212728293932
3977.4509	0.0240722353078472
3976.034	0.0246464219502503
3974.617	0.0240958757518608
3973.2	0.0225517245506747
3971.783	0.0239112027257404
3970.3661	0.0224852366343585
3968.9491	0.0240079763878958
3967.5321	0.0240337470905623
3966.1151	0.0238896669976304
3964.6982	0.0240351158314009
3963.2812	0.023799956396946
3961.8642	0.0229747753706849
3960.4472	0.0236308945438808
3959.0303	0.0229561247027305
3957.6133	0.0240265657845777
3956.1963	0.0234054824590139
3954.7793	0.024536440218595
3953.3624	0.023284532144157
3951.9454	0.0239855391852633
3950.5284	0.0235333012269048
3949.1114	0.0240350068634331
3947.6944	0.023101783665952
3946.2775	0.0230782894484089
3944.8605	0.023399576994625
3943.4435	0.0236060848454706
3942.0265	0.0236200291351168
3940.6096	0.023777979888831
3939.1926	0.0230709187917281
3937.7756	0.0239539264960689
3936.3586	0.0242686620825554
3934.9417	0.0230122223842982
3933.5247	0.023317405466478
3932.1077	0.0229599673620422
3930.6907	0.023688171100431
3929.2738	0.0227483430408986
3927.8568	0.0231250587666223
3926.4398	0.0239163283443463
3925.0228	0.0239287883504306
3923.6059	0.0239907743857681
3922.1889	0.0246583194534203
3920.7719	0.0239083934398389
3919.3549	0.0233915414003758
3917.938	0.0237058495976357
3916.521	0.0233883753734061
3915.104	0.0229760028880956
3913.687	0.024868460440191
3912.2701	0.0237145256339319
3910.8531	0.0233864912217995
3909.4361	0.0247409749965432
3908.0191	0.0234242827593295
3906.6022	0.0226407930777064
3905.1852	0.0228998841035143
3903.7682	0.0236699868582117
3902.3512	0.0230313721419375
3900.9342	0.0234565066852935
3899.5173	0.0233622278235429
3898.1003	0.0240684346829811
3896.6833	0.0238266958144697
3895.2663	0.0233543801820491
3893.8494	0.0222929141265038
3892.4324	0.0234176688838857
3891.0154	0.0238665140381916
3889.5984	0.0238923838069082
3888.1815	0.0236569759252781
3886.7645	0.0227805357418037
3885.3475	0.0231176384536453
3883.9305	0.023857535946218
3882.5136	0.0229557388720128
3881.0966	0.0233668400126332
3879.6796	0.0231581236458831
3878.2626	0.0238165340297491
3876.8457	0.0234131172484873
3875.4287	0.0240443059384221
3874.0117	0.0227507851181599
3872.5947	0.0238339057355738
3871.1778	0.0241467290971633
3869.7608	0.0236685773505158
3868.3438	0.0231509407635005
3866.9268	0.0232230275803836
3865.5099	0.0229046522709149
3864.0929	0.0238728796406297
3862.6759	0.0237188728451593
3861.2589	0.0236712884717798
3859.842	0.0233120344997474
3858.425	0.0226290848933729
3857.008	0.0235545889959
3855.591	0.0228378982265018
3854.174	0.0221278564423551
3852.7571	0.0234631761810726
3851.3401	0.0232419951529605
3849.9231	0.0235793100337309
3848.5061	0.0229955700103633
3847.0892	0.0226059776739772
3845.6722	0.0239595787051167
3844.2552	0.0225908227587784
3842.8382	0.022289905035225
3841.4213	0.022794478459615
3840.0043	0.0232504672532045
3838.5873	0.0233437433744429
3837.1703	0.0231518318768278
3835.7534	0.023453271269909
3834.3364	0.0230438512077933
3832.9194	0.0236424495182092
3831.5024	0.0227622460857032
3830.0855	0.0227310496946388
3828.6685	0.0244923067760167
3827.2515	0.0236931203235576
3825.8345	0.0224351716745634
3824.4176	0.0239081305427218
3823.0006	0.0219848316232867
3821.5836	0.0228098859677232
3820.1666	0.0229374515676176
3818.7497	0.024257389202976
3817.3327	0.0220678134794657
3815.9157	0.0223260983326163
3814.4987	0.0222970217444119
3813.0818	0.0230302516153357
3811.6648	0.0227710544633571
3810.2478	0.0224787293767955
3808.8308	0.0217057794047324
3807.4138	0.0224378086433805
3805.9969	0.0230221260275276
3804.5799	0.0227915566139198
3803.1629	0.0221921889328268
3801.7459	0.0217586728860129
3800.329	0.0217270506435302
3798.912	0.0233317517313561
3797.495	0.0228225711780349
3796.078	0.0225685706093675
3794.6611	0.0223979444794501
3793.2441	0.0235760373430193
3791.8271	0.0226421474631292
3790.4101	0.0229431180506324
3788.9932	0.0225537676042049
3787.5762	0.0233441326200082
3786.1592	0.0223239216602605
3784.7422	0.0221109031910925
3783.3253	0.0229515319264668
3781.9083	0.0223407604028241
3780.4913	0.0220998127061356
3779.0743	0.0227419365856801
3777.6574	0.0225330906343153
3776.2404	0.0222812363870195
3774.8234	0.0224906425872194
3773.4064	0.0223774767128915
3771.9895	0.0218920044746471
3770.5725	0.0223667750744574
3769.1555	0.0225760141752378
3767.7385	0.0218795674432836
3766.3216	0.0216514583591647
3764.9046	0.0222237289283772
3763.4876	0.0221536678295106
3762.0706	0.0216587647746811
3760.6536	0.0217979992941543
3759.2367	0.0222584484650997
3757.8197	0.0222375016029135
3756.4027	0.0221657837314746
3754.9857	0.0225675711863286
3753.5688	0.0222798504921492
3752.1518	0.0223129542370997
3750.7348	0.0228120654756684
3749.3178	0.0217307338581221
3747.9009	0.0219124860310859
3746.4839	0.0218029331269423
3745.0669	0.0230289261431647
3743.6499	0.0220074484753367
3742.233	0.0213277335936617
3740.816	0.0219607386791994
3739.399	0.0218694071619735
3737.982	0.0214160070279005
3736.5651	0.0211462358611869
3735.1481	0.0221431500344407
3733.7311	0.0213740636025654
3732.3141	0.0213629192023322
3730.8972	0.0220367328439491
3729.4802	0.0215174411277966
3728.0632	0.0219196744528769
3726.6462	0.0223414477469995
3725.2293	0.0223447273108248
3723.8123	0.0218078902212903
3722.3953	0.0214929673942524
3720.9783	0.0216524658438534
3719.5614	0.021654564613294
3718.1444	0.0208850069635681
3716.7274	0.020931429040613
3715.3104	0.0214291698017835
3713.8935	0.0211272052641601
3712.4765	0.021466097964354
3711.0595	0.0225086156195254
3709.6425	0.0212886377099005
3708.2255	0.0208699742662499
3706.8086	0.0219482092856467
3705.3916	0.020856933839307
3703.9746	0.0204743775528972
3702.5576	0.021367265152718
3701.1407	0.021244959147727
3699.7237	0.020112885498128
3698.3067	0.0212904243493084
3696.8897	0.0209652998485659
3695.4728	0.0210161899283292
3694.0558	0.021068593710226
3692.6388	0.0211689006986868
3691.2218	0.0217487553222619
3689.8049	0.0210825148097835
3688.3879	0.0207253782607815
3686.9709	0.0221314614352732
3685.5539	0.0208871954476142
3684.137	0.0211073396856611
3682.72	0.0216330171677934
3681.303	0.0209787699502896
3679.886	0.0215766872334367
3678.4691	0.0208461328947822
3677.0521	0.0204675291712378
3675.6351	0.0212756545031168
3674.2181	0.0210818142082795
3672.8012	0.0206946163228384
3671.3842	0.0210391838713857
3669.9672	0.0217207765989651
3668.5502	0.0209137094597624
3667.1333	0.020920128395155
3665.7163	0.0211937130262542
3664.2993	0.0210398294781705
3662.8823	0.0206815447136426
3661.4653	0.0210818919211292
3660.0484	0.0223523231533663
3658.6314	0.0213662385491747
3657.2144	0.0207254792638421
3655.7974	0.0207832079694653
3654.3805	0.0214841381000375
3652.9635	0.0211919979259857
3651.5465	0.022219815183036
3650.1295	0.0207550528999349
3648.7126	0.0219862686096625
3647.2956	0.0214578830263606
3645.8786	0.0223953335579972
3644.4616	0.021877422596423
3643.0447	0.0216634054623255
3641.6277	0.0216406949233433
3640.2107	0.0223799717364755
3638.7937	0.0226349801540676
3637.3768	0.0220182289015758
3635.9598	0.022533172881818
3634.5428	0.0222204483115607
3633.1258	0.0220525841871213
3631.7089	0.0226813440327294
3630.2919	0.0226884827877093
3628.8749	0.0223722029526795
3627.4579	0.0224319777887353
3626.041	0.0244905539100562
3624.624	0.0233358372974109
3623.207	0.0226360348583518
3621.79	0.0224008410787407
3620.3731	0.0236996583335553
3618.9561	0.0238217090166136
3617.5391	0.0233515793350532
3616.1221	0.0238292812866353
3614.7051	0.0243240743219949
3613.2882	0.0242284894720027
3611.8712	0.0239479275963624
3610.4542	0.0237168463843226
3609.0372	0.0247059829228494
3607.6203	0.0244504342634488
3606.2033	0.0241906795794588
3604.7863	0.025542267837907
3603.3693	0.0255661209640683
3601.9524	0.024710997242127
3600.5354	0.0244899469588042
3599.1184	0.0261346850721312
3597.7014	0.0254367338494195
3596.2845	0.0256788528746569
3594.8675	0.0269638501482428
3593.4505	0.0269998240867446
3592.0335	0.0270888998734521
3590.6166	0.026046039668052
3589.1996	0.0265778948008266
3587.7826	0.0268623443687338
3586.3656	0.027019821818656
3584.9487	0.0272937391175067
3583.5317	0.0271139931790677
3582.1147	0.0285949075604626
3580.6977	0.0273320605143896
3579.2808	0.029259065361582
3577.8638	0.0282504556165966
3576.4468	0.0288533349274437
3575.0298	0.0295236397265773
3573.6129	0.0290466691780834
3572.1959	0.028698385955749
3570.7789	0.0301295700647496
3569.3619	0.0298468253731462
3567.9449	0.0309621727179126
3566.528	0.0302413152584469
3565.111	0.0313694778250911
3563.694	0.0319587066658109
3562.277	0.0322854342013204
3560.8601	0.0324709707617966
3559.4431	0.0319948461811108
3558.0261	0.0328358523571675
3556.6091	0.0334142604527637
3555.1922	0.0337786378898565
3553.7752	0.0336011340748516
3552.3582	0.0344912534887118
3550.9412	0.0338654549163496
3549.5243	0.0334564552778943
3548.1073	0.0348351141860636
3546.6903	0.0339715139140596
3545.2733	0.0353687102620701
3543.8564	0.0358239304596774
3542.4394	0.0370385478993509
3541.0224	0.0364886569828869
3539.6054	0.0368237859417312
3538.1885	0.0373620832870844
3536.7715	0.0380244131048228
3535.3545	0.0381927399525603
3533.9375	0.0381193536081764
3532.5206	0.0397142824080567
3531.1036	0.0385786097050185
3529.6866	0.0385584909311728
3528.2696	0.0392450101691949
3526.8527	0.039808780958734
3525.4357	0.0401204061658684
3524.0187	0.0404088319183874
3522.6017	0.0405034672540518
3521.1847	0.040781037306027
3519.7678	0.041418779079758
3518.3508	0.042118182914476
3516.9338	0.0429241017252351
3515.5168	0.0428773140464026
3514.0999	0.043195152106232
3512.6829	0.0433224440531593
3511.2659	0.0439172611112601
3509.8489	0.0440236466973114
3508.432	0.0447032521873469
3507.015	0.0436720622843239
3505.598	0.0443263675864505
3504.181	0.044961547682015
3502.7641	0.0441515520861466
3501.3471	0.0458459748800559
3499.9301	0.0460069220885353
3498.5131	0.0462953123913117
3497.0962	0.0462690138232453
3495.6792	0.0459043774058281
3494.2622	0.0479203757101889
3492.8452	0.0488550073392882
3491.4283	0.048772281931494
3490.0113	0.0488875003077042
3488.5943	0.0487529558771975
3487.1773	0.0488395049630471
3485.7604	0.0503200817244255
3484.3434	0.0498053043520133
3482.9264	0.0505540566525455
3481.5094	0.0513726479841463
3480.0925	0.0520473670891491
3478.6755	0.0513681933400683
3477.2585	0.0519016055279366
3475.8415	0.0522563385104069
3474.4245	0.0517992730771502
3473.0076	0.0522993622521494
3471.5906	0.053528161061608
3470.1736	0.0534738322748496
3468.7566	0.0539836504627393
3467.3397	0.052891130320159
3465.9227	0.0548923451681085
3464.5057	0.0551090994817535
3463.0887	0.0551766436358474
3461.6718	0.0551979980300208
3460.2548	0.0554197863264339
3458.8378	0.0556025979992555
3457.4208	0.0558219649258771
3456.0039	0.0559709543002547
3454.5869	0.0564922432928121
3453.1699	0.0575726842339559
3451.7529	0.0570165460314433
3450.336	0.0574367961309069
3448.919	0.0590981033583466
3447.502	0.0583150055248557
3446.085	0.0593571815104215
3444.6681	0.0591905421318096
3443.2511	0.0590522686318728
3441.8341	0.0595891442719675
3440.4171	0.0601452988000589
3439.0002	0.0604769439834559
3437.5832	0.0597799309504138
3436.1662	0.0603673600700478
3434.7492	0.0609599474598016
3433.3323	0.0610167972114036
3431.9153	0.0607229403959192
3430.4983	0.0620630969327716
3429.0813	0.0626390913898225
3427.6643	0.0628351652059406
3426.2474	0.0631625220669242
3424.8304	0.0631236331219316
3423.4134	0.0641255811900911
3421.9964	0.0635334050002032
3420.5795	0.0641273185190273
3419.1625	0.0648388373497959
3417.7455	0.0649781145735479
3416.3285	0.0661098841036287
3414.9116	0.0655652833230445
3413.4946	0.0660113752832107
3412.0776	0.0664449291923102
3410.6606	0.065574192759482
3409.2437	0.0667845203181052
3407.8267	0.0660523811465304
3406.4097	0.0659999529629107
3404.9927	0.0678386128606956
3403.5758	0.0664993920671463
3402.1588	0.0673425847910964
3400.7418	0.0675244047418588
3399.3248	0.0676636167704341
3397.9079	0.067425180000394
3396.4909	0.0682703399053951
3395.0739	0.0672192341013828
3393.6569	0.0674058270265143
3392.24	0.0695176322722166
3390.823	0.0686111599487822
3389.406	0.0682187992671131
3387.989	0.0693581549192894
3386.5721	0.0701215627709657
3385.1551	0.0698237825706782
3383.7381	0.0699527453555881
3382.3211	0.0703269082097928
3380.9041	0.0709548707601604
3379.4872	0.0717533862367733
3378.0702	0.0710647833162144
3376.6532	0.0714458272094651
3375.2362	0.0717020678479781
3373.8193	0.0718010130894709
3372.4023	0.0716285391300781
3370.9853	0.0723247729671481
3369.5683	0.0729801696277137
3368.1514	0.0727032904490659
3366.7344	0.0737657718739679
3365.3174	0.0732318144007658
3363.9004	0.0740877373502582
3362.4835	0.0732035493728701
3361.0665	0.0734839148576943
3359.6495	0.074678727915132
3358.2325	0.0748447120378018
3356.8156	0.0742228774986526
3355.3986	0.0740760434028162
3353.9816	0.0747663295924939
3352.5646	0.0739983278192789
3351.1477	0.074862432886774
3349.7307	0.0753962680971022
3348.3137	0.0750952808668458
3346.8967	0.0753816690548248
3345.4798	0.0755729903182063
3344.0628	0.0754673543220027
3342.6458	0.0754840579528666
3341.2288	0.0755987788435669
3339.8119	0.0761652039256417
3338.3949	0.0760251897029191
3336.9779	0.0758580498024353
3335.5609	0.0759346398867985
3334.1439	0.07682096581064
3332.727	0.0762262893240119
3331.31	0.076419279317971
3329.893	0.0770703538480425
3328.476	0.0759147509739532
3327.0591	0.0771073373728289
3325.6421	0.0770630575195754
3324.2251	0.076879065079181
3322.8081	0.0786092076809309
3321.3912	0.0774289960885058
3319.9742	0.0769335135518436
3318.5572	0.0781010954040849
3317.1402	0.0777503241849786
3315.7233	0.078933394950626
3314.3063	0.0766761774874052
3312.8893	0.0786287104257392
3311.4723	0.0775417920757372
3310.0554	0.0786946560690542
3308.6384	0.0784482362012931
3307.2214	0.0791914590584057
3305.8044	0.0791667325261005
3304.3875	0.0776808411486489
3302.9705	0.078111971103349
3301.5535	0.0783608487836967
3300.1365	0.0782292017279224
3298.7196	0.0783611320605364
3297.3026	0.0793267412883646
3295.8856	0.0784219105600286
3294.4686	0.0789146243724208
3293.0517	0.0785448381695405
3291.6347	0.0789216481300271
3290.2177	0.077991259158288
3288.8007	0.0782364791986645
3287.3837	0.0784734013795906
3285.9668	0.0785672915395187
3284.5498	0.0787833685128285
3283.1328	0.0790860324510935
3281.7158	0.0796528757186146
3280.2989	0.0784898241935945
3278.8819	0.0788993557819897
3277.4649	0.0787018977995311
3276.0479	0.0799343650097092
3274.631	0.0790511032387518
3273.214	0.0792152463739982
3271.797	0.0789523231514613
3270.38	0.078835730897285
3268.9631	0.0782672975324939
3267.5461	0.0799428526292163
3266.1291	0.0784914467544578
3264.7121	0.0788891080944622
3263.2952	0.0791909108705863
3261.8782	0.0799894673410819
3260.4612	0.0792201952107906
3259.0442	0.0786142504348689
3257.6273	0.079206365090919
3256.2103	0.0790480667875279
3254.7933	0.0782205686875524
3253.3763	0.0779912604950848
3251.9594	0.079208353461749
3250.5424	0.0791588230833768
3249.1254	0.0791382748764225
3247.7084	0.0779458458472277
3246.2915	0.0789390677143138
3244.8745	0.0785981275737749
3243.4575	0.0777848009446681
3242.0405	0.0783613396236324
3240.6235	0.0778979189865529
3239.2066	0.0786226192247851
3237.7896	0.078030943082737
3236.3726	0.0785142753342048
3234.9556	0.0785826899508549
3233.5387	0.0787915804299284
3232.1217	0.0782164976029346
3230.7047	0.0776043412988193
3229.2877	0.0791013085005436
3227.8708	0.077344603476954
3226.4538	0.0777059750974508
3225.0368	0.0782552872805063
3223.6198	0.0782274692484649
3222.2029	0.077135760797664
3220.7859	0.0767121371977635
3219.3689	0.0769311609954422
3217.9519	0.0764070106594553
3216.535	0.0772735585965657
3215.118	0.0771892768003815
3213.701	0.0765204403983527
3212.284	0.0770431897768798
3210.8671	0.0764305316388197
3209.4501	0.0753442841007809
3208.0331	0.0756676460542186
3206.6161	0.0767609661957171
3205.1992	0.0756538967876599
3203.7822	0.0763440820754697
3202.3652	0.0760079665845958
3200.9482	0.0762728959300156
3199.5313	0.075514972173583
3198.1143	0.0753290374932196
3196.6973	0.0757497986037148
3195.2803	0.0746582192971543
3193.8633	0.0744681993177914
3192.4464	0.0755712987072631
3191.0294	0.0739305757995966
3189.6124	0.0740077633549817
3188.1954	0.0747277285786178
3186.7785	0.0742906563603509
3185.3615	0.0745574346067547
3183.9445	0.0738816991509794
3182.5275	0.0733600008585084
3181.1106	0.0730659029707358
3179.6936	0.0730681512772577
3178.2766	0.0733194522344425
3176.8596	0.0728807197331413
3175.4427	0.0726630833686901
3174.0257	0.0726494049398612
3172.6087	0.0726959190870317
3171.1917	0.0729150914572982
3169.7748	0.0716597754304479
3168.3578	0.071259878134498
3166.9408	0.0714106315009573
3165.5238	0.0704522685828466
3164.1069	0.0708605631590841
3162.6899	0.0704519045846479
3161.2729	0.071189319912662
3159.8559	0.0707363341587087
3158.439	0.0710933858545584
3157.022	0.069662943945036
3155.605	0.0702815476266966
3154.188	0.0699842243380882
3152.7711	0.0693896717106209
3151.3541	0.0690886624906017
3149.9371	0.0699688498328514
3148.5201	0.069831534578149
3147.1031	0.0689655264948406
3145.6862	0.0689530064328114
3144.2692	0.0686845126956249
3142.8522	0.0682275295130216
3141.4352	0.0687979978657404
3140.0183	0.0677299324821085
3138.6013	0.0675917905599392
3137.1843	0.068304371452982
3135.7673	0.067481172981303
3134.3504	0.0678049405136726
3132.9334	0.0671141343421505
3131.5164	0.0660477127163299
3130.0994	0.0675265455990119
3128.6825	0.0664307160340531
3127.2655	0.0663740305452885
3125.8485	0.0661096257978731
3124.4315	0.0661715542664642
3123.0146	0.0660443126716072
3121.5976	0.0661755496558417
3120.1806	0.0650921800280393
3118.7636	0.0645513548680455
3117.3467	0.0648250202039489
3115.9297	0.0640997224641198
3114.5127	0.0643521447925968
3113.0957	0.0638460396279192
3111.6788	0.0638638432557989
3110.2618	0.0630222087640913
3108.8448	0.0632941881199866
3107.4278	0.0638241345859772
3106.0109	0.0626169833884983
3104.5939	0.0626515174213289
3103.1769	0.0620532981501661
3101.7599	0.0622948814030313
3100.3429	0.062096094467884
3098.926	0.0623900157121508
3097.509	0.0619004298179955
3096.092	0.0606316242685044
3094.675	0.0611904085873351
3093.2581	0.0611861178402879
3091.8411	0.061790453610109
3090.4241	0.0618389546943997
3089.0071	0.060203653323865
3087.5902	0.060669741588622
3086.1732	0.0591291562244378
3084.7562	0.0603265159498677
3083.3392	0.0598576637686591
3081.9223	0.0594518557678638
3080.5053	0.0602013943286367
3079.0883	0.0588322437605901
3077.6713	0.0591770934780543
3076.2544	0.0588323829839799
3074.8374	0.059227361036827
3073.4204	0.0584299799606478
3072.0034	0.0580070373412217
3070.5865	0.0585619724985464
3069.1695	0.0576656301496035
3067.7525	0.0567057654574896
3066.3355	0.0583006909886737
3064.9186	0.0570338022779639
3063.5016	0.0568558047623291
3062.0846	0.0573697057979391
3060.6676	0.0571790228388811
3059.2507	0.0566691874719662
3057.8337	0.0567792322927157
3056.4167	0.0562920401477055
3054.9997	0.0571611947005265
3053.5827	0.055293090525682
3052.1658	0.0567201476789525
3050.7488	0.0547158036844393
3049.3318	0.0548325847317323
3047.9148	0.0545820441110636
3046.4979	0.055504641765145
3045.0809	0.0545512168009134
3043.6639	0.0548968666560597
3042.2469	0.0548300453024213
3040.83	0.0537599697260047
3039.413	0.0548506952301579
3037.996	0.0541255399264139
3036.579	0.0537397049719983
3035.1621	0.0524818238132247
3033.7451	0.0530114519526296
3032.3281	0.0527676510185825
3030.9111	0.0530940549275609
3029.4942	0.0528137877895137
3028.0772	0.0523465255782585
3026.6602	0.0519912629968205
3025.2432	0.0520457578006942
3023.8263	0.0515756373386612
3022.4093	0.0516665144788976
3020.9923	0.0515721680831236
3019.5753	0.0512413257016914
3018.1584	0.0507186668201664
3016.7414	0.050454761318112
3015.3244	0.051342230429746
3013.9074	0.0513009561065506
3012.4905	0.051374858341694
3011.0735	0.0505088550773975
3009.6565	0.050099949543136
3008.2395	0.0506311891515367
3006.8225	0.049860592310335
3005.4056	0.0499253883711349
3003.9886	0.0497890798563184
3002.5716	0.0495856391987109
3001.1546	0.0496798782871173
2999.7377	0.0499649268701982
2998.3207	0.0498775746238098
2996.9037	0.0492269107380446
2995.4867	0.0508608828128869
2994.0698	0.0510143994789194
2992.6528	0.0501789935586153
2991.2358	0.0491913397845574
2989.8188	0.0492098057676525
2988.4019	0.050262577900802
2986.9849	0.0509802120878362
2985.5679	0.0506516893462363
2984.1509	0.0496734093966485
2982.734	0.0503530693524813
2981.317	0.0503401481962308
2979.9	0.0497365718047573
2978.483	0.0505923952441351
2977.0661	0.0504025809169908
2975.6491	0.0512069134767969
2974.2321	0.0508975716252603
2972.8151	0.0505290534989722
2971.3982	0.0512406381000073
2969.9812	0.051739710978861
2968.5642	0.0521258776111971
2967.1472	0.0527962286655537
2965.7303	0.0528018797925542
2964.3133	0.0528477392976517
2962.8963	0.0535687213872055
2961.4793	0.0534769294455986
2960.0623	0.0527689242070023
2958.6454	0.0541045645306468
2957.2284	0.0537175031524428
2955.8114	0.0535030803282738
2954.3944	0.0538538610673679
2952.9775	0.0548230007611997
2951.5605	0.0553493803277315
2950.1435	0.0554091855257111
2948.7265	0.0565037099537859
2947.3096	0.0561918681846761
2945.8926	0.0566407349019674
2944.4756	0.0581110040423503
2943.0586	0.0573376943998689
2941.6417	0.0582523498668989
2940.2247	0.0582680329400234
2938.8077	0.0580462116297556
2937.3907	0.0591226753416397
2935.9738	0.0594072978681009
2934.5568	0.0608839727798277
2933.1398	0.0606742367161374
2931.7228	0.0614086129338436
2930.3059	0.0613709969730169
2928.8889	0.0625562807401135
2927.4719	0.0626332657613849
2926.0549	0.06165150133837
2924.638	0.0620510862804263
2923.221	0.0626889454693901
2921.804	0.0617532613781685
2920.387	0.0615699567947815
2918.9701	0.0624656040725965
2917.5531	0.0614648907699515
2916.1361	0.061309041335931
2914.7191	0.0607765093582516
2913.3021	0.0608241687921273
2911.8852	0.0605153870188463
2910.4682	0.0608622364288037
2909.0512	0.0614303339707216
2907.6342	0.0607249293542198
2906.2173	0.0602776287987355
2904.8003	0.0602273166721524
2903.3833	0.0610320238885538
2901.9663	0.0597407907076912
2900.5494	0.0601012111334436
2899.1324	0.0600081142037532
2897.7154	0.0594692959207785
2896.2984	0.0601471292604625
2894.8815	0.0603715006085236
2893.4645	0.059602452439616
2892.0475	0.0600461605041629
2890.6305	0.0598433273225067
2889.2136	0.060445697147145
2887.7966	0.0597299274787006
2886.3796	0.0586581142744259
2884.9626	0.0595712372755079
2883.5457	0.0586192677734253
2882.1287	0.0592396858622778
2880.7117	0.0600314028681653
2879.2947	0.0581417959072055
2877.8778	0.0583522588713102
2876.4608	0.0588675559001387
2875.0438	0.0586278335476766
2873.6268	0.0578919746046655
2872.2099	0.058370874579667
2870.7929	0.0572966147634781
2869.3759	0.0563082756169712
2867.9589	0.0564827986370779
2866.5419	0.0566947753170801
2865.125	0.0562911969670531
2863.708	0.0556758986984229
2862.291	0.0567149865871453
2860.874	0.0556475833993424
2859.4571	0.0561669249761714
2858.0401	0.0557745599390856
2856.6231	0.0557329105144352
2855.2061	0.0550303054210534
2853.7892	0.0538596576997944
2852.3722	0.0543251694895518
2850.9552	0.0540938129936019
2849.5382	0.0541913954067643
2848.1213	0.054149629982678
2846.7043	0.0538124576834423
2845.2873	0.0533431766219591
2843.8703	0.0532326926093776
2842.4534	0.0526683472482322
2841.0364	0.052752639837439
2839.6194	0.0516657283840292
2838.2024	0.0528663615873511
2836.7855	0.0519722277068609
2835.3685	0.0516833979884641
2833.9515	0.0520367258481983
2832.5345	0.0514032581894742
2831.1176	0.0505991164017574
2829.7006	0.0512562958845698
2828.2836	0.0505397932560824
2826.8666	0.0503504320042422
2825.4497	0.0497443928748746
2824.0327	0.05057390162848
2822.6157	0.0503946759413965
2821.1987	0.0499660552459007
2819.7817	0.0498923552529444
2818.3648	0.0501278247877584
2816.9478	0.0491584510415844
2815.5308	0.0484626981199052
2814.1138	0.0486952124198004
2812.6969	0.0483375232398176
2811.2799	0.0494180278913414
2809.8629	0.0493600006705865
2808.4459	0.0496682939484709
2807.029	0.0483793994507715
2805.612	0.0486074967761315
2804.195	0.0487798002131373
2802.778	0.0485778584470759
2801.3611	0.0486095981502685
2799.9441	0.0477838021671301
2798.5271	0.0483260162648722
2797.1101	0.0484107080858055
2795.6932	0.0478413545981789
2794.2762	0.047352005893195
2792.8592	0.047063006579302
2791.4422	0.0476605473538138
2790.0253	0.047955925791242
2788.6083	0.0475224203069695
2787.1913	0.048092894191795
2785.7743	0.0469403135782078
2784.3574	0.0480226484011141
2782.9404	0.0483246466819535
2781.5234	0.0478521084654379
2780.1064	0.0467043475185456
2778.6895	0.0474002939422334
2777.2725	0.0466625337399708
2775.8555	0.0471109177248916
2774.4385	0.0463712663940646
2773.0215	0.0463522121799539
2771.6046	0.0456032300021165
2770.1876	0.046047520658142
2768.7706	0.0468989548741707
2767.3536	0.0470264379980908
2765.9367	0.045733615244083
2764.5197	0.0460721734182899
2763.1027	0.0463897307389969
2761.6857	0.0457727143216599
2760.2688	0.0467938875879298
2758.8518	0.0462625439174955
2757.4348	0.0458970180408227
2756.0178	0.0463468702636201
2754.6009	0.0465251970134805
2753.1839	0.0469260397970738
2751.7669	0.044595125586407
2750.3499	0.045680522337805
2748.933	0.0461305373329222
2747.516	0.0452652016056264
2746.099	0.0453346403764861
2744.682	0.0457029872055674
2743.2651	0.0460850297469477
2741.8481	0.0453076019302869
2740.4311	0.0448882751124584
2739.0141	0.0463865258805405
2737.5972	0.0455479081699673
2736.1802	0.0448253826791743
2734.7632	0.0454611411039803
2733.3462	0.0447253733605018
2731.9293	0.0446203315985382
2730.5123	0.0444723622457881
2729.0953	0.0446260473225724
2727.6783	0.0448885411956375
2726.2613	0.0453153598186659
2724.8444	0.0445138536145342
2723.4274	0.0442522328399285
2722.0104	0.0461185412952165
2720.5934	0.0452769594162961
2719.1765	0.0450981855631287
2717.7595	0.0444309064870415
2716.3425	0.045542461607813
2714.9255	0.0444754633821157
2713.5086	0.0437436243492998
2712.0916	0.0438302120169409
2710.6746	0.0436294069094515
2709.2576	0.0441335250219697
2707.8407	0.0439479967749772
2706.4237	0.0447936560726803
2705.0067	0.043811964431826
2703.5897	0.0450116917015736
2702.1728	0.0442881904097821
2700.7558	0.0438519048878281
2699.3388	0.0440279085143652
2697.9218	0.0444625001601692
2696.5049	0.043880171371252
2695.0879	0.0434637315295938
2693.6709	0.0450479505123481
2692.2539	0.0424777305410223
2690.837	0.0439888293849937
2689.42	0.043696915767186
2688.003	0.0433243658639258
2686.586	0.0430538827919813
2685.1691	0.0439984095982442
2683.7521	0.0433619509607645
2682.3351	0.0437893932747048
2680.9181	0.0436862682053897
2679.5011	0.0427431814345743
2678.0842	0.0433243763027762
2676.6672	0.0429005553620472
2675.2502	0.0432048987042074
2673.8332	0.044073659623953
2672.4163	0.0432862070670841
2670.9993	0.0442411963153351
2669.5823	0.0431326742118688
2668.1653	0.0424654495643937
2666.7484	0.0428245673854143
2665.3314	0.0432439783654914
2663.9144	0.0420260911167954
2662.4974	0.0440461308884576
2661.0805	0.0426234221862957
2659.6635	0.0428504432205663
2658.2465	0.0433018610022071
2656.8295	0.0433393436720123
2655.4126	0.0422450644365246
2653.9956	0.0430980997246989
2652.5786	0.0426917956001576
2651.1616	0.041950572220591
2649.7447	0.0410636510453188
2648.3277	0.0428830811125416
2646.9107	0.0433793596097355
2645.4937	0.043064929207189
2644.0768	0.0432113330265905
2642.6598	0.0423700497220754
2641.2428	0.0421258201562491
2639.8258	0.0420531481821463
2638.4089	0.0410769588435473
2636.9919	0.0407121601209056
2635.5749	0.0418243089316254
2634.1579	0.0416223910841429
2632.741	0.0422741993903488
2631.324	0.0417249657118
2629.907	0.042737062613986
2628.49	0.0420986282327973
2627.073	0.0410754793233909
2625.6561	0.0415495547250816
2624.2391	0.0406136772827082
2622.8221	0.0412284566433277
2621.4051	0.0407976356521866
2619.9882	0.0408258513538071
2618.5712	0.04192108150634
2617.1542	0.0405021424216971
2615.7372	0.0411191729736567
2614.3203	0.0410193086040908
2612.9033	0.0416133522482352
2611.4863	0.0414262111400314
2610.0693	0.0399774105988692
2608.6524	0.0406862793572698
2607.2354	0.0400236760933369
2605.8184	0.0416529390037495
2604.4014	0.0409231334631351
2602.9845	0.0398575346313476
2601.5675	0.0391726199229135
2600.1505	0.0391384451815388
2598.7335	0.039795488919039
2597.3166	0.0400416034756577
2595.8996	0.039266471986965
2594.4826	0.0396547094178706
2593.0656	0.0403178155474738
2591.6487	0.0397980366236856
2590.2317	0.0403396859145249
2588.8147	0.0399205011141278
2587.3977	0.0392975110277543
2585.9808	0.0387148591084943
2584.5638	0.038091767424269
2583.1468	0.0396203091957676
2581.7298	0.038944872070233
2580.3128	0.0384561893453945
2578.8959	0.0378103296151184
2577.4789	0.0392159694752906
2576.0619	0.0390749724389428
2574.6449	0.0388226316091702
2573.228	0.0390573702752725
2571.811	0.0379126650328125
2570.394	0.039458638887459
2568.977	0.0383143594921926
2567.5601	0.0376420447150456
2566.1431	0.0381210392130158
2564.7261	0.0387285127670956
2563.3091	0.0386768923858033
2561.8922	0.0389425757470556
2560.4752	0.0390142429313885
2559.0582	0.038943848407226
2557.6412	0.0390880999525152
2556.2243	0.0387284737080012
2554.8073	0.0376958913999773
2553.3903	0.0382125504330013
2551.9733	0.0382952577895405
2550.5564	0.0385632334781035
2549.1394	0.0384311425865154
2547.7224	0.0380324398359446
2546.3054	0.0383434274317333
2544.8885	0.0381037986054147
2543.4715	0.0375794500142809
2542.0545	0.0372869521474408
2540.6375	0.0377749177716478
2539.2206	0.0379621243394985
2537.8036	0.0377807733270092
2536.3866	0.0388420230684992
2534.9696	0.0377923423243135
2533.5526	0.0378407915129004
2532.1357	0.037985186227676
2530.7187	0.0378226192894112
2529.3017	0.0376884043571437
2527.8847	0.0379531458496665
2526.4678	0.0379179076124386
2525.0508	0.0371619132384984
2523.6338	0.0369684366192966
2522.2168	0.0370999713342322
2520.7999	0.0363581899156967
2519.3829	0.0369569408693279
2517.9659	0.036713864946356
2516.5489	0.0372072897241516
2515.132	0.0363661023040233
2513.715	0.036683394832151
2512.298	0.0367468466735704
2510.881	0.0377245449286965
2509.4641	0.0371772815124828
2508.0471	0.0355677483618578
2506.6301	0.0367480508731385
2505.2131	0.0363647959826069
2503.7962	0.0359799015406994
2502.3792	0.0370449513416196
2500.9622	0.0362638227808891
2499.5452	0.0371070556741821
2498.1283	0.0364572273764791
2496.7113	0.0374426532760527
2495.2943	0.0361054556150237
2493.8773	0.0370939535069829
2492.4604	0.0368539991878668
2491.0434	0.0366757837042517
2489.6264	0.0373398080576268
2488.2094	0.0374668712809524
2486.7924	0.0366258829399647
2485.3755	0.0363102171978
2483.9585	0.0368779292855608
2482.5415	0.0358710833088704
2481.1245	0.0363969960178809
2479.7076	0.0363772135703193
2478.2906	0.0356403243740162
2476.8736	0.0358263501368521
2475.4566	0.0353867328075112
2474.0397	0.035275152026545
2472.6227	0.0366049874632619
2471.2057	0.0370772810661992
2469.7887	0.0365039191738856
2468.3718	0.0366905973062222
2466.9548	0.0369044456686075
2465.5378	0.035937925398002
2464.1208	0.0365320598118992
2462.7039	0.0364390160354101
2461.2869	0.0360285810262115
2459.8699	0.0352746320959586
2458.4529	0.0351285798500381
2457.036	0.0356130104100416
2455.619	0.0356783684807904
2454.202	0.0362167052788028
2452.785	0.0344864024778181
2451.3681	0.0351868914036732
2449.9511	0.035950442889686
2448.5341	0.0358575756610193
2447.1171	0.0368252390842484
2445.7002	0.0361097386406923
2444.2832	0.0350601568612965
2442.8662	0.036169104874523
2441.4492	0.0350440223986898
2440.0322	0.0356782108016937
2438.6153	0.0355837889727093
2437.1983	0.0358665940751145
2435.7813	0.0363863521596766
2434.3643	0.0351863616395567
2432.9474	0.0360205768252408
2431.5304	0.0345723932312837
2430.1134	0.0348362027001377
2428.6964	0.0348649292177649
2427.2795	0.0344735652037242
2425.8625	0.034425031681615
2424.4455	0.034589037130106
2423.0285	0.0354732063963143
2421.6116	0.0347510870608063
2420.1946	0.0353899774956023
2418.7776	0.0355222324797518
2417.3606	0.0342263809838454
2415.9437	0.0346750889667861
2414.5267	0.0354862065397707
2413.1097	0.0337217140203538
2411.6927	0.0351753855064118
2410.2758	0.0348515382131516
2408.8588	0.0356137067233535
2407.4418	0.0346224220441245
2406.0248	0.0345364331780714
2404.6079	0.0342367927185859
2403.1909	0.0342896721890994
2401.7739	0.03417261756506
2400.3569	0.0344998065301873
2398.94	0.0333805830920349
2397.523	0.035182260868778
2396.106	0.0349642006050908
2394.689	0.0350219079975684
2393.272	0.0348479907619222
2391.8551	0.0354117342982168
2390.4381	0.0348453310228655
2389.0211	0.0341974880987784
2387.6041	0.0348180239378909
2386.1872	0.0341999735415599
2384.7702	0.0346174986209452
2383.3532	0.0336376942715905
2381.9362	0.0344633618685749
2380.5193	0.0338655209623962
2379.1023	0.0340403991518802
2377.6853	0.0338215682859929
2376.2683	0.0335734040098879
2374.8514	0.0340847929637908
2373.4344	0.0331250971370519
2372.0174	0.0344298106978876
2370.6004	0.034552218597727
2369.1835	0.0344718171715901
2367.7665	0.0333036336028165
2366.3495	0.0328097705405522
2364.9325	0.0336689168564053
2363.5156	0.0331972118898198
2362.0986	0.0342660482443881
2360.6816	0.0337676837026897
2359.2646	0.0346384484732614
2357.8477	0.0349880208548162
2356.4307	0.034543876476242
2355.0137	0.0342298247436302
2353.5967	0.0335461761780658
2352.1798	0.034919509177171
2350.7628	0.0339344425444539
2349.3458	0.034726389762159
2347.9288	0.0340731505665067
2346.5118	0.034293805044433
2345.0949	0.0346036234911383
2343.6779	0.0342150295060302
2342.2609	0.0340605691452836
2340.8439	0.0327753952549111
2339.427	0.0335951986692863
2338.01	0.0335110472928305
2336.593	0.0334089771643064
2335.176	0.0337079637244086
2333.7591	0.0337814706234162
2332.3421	0.0331844786329901
2330.9251	0.032958697646768
2329.5081	0.0340533172151377
2328.0912	0.0346945995128311
2326.6742	0.0343176421360931
2325.2572	0.0342114691987496
2323.8402	0.0351898259139739
2322.4233	0.034516167380754
2321.0063	0.0347630079381034
2319.5893	0.0344282636417845
2318.1723	0.0334169830499656
2316.7554	0.0342298086318482
2315.3384	0.0336461019551151
2313.9214	0.0340425454135814
2312.5044	0.0339520943398378
2311.0875	0.0325137790256766
2309.6705	0.033587880340661
2308.2535	0.0349378532819054
2306.8365	0.0333635760670777
2305.4196	0.0326547800694347
2304.0026	0.0335943227650948
2302.5856	0.0335175775576938
2301.1686	0.0341003200898482
2299.7516	0.0338775439826272
2298.3347	0.0334602005371145
2296.9177	0.0337697504698363
2295.5007	0.0351612775247641
2294.0837	0.0324237989086956
2292.6668	0.0333080333031299
2291.2498	0.0326591476074007
2289.8328	0.0333989008641292
2288.4158	0.0322527385612325
2286.9989	0.0335655935561013
2285.5819	0.0331707829540077
2284.1649	0.0337427618844538
2282.7479	0.0340787672043512
2281.331	0.032568009928872
2279.914	0.0330533729515259
2278.497	0.0330128113742092
2277.08	0.0328464000886633
2275.6631	0.0339438210013705
2274.2461	0.0328461389124034
2272.8291	0.0318352816453101
2271.4121	0.0328297209095646
2269.9952	0.0319712560194488
2268.5782	0.0312115337172534
2267.1612	0.0325570337629085
2265.7442	0.0325995870031951
2264.3273	0.0320981986510855
2262.9103	0.0328616781632176
2261.4933	0.0315327444085111
2260.0763	0.0317953774500991
2258.6594	0.0318706723602651
2257.2424	0.032024009292127
2255.8254	0.0331910389950401
2254.4084	0.0322150985136089
2252.9914	0.0320182572993911
2251.5745	0.0309020096622692
2250.1575	0.0318781115385185
2248.7405	0.0317467909197961
2247.3235	0.0321327380655467
2245.9066	0.0318095525682892
2244.4896	0.0317213169014041
2243.0726	0.0313260665431716
2241.6556	0.0307581958067444
2240.2387	0.0312099113802304
2238.8217	0.0309208696122802
2237.4047	0.0309388725257624
2235.9877	0.0314559669273203
2234.5708	0.031943242447488
2233.1538	0.031384713537871
2231.7368	0.0309265854903994
2230.3198	0.0316391244801068
2228.9029	0.0307705231838491
2227.4859	0.0301050785842067
2226.0689	0.0318610038423312
2224.6519	0.0309783644148476
2223.235	0.0300600296119952
2221.818	0.0291500746411805
2220.401	0.0303535436062042
2218.984	0.030672204850921
2217.5671	0.0300893438208536
2216.1501	0.0311098481682914
2214.7331	0.0306071663025209
2213.3161	0.0306161566847891
2211.8992	0.0310399193536508
2210.4822	0.0301655541422804
2209.0652	0.030155296400102
2207.6482	0.0311610249830405
2206.2312	0.031166418818051
2204.8143	0.0304086579350419
2203.3973	0.0297221257025093
2201.9803	0.0302739260152214
2200.5633	0.0282275071757338
2199.1464	0.030566138141003
2197.7294	0.0306447563289768
2196.3124	0.0312850846422719
2194.8954	0.0309130843008882
2193.4785	0.0313991100476341
2192.0615	0.0298545366310563
2190.6445	0.0307102128421917
2189.2275	0.0298706292552432
2187.8106	0.029647156946051
2186.3936	0.0295843580263068
2184.9766	0.0289504508296946
2183.5596	0.0303206093216626
2182.1427	0.0297777197647099
2180.7257	0.0297379525156524
2179.3087	0.0289829047165695
2177.8917	0.0287240514487242
2176.4748	0.0287165514358944
2175.0578	0.0288922795284019
2173.6408	0.0295848717643828
2172.2238	0.0297199273074327
2170.8069	0.0298563822647637
2169.3899	0.0310244943157316
2167.9729	0.0307893120763211
2166.5559	0.0304532183151375
2165.139	0.0299202398349424
2163.722	0.029226281284303
2162.305	0.0302622965215562
2160.888	0.0292494919252311
2159.471	0.0269869122816358
2158.0541	0.0264685332505836
2156.6371	0.0257440188576731
2155.2201	0.0253974484342331
2153.8031	0.0255700627858427
2152.3862	0.0265319833143518
2150.9692	0.0267654501197694
2149.5522	0.0271123952277391
2148.1352	0.0276584465059058
2146.7183	0.0277958572911496
2145.3013	0.0282770778051579
2143.8843	0.0282304143185313
2142.4673	0.0286007866563512
2141.0504	0.0284945041148854
2139.6334	0.0291732900938431
2138.2164	0.0287289305259856
2136.7994	0.0291213587254494
2135.3825	0.0290698463976172
2133.9655	0.0291578659302461
2132.5485	0.0281740974358596
2131.1315	0.0289411226070326
2129.7146	0.0290016370973173
2128.2976	0.0295377554706166
2126.8806	0.0285744590667695
2125.4636	0.0299825654353488
2124.0467	0.0297477364138584
2122.6297	0.030067681317484
2121.2127	0.0308577226340777
2119.7957	0.0301248110648102
2118.3788	0.0306612251007296
2116.9618	0.030300892032866
2115.5448	0.0308645034369177
2114.1278	0.0302531376800324
2112.7108	0.0307210697942707
2111.2939	0.0309146861058527
2109.8769	0.0300838599789416
2108.4599	0.0294972870426354
2107.0429	0.0298885221304676
2105.626	0.0315301321906507
2104.209	0.0304134773762279
2102.792	0.0307279861361533
2101.375	0.0305176436470081
2099.9581	0.030189079740155
2098.5411	0.029555162440394
2097.1241	0.0306405348734171
2095.7071	0.0298704280877202
2094.2902	0.0291588988460835
2092.8732	0.0293573557719733
2091.4562	0.0293405563150481
2090.0392	0.0299093946498844
2088.6223	0.0306686936380667
2087.2053	0.0320805487807492
2085.7883	0.0314950908073987
2084.3713	0.0302622682365313
2082.9544	0.0305937678368035
2081.5374	0.0298483233567121
2080.1204	0.029619985615394
2078.7034	0.0299873257485459
2077.2865	0.0305453020230026
2075.8695	0.0295306506867841
2074.4525	0.0300649519782468
2073.0355	0.0301355400059731
2071.6186	0.0310513503836051
2070.2016	0.0298568998573904
2068.7846	0.0296383642495007
2067.3676	0.0304105774741084
2065.9506	0.0291720362417684
2064.5337	0.0298555876793932
2063.1167	0.0291877342785382
2061.6997	0.0289483883489594
2060.2827	0.0290748931783685
2058.8658	0.0298082427709464
2057.4488	0.0285326300942998
2056.0318	0.0288343470178573
2054.6148	0.0305553591449452
2053.1979	0.0299956751511588
2051.7809	0.0303503334556231
2050.3639	0.0306410837833103
2048.9469	0.0307299582633441
2047.53	0.0294105257983537
2046.113	0.0277543076272752
2044.696	0.0276589312029039
2043.279	0.0272895752016346
2041.8621	0.0280801965084965
2040.4451	0.0264607013779576
2039.0281	0.0281952600539931
2037.6111	0.0269071690604767
2036.1942	0.0274245054305858
2034.7772	0.0268243878591555
2033.3602	0.0278523656226288
2031.9432	0.0276514052903037
2030.5263	0.027166945481578
2029.1093	0.0278745495710591
2027.6923	0.0276990732727532
2026.2753	0.0263453519265952
2024.8584	0.0248165157213755
2023.4414	0.0243890028019509
2022.0244	0.0240473248438123
2020.6074	0.0234337991934512
2019.1904	0.0241115504514401
2017.7735	0.0246816371712278
2016.3565	0.0252009806088534
2014.9395	0.0256836856785636
2013.5225	0.0249031184893645
2012.1056	0.0244834164855774
2010.6886	0.0244398741117979
2009.2716	0.0245342807591785
2007.8546	0.0259914490984819
2006.4377	0.0250858888151713
2005.0207	0.0253649456771084
2003.6037	0.0262424516041769
2002.1867	0.0242689416636637
2000.7698	0.0243679004545484
1999.3528	0.0242762039134515
1997.9358	0.0252415854489438
1996.5188	0.0246938683260026
1995.1019	0.0237878750500083
1993.6849	0.0251467389238856
1992.2679	0.024934003130994
1990.8509	0.0257227607165802
1989.434	0.0263989050252688
1988.017	0.024881775420436
1986.6	0.0264398166416155
1985.183	0.0256515264637122
1983.7661	0.0266121843126253
1982.3491	0.0272062159450909
1980.9321	0.0261947150933838
1979.5151	0.025506008250037
1978.0982	0.0244659655729073
1976.6812	0.0246433265007979
1975.2642	0.0244097055433352
1973.8472	0.0238498929669465
1972.4302	0.0243852888923828
1971.0133	0.023274334757221
1969.5963	0.0238547825153399
1968.1793	0.0241160827302032
1966.7623	0.0246480947815423
1965.3454	0.0245454665586598
1963.9284	0.0238198666449408
1962.5114	0.0256714001610484
1961.0944	0.0251854500660455
1959.6775	0.0255219185803824
1958.2605	0.0248378588480803
1956.8435	0.0251288174281993
1955.4265	0.0251647966476379
1954.0096	0.0258777006426623
1952.5926	0.0258671453622589
1951.1756	0.0275095478147165
1949.7586	0.0255448846755573
1948.3417	0.0253011031507382
1946.9247	0.0268265449283756
1945.5077	0.0263440843090753
1944.0907	0.0265301105985011
1942.6738	0.025721644828041
1941.2568	0.0255843885262507
1939.8398	0.0268791604203229
1938.4228	0.026602275520181
1937.0059	0.0264868059590272
1935.5889	0.0262461260673931
1934.1719	0.0264494281918957
1932.7549	0.0260201027514668
1931.338	0.0267741963853015
1929.921	0.0270581571914706
1928.504	0.0265697956794052
1927.087	0.0264082774577743
1925.67	0.0269586916890877
1924.2531	0.0269521644095623
1922.8361	0.026872090539975
1921.4191	0.0282811561924086
1920.0021	0.0277407922334743
1918.5852	0.0264506470678782
1917.1682	0.0269259821505532
1915.7512	0.0271515513745755
1914.3342	0.0277865508172027
1912.9173	0.0271769960893909
1911.5003	0.0275479403360398
1910.0833	0.0281028031069885
1908.6663	0.0282243365255964
1907.2494	0.0276559215446071
1905.8324	0.0282229538778348
1904.4154	0.0275587572015926
1902.9984	0.0271403694558139
1901.5815	0.0275360803771336
1900.1645	0.0275883591023107
1898.7475	0.0271708173939425
1897.3305	0.0275432637853393
1895.9136	0.0270498785815327
1894.4966	0.0277009758363404
1893.0796	0.027686370967155
1891.6626	0.0274063880672059
1890.2457	0.0278182018316021
1888.8287	0.0273580171457933
1887.4117	0.0273954732836558
1885.9947	0.0277057443217874
1884.5778	0.0285167981221748
1883.1608	0.0273503783197142
1881.7438	0.0273573397929378
1880.3268	0.027797361495105
1878.9098	0.0272109853228464
1877.4929	0.0275468817232381
1876.0759	0.0269562859234242
1874.6589	0.0277188829035313
1873.2419	0.0274630053991781
1871.825	0.0263383686387457
1870.408	0.0268987965740927
1868.991	0.0269254106542346
1867.574	0.0278200831489612
1866.1571	0.0279922640039297
1864.7401	0.02806148762428
1863.3231	0.0270225421508104
1861.9061	0.0284887935397438
1860.4892	0.0264426331689265
1859.0722	0.0280511129131379
1857.6552	0.0273211217779034
1856.2382	0.0269995409005766
1854.8213	0.0267454882243051
1853.4043	0.0272326055431042
1851.9873	0.0267281641296831
1850.5703	0.0272044725665249
1849.1534	0.027033413440417
1847.7364	0.0273074409361283
1846.3194	0.0271462395979679
1844.9024	0.026597097787868
1843.4855	0.0268188697115751
1842.0685	0.0278502287478317
1840.6515	0.026684975642716
1839.2345	0.0271877502838452
1837.8176	0.0257718825401853
1836.4006	0.0268003986684309
1834.9836	0.0273140138580029
1833.5666	0.0282844300585563
1832.1496	0.0264528293863476
1830.7327	0.0259917958444713
1829.3157	0.0261698382661943
1827.8987	0.0260895008512957
1826.4817	0.026216377205079
1825.0648	0.0265643633647201
1823.6478	0.0282981806165462
1822.2308	0.0270090385417519
1820.8138	0.0274785050038356
1819.3969	0.027423989176957
1817.9799	0.0264207905409771
1816.5629	0.0259709041141367
1815.1459	0.0268578971247331
1813.729	0.0268416974439863
1812.312	0.0266772937317547
1810.895	0.0274177367914117
1809.478	0.0273422925036533
1808.0611	0.0276034463772074
1806.6441	0.0270524230622667
1805.2271	0.026472659483239
1803.8101	0.0278667918649948
1802.3932	0.027137487066252
1800.9762	0.0261672349982911
1799.5592	0.0269257645897182
1798.1422	0.0268767193109078
1796.7253	0.0272840625026339
1795.3083	0.026863686465973
1793.8913	0.0269307365075063
1792.4743	0.0267120962496431
1791.0574	0.0268144219765126
1789.6404	0.0270013811264837
1788.2234	0.0273135676202019
1786.8064	0.0280383868753052
1785.3894	0.0275492384909412
1783.9725	0.0276692801590864
1782.5555	0.0279541088517952
1781.1385	0.0274407260141584
1779.7215	0.02660040560619
1778.3046	0.0270701786057559
1776.8876	0.0273556129736916
1775.4706	0.02792488808321
1774.0536	0.0277971967768637
1772.6367	0.0273644487726767
1771.2197	0.0271429184043077
1769.8027	0.0271141403912485
1768.3857	0.0283925312354733
1766.9688	0.0275319056003502
1765.5518	0.02807868662016
1764.1348	0.0277011420557105
1762.7178	0.0281410448215744
1761.3009	0.0277645130195029
1759.8839	0.0282171812488759
1758.4669	0.0282861484827927
1757.0499	0.0293801488051826
1755.633	0.0290502966073557
1754.216	0.0291783166901904
1752.799	0.0282814182777538
1751.382	0.0284217035887595
1749.9651	0.0302243135709331
1748.5481	0.0293025472396252
1747.1311	0.0290386938016652
1745.7141	0.030057531203727
1744.2972	0.0303284749223387
1742.8802	0.0289529806756821
1741.4632	0.0289270134951187
1740.0462	0.0299612252381837
1738.6292	0.0313505452278903
1737.2123	0.0300226996512163
1735.7953	0.0310954853632804
1734.3783	0.0308997609244989
1732.9613	0.0316716255496433
1731.5444	0.0321027505733113
1730.1274	0.0319535320703706
1728.7104	0.0321745254585336
1727.2934	0.0321334698053464
1725.8765	0.0325557321151643
1724.4595	0.0338051342460519
1723.0425	0.0332778979419432
1721.6255	0.0328648576863457
1720.2086	0.0341438377278848
1718.7916	0.0335756099499314
1717.3746	0.0342026452941842
1715.9576	0.0352065331466091
1714.5407	0.0348165058697457
1713.1237	0.0350564207470649
1711.7067	0.0361875201780037
1710.2897	0.0351691761388979
1708.8728	0.0354251188552636
1707.4558	0.0364570821380354
1706.0388	0.0364733842962675
1704.6218	0.0363180107630213
1703.2049	0.0364514284134237
1701.7879	0.0361784850516037
1700.3709	0.0369486865167944
1698.9539	0.0364746740569326
1697.537	0.0374890651366891
1696.12	0.0371965440267321
1694.703	0.0372019381906584
1693.286	0.0378479025750251
1691.869	0.0375099428872057
1690.4521	0.0375897584053735
1689.0351	0.0378350747592592
1687.6181	0.0373749381433258
1686.2011	0.0392598067788961
1684.7842	0.0380860962724585
1683.3672	0.0394596363686815
1681.9502	0.0376909415494408
1680.5332	0.0386457489070296
1679.1163	0.0395319047571388
1677.6993	0.0389217390226962
1676.2823	0.0399035682553969
1674.8653	0.0400273578666446
1673.4484	0.0398166511753631
1672.0314	0.0399347715979493
1670.6144	0.0411240851116418
1669.1974	0.0408694078934081
1667.7805	0.041517121343705
1666.3635	0.040351227069744
1664.9465	0.0403489536962957
1663.5295	0.0416202065677779
1662.1126	0.0414706210640778
1660.6956	0.0416972875949105
1659.2786	0.0422024708847845
1657.8616	0.0420263771792781
1656.4447	0.0431589681312798
1655.0277	0.0425067322502396
1653.6107	0.0428415396713071
1652.1937	0.0434265687910056
1650.7768	0.0449492298027977
1649.3598	0.0449584190657295
1647.9428	0.0461838560566301
1646.5258	0.0464666404563626
1645.1088	0.0469293803660108
1643.6919	0.0469838397573273
1642.2749	0.0482756918097184
1640.8579	0.0491097149268259
1639.4409	0.0496345532721368
1638.024	0.0497338105317167
1636.607	0.0507646868137708
1635.19	0.0529922751798395
1633.773	0.0523316135132864
1632.3561	0.0535678387507209
1630.9391	0.053967871877369
1629.5221	0.0546882211160097
1628.1051	0.0550504098948339
1626.6882	0.0555769651624999
1625.2712	0.0568380746860681
1623.8542	0.056322807384366
1622.4372	0.0566447434481983
1621.0203	0.0570704274178745
1619.6033	0.0573638623045622
1618.1863	0.0563230153538608
1616.7693	0.0580633121858661
1615.3524	0.0596289394066845
1613.9354	0.0587838916098462
1612.5184	0.0591733712176788
1611.1014	0.0603697724097236
1609.6845	0.0605967160853506
1608.2675	0.0610178306879769
1606.8505	0.062482787361605
1605.4335	0.0635330202258218
1604.0166	0.063777918561647
1602.5996	0.0644060155816064
1601.1826	0.0647013501102658
1599.7656	0.0632916393199487
1598.3486	0.0640144913659587
1596.9317	0.0628052672430373
1595.5147	0.0632305102420084
1594.0977	0.0642996431090019
1592.6807	0.0632201445594463
1591.2638	0.0634721020150362
1589.8468	0.0624345358544323
1588.4298	0.0615171806625122
1587.0128	0.0613596687920301
1585.5959	0.0609201491156721
1584.1789	0.059721854336048
1582.7619	0.0594874908097706
1581.3449	0.0589629151331035
1579.928	0.0573267972275331
1578.511	0.0571901657429063
1577.094	0.0570434019025434
1575.677	0.0556779348382771
1574.2601	0.0548483430504917
1572.8431	0.0539940505513273
1571.4261	0.0535825452147355
1570.0091	0.0531479544906743
1568.5922	0.0530550338251448
1567.1752	0.0517205441492644
1565.7582	0.0505191022897347
1564.3412	0.0506950854617343
1562.9243	0.0499782105569224
1561.5073	0.0479946892747307
1560.0903	0.0469638899647978
1558.6733	0.0468392731758123
1557.2564	0.0452081168771542
1555.8394	0.0451865725217436
1554.4224	0.0448977665005661
1553.0054	0.0444352059051718
1551.5885	0.042601394361236
1550.1715	0.043253582636685
1548.7545	0.0415438765821292
1547.3375	0.0413607794087726
1545.9205	0.0409899373848562
1544.5036	0.0408694845492959
1543.0866	0.0402413674457922
1541.6696	0.0405482008046471
1540.2526	0.0392202990732207
1538.8357	0.0394717245833084
1537.4187	0.0390583429737586
1536.0017	0.0395335996514608
1534.5847	0.0388797700304091
1533.1678	0.0385540389856085
1531.7508	0.0391921942079145
1530.3338	0.0392437717287406
1528.9168	0.0387320264441361
1527.4999	0.0394400310302766
1526.0829	0.0398905811000485
1524.6659	0.0400493163323458
1523.2489	0.041312536903451
1521.832	0.0421335250901901
1520.415	0.0430741080573977
1518.998	0.0440863608299793
1517.581	0.0446738709674618
1516.1641	0.0470479716124322
1514.7471	0.046289672001767
1513.3301	0.0481694087814577
1511.9131	0.0483074336976295
1510.4962	0.0488786651587924
1509.0792	0.0492543181736895
1507.6622	0.0500360044913832
1506.2452	0.0494792453722048
1504.8283	0.049788970952457
1503.4113	0.0464505662697196
1501.9943	0.0468918519204539
1500.5773	0.0456398877583436
1499.1603	0.0453006353484206
1497.7434	0.0431953087583233
1496.3264	0.0428320338182236
1494.9094	0.0418805371611688
1493.4924	0.0413941865043978
1492.0755	0.0407069549666765
1490.6585	0.0402265240465655
1489.2415	0.0412458304874471
1487.8245	0.0405537542038839
1486.4076	0.0408830322548825
1484.9906	0.0418816248562215
1483.5736	0.0424772585828362
1482.1566	0.0433409064040321
1480.7397	0.0437237832540942
1479.3227	0.0436354139078288
1477.9057	0.0442746178013429
1476.4887	0.0442962869120847
1475.0718	0.0440089213603978
1473.6548	0.0454591381389584
1472.2378	0.0458226213308199
1470.8208	0.0464112188675013
1469.4039	0.0478944468295389
1467.9869	0.0485990908250416
1466.5699	0.0498206671619863
1465.1529	0.0512905581348102
1463.736	0.0508679634348062
1462.319	0.0520028001010786
1460.902	0.0532714943118854
1459.485	0.0539595533243945
1458.0681	0.0547619781429259
1456.6511	0.0553240195524345
1455.2341	0.0569002861463901
1453.8171	0.0580429259444326
1452.4001	0.0567408068967623
1450.9832	0.0571661713446796
1449.5662	0.0562589260935711
1448.1492	0.0565832165978161
1446.7322	0.0561818817617641
1445.3153	0.0573037476172228
1443.8983	0.0563639731728588
1442.4813	0.0577284662925634
1441.0643	0.0585057962927677
1439.6474	0.0575147938405597
1438.2304	0.0580303164853919
1436.8134	0.0584806879346629
1435.3964	0.0594748380759918
1433.9795	0.0591968659704047
1432.5625	0.0595702734732981
1431.1455	0.0600754762385839
1429.7285	0.0607448265636745
1428.3116	0.0611172840909587
1426.8946	0.0618393622689948
1425.4776	0.0619852158647476
1424.0606	0.0631710513643439
1422.6437	0.064055024270865
1421.2267	0.0637666815521375
1419.8097	0.0651558056754935
1418.3927	0.0642346756383045
1416.9758	0.0649987576921978
1415.5588	0.064939111965389
1414.1418	0.065241038927093
1412.7248	0.0659278314199756
1411.3079	0.064997555035937
1409.8909	0.0660581605223478
1408.4739	0.0655559867761553
1407.0569	0.0662440587946041
1405.6399	0.0663313653784476
1404.223	0.0644999535389022
1402.806	0.0662478821306443
1401.389	0.06614550823305
1399.972	0.0667159493708813
1398.5551	0.0662435281178573
1397.1381	0.0671091293300929
1395.7211	0.0669587339847945
1394.3041	0.0668217050568468
1392.8872	0.0673641904305745
1391.4702	0.0683557636647454
1390.0532	0.0687805509461333
1388.6362	0.068794640274101
1387.2193	0.0704342760425316
1385.8023	0.0707358615765615
1384.3853	0.0710525364406159
1382.9683	0.0712808801416154
1381.5514	0.070434649480803
1380.1344	0.0709920841858673
1378.7174	0.0711280858845697
1377.3004	0.069926041837675
1375.8835	0.0696854929947899
1374.4665	0.0694477854842539
1373.0495	0.0704933602106443
1371.6325	0.0713015927482705
1370.2156	0.0709328713319435
1368.7986	0.07235655437725
1367.3816	0.072891549729297
1365.9646	0.0744991754384339
1364.5477	0.0747674573280162
1363.1307	0.0739673721477436
1361.7137	0.0750385986207366
1360.2967	0.0749051296395146
1358.8797	0.0745022196721272
1357.4628	0.0733458619136262
1356.0458	0.073195766885088
1354.6288	0.0724735208834901
1353.2118	0.0700517542629057
1351.7949	0.0704376762959661
1350.3779	0.0699111141363598
1348.9609	0.0706120656709159
1347.5439	0.0704647660151402
1346.127	0.0709745271790392
1344.71	0.0714776615063424
1343.293	0.0711938587243167
1341.876	0.0705352359801701
1340.4591	0.0720134434131992
1339.0421	0.0721269270708359
1337.6251	0.0719921028932733
1336.2081	0.0715168756202207
1334.7912	0.0719904126418197
1333.3742	0.0722546204359278
1331.9572	0.0717044298721537
1330.5402	0.0708705807812391
1329.1233	0.0706809539655646
1327.7063	0.070402876957134
1326.2893	0.0699406805794597
1324.8723	0.068853716203725
1323.4554	0.06931497294208
1322.0384	0.0673462395461479
1320.6214	0.0666953529902861
1319.2044	0.0662453979262329
1317.7875	0.0654818048971137
1316.3705	0.0652321824148761
1314.9535	0.0644470265006315
1313.5365	0.0637944031227611
1312.1195	0.0640492968230037
1310.7026	0.0647369348064119
1309.2856	0.0632830247362568
1307.8686	0.0635310579898452
1306.4516	0.0628749600670365
1305.0347	0.0635741213986981
1303.6177	0.0626323008306653
1302.2007	0.0634899052236296
1300.7837	0.0633911865677741
1299.3668	0.0634405265573623
1297.9498	0.0639631903254026
1296.5328	0.0648097723514689
1295.1158	0.0644344003358513
1293.6989	0.0643023060850027
1292.2819	0.0650044141633357
1290.8649	0.06430803810937
1289.4479	0.0636221933032951
1288.031	0.064798960484967
1286.614	0.06519769205014
1285.197	0.06423127379419
1283.78	0.065026307285026
1282.3631	0.0655124786518175
1280.9461	0.0661134559926486
1279.5291	0.0656437232965207
1278.1121	0.0666824877739456
1276.6952	0.0675627632652226
1275.2782	0.0684217281573152
1273.8612	0.069009324057333
1272.4442	0.0684401954837656
1271.0273	0.0695093779333304
1269.6103	0.0704020970880714
1268.1933	0.069695528614827
1266.7763	0.0704413633092125
1265.3593	0.069786638109299
1263.9424	0.0682986504203172
1262.5254	0.0692117130523704
1261.1084	0.0686681305491341
1259.6914	0.0694597405714697
1258.2745	0.0694237722768997
1256.8575	0.0688693818852194
1255.4405	0.0686693650961497
1254.0235	0.0689206991502214
1252.6066	0.0683890945710917
1251.1896	0.0684313347855734
1249.7726	0.0678546209114252
1248.3556	0.0675944327319753
1246.9387	0.0673433941726308
1245.5217	0.0674037214801058
1244.1047	0.0679421515246243
1242.6877	0.0668882866436973
1241.2708	0.0662625069391315
1239.8538	0.0675982183002691
1238.4368	0.0682796607726601
1237.0198	0.0688591463937745
1235.6029	0.0680712442151335
1234.1859	0.0678142819806083
1232.7689	0.0675569630685502
1231.3519	0.067673790597127
1229.935	0.0673465201198821
1228.518	0.0663612159052767
1227.101	0.0664922794795299
1225.684	0.0646732890713174
1224.2671	0.0640117578442466
1222.8501	0.062333253936811
1221.4331	0.0613910602091721
1220.0161	0.0608294368806827
1218.5991	0.0606767143888756
1217.1822	0.0604522909305441
1215.7652	0.0597307686695665
1214.3482	0.0589304906434203
1212.9312	0.0588970990730801
1211.5143	0.0580576342411968
1210.0973	0.057387416580909
1208.6803	0.0574180038639262
1207.2633	0.0570831106389417
1205.8464	0.0569169582106838
1204.4294	0.0563447557508506
1203.0124	0.055945563795925
1201.5954	0.0547939813006668
1200.1785	0.0554989799051206
1198.7615	0.0539537663339316
1197.3445	0.0545118669002121
1195.9275	0.0533226028938712
1194.5106	0.0516807940913846
1193.0936	0.052137696376436
1191.6766	0.0507223006981669
1190.2596	0.0497903202446955
1188.8427	0.0496408505634415
1187.4257	0.0491350264805864
1186.0087	0.0477671811237951
1184.5917	0.0475015924751622
1183.1748	0.0488242467938262
1181.7578	0.0486042225611932
1180.3408	0.0477764450156707
1178.9238	0.0485922229782427
1177.5069	0.0492478383541494
1176.0899	0.0505819189622464
1174.6729	0.050228232191491
1173.2559	0.0523609352642698
1171.8389	0.0538108730960756
1170.422	0.0541287682563095
1169.005	0.0566609882777906
1167.588	0.0594814199549936
1166.171	0.0625062407408588
1164.7541	0.0647633602106292
1163.3371	0.0684664701123028
1161.9201	0.0725101021998533
1160.5031	0.0754152985529539
1159.0862	0.0796015714737448
1157.6692	0.0821835618529705
1156.2522	0.0860292729338659
1154.8352	0.0885933131754252
1153.4183	0.0913617569780875
1152.0013	0.0932098786500177
1150.5843	0.0941689087100142
1149.1673	0.0956651818090688
1147.7504	0.0952956865225986
1146.3334	0.0961188381614433
1144.9164	0.0959294734590314
1143.4994	0.0963630607052719
1142.0825	0.0942670775449303
1140.6655	0.0927699986939439
1139.2485	0.090996444725448
1137.8315	0.0897105562501946
1136.4146	0.0895098637397212
1134.9976	0.088012688903389
1133.5806	0.0865169695113668
1132.1636	0.0864844013309454
1130.7467	0.0868484366630458
1129.3297	0.0872734531207297
1127.9127	0.0878498894137336
1126.4957	0.088735407629939
1125.0787	0.0892146840189623
1123.6618	0.0894448595774224
1122.2448	0.0902094328763306
1120.8278	0.0902182266069637
1119.4108	0.0902083957794706
1117.9939	0.0914504542044869
1116.5769	0.0899987001909396
1115.1599	0.0919094714276563
1113.7429	0.0921810758568936
1112.326	0.0926681347943769
1110.909	0.0928508961781942
1109.492	0.0943478424489765
1108.075	0.0941483673068148
1106.6581	0.0948786188443573
1105.2411	0.0954023980075395
1103.8241	0.0972227321406628
1102.4071	0.0977954477304648
1100.9902	0.0986982284600885
1099.5732	0.0992952951664026
1098.1562	0.0998599762908707
1096.7392	0.0996372227116199
1095.3223	0.0990561962658121
1093.9053	0.0997934211010085
1092.4883	0.100965233576465
1091.0713	0.1021238462585
1089.6544	0.103384778834334
1088.2374	0.106667809084892
1086.8204	0.10958264089506
1085.4034	0.11234798918181
1083.9865	0.115201905859211
1082.5695	0.118805965102497
1081.1525	0.122383549640329
1079.7355	0.124130472131166
1078.3185	0.127814735180614
1076.9016	0.127772349201352
1075.4846	0.129346925306474
1074.0676	0.127778380183949
1072.6506	0.126424362690014
1071.2337	0.124168598458197
1069.8167	0.121678500965795
1068.3997	0.119985387647899
1066.9827	0.118224032212956
1065.5658	0.117257055657673
1064.1488	0.116852351292913
1062.7318	0.117086144213014
1061.3148	0.120103950344222
1059.8979	0.121324230880647
1058.4809	0.123516901795391
1057.0639	0.124673405385043
1055.6469	0.126582391782703
1054.23	0.129349656184927
1052.813	0.132120927947307
1051.396	0.133754314099995
1049.979	0.137101824737592
1048.5621	0.138256538099595
1047.1451	0.141164555138649
1045.7281	0.143732827105503
1044.3111	0.147402821602464
1042.8942	0.148604842301101
1041.4772	0.150836253873242
1040.0602	0.154221089112347
1038.6432	0.157123410445719
1037.2263	0.159322318852432
1035.8093	0.161751208884344
1034.3923	0.165273907868581
1032.9753	0.167681167041025
1031.5583	0.170022128428737
1030.1414	0.171662216709375
1028.7244	0.174948884475264
1027.3074	0.178522649319727
1025.8904	0.180573067307868
1024.4735	0.184385917974904
1023.0565	0.186701234422937
1021.6395	0.190000762346261
1020.2225	0.192545306556039
1018.8056	0.194428595662448
1017.3886	0.196762642788628
1015.9716	0.198406195585401
1014.5546	0.198600170887861
1013.1377	0.199623019575661
1011.7207	0.198474292574275
1010.3037	0.199529879502503
1008.8867	0.200367905786351
1007.4698	0.200889338013222
1006.0528	0.200228504478508
1004.6358	0.200398104705381
1003.2188	0.2023989989428
1001.8019	0.202261004134667
1000.3849	0.204023736384357
998.9679	0.205256956830819
997.5509	0.205729040672677
996.134	0.208026676207438
994.717	0.208127154804572
993.3	0.20866128092916
991.883	0.208262814338416
990.4661	0.20937075136371
989.0491	0.208565892314015
987.6321	0.208350373833092
986.2151	0.206476551397693
984.7981	0.205651078450946
983.3812	0.203593128995635
981.9642	0.199882714487714
980.5472	0.197839937630559
979.1302	0.194022862669575
977.7133	0.191008124228263
976.2963	0.187754635604003
974.8793	0.184540926660502
973.4623	0.180804096531757
972.0454	0.176974738663406
970.6284	0.173170306824009
969.2114	0.169084633471819
967.7944	0.165935593154606
966.3775	0.162174555716373
964.9605	0.156878345246242
963.5435	0.153230425507727
962.1265	0.149556674825512
960.7096	0.147859197934246
959.2926	0.144996748668168
957.8756	0.140506779717595
956.4586	0.137813184647027
955.0417	0.135450236977588
953.6247	0.13170355404208
952.2077	0.128493606459036
950.7907	0.126947803143639
949.3738	0.124079898928276
947.9568	0.121915566843217
946.5398	0.120950150260271
945.1228	0.121085354595901
943.7059	0.120544561417257
942.2889	0.119693029889103
940.8719	0.119924104965438
939.4549	0.120642395574503
938.0379	0.120462734620003
936.621	0.12212370111475
935.204	0.121144903911658
933.787	0.122133969198857
932.37	0.121787472269036
930.9531	0.122967502021347
929.5361	0.121911015220073
928.1191	0.122539468033201
926.7021	0.122167262010718
925.2852	0.121925874046292
923.8682	0.12077357341929
922.4512	0.120549640809006
921.0342	0.119356724212194
919.6173	0.120144337842446
918.2003	0.118860346405207
916.7833	0.11913188985449
915.3663	0.118207008247804
913.9494	0.117486202003937
912.5324	0.115075817115359
911.1154	0.11388255635225
909.6984	0.114274926954161
908.2815	0.111852076573567
906.8645	0.111601502769948
905.4475	0.108992234616775
904.0305	0.109341704216621
902.6136	0.107809593296574
901.1966	0.106390065659767
899.7796	0.104924527966075
898.3626	0.104987450959477
896.9457	0.103652512803066
895.5287	0.10341730093015
894.1117	0.103475674191699
892.6947	0.102474920792036
891.2777	0.101329768396562
889.8608	0.100740197121364
888.4438	0.0994584660184582
887.0268	0.0994704970691594
885.6098	0.0974882163221624
884.1929	0.0964860969079453
882.7759	0.0950523140154675
881.3589	0.0944134285439647
879.9419	0.0931040501456672
878.525	0.0926311324467586
877.108	0.0927519283256503
875.691	0.092525818269537
874.274	0.0925926370766818
872.8571	0.0928563388162774
871.4401	0.0924590307553951
870.0231	0.0936141402727948
868.6061	0.0936253127198143
867.1892	0.0946997790905566
865.7722	0.0951407049909436
864.3552	0.0965066247296357
862.9382	0.0966587901083572
861.5213	0.0976905973553365
860.1043	0.0988105976898837
858.6873	0.0988258636890102
857.2703	0.098817296028602
855.8534	0.0991208494465868
854.4364	0.0987561276029418
853.0194	0.0989089752797545
851.6024	0.0990249441377895
850.1855	0.0991109560875843
848.7685	0.0988726440659767
847.3515	0.0982716280165265
845.9345	0.0988510636876827
844.5175	0.0985163465942052
843.1006	0.0983895528562167
841.6836	0.0986277616206988
840.2666	0.0980631017641955
838.8496	0.097289252005239
837.4327	0.096800876112309
836.0157	0.0961562880732373
834.5987	0.0953970664269384
833.1817	0.0930798932119706
831.7648	0.0944567966106569
830.3478	0.0928031702055066
828.9308	0.0924277554853746
827.5138	0.0915334958793257
826.0969	0.0911037626915193
824.6799	0.0906523357964006
823.2629	0.0904119349506831
821.8459	0.0905821408389916
820.429	0.0902981081407137
819.012	0.0904921105090449
817.595	0.0907496592736672
816.178	0.0898462502164067
814.7611	0.0891280289260353
813.3441	0.088687347591681
811.9271	0.0894023674753025
810.5101	0.0888157508673198
809.0932	0.0900235393995476
807.6762	0.0886356697215554
806.2592	0.0877112077625109
804.8422	0.0872992935827208
803.4253	0.0886656959623204
802.0083	0.0869697288362689
800.5913	0.0868543145770138
799.1743	0.0870848016387544
797.7573	0.0869634685928918
796.3404	0.0869046259240155
794.9234	0.0871881300277728
793.5064	0.087980464080693
792.0894	0.0875571830156871
790.6725	0.0882090465443102
789.2555	0.0887069454288713
787.8385	0.0879126602684457
786.4215	0.0891955790229154
785.0046	0.0898467034047416
783.5876	0.0910920697483398
782.1706	0.0916190598738903
780.7536	0.0913674715737633
779.3367	0.0919539183442523
777.9197	0.0927409201269513
776.5027	0.0937569823720888
775.0857	0.0942420508337722
773.6688	0.0959534172121827
772.2518	0.0969911122378175
770.8348	0.0978274065096765
769.4178	0.0991407216674445
768.0009	0.100886188991592
766.5839	0.100653554667621
765.1669	0.102724092903035
763.7499	0.102605010500517
762.333	0.103340728692802
760.916	0.104438515432999
759.499	0.104238184353073
758.082	0.103135347144979
756.6651	0.104365485908027
755.2481	0.102800172423827
753.8311	0.101848263550517
752.4141	0.102218088852503
750.9971	0.100683244832576
749.5802	0.0994525904633594
748.1632	0.0996521572985968
746.7462	0.0983896011150371
745.3292	0.0970932170413501
743.9123	0.095983589970226
742.4953	0.0968785350774496
741.0783	0.0959154255871364
739.6613	0.0959058604124186
738.2444	0.0955917138836996
736.8274	0.0942970189126719
735.4104	0.0939262209114059
733.9934	0.0944759408559629
732.5765	0.0948662329643045
731.1595	0.0958459518511183
729.7425	0.0958968176274393
728.3255	0.0966278496494138
726.9086	0.0967707579750273
725.4916	0.097026425147033
724.0746	0.0979632148362362
722.6576	0.0989769177021444
721.2407	0.0995459525252463
719.8237	0.100642500109156
718.4067	0.10099309246055
716.9897	0.102354372733759
715.5728	0.10285691553423
714.1558	0.104337054373369
712.7388	0.105189287940697
711.3218	0.106595715543134
709.9049	0.107409047940887
708.4879	0.109021081480812
707.0709	0.109147157369954
705.6539	0.108347748748216
704.2369	0.110053197265664
702.82	0.109497249749325
701.403	0.109909041159913
699.986	0.109462260545087
698.569	0.109427799287087
697.1521	0.109374538065031
695.7351	0.108134865164182
694.3181	0.108382208103747
692.9011	0.10839415776413
691.4842	0.106966349770149
690.0672	0.106712368584832
688.6502	0.106903117129524
687.2332	0.10622081131691
685.8163	0.108048333636123
684.3993	0.107857574076741
682.9823	0.107135805756671
681.5653	0.107033680652158
680.1484	0.108108516789381
678.7314	0.108716740587847
677.3144	0.109147199307023
675.8974	0.108514210669204
674.4805	0.108590826396888
673.0635	0.110318625631873
671.6465	0.10993765856149
670.2295	0.11021224403363
668.8126	0.111072718736014
667.3956	0.111019356618429
665.9786	0.111884275345648
664.5616	0.111872156975
663.1447	0.112022972653529
661.7277	0.112776106876953
660.3107	0.112862266014561
658.8937	0.112822974221182
657.4767	0.112878214900705
656.0598	0.11377827464797
654.6428	0.114014816826549
653.2258	0.114074580878469
651.8088	0.114962953951578
650.3919	0.114392815991716
648.9749	0.116145696644464
647.5579	0.115369938456695
646.1409	0.116354405877369
644.724	0.116771605085809
643.307	0.116635671618394
641.89	0.116674246007344
640.473	0.11709734877849
639.0561	0.116956044069211
637.6391	0.116897414498226
636.2221	0.117545421704385
634.8051	0.117909936942914
633.3882	0.118979455391351
631.9712	0.118994588279414
630.5542	0.119460398947012
629.1372	0.118808680726567
627.7203	0.119719253376599
626.3033	0.122001882238102
624.8863	0.121778409596432
623.4693	0.122919857625392
622.0524	0.123141434784851
620.6354	0.12508755696455
619.2184	0.126864504021208
617.8014	0.128038966443028
616.3845	0.129376382236461
614.9675	0.130630885519177
613.5505	0.131486009080606
612.1335	0.132091019319601
610.7165	0.133064413650886
609.2996	0.135042008363638
607.8826	0.135517597095562
606.4656	0.135890348486205
605.0486	0.135828771406075
603.6317	0.135168529896521
602.2147	0.137027323933624
600.7977	0.136993366073614
599.3807	0.136583313156566
597.9638	0.137267134282111
596.5468	0.137807704610427
595.1298	0.13651639540193
593.7128	0.137499440031334
592.2959	0.138566283475839
590.8789	0.138843993774522
589.4619	0.13960339342715
588.0449	0.141001932461344
586.628	0.14219795505606
585.211	0.142049259244917
583.794	0.143553343185327
582.377	0.145443679975636
580.9601	0.147793233757305
579.5431	0.149851707818726
578.1261	0.152228576781463
576.7091	0.153893537446161
575.2922	0.156178397723315
573.8752	0.156447462954576
572.4582	0.157246233821747
571.0412	0.156819538428059
569.6243	0.158797226597186
568.2073	0.159505803305276
566.7903	0.157935757031067
565.3733	0.157398549839818
563.9563	0.157114809635588
562.5394	0.156688301819566
561.1224	0.155302804994251
559.7054	0.155358921240021
558.2884	0.154184702677753
556.8715	0.152492093928245
555.4545	0.152358124065615
554.0375	0.152337931859501
552.6205	0.151047654609588
551.2036	0.150674369399269
549.7866	0.150592407958826
548.3696	0.149505151026999
546.9526	0.14978198482496
545.5357	0.14989428375007
544.1187	0.148614228085145
542.7017	0.149773068569994
541.2847	0.1496809053127
539.8678	0.150851881994028
538.4508	0.151541637668595
537.0338	0.151204268261678
535.6168	0.154010414907775
534.1999	0.155982672422448
532.7829	0.158052234847794
531.3659	0.159149739999816
529.9489	0.159959467385344
528.532	0.162026604452105
527.115	0.162278180980399
525.698	0.163670404529269
524.281	0.16408487147442
522.8641	0.164014246876346
521.4471	0.164403275889883
520.0301	0.164581997389954
518.6131	0.164714742129461
517.1962	0.164872079323164
515.7792	0.164527402158955
514.3622	0.163691634111675
512.9452	0.163486982742928
511.5282	0.162662872561343
510.1113	0.162917985347731
508.6943	0.162208969206418
507.2773	0.16292502624374
505.8603	0.162624789238944
504.4434	0.161688138770991
503.0264	0.160491138677513
501.6094	0.16043983460346
500.1924	0.159953370671502
498.7755	0.160423699504626
497.3585	0.161104411076475
495.9415	0.160595678288594
494.5245	0.159422671638125
493.1076	0.160304767506825
491.6906	0.15865471704032
490.2736	0.159718988621739
488.8566	0.160434360316416
487.4397	0.159425703551028
486.0227	0.160319426882444
484.6057	0.160748939953543
483.1887	0.160136585075135
481.7718	0.160362006756262
480.3548	0.16132346092265
478.9378	0.162203800095327
477.5208	0.161535235523344
476.1039	0.162142741452203
474.6869	0.161790044030048
473.2699	0.161229574993592
471.8529	0.160577713102524
470.436	0.158804725442576
469.019	0.159241426024567
467.602	0.159153776207208
466.185	0.159507121099054
464.768	0.15963068881857
463.3511	0.158574266100984
461.9341	0.158328236909011
460.5171	0.158496547394778
459.1001	0.157685091933714
457.6832	0.157712993394816
456.2662	0.157172566590616
454.8492	0.15691633467962
453.4322	0.158101416892058
452.0153	0.15829577650101
450.5983	0.158986371238987
449.1813	0.15845625334729
447.7643	0.15864357386517
446.3474	0.159289840134126
444.9304	0.159795795761106
443.5134	0.161138731397598
442.0964	0.162422931971664
440.6795	0.164941621010196
439.2625	0.165102593591089
437.8455	0.166773834239743
436.4285	0.16923710431472
435.0116	0.169668824039322
433.5946	0.169983332183571
432.1776	0.169250939810268
430.7606	0.168578513068087
429.3437	0.167996668025538
427.9267	0.168213206629232
426.5097	0.168852650931889
425.0927	0.169747995200687
423.6758	0.170431090711887
422.2588	0.170294232811241
420.8418	0.170773871072907
419.4248	0.171338002121953
418.0078	0.170866481841981
416.5909	0.169205546933736
415.1739	0.168319974888805
413.7569	0.168571070893327
412.3399	0.168930582921988
410.923	0.170974584234549
409.506	0.171855046117932
408.089	0.172459497679685
406.672	0.172341212869027
405.2551	0.173568825933714
403.8381	0.174443146460602
402.4211	0.17506116125359
401.0041	0.173969473301451
