3994.4546	0.0132647845491239
3993.0377	0.0133697423681113
3991.6207	0.0133830871726934
3990.2037	0.0127836446611473
3988.7867	0.0130282687694589
3987.3698	0.0131108246274518
3985.9528	0.0132478894649869
3984.5358	0.0133058261056487
3983.1188	0.0129012201482739
3981.7019	0.0130479839414773
3980.2849	0.0129218074724145
3978.8679	0.0127990285941299
3977.4509	0.0136357800651245
3976.034	0.0126611656935112
3974.617	0.0131309008564024
3973.2	0.0128181146677356
3971.783	0.0135702086031252
3970.3661	0.0132468830884249
3968.9491	0.0127097796750572
3967.5321	0.0129496748676948
3966.1151	0.0125214607035464
3964.6982	0.012420831661583
3963.2812	0.0130613442914179
3961.8642	0.0130275156120293
3960.4472	0.0130857643697003
3959.0303	0.0135756819025616
3957.6133	0.0130810859130624
3956.1963	0.0131929091155341
3954.7793	0.0126619851323669
3953.3624	0.0131318666914802
3951.9454	0.0127309314033361
3950.5284	0.0129381936759645
3949.1114	0.0129973316802449
3947.6944	0.0126415041243531
3946.2775	0.0121884749207548
3944.8605	0.0129785091505107
3943.4435	0.0128131397700646
3942.0265	0.0132468523384718
3940.6096	0.0125669904809689
3939.1926	0.0132366471946579
3937.7756	0.0136244195540318
3936.3586	0.0126122136314497
3934.9417	0.0136463095960167
3933.5247	0.0128600121061573
3932.1077	0.0138034630827732
3930.6907	0.0130083314799654
3929.2738	0.0131989073866433
3927.8568	0.0122964472777541
3926.4398	0.0129320327992233
3925.0228	0.0125979221304524
3923.6059	0.0132386944489155
3922.1889	0.013330982898338
3920.7719	0.0128206037461208
3919.3549	0.0131428587219434
3917.938	0.0130012302257659
3916.521	0.0128714172096743
3915.104	0.0129409070944438
3913.687	0.0126846623319033
3912.2701	0.0130541730351543
3910.8531	0.0128235586081064
3909.4361	0.0128898146457587
3908.0191	0.0124957724258176
3906.6022	0.0124957206724161
3905.1852	0.0127579540148468
3903.7682	0.0125128888563423
3902.3512	0.0130199617403731
3900.9342	0.0122752462129084
3899.5173	0.012870217649824
3898.1003	0.0129535018842803
3896.6833	0.0126080942671224
3895.2663	0.0133157009029448
3893.8494	0.0127088135960251
3892.4324	0.0128778532813394
3891.0154	0.0129371441121852
3889.5984	0.012173260124846
3888.1815	0.0127993142202844
3886.7645	0.0124035786005389
3885.3475	0.0124168335669201
3883.9305	0.0130355204056968
3882.5136	0.0128502583117962
3881.0966	0.0130252063733437
3879.6796	0.0129248024177257
3878.2626	0.0134027721357929
3876.8457	0.0137103478816951
3875.4287	0.0125392346428138
3874.0117	0.0123525321474432
3872.5947	0.0122951578578281
3871.1778	0.0126410301898151
3869.7608	0.0127114995127295
3868.3438	0.0123156746645959
3866.9268	0.0125953217600809
3865.5099	0.0128858448246435
3864.0929	0.0131368303195381
3862.6759	0.0123781718229532
3861.2589	0.0128529834003643
3859.842	0.0127974261380972
3858.425	0.0126495255644418
3857.008	0.0122431820545998
3855.591	0.0118775952938849
3854.174	0.0126910888813524
3852.7571	0.013131488257357
3851.3401	0.0124329764568091
3849.9231	0.0128069459612281
3848.5061	0.0121306413929051
3847.0892	0.012670313324006
3845.6722	0.0126441262381588
3844.2552	0.0123690459338189
3842.8382	0.0127221523136945
3841.4213	0.0118384120352527
3840.0043	0.0123944303615693
3838.5873	0.0127064424682201
3837.1703	0.01284843912126
3835.7534	0.0129748883013474
3834.3364	0.0123766946443044
3832.9194	0.0125925663004222
3831.5024	0.0127085473856827
3830.0855	0.0123024987913406
3828.6685	0.0124984995247376
3827.2515	0.0123993310368688
3825.8345	0.0121857084666765
3824.4176	0.0121412587357421
3823.0006	0.0118377356005055
3821.5836	0.011553744300325
3820.1666	0.0123415823885871
3818.7497	0.0129455665556901
3817.3327	0.0127341927934821
3815.9157	0.0127350740044816
3814.4987	0.0129892259815925
3813.0818	0.0123170557469633
3811.6648	0.0125367407996597
3810.2478	0.0125194639325868
3808.8308	0.012718714130414
3807.4138	0.0120568490008243
3805.9969	0.0122721155884862
3804.5799	0.0121643444536703
3803.1629	0.0126589825663046
3801.7459	0.0127408195325673
3800.329	0.0124757559634957
3798.912	0.0124859778218261
3797.495	0.0131278850962857
3796.078	0.0129347054307302
3794.6611	0.012199130386828
3793.2441	0.012575241704913
3791.8271	0.0121923812201012
3790.4101	0.0123625232090917
3788.9932	0.0124393615612997
3787.5762	0.0123138057311624
3786.1592	0.0126343559655322
3784.7422	0.0119507862219356
3783.3253	0.0120471333425395
3781.9083	0.0119159159221617
3780.4913	0.0118603534538763
3779.0743	0.0118017237478284
3777.6574	0.0116574407467979
3776.2404	0.0121952119301734
3774.8234	0.0120416995114604
3773.4064	0.0119253114301928
3771.9895	0.0119886707717602
3770.5725	0.0120649595303773
3769.1555	0.0121587114380212
3767.7385	0.0126779996161579
3766.3216	0.0119832109551893
3764.9046	0.0124947905412868
3763.4876	0.0124448984886374
3762.0706	0.0122089929110821
3760.6536	0.0123185741401452
3759.2367	0.011906623975442
3757.8197	0.012011318240244
3756.4027	0.0122472281968598
3754.9857	0.0122054721014573
3753.5688	0.0115267058063853
3752.1518	0.0113193473169874
3750.7348	0.0119474651449318
3749.3178	0.0124386952977007
3747.9009	0.0117827373225516
3746.4839	0.0117769948479273
3745.0669	0.0122377627659907
3743.6499	0.0119848591807235
3742.233	0.011793045475569
3740.816	0.0123708937601761
3739.399	0.0112599646455622
3737.982	0.0116066696084932
3736.5651	0.0113671855711876
3735.1481	0.0111296844418846
3733.7311	0.0119248473751627
3732.3141	0.0110469164192139
3730.8972	0.0115549980899424
3729.4802	0.0113629073783935
3728.0632	0.0118226996354437
3726.6462	0.0117304746738305
3725.2293	0.0117597700387603
3723.8123	0.0117844395687855
3722.3953	0.0114157382796649
3720.9783	0.011672484598546
3719.5614	0.0113696082138609
3718.1444	0.0119521778739813
3716.7274	0.0116268427375695
3715.3104	0.0117315007585135
3713.8935	0.011434782231193
3712.4765	0.0115542404813533
3711.0595	0.0111069358114924
3709.6425	0.0121673208714725
3708.2255	0.0117863692776614
3706.8086	0.0117491995073838
3705.3916	0.0116260140658045
3703.9746	0.0112628610741013
3702.5576	0.0119574081408085
3701.1407	0.0112540209921967
3699.7237	0.0112935712688505
3698.3067	0.0110434571472466
3696.8897	0.0112850192995855
3695.4728	0.0116732848897254
3694.0558	0.0115314284166772
3692.6388	0.0116466579372287
3691.2218	0.0114891052236277
3689.8049	0.0119304706031838
3688.3879	0.0115518493916228
3686.9709	0.0113907558349189
3685.5539	0.0118881596558161
3684.137	0.0118710349297336
3682.72	0.0115574820740769
3681.303	0.0115547654497912
3679.886	0.0112400923598944
3678.4691	0.0114115737098353
3677.0521	0.0110961075061233
3675.6351	0.0115854225714169
3674.2181	0.0116414499897226
3672.8012	0.0118866612870293
3671.3842	0.0113636682061981
3669.9672	0.0114781362767095
3668.5502	0.0117209513374775
3667.1333	0.0119934640308887
3665.7163	0.0113932294342429
3664.2993	0.0114941737480244
3662.8823	0.0114217836368133
3661.4653	0.0116217274813293
3660.0484	0.0112387405411171
3658.6314	0.0110336555026516
3657.2144	0.0107769203746841
3655.7974	0.0112153596680898
3654.3805	0.0109669403627592
3652.9635	0.0114659134161399
3651.5465	0.0113604279450034
3650.1295	0.0112236186601758
3648.7126	0.0111549717751808
3647.2956	0.0113392509894064
3645.8786	0.0118941653310585
3644.4616	0.0117274125889345
3643.0447	0.0115845531545767
3641.6277	0.0119987671675206
3640.2107	0.0115514072536496
3638.7937	0.0118987983428119
3637.3768	0.0118794134682319
3635.9598	0.0120255020971973
3634.5428	0.0120583519052012
3633.1258	0.0119029821475383
3631.7089	0.0119334124925891
3630.2919	0.0118249693755748
3628.8749	0.0123265634035978
3627.4579	0.0123580871346325
3626.041	0.0126260059796858
3624.624	0.011960276391761
3623.207	0.0130638419605391
3621.79	0.0119476591833049
3620.3731	0.012326214769037
3618.9561	0.0123152611132896
3617.5391	0.0126606752444058
3616.1221	0.013155707913984
3614.7051	0.0130466361882365
3613.2882	0.0128501704163657
3611.8712	0.0133486846676965
3610.4542	0.0132049185534659
3609.0372	0.0136686654668073
3607.6203	0.0133181217835363
3606.2033	0.0131981444899613
3604.7863	0.013872594836383
3603.3693	0.0136314065898786
3601.9524	0.0139028507768585
3600.5354	0.0138308207409586
3599.1184	0.0141445927096089
3597.7014	0.0144292953177317
3596.2845	0.0138801555381261
3594.8675	0.013969067915951
3593.4505	0.0138083616882589
3592.0335	0.013955465139824
3590.6166	0.014457359339439
3589.1996	0.0146675180954002
3587.7826	0.014360057571195
3586.3656	0.0150002941768974
3584.9487	0.0154687563323641
3583.5317	0.0161945990199358
3582.1147	0.0152729737731572
3580.6977	0.0155910707295452
3579.2808	0.0158855235417445
3577.8638	0.0157135271098144
3576.4468	0.016229622589116
3575.0298	0.0163002975419588
3573.6129	0.0152766307972357
3572.1959	0.0172208724900503
3570.7789	0.0160824177862016
3569.3619	0.0165443169913768
3567.9449	0.0169944360852527
3566.528	0.0174185411460181
3565.111	0.0167413554985786
3563.694	0.0175007445746359
3562.277	0.0176517387393031
3560.8601	0.0178853732470907
3559.4431	0.0181714880822233
3558.0261	0.017847057976676
3556.6091	0.0180681266934317
3555.1922	0.018135620949049
3553.7752	0.0184569821138697
3552.3582	0.0181964098141667
3550.9412	0.0185541109664808
3549.5243	0.0188733681780358
3548.1073	0.0192968545194401
3546.6903	0.0193021100507603
3545.2733	0.0197628460156983
3543.8564	0.020154807189482
3542.4394	0.0202985367354294
3541.0224	0.0204645351118926
3539.6054	0.0204373898197424
3538.1885	0.020486662869127
3536.7715	0.0206173608120642
3535.3545	0.0209840136067115
3533.9375	0.021226917203426
3532.5206	0.0215366540453613
3531.1036	0.0212057930171273
3529.6866	0.022530569443377
3528.2696	0.02261009744346
3526.8527	0.0222602337049491
3525.4357	0.0221610836830094
3524.0187	0.0226414359383969
3522.6017	0.0226751728639715
3521.1847	0.0229964729667899
3519.7678	0.023649863504678
3518.3508	0.0233405746790276
3516.9338	0.0235601159840525
3515.5168	0.0238153807503033
3514.0999	0.0238329902598
3512.6829	0.0235474336364416
3511.2659	0.0239231624845016
3509.8489	0.0244083981120678
3508.432	0.0251774333497511
3507.015	0.0244789176099334
3505.598	0.025060025121674
3504.181	0.0253201745555223
3502.7641	0.024619448935717
3501.3471	0.0254772907120989
3499.9301	0.0255799161174217
3498.5131	0.0253762897414116
3497.0962	0.0257542783007283
3495.6792	0.0258501539588212
3494.2622	0.0266590078178778
3492.8452	0.0264931059704302
3491.4283	0.0273745579072309
3490.0113	0.0274133172222192
3488.5943	0.0275137824329213
3487.1773	0.0275315604645249
3485.7604	0.028111166833393
3484.3434	0.0274110691564634
3482.9264	0.0273921151187568
3481.5094	0.0285750423149526
3480.0925	0.028703253412482
3478.6755	0.0281629903720533
3477.2585	0.0290279048086065
3475.8415	0.0288215123323623
3474.4245	0.0290279498265605
3473.0076	0.0291600609309332
3471.5906	0.0288872317032545
3470.1736	0.0298529550623137
3468.7566	0.0299988247617944
3467.3397	0.0298248164416361
3465.9227	0.0298252595383807
3464.5057	0.0303764099202921
3463.0887	0.0308903049694316
3461.6718	0.0305127663582034
3460.2548	0.0310901646753748
3458.8378	0.031010703218959
3457.4208	0.031455964752776
3456.0039	0.0314758217949467
3454.5869	0.0315533166343719
3453.1699	0.0315889255176185
3451.7529	0.032091710381204
3450.336	0.031960368733782
3448.919	0.032185909093109
3447.502	0.0325374521751022
3446.085	0.0331788751693784
3444.6681	0.0329775290847904
3443.2511	0.0333639521027647
3441.8341	0.0326096565713148
3440.4171	0.0332917542092625
3439.0002	0.0332521322489196
3437.5832	0.0336552009468077
3436.1662	0.0333169205274474
3434.7492	0.0342962021839639
3433.3323	0.0345883287420662
3431.9153	0.0340107329874419
3430.4983	0.0343126614228027
3429.0813	0.0350028332481261
3427.6643	0.0351573710185305
3426.2474	0.0355129834198211
3424.8304	0.0352079505094684
3423.4134	0.0351796540062268
3421.9964	0.0357341960021155
3420.5795	0.0356160905013856
3419.1625	0.0361139765824212
3417.7455	0.0362031232893625
3416.3285	0.0359381837666001
3414.9116	0.0363364399375879
3413.4946	0.0363584470387
3412.0776	0.0365316831582523
3410.6606	0.0375087112114843
3409.2437	0.0373851357404763
3407.8267	0.0373185866905602
3406.4097	0.0366808251531934
3404.9927	0.0372264063807763
3403.5758	0.037427189433361
3402.1588	0.0375684421597774
3400.7418	0.038450626929834
3399.3248	0.0379289338928249
3397.9079	0.0381628832363123
3396.4909	0.0383880657787417
3395.0739	0.0387605833918992
3393.6569	0.0389528417888019
3392.24	0.0389132170872985
3390.823	0.0387115449795692
3389.406	0.038811672015953
3387.989	0.038832344085775
3386.5721	0.039055124486619
3385.1551	0.0385843099566555
3383.7381	0.0396530304435844
3382.3211	0.039398898899282
3380.9041	0.0400663591492872
3379.4872	0.0397754093763256
3378.0702	0.0400762662772938
3376.6532	0.0401853015325139
3375.2362	0.03966079206739
3373.8193	0.0401677926216907
3372.4023	0.0404861008426164
3370.9853	0.040566659475693
3369.5683	0.0402380769766323
3368.1514	0.0404705465045247
3366.7344	0.0407153214192282
3365.3174	0.0412277627723025
3363.9004	0.0406070031551216
3362.4835	0.0412183546817158
3361.0665	0.041147886496025
3359.6495	0.0409571686599245
3358.2325	0.0415151942412999
3356.8156	0.0411582691086348
3355.3986	0.0413114717506951
3353.9816	0.0413276095083183
3352.5646	0.0416161880941906
3351.1477	0.0415196765698159
3349.7307	0.0418163021174103
3348.3137	0.0423039160230391
3346.8967	0.042362088608701
3345.4798	0.0421308561268062
3344.0628	0.0420255707320796
3342.6458	0.0419803341617145
3341.2288	0.042484316120529
3339.8119	0.0417363118508878
3338.3949	0.0422096941205834
3336.9779	0.0424553398243089
3335.5609	0.0422789117046571
3334.1439	0.0427188418919393
3332.727	0.0425054445298703
3331.31	0.0425371777638388
3329.893	0.0426714484623279
3328.476	0.0430775903769082
3327.0591	0.0431431990167004
3325.6421	0.0428595128538889
3324.2251	0.0429179505827997
3322.8081	0.043352684901256
3321.3912	0.0434952620942021
3319.9742	0.0434257648902191
3318.5572	0.0432801966606003
3317.1402	0.0424513740347216
3315.7233	0.0432351287300124
3314.3063	0.0432263817588508
3312.8893	0.0434494413032786
3311.4723	0.0427275753073034
3310.0554	0.0434064469054933
3308.6384	0.0429453949745078
3307.2214	0.0433841764939845
3305.8044	0.0435066575503353
3304.3875	0.0437512958256746
3302.9705	0.0435440922658066
3301.5535	0.0434031305265153
3300.1365	0.0439045875182026
3298.7196	0.0439327917549015
3297.3026	0.0434457555070024
3295.8856	0.0433633218835558
3294.4686	0.0447490184897638
3293.0517	0.0430446356167486
3291.6347	0.0436986752480372
3290.2177	0.043292334088445
3288.8007	0.0434123196240053
3287.3837	0.0435495359444969
3285.9668	0.0434504291231353
3284.5498	0.0440213157504307
3283.1328	0.0435939843377036
3281.7158	0.0431746507405665
3280.2989	0.0442085860731693
3278.8819	0.0439217775078086
3277.4649	0.0445066799025822
3276.0479	0.0434777209984214
3274.631	0.044453551053901
3273.214	0.0436588856052416
3271.797	0.0437158262576865
3270.38	0.044243310604324
3268.9631	0.0435593410470875
3267.5461	0.0434014767103988
3266.1291	0.0439250640520678
3264.7121	0.0438576601755546
3263.2952	0.0441673815499911
3261.8782	0.0436085210416597
3260.4612	0.0437022192568677
3259.0442	0.0428971478364809
3257.6273	0.0438131183119075
3256.2103	0.0434725547756511
3254.7933	0.0436880975125176
3253.3763	0.0434641412736078
3251.9594	0.0433361573993641
3250.5424	0.0433900991197107
3249.1254	0.0438698826236858
3247.7084	0.0429001360595855
3246.2915	0.0431730224169643
3244.8745	0.0437715089868545
3243.4575	0.0441824614820795
3242.0405	0.0432378966035175
3240.6235	0.0431666615678946
3239.2066	0.0438933038410879
3237.7896	0.0435841235298903
3236.3726	0.0433826098977265
3234.9556	0.0432266169849527
3233.5387	0.0430129270574782
3232.1217	0.0430188997625088
3230.7047	0.0430853180520567
3229.2877	0.0432909880002341
3227.8708	0.0431320096840187
3226.4538	0.043052877217202
3225.0368	0.0433490014092289
3223.6198	0.0434181469822581
3222.2029	0.0430031643140174
3220.7859	0.042511518581775
3219.3689	0.0432128890796272
3217.9519	0.0428139220691455
3216.535	0.0427139099239017
3215.118	0.0426919970101032
3213.701	0.0426590807754632
3212.284	0.0426480986279542
3210.8671	0.0425783243233786
3209.4501	0.0425455544661577
3208.0331	0.0415998329194546
3206.6161	0.0418487191168888
3205.1992	0.0423809252314782
3203.7822	0.042127748881164
3202.3652	0.0421618306718267
3200.9482	0.0417498463118287
3199.5313	0.042105480815758
3198.1143	0.0418673608718642
3196.6973	0.0411603218863276
3195.2803	0.0413118134469877
3193.8633	0.0411030765368586
3192.4464	0.0415655402013286
3191.0294	0.0413198560518858
3189.6124	0.0413869813145281
3188.1954	0.0409190559840734
3186.7785	0.0412280677238919
3185.3615	0.0408668289128349
3183.9445	0.0406946224605768
3182.5275	0.0410946739567007
3181.1106	0.0413352758909856
3179.6936	0.0405052137121532
3178.2766	0.0408992417710817
3176.8596	0.0409094418890844
3175.4427	0.0403338352182163
3174.0257	0.0400313112604992
3172.6087	0.03993757179443
3171.1917	0.0401551913612299
3169.7748	0.0396462230776582
3168.3578	0.0397668337325816
3166.9408	0.0395785256411049
3165.5238	0.0394621847468836
3164.1069	0.0394644935647424
3162.6899	0.0394034429640783
3161.2729	0.0392505896298474
3159.8559	0.0390916467895444
3158.439	0.0390355842996046
3157.022	0.0392797404484876
3155.605	0.0392252788823822
3154.188	0.0389877501243367
3152.7711	0.0386243863933309
3151.3541	0.0390966190003524
3149.9371	0.0378657291881378
3148.5201	0.038240872744576
3147.1031	0.038007508453399
3145.6862	0.0383525164972968
3144.2692	0.0380373761768748
3142.8522	0.0377898619303446
3141.4352	0.0376292775105585
3140.0183	0.0376284338353813
3138.6013	0.0375936300406114
3137.1843	0.0367425911665474
3135.7673	0.037605727291535
3134.3504	0.0374410961223657
3132.9334	0.037137190855487
3131.5164	0.0373783828446043
3130.0994	0.0364290415604852
3128.6825	0.0365954287232058
3127.2655	0.0364535212825118
3125.8485	0.0365880493984371
3124.4315	0.036458543878416
3123.0146	0.036516613117249
3121.5976	0.0359176588850526
3120.1806	0.0361735477805243
3118.7636	0.0361597457197898
3117.3467	0.0361126466187248
3115.9297	0.0357794540099856
3114.5127	0.0359121040406971
3113.0957	0.0355696713239227
3111.6788	0.0351672863607752
3110.2618	0.0353925821608872
3108.8448	0.0347475579963257
3107.4278	0.0346797910157042
3106.0109	0.0346636596619868
3104.5939	0.0345356342922326
3103.1769	0.0349638312109596
3101.7599	0.0346697683750706
3100.3429	0.0346656147076217
3098.926	0.0343495593503936
3097.509	0.0340025139644549
3096.092	0.0341319996125426
3094.675	0.0343549822168745
3093.2581	0.0339319558669059
3091.8411	0.0338482108715494
3090.4241	0.0336919293300471
3089.0071	0.0334384032084047
3087.5902	0.0336453188751046
3086.1732	0.0337072798749784
3084.7562	0.0332238913266908
3083.3392	0.0336549642879485
3081.9223	0.0331252543041588
3080.5053	0.0330946503072315
3079.0883	0.0330532428834332
3077.6713	0.0327938897600657
3076.2544	0.0329578454639985
3074.8374	0.0328064007087957
3073.4204	0.0319980549646188
3072.0034	0.0325706439308646
3070.5865	0.0328114499126265
3069.1695	0.0321066730424341
3067.7525	0.0322847801259419
3066.3355	0.0315278564639741
3064.9186	0.0318441962130313
3063.5016	0.0317094151221679
3062.0846	0.0311394592381112
3060.6676	0.0312818965512735
3059.2507	0.031419811231745
3057.8337	0.0315533378775613
3056.4167	0.0308829352087562
3054.9997	0.0309368475782341
3053.5827	0.031267036937091
3052.1658	0.0307400596759765
3050.7488	0.0311681628517679
3049.3318	0.0301176168093985
3047.9148	0.0307097337550681
3046.4979	0.0297867254064
3045.0809	0.0302431994791797
3043.6639	0.0300862327972313
3042.2469	0.0303249072818373
3040.83	0.0295789687441356
3039.413	0.030066325090312
3037.996	0.0298430189293818
3036.579	0.029688663982406
3035.1621	0.0293092637296469
3033.7451	0.0295929702028719
3032.3281	0.0297527688583199
3030.9111	0.0292850631397982
3029.4942	0.0296317437665972
3028.0772	0.0293323160446157
3026.6602	0.028994425136443
3025.2432	0.0291550647885057
3023.8263	0.0290011681216829
3022.4093	0.0287177201157378
3020.9923	0.0287751149604858
3019.5753	0.0282698210059635
3018.1584	0.0287114076786893
3016.7414	0.028072997051671
3015.3244	0.0282203643432587
3013.9074	0.0278400653732751
3012.4905	0.0286264438266641
3011.0735	0.028375477957298
3009.6565	0.0281305025542217
3008.2395	0.0285156159081739
3006.8225	0.0284743355294566
3005.4056	0.0277059104433856
3003.9886	0.0282529486397273
3002.5716	0.0280946492055072
3001.1546	0.0279280478217156
2999.7377	0.027709416618398
2998.3207	0.0278042259221834
2996.9037	0.0278256337251023
2995.4867	0.0281021363184785
2994.0698	0.0278909440242423
2992.6528	0.0280459923563165
2991.2358	0.0279292870769793
2989.8188	0.0279929607592082
2988.4019	0.0277065480182162
2986.9849	0.0277623056017656
2985.5679	0.0279579965802891
2984.1509	0.0279537472159211
2982.734	0.0276179171721671
2981.317	0.0282104541786834
2979.9	0.0281804491866359
2978.483	0.0277853278512228
2977.0661	0.028507226299379
2975.6491	0.0286287633317633
2974.2321	0.028795161700035
2972.8151	0.0284160414728795
2971.3982	0.0284642563067492
2969.9812	0.0287288437112255
2968.5642	0.0289260148217789
2967.1472	0.0293107080511724
2965.7303	0.0294433810986872
2964.3133	0.0290270003563628
2962.8963	0.0296313783520817
2961.4793	0.0300806171422999
2960.0623	0.0297642191725645
2958.6454	0.0299917931890009
2957.2284	0.0300683929261535
2955.8114	0.0304655378176525
2954.3944	0.0299711863094944
2952.9775	0.0306462993125088
2951.5605	0.0306141090134918
2950.1435	0.031078342469078
2948.7265	0.0316796033312285
2947.3096	0.031207537994285
2945.8926	0.0319524100030219
2944.4756	0.0316575923460489
2943.0586	0.0330891649579352
2941.6417	0.0327846804093458
2940.2247	0.0333410348563893
2938.8077	0.0332271994107781
2937.3907	0.0330455084275177
2935.9738	0.0331313153094775
2934.5568	0.0336461712177315
2933.1398	0.0334222428019345
2931.7228	0.0335230702954717
2930.3059	0.0346102130954847
2928.8889	0.0342456746195826
2927.4719	0.0344051565566459
2926.0549	0.033777119783951
2924.638	0.0342618870633715
2923.221	0.0344566729684587
2921.804	0.0341393945652904
2920.387	0.0345606376011938
2918.9701	0.0341229332267113
2917.5531	0.0344830016348951
2916.1361	0.034208788226109
2914.7191	0.0342760031673862
2913.3021	0.0337958513265573
2911.8852	0.0339123632777469
2910.4682	0.0340187031145802
2909.0512	0.0343809038118597
2907.6342	0.0336263531289529
2906.2173	0.0344226445820844
2904.8003	0.034338874484865
2903.3833	0.0337615014653504
2901.9663	0.0334352291475181
2900.5494	0.033398940767295
2899.1324	0.0334078538687941
2897.7154	0.0337643014350951
2896.2984	0.0334037256286943
2894.8815	0.0338808009571809
2893.4645	0.0329789496443667
2892.0475	0.0335223506649387
2890.6305	0.0330206816875374
2889.2136	0.0335313347101978
2887.7966	0.03429649913107
2886.3796	0.0330967753606191
2884.9626	0.0331305752649976
2883.5457	0.033230055568601
2882.1287	0.0328938087591083
2880.7117	0.0327198717987461
2879.2947	0.032693114149484
2877.8778	0.0330489714771509
2876.4608	0.0326223937161795
2875.0438	0.0330175878741617
2873.6268	0.031857283866981
2872.2099	0.0324420388725601
2870.7929	0.031868916205147
2869.3759	0.0324910075801732
2867.9589	0.0315348753295322
2866.5419	0.0314689566960907
2865.125	0.0316501723772973
2863.708	0.0311931876677919
2862.291	0.0313582232648542
2860.874	0.031234132424315
2859.4571	0.0311417980526328
2858.0401	0.0303836901327753
2856.6231	0.0306953983564229
2855.2061	0.0307077496021051
2853.7892	0.0303643352394527
2852.3722	0.0302525705707627
2850.9552	0.0302790952726978
2849.5382	0.0304022101841064
2848.1213	0.0296094214503747
2846.7043	0.0294911382544857
2845.2873	0.0300788361937848
2843.8703	0.0300568446561818
2842.4534	0.0300324667483046
2841.0364	0.0295992425546305
2839.6194	0.0296230527982903
2838.2024	0.0290406697308585
2836.7855	0.0294249054085938
2835.3685	0.0295852683908646
2833.9515	0.0284682932976344
2832.5345	0.0291856065806736
2831.1176	0.0289304973535657
2829.7006	0.0281705243386968
2828.2836	0.028942884123668
2826.8666	0.0281539856391096
2825.4497	0.0279204095024939
2824.0327	0.0279895089877539
2822.6157	0.028286648084763
2821.1987	0.0276608147530808
2819.7817	0.0286711887398888
2818.3648	0.0282715225032274
2816.9478	0.0278371852660234
2815.5308	0.0279236032436084
2814.1138	0.0276869057430606
2812.6969	0.0274404080134217
2811.2799	0.0273461734228564
2809.8629	0.0274441790141841
2808.4459	0.0268647151025806
2807.029	0.0268186104080174
2805.612	0.0273727825753031
2804.195	0.0271918243173744
2802.778	0.0269678413743713
2801.3611	0.0270421732544932
2799.9441	0.0271349583083354
2798.5271	0.0271608058723492
2797.1101	0.0267594461973271
2795.6932	0.0269900282050397
2794.2762	0.0264988262633002
2792.8592	0.0263569405109233
2791.4422	0.026874693734769
2790.0253	0.026758839399701
2788.6083	0.0266274457540652
2787.1913	0.0262788656603356
2785.7743	0.0263759431427714
2784.3574	0.0265096773668958
2782.9404	0.0259322612090403
2781.5234	0.0266903600036417
2780.1064	0.0261455104172381
2778.6895	0.0258909866386953
2777.2725	0.0258726851373037
2775.8555	0.0264276653701241
2774.4385	0.0266413838889141
2773.0215	0.0262667267733348
2771.6046	0.0258871611685554
2770.1876	0.0262306900079877
2768.7706	0.0259315409744574
2767.3536	0.0260077807632046
2765.9367	0.0256904832493985
2764.5197	0.0259812425564423
2763.1027	0.0255511662659169
2761.6857	0.0260136641778005
2760.2688	0.0261438725952821
2758.8518	0.0255147203096032
2757.4348	0.02593715848583
2756.0178	0.0259394461266411
2754.6009	0.0262841589226901
2753.1839	0.0256241039231901
2751.7669	0.0258038864853128
2750.3499	0.025426811465468
2748.933	0.0255243921972596
2747.516	0.0253189061233169
2746.099	0.026030936373152
2744.682	0.025515903694796
2743.2651	0.0257629663972669
2741.8481	0.0257575884900637
2740.4311	0.0255059948354315
2739.0141	0.0259886062711024
2737.5972	0.0255199886071354
2736.1802	0.025406341635634
2734.7632	0.0255578131740345
2733.3462	0.0252980536260628
2731.9293	0.0256087110554525
2730.5123	0.0250561457366872
2729.0953	0.0246579879176104
2727.6783	0.0251231646028323
2726.2613	0.025152327045478
2724.8444	0.0254422200425231
2723.4274	0.0247795372381579
2722.0104	0.0251083818423108
2720.5934	0.0253854349525075
2719.1765	0.0255437063927657
2717.7595	0.0249531252477119
2716.3425	0.0250086727120091
2714.9255	0.0251046079528702
2713.5086	0.0251440051212684
2712.0916	0.0244054872948982
2710.6746	0.0242334590539502
2709.2576	0.0249394217139488
2707.8407	0.0247349038621151
2706.4237	0.0247281737133741
2705.0067	0.0253191972884219
2703.5897	0.0243180523349381
2702.1728	0.0251966960750528
2700.7558	0.0246816082805871
2699.3388	0.0247339214867701
2697.9218	0.0248805382426323
2696.5049	0.0247825924032858
2695.0879	0.0246720936325045
2693.6709	0.025262090195051
2692.2539	0.0245958379936502
2690.837	0.0249259531553947
2689.42	0.0249266444798801
2688.003	0.0246343652035715
2686.586	0.0240449681204139
2685.1691	0.0250944747270506
2683.7521	0.0248592481336442
2682.3351	0.0244850843243035
2680.9181	0.0250865715937087
2679.5011	0.0244267382801087
2678.0842	0.024519353445013
2676.6672	0.0243591623899833
2675.2502	0.0239541856603588
2673.8332	0.0240635203096039
2672.4163	0.0240710176494445
2670.9993	0.0245830649433433
2669.5823	0.0244450407666662
2668.1653	0.0238286693866092
2666.7484	0.0244987280995965
2665.3314	0.0238899296319876
2663.9144	0.0236324419915145
2662.4974	0.0241498940208517
2661.0805	0.0237844379389667
2659.6635	0.0239774419884512
2658.2465	0.024033806283184
2656.8295	0.0238303394972715
2655.4126	0.0237471219034367
2653.9956	0.0232798529335756
2652.5786	0.0235088898636172
2651.1616	0.0243929034371078
2649.7447	0.0242243159527048
2648.3277	0.0242076234650599
2646.9107	0.0236473503247505
2645.4937	0.0233399558900012
2644.0768	0.0236158833859523
2642.6598	0.0237838671746648
2641.2428	0.0235348442579981
2639.8258	0.0234162458456642
2638.4089	0.0232494796611911
2636.9919	0.0234881276551038
2635.5749	0.0234380900745531
2634.1579	0.0231260816681712
2632.741	0.0236207934342916
2631.324	0.0234086915401891
2629.907	0.0238956408709558
2628.49	0.023283069077754
2627.073	0.0231049025833518
2625.6561	0.0227431518406564
2624.2391	0.0226079855040702
2622.8221	0.023068189969765
2621.4051	0.0232046249695333
2619.9882	0.0225973721986398
2618.5712	0.0226428508140637
2617.1542	0.0221934993073719
2615.7372	0.0235418166204856
2614.3203	0.0224712264305191
2612.9033	0.0232500837464721
2611.4863	0.0228002508697646
2610.0693	0.0222687716546915
2608.6524	0.0221357665401411
2607.2354	0.0226449044510674
2605.8184	0.0228258442290112
2604.4014	0.0223139352775748
2602.9845	0.0224772695552824
2601.5675	0.0225624661882409
2600.1505	0.0229404406196976
2598.7335	0.0225458431692936
2597.3166	0.0222363804926339
2595.8996	0.0223587289045631
2594.4826	0.0227070131543283
2593.0656	0.0224049543121055
2591.6487	0.0223941286018509
2590.2317	0.0223362534067434
2588.8147	0.0220515077073684
2587.3977	0.0225459942377001
2585.9808	0.02187052886672
2584.5638	0.0219025384029571
2583.1468	0.0219520541564954
2581.7298	0.0220155053212686
2580.3128	0.0217216710295989
2578.8959	0.0221483630334136
2577.4789	0.0221665872862613
2576.0619	0.0223025294349574
2574.6449	0.0220665523449449
2573.228	0.0224098018749395
2571.811	0.0215083138873976
2570.394	0.022251669649341
2568.977	0.0214359161516557
2567.5601	0.0219465335762199
2566.1431	0.0218451929491971
2564.7261	0.0222945810187606
2563.3091	0.0220474927817881
2561.8922	0.0210482639994901
2560.4752	0.0214110463824492
2559.0582	0.0222405246727547
2557.6412	0.02174796560579
2556.2243	0.0215551394161705
2554.8073	0.0212710329242011
2553.3903	0.021330859103184
2551.9733	0.0213650600196237
2550.5564	0.0215471897579133
2549.1394	0.0213668280670126
2547.7224	0.0214529281379105
2546.3054	0.0216973114841238
2544.8885	0.0210715741625774
2543.4715	0.0213740259896543
2542.0545	0.0208091589073369
2540.6375	0.021311929341068
2539.2206	0.0208119344088524
2537.8036	0.0212659963443024
2536.3866	0.021150147067703
2534.9696	0.0212038422770116
2533.5526	0.0214061256048568
2532.1357	0.0212310404587484
2530.7187	0.0209265268008373
2529.3017	0.0211925439886966
2527.8847	0.0211514791871146
2526.4678	0.021231127759688
2525.0508	0.021167215903963
2523.6338	0.0207992333195838
2522.2168	0.0214849822451694
2520.7999	0.020534191461249
2519.3829	0.0209329818311515
2517.9659	0.021041980031941
2516.5489	0.0207437163746861
2515.132	0.0204673603380966
2513.715	0.0209572925458919
2512.298	0.0208332564919116
2510.881	0.0206558883835163
2509.4641	0.0210871127466186
2508.0471	0.0208251718911488
2506.6301	0.0206407138786343
2505.2131	0.0205684000391319
2503.7962	0.0207568726386022
2502.3792	0.0204689853132244
2500.9622	0.0203532681528343
2499.5452	0.0209395181355878
2498.1283	0.0210022183057916
2496.7113	0.0211143682282965
2495.2943	0.020506624515892
2493.8773	0.0212991663006157
2492.4604	0.0208448166929546
2491.0434	0.0203786852443765
2489.6264	0.0214639156168309
2488.2094	0.0207714517484793
2486.7924	0.0205933954159525
2485.3755	0.020078374503559
2483.9585	0.0205445017823361
2482.5415	0.0203626622519493
2481.1245	0.0204601904380853
2479.7076	0.0200594046665466
2478.2906	0.020092863481914
2476.8736	0.0208574748920495
2475.4566	0.0206041022946772
2474.0397	0.020417877459412
2472.6227	0.020286990650359
2471.2057	0.01997777373383
2469.7887	0.0202312649581179
2468.3718	0.0201751736997702
2466.9548	0.0203345344115232
2465.5378	0.0209157896732455
2464.1208	0.0205184095566065
2462.7039	0.0209110913917356
2461.2869	0.0202617239891867
2459.8699	0.0195280627721398
2458.4529	0.0204753571552104
2457.036	0.0199793800608832
2455.619	0.019932966550876
2454.202	0.0196775513179917
2452.785	0.0203389162991476
2451.3681	0.020306808163886
2449.9511	0.0200285148060444
2448.5341	0.020108869321335
2447.1171	0.019996556326606
2445.7002	0.0205211039216461
2444.2832	0.0202674051864691
2442.8662	0.0197667274453831
2441.4492	0.0201362646156325
2440.0322	0.020143750127282
2438.6153	0.0201185649637886
2437.1983	0.0202269172186714
2435.7813	0.0202586244115764
2434.3643	0.0201864039200547
2432.9474	0.0200851557435585
2431.5304	0.0201303093164823
2430.1134	0.0200403717201022
2428.6964	0.0194128381190979
2427.2795	0.019796010770772
2425.8625	0.0196382694821736
2424.4455	0.019816727571679
2423.0285	0.0194163405324512
2421.6116	0.0197075579358765
2420.1946	0.0192427547004818
2418.7776	0.0193638481490788
2417.3606	0.0197960976742587
2415.9437	0.0194628601589468
2414.5267	0.0196565330034002
2413.1097	0.0194847188953276
2411.6927	0.0190000907750657
2410.2758	0.019001293036312
2408.8588	0.0205196719423485
2407.4418	0.0195258609766859
2406.0248	0.0194818227289323
2404.6079	0.0189485391816276
2403.1909	0.0199614637582471
2401.7739	0.0189790500246296
2400.3569	0.0193853927455444
2398.94	0.0198454155242406
2397.523	0.0197065979777751
2396.106	0.0192829158535155
2394.689	0.0191015093172104
2393.272	0.0187159812649642
2391.8551	0.0186088796652498
2390.4381	0.0192492586029427
2389.0211	0.0184901955899172
2387.6041	0.019290673944087
2386.1872	0.0191367425290279
2384.7702	0.019195996102864
2383.3532	0.019266236956952
2381.9362	0.019417718586683
2380.5193	0.0190586477405656
2379.1023	0.0193857029186305
2377.6853	0.0195600578349671
2376.2683	0.0194381738624004
2374.8514	0.0189798513924665
2373.4344	0.019443972027383
2372.0174	0.0195705340810221
2370.6004	0.0188066205933247
2369.1835	0.019168011080987
2367.7665	0.0188875803707918
2366.3495	0.0186035157710729
2364.9325	0.0193756285231148
2363.5156	0.019144917106399
2362.0986	0.0192326918832519
2360.6816	0.0194539558022403
2359.2646	0.0195506180993277
2357.8477	0.0197594794538038
2356.4307	0.019621503561527
2355.0137	0.0194767794875178
2353.5967	0.0194961911109922
2352.1798	0.0191554519528382
2350.7628	0.0193250778266127
2349.3458	0.0189506806924635
2347.9288	0.0192866282374807
2346.5118	0.0194228175013772
2345.0949	0.0189993997183735
2343.6779	0.019185781482521
2342.2609	0.0191123561443491
2340.8439	0.0191184082762602
2339.427	0.0189257884183618
2338.01	0.0192473541498607
2336.593	0.0195601051669238
2335.176	0.0196996842824935
2333.7591	0.0193566010769732
2332.3421	0.0196049750142256
2330.9251	0.0187677136316677
2329.5081	0.0192244397242261
2328.0912	0.0193333514118789
2326.6742	0.0195677801986228
2325.2572	0.0195165506140641
2323.8402	0.0196727861784073
2322.4233	0.019120137441983
2321.0063	0.0192199255047826
2319.5893	0.0192223932093422
2318.1723	0.0191557334115984
2316.7554	0.0188207279999242
2315.3384	0.0193950878895552
2313.9214	0.0185646567073842
2312.5044	0.0188252727015562
2311.0875	0.0187072525081902
2309.6705	0.0195452998480138
2308.2535	0.0184011292215219
2306.8365	0.0187830470307937
2305.4196	0.0189020402476906
2304.0026	0.0188975614141404
2302.5856	0.0187939647870655
2301.1686	0.0191071325141061
2299.7516	0.0191008137090559
2298.3347	0.0188978155123733
2296.9177	0.0191760623647068
2295.5007	0.0194556316377692
2294.0837	0.0187212814626674
2292.6668	0.019404990360763
2291.2498	0.0190583258231043
2289.8328	0.0182507896912888
2288.4158	0.0191247336553242
2286.9989	0.0183128467427938
2285.5819	0.0189307339246217
2284.1649	0.0191477211958223
2282.7479	0.019452975968189
2281.331	0.0188462980781979
2279.914	0.0188100998914606
2278.497	0.0188267802439558
2277.08	0.01865966478456
2275.6631	0.0188682120550366
2274.2461	0.0189067899929264
2272.8291	0.0188275962605297
2271.4121	0.0185525192264056
2269.9952	0.0186126201729486
2268.5782	0.0184389125448404
2267.1612	0.0182754799139849
2265.7442	0.01854758090212
2264.3273	0.0185496499618106
2262.9103	0.0184457147022551
2261.4933	0.0183091109661336
2260.0763	0.0177579826724352
2258.6594	0.0186883435103296
2257.2424	0.017397438204063
2255.8254	0.0184766904452212
2254.4084	0.018562200462881
2252.9914	0.0180596799508433
2251.5745	0.0181530266486781
2250.1575	0.0184153221568667
2248.7405	0.0185798517745261
2247.3235	0.018685420144276
2245.9066	0.0185103520548974
2244.4896	0.018364269357372
2243.0726	0.0185640938383399
2241.6556	0.0182581377390819
2240.2387	0.0188985127020862
2238.8217	0.0184796519135132
2237.4047	0.0183313626360712
2235.9877	0.0180435271862735
2234.5708	0.017938939504998
2233.1538	0.0180570119487583
2231.7368	0.0179886094989359
2230.3198	0.0176818266490152
2228.9029	0.0175973790957398
2227.4859	0.0181254753517602
2226.0689	0.0179533844733914
2224.6519	0.0178997320564082
2223.235	0.0169663337249001
2221.818	0.0171880926291634
2220.401	0.0175978262422754
2218.984	0.016933483440422
2217.5671	0.0176042869180052
2216.1501	0.0178859481770378
2214.7331	0.0176146916768498
2213.3161	0.0181263471900007
2211.8992	0.0177585204881143
2210.4822	0.0180823787911909
2209.0652	0.0173527234132617
2207.6482	0.0177074781605615
2206.2312	0.0176461209204518
2204.8143	0.0176126733185818
2203.3973	0.017440997205868
2201.9803	0.017522219647163
2200.5633	0.017258268363758
2199.1464	0.0182223200322743
2197.7294	0.0178480244417607
2196.3124	0.0187122478714534
2194.8954	0.0174917524629953
2193.4785	0.0179302587069171
2192.0615	0.0177428223977287
2190.6445	0.0183307476117589
2189.2275	0.0179355439773349
2187.8106	0.0181100674404474
2186.3936	0.017081825741378
2184.9766	0.016842151575975
2183.5596	0.0165249547764557
2182.1427	0.0168413125805464
2180.7257	0.0175166242574594
2179.3087	0.0165297138199761
2177.8917	0.0176464916149079
2176.4748	0.0174715054168313
2175.0578	0.0176809064275246
2173.6408	0.0175944897101854
2172.2238	0.0175068225190795
2170.8069	0.0172809830930825
2169.3899	0.0177688647683365
2167.9729	0.0172271008379619
2166.5559	0.0170850680005294
2165.139	0.0175227908740046
2163.722	0.0172167401624922
2162.305	0.0173880033875038
2160.888	0.0171253781475675
2159.471	0.0159116513775778
2158.0541	0.015993253316385
2156.6371	0.0159363573481404
2155.2201	0.0161514269843447
2153.8031	0.0168556705130763
2152.3862	0.0166584082549927
2150.9692	0.0169609821815518
2149.5522	0.0167314800956622
2148.1352	0.0168637726436528
2146.7183	0.0168483409672468
2145.3013	0.0168127470161997
2143.8843	0.0162696657568166
2142.4673	0.0166718128850164
2141.0504	0.0167516712327796
2139.6334	0.0160103460136287
2138.2164	0.0164633786273964
2136.7994	0.0156710142556141
2135.3825	0.015407960344172
2133.9655	0.0164399233087991
2132.5485	0.0166513393584567
2131.1315	0.0169687069054338
2129.7146	0.0167049262235135
2128.2976	0.0166581430098298
2126.8806	0.0164892014861289
2125.4636	0.0163329537642262
2124.0467	0.0171112564419364
2122.6297	0.0173035705019145
2121.2127	0.0164984652145886
2119.7957	0.0176807178732869
2118.3788	0.0172388510503448
2116.9618	0.0171933158966543
2115.5448	0.0173666045924806
2114.1278	0.0170818644901878
2112.7108	0.0174929279868936
2111.2939	0.0174766874275671
2109.8769	0.0182157097968123
2108.4599	0.0181085956397926
2107.0429	0.0177393092430268
2105.626	0.0178066092149446
2104.209	0.0166679256160811
2102.792	0.0168149632186136
2101.375	0.0170625736129105
2099.9581	0.0171528099668814
2098.5411	0.0174429839204311
2097.1241	0.0173736680551001
2095.7071	0.0171924404723954
2094.2902	0.0167049360685866
2092.8732	0.0171218558431138
2091.4562	0.0168851552783149
2090.0392	0.0173238045169712
2088.6223	0.0172063656851416
2087.2053	0.0172266026762399
2085.7883	0.017324712173979
2084.3713	0.0171720542335102
2082.9544	0.0173379901220125
2081.5374	0.0178880532238391
2080.1204	0.0169488465744392
2078.7034	0.0179515398011987
2077.2865	0.0175486619020505
2075.8695	0.0173030694107066
2074.4525	0.0171120825990263
2073.0355	0.0177557793525628
2071.6186	0.0173728989934549
2070.2016	0.0170711067169536
2068.7846	0.0165719207437416
2067.3676	0.0167400878297613
2065.9506	0.0167715304885368
2064.5337	0.0166513407578678
2063.1167	0.0165775469764829
2061.6997	0.0171603674305311
2060.2827	0.0164906424794207
2058.8658	0.0166539703651825
2057.4488	0.0163359050599967
2056.0318	0.0163866741251454
2054.6148	0.0169832060838292
2053.1979	0.0176073880854721
2051.7809	0.0174836571268841
2050.3639	0.0177676587675567
2048.9469	0.0169700500108273
2047.53	0.0175860239186695
2046.113	0.0162765492464985
2044.696	0.0165065700319384
2043.279	0.0166197663514532
2041.8621	0.0162124994034881
2040.4451	0.0165494809857136
2039.0281	0.0164959293073407
2037.6111	0.016516851792483
2036.1942	0.01538421066056
2034.7772	0.0157406976125792
2033.3602	0.0160882830918803
2031.9432	0.0160659450898282
2030.5263	0.0155726671783539
2029.1093	0.0158409452309806
2027.6923	0.0160149824913457
2026.2753	0.0150933850832382
2024.8584	0.0150721776805217
2023.4414	0.015429339167626
2022.0244	0.0152881758799472
2020.6074	0.0153634357336702
2019.1904	0.0155515195231946
2017.7735	0.0151995917870715
2016.3565	0.0150035418108024
2014.9395	0.0155473147409834
2013.5225	0.0156030303820151
2012.1056	0.0150731685828575
2010.6886	0.0142840489764781
2009.2716	0.0146235646161493
2007.8546	0.0154476423686538
2006.4377	0.0146703425731925
2005.0207	0.0153360810268717
2003.6037	0.0155436286867241
2002.1867	0.015966178897214
2000.7698	0.0156247786642316
1999.3528	0.0157885979753959
1997.9358	0.0151407718498081
1996.5188	0.0145473059534014
1995.1019	0.0144561965273478
1993.6849	0.01486011761684
1992.2679	0.0150631893382336
1990.8509	0.0153683718830083
1989.434	0.0156365416641825
1988.017	0.0159112732256129
1986.6	0.0157641999862669
1985.183	0.016360762377785
1983.7661	0.0165919185043978
1982.3491	0.0158264605901333
1980.9321	0.0162008581950722
1979.5151	0.0160870609299394
1978.0982	0.015775112634827
1976.6812	0.0155840707602772
1975.2642	0.0150765623157832
1973.8472	0.0157135634795427
1972.4302	0.0150343212076727
1971.0133	0.0144102821088265
1969.5963	0.014436519217712
1968.1793	0.0144501129024134
1966.7623	0.0141154459444222
1965.3454	0.0156129015899529
1963.9284	0.0151842994732959
1962.5114	0.0151591969846358
1961.0944	0.0143033206483014
1959.6775	0.0146753631139008
1958.2605	0.014918349095055
1956.8435	0.0146607589276775
1955.4265	0.0153589207654183
1954.0096	0.0154104116517161
1952.5926	0.0157196881541335
1951.1756	0.0151535621313134
1949.7586	0.0153041631720574
1948.3417	0.015072071062467
1946.9247	0.0154651650746847
1945.5077	0.0154559794063734
1944.0907	0.0155344465017721
1942.6738	0.0157927163489157
1941.2568	0.0154333101931123
1939.8398	0.0151344900064193
1938.4228	0.01525114232867
1937.0059	0.0151531616590856
1935.5889	0.0153580719378139
1934.1719	0.0158888509323188
1932.7549	0.0163561267847451
1931.338	0.0158097448775409
1929.921	0.0154355488578892
1928.504	0.0157261736680454
1927.087	0.0151418940573494
1925.67	0.0156640946013133
1924.2531	0.0155771790657779
1922.8361	0.0155429918481038
1921.4191	0.0155531007022538
1920.0021	0.0157495730848695
1918.5852	0.0156738035395697
1917.1682	0.0155207745254837
1915.7512	0.0156785350800254
1914.3342	0.0158944503149105
1912.9173	0.0157700704598899
1911.5003	0.0156728748615447
1910.0833	0.0161597440543057
1908.6663	0.0155245819870536
1907.2494	0.0162029392049214
1905.8324	0.01627053990575
1904.4154	0.0154884124480555
1902.9984	0.0161072382407748
1901.5815	0.0157088060060768
1900.1645	0.0158355914926441
1898.7475	0.015919692532634
1897.3305	0.0148596197249265
1895.9136	0.0160390606184406
1894.4966	0.0157564350904399
1893.0796	0.0155226929898538
1891.6626	0.0156391222354063
1890.2457	0.0159204181204517
1888.8287	0.0155342950775408
1887.4117	0.015620518872832
1885.9947	0.0161181864854482
1884.5778	0.0161408962784876
1883.1608	0.0155155811111497
1881.7438	0.0153776392769604
1880.3268	0.015555217060575
1878.9098	0.0157162919257891
1877.4929	0.0158080813357629
1876.0759	0.0152429440333039
1874.6589	0.015982022209754
1873.2419	0.0160451706404071
1871.825	0.0163652078440868
1870.408	0.0155998144956383
1868.991	0.0157717770608656
1867.574	0.0154257198775022
1866.1571	0.0149332972743461
1864.7401	0.0156102727296113
1863.3231	0.0153124891841258
1861.9061	0.0154078283816522
1860.4892	0.015477987682621
1859.0722	0.0153040321614918
1857.6552	0.0158812043256114
1856.2382	0.015376090599498
1854.8213	0.0151399982418565
1853.4043	0.0157221158688299
1851.9873	0.0152797147434168
1850.5703	0.0155761716190413
1849.1534	0.0151203856790568
1847.7364	0.0154220917337952
1846.3194	0.0155144587570208
1844.9024	0.0154888860116721
1843.4855	0.0161085399075618
1842.0685	0.0157459528269498
1840.6515	0.0161249400298819
1839.2345	0.0156302498375242
1837.8176	0.01546657039063
1836.4006	0.0155819063580515
1834.9836	0.0153798505797816
1833.5666	0.0153313317721728
1832.1496	0.0155272870362308
1830.7327	0.0156419731694998
1829.3157	0.0150300975413579
1827.8987	0.0155192879681111
1826.4817	0.0149686216768963
1825.0648	0.0146626057860276
1823.6478	0.0152250995018577
1822.2308	0.0153991995406209
1820.8138	0.0151266676568506
1819.3969	0.0156683115586979
1817.9799	0.0151926468961922
1816.5629	0.0147435616113188
1815.1459	0.0147657539108704
1813.729	0.0148418659747212
1812.312	0.0157125732788872
1810.895	0.0153197835482355
1809.478	0.0152752735320571
1808.0611	0.01542125825106
1806.6441	0.0149935811123733
1805.2271	0.0151512669049932
1803.8101	0.0157209077024439
1802.3932	0.0158266760121924
1800.9762	0.0157520469372669
1799.5592	0.0153439260073214
1798.1422	0.0156430625687701
1796.7253	0.0160151988623403
1795.3083	0.0152735750482381
1793.8913	0.0153620157698478
1792.4743	0.0156236903443503
1791.0574	0.0154576014315175
1789.6404	0.015775975168783
1788.2234	0.0151466194936181
1786.8064	0.0158635536598714
1785.3894	0.0151495383403263
1783.9725	0.015657299762886
1782.5555	0.0155970678943616
1781.1385	0.0155910181837611
1779.7215	0.0146642744342536
1778.3046	0.0148848572625468
1776.8876	0.0154268951227565
1775.4706	0.0150742981806418
1774.0536	0.0152210560792766
1772.6367	0.0154850836311509
1771.2197	0.0148464146554353
1769.8027	0.0157192244763091
1768.3857	0.0164061871172873
1766.9688	0.0160702247588332
1765.5518	0.0159655289546478
1764.1348	0.0157431540733502
1762.7178	0.0157464518672523
1761.3009	0.01611158858842
1759.8839	0.016351549785558
1758.4669	0.0162062427042567
1757.0499	0.0159410546453025
1755.633	0.0160844401025502
1754.216	0.0163950899388364
1752.799	0.0160788246771131
1751.382	0.0167729244910423
1749.9651	0.0171070727113049
1748.5481	0.0169561619874899
1747.1311	0.0166765639037988
1745.7141	0.0167877724300413
1744.2972	0.0170572245492596
1742.8802	0.0169257150167011
1741.4632	0.0166413355576003
1740.0462	0.0171853909221162
1738.6292	0.0175251909370414
1737.2123	0.0179672990540304
1735.7953	0.0172480911181417
1734.3783	0.0174727316709296
1732.9613	0.0187507397875346
1731.5444	0.0184532715892525
1730.1274	0.0176391355461827
1728.7104	0.0181816356285694
1727.2934	0.0188052203916183
1725.8765	0.018448129481432
1724.4595	0.01793419017849
1723.0425	0.0191430180131565
1721.6255	0.0189927978226525
1720.2086	0.0180726577017883
1718.7916	0.019170710075958
1717.3746	0.0189281908232401
1715.9576	0.0197140474946874
1714.5407	0.0195844659519985
1713.1237	0.019614292225381
1711.7067	0.019977736624197
1710.2897	0.0201027716953326
1708.8728	0.0204477725184179
1707.4558	0.0205878439311676
1706.0388	0.0202126263575864
1704.6218	0.0209072506663608
1703.2049	0.0203889260151701
1701.7879	0.0202156910146233
1700.3709	0.0208840211879901
1698.9539	0.0209297519499598
1697.537	0.021818010889778
1696.12	0.0214481219344841
1694.703	0.0214523995482925
1693.286	0.0220784089899466
1691.869	0.0215977230757956
1690.4521	0.0212922425578012
1689.0351	0.0217996978654707
1687.6181	0.0221537544045509
1686.2011	0.0221321231483003
1684.7842	0.0215467894525979
1683.3672	0.0217715809489102
1681.9502	0.0221386014701698
1680.5332	0.0223631201863718
1679.1163	0.0223380048595517
1677.6993	0.0220309483021576
1676.2823	0.022279582507615
1674.8653	0.0226358718917706
1673.4484	0.0225709276984128
1672.0314	0.0231548725296561
1670.6144	0.022987674176013
1669.1974	0.0232754243215044
1667.7805	0.0234402373906465
1666.3635	0.0231027124201663
1664.9465	0.0233570559303305
1663.5295	0.0233436966694064
1662.1126	0.0237976683392925
1660.6956	0.0243449975295478
1659.2786	0.0241852534588383
1657.8616	0.0247423440623775
1656.4447	0.0247692018772055
1655.0277	0.0237945424439433
1653.6107	0.0247695981851359
1652.1937	0.0252988810431026
1650.7768	0.0256750285288436
1649.3598	0.0252845581348683
1647.9428	0.0256476062195625
1646.5258	0.0266647118336874
1645.1088	0.0266457031862013
1643.6919	0.0265517592077776
1642.2749	0.0272988867752454
1640.8579	0.0273918650500935
1639.4409	0.0282986824167908
1638.024	0.0286869760421116
1636.607	0.0289243928684982
1635.19	0.0296574054634503
1633.773	0.0296023489136228
1632.3561	0.0303695758022955
1630.9391	0.0304475229834515
1629.5221	0.0312035897712144
1628.1051	0.0303158243503959
1626.6882	0.0314921996404517
1625.2712	0.031750495149734
1623.8542	0.0314664775057112
1622.4372	0.0323513253484588
1621.0203	0.0323001291670526
1619.6033	0.0318276078312133
1618.1863	0.0322592217254493
1616.7693	0.032981964053767
1615.3524	0.0330764248350434
1613.9354	0.0335430597837086
1612.5184	0.033507865763242
1611.1014	0.0344706569427223
1609.6845	0.0346978092963555
1608.2675	0.0336743194355135
1606.8505	0.0353150554044098
1605.4335	0.0360962223165401
1604.0166	0.0364889722994732
1602.5996	0.0361261018384827
1601.1826	0.0366344697525981
1599.7656	0.0367645053183072
1598.3486	0.036345347475272
1596.9317	0.0370690575055971
1595.5147	0.0360138365860809
1594.0977	0.0358473599427306
1592.6807	0.0366074191456018
1591.2638	0.0354537777159755
1589.8468	0.0355455482982729
1588.4298	0.0351761697703347
1587.0128	0.0348180078296944
1585.5959	0.034353245924363
1584.1789	0.0339468753327059
1582.7619	0.0335920676237194
1581.3449	0.0334561963504803
1579.928	0.0330196842349319
1578.511	0.0323889051554086
1577.094	0.0320058540573119
1575.677	0.0316844651896073
1574.2601	0.0311802009428393
1572.8431	0.0310470291092186
1571.4261	0.0314076310802362
1570.0091	0.030923907487162
1568.5922	0.0308914066230207
1567.1752	0.0296671172685946
1565.7582	0.0299769318870918
1564.3412	0.0290603056957413
1562.9243	0.0284862017877654
1561.5073	0.0281837125504465
1560.0903	0.0270338164603799
1558.6733	0.0267979258525391
1557.2564	0.0260580481813897
1555.8394	0.0258006019225252
1554.4224	0.0253025013630833
1553.0054	0.0250221950428115
1551.5885	0.0249885148353277
1550.1715	0.0246482104965552
1548.7545	0.0235713924759774
1547.3375	0.0243540341853739
1545.9205	0.0236239399572462
1544.5036	0.0236599910904115
1543.0866	0.0233567874945871
1541.6696	0.0232201535816711
1540.2526	0.0229184054433882
1538.8357	0.0228645853285832
1537.4187	0.022480614575334
1536.0017	0.0223052996495749
1534.5847	0.0219708300165604
1533.1678	0.0220655945584376
1531.7508	0.02207693927634
1530.3338	0.0218452489696012
1528.9168	0.0223115216414369
1527.4999	0.0227146202114313
1526.0829	0.022175927059014
1524.6659	0.0227445652261281
1523.2489	0.0234110807332437
1521.832	0.0243952773118664
1520.415	0.0250810723003125
1518.998	0.0257152075456905
1517.581	0.0254790872627985
1516.1641	0.0266793359140257
1514.7471	0.0271038117102245
1513.3301	0.0271590723538128
1511.9131	0.0273907687521717
1510.4962	0.0280191091794708
1509.0792	0.0281678816549606
1507.6622	0.028415496201086
1506.2452	0.0288837523860571
1504.8283	0.0287768471918998
1503.4113	0.0285107621176537
1501.9943	0.0276633771570808
1500.5773	0.0262695360603776
1499.1603	0.0251102673980725
1497.7434	0.025185946780922
1496.3264	0.0246517242307409
1494.9094	0.0236863863830994
1493.4924	0.0234818744214399
1492.0755	0.023548317558027
1490.6585	0.0227271634012305
1489.2415	0.0234527227444866
1487.8245	0.0236115967422656
1486.4076	0.0237323910179325
1484.9906	0.0241888112076005
1483.5736	0.0241929154546662
1482.1566	0.0249730420712536
1480.7397	0.024315702198398
1479.3227	0.0250240253523893
1477.9057	0.0255163225783961
1476.4887	0.0251611966587848
1475.0718	0.0253293996443691
1473.6548	0.0253192836551962
1472.2378	0.026915213592195
1470.8208	0.0269638404183802
1469.4039	0.0271098342808091
1467.9869	0.0280618515437675
1466.5699	0.0279665761944935
1465.1529	0.029204382550296
1463.736	0.02982126079102
1462.319	0.0304872982858047
1460.902	0.0304551848874892
1459.485	0.0306289096012089
1458.0681	0.0315425659416614
1456.6511	0.0321377355766456
1455.2341	0.0327510282387461
1453.8171	0.0329372913644239
1452.4001	0.0335273892677498
1450.9832	0.0330510672782312
1449.5662	0.0328032197437436
1448.1492	0.0325518505505112
1446.7322	0.0327909493364342
1445.3153	0.0330306301590772
1443.8983	0.0328129877799379
1442.4813	0.0332742037822655
1441.0643	0.0324749091459391
1439.6474	0.0329942210666458
1438.2304	0.0331566354563465
1436.8134	0.0333691922493794
1435.3964	0.034139363542766
1433.9795	0.0342573403502503
1432.5625	0.0344881615231321
1431.1455	0.0352027083196217
1429.7285	0.0347060727891836
1428.3116	0.0354142084679444
1426.8946	0.0359906068567724
1425.4776	0.0365067707224934
1424.0606	0.036412012289131
1422.6437	0.0367469305561921
1421.2267	0.0370281562213091
1419.8097	0.0370268304059408
1418.3927	0.0375284596135125
1416.9758	0.0377642221457909
1415.5588	0.0375452531101407
1414.1418	0.0378733276576702
1412.7248	0.0373507198269975
1411.3079	0.0376566071342115
1409.8909	0.0382461274422949
1408.4739	0.0374332535065385
1407.0569	0.0383566321030663
1405.6399	0.0379129248613861
1404.223	0.0378672197767575
1402.806	0.0384727482930501
1401.389	0.037506500767921
1399.972	0.0376850456018129
1398.5551	0.0382640549063639
1397.1381	0.0383486516756752
1395.7211	0.0384694401003055
1394.3041	0.03842605921247
1392.8872	0.0391172739725647
1391.4702	0.03952435082502
1390.0532	0.0397356903986793
1388.6362	0.0400255106090979
1387.2193	0.0407443938204575
1385.8023	0.0413908969299505
1384.3853	0.040913963131187
1382.9683	0.0409654041163379
1381.5514	0.0409633699576799
1380.1344	0.0406824607046408
1378.7174	0.0404693085030749
1377.3004	0.0407627814871256
1375.8835	0.0404289258850237
1374.4665	0.0407055652038519
1373.0495	0.0409158398237345
1371.6325	0.0408270077570607
1370.2156	0.04137505692603
1368.7986	0.0417519897570864
1367.3816	0.0422352815166142
1365.9646	0.0425997884439644
1364.5477	0.042779079723657
1363.1307	0.0430027193076223
1361.7137	0.0428862291348076
1360.2967	0.0433694258446437
1358.8797	0.0428151262090085
1357.4628	0.0423608957376612
1356.0458	0.0423062277682733
1354.6288	0.041274035179569
1353.2118	0.0413380744012042
1351.7949	0.04096800436609
1350.3779	0.040819593156395
1348.9609	0.0406520836045626
1347.5439	0.0408625288230827
1346.127	0.0406887746850088
1344.71	0.0407802529675401
1343.293	0.0415364196010272
1341.876	0.0413744240335286
1340.4591	0.0418352684842081
1339.0421	0.0411237776003929
1337.6251	0.0418474934907205
1336.2081	0.0413177972443377
1334.7912	0.0411492247791319
1333.3742	0.0408728904538218
1331.9572	0.0414911613326726
1330.5402	0.040669908007704
1329.1233	0.0411625890247426
1327.7063	0.0401882425384362
1326.2893	0.0403092758579382
1324.8723	0.0396056058111678
1323.4554	0.0390255794348255
1322.0384	0.0392348411971212
1320.6214	0.0384932858799871
1319.2044	0.0381344345607918
1317.7875	0.0373339505114911
1316.3705	0.0374643393319583
1314.9535	0.0366581988180686
1313.5365	0.0366522619733089
1312.1195	0.0371567452026267
1310.7026	0.0365235078897462
1309.2856	0.0367945571861313
1307.8686	0.0369207470179051
1306.4516	0.0369055425645602
1305.0347	0.0361854206160337
1303.6177	0.0368702401851944
1302.2007	0.0368622781976416
1300.7837	0.0368951762312919
1299.3668	0.0371357348939238
1297.9498	0.0372978843285162
1296.5328	0.0374865947237811
1295.1158	0.0369542120149041
1293.6989	0.0366000131487222
1292.2819	0.0366099181794721
1290.8649	0.0370078584506733
1289.4479	0.0371204949837156
1288.031	0.0372744827140463
1286.614	0.0369745150454122
1285.197	0.0374493604135352
1283.78	0.0368474535850518
1282.3631	0.0373434452400975
1280.9461	0.0377787604913284
1279.5291	0.0385973028161551
1278.1121	0.0388218875667043
1276.6952	0.039554565409197
1275.2782	0.0392685531179295
1273.8612	0.0401937453340913
1272.4442	0.0397356517593662
1271.0273	0.0399168893768535
1269.6103	0.0410266200284864
1268.1933	0.0410835832315327
1266.7763	0.0409861803180226
1265.3593	0.0398586141320786
1263.9424	0.0404457963105882
1262.5254	0.0399545120615491
1261.1084	0.0401595830616979
1259.6914	0.0394474559182857
1258.2745	0.0399617012807125
1256.8575	0.0400754309596603
1255.4405	0.0399555037797075
1254.0235	0.0400989495933506
1252.6066	0.0393250591185361
1251.1896	0.0402167523105209
1249.7726	0.0397071523228575
1248.3556	0.0393197346920495
1246.9387	0.03902234004467
1245.5217	0.0392726287007069
1244.1047	0.0385268957208714
1242.6877	0.0390008530067986
1241.2708	0.0386198748221516
1239.8538	0.0392763179550844
1238.4368	0.0389114213064718
1237.0198	0.0399244009918002
1235.6029	0.0391608238458699
1234.1859	0.0388228040611153
1232.7689	0.0391932203520936
1231.3519	0.0387691035353801
1229.935	0.0383975634895175
1228.518	0.0383502131264241
1227.101	0.0376332979086391
1225.684	0.0372019192783472
1224.2671	0.0372645523317859
1222.8501	0.0363110529775893
1221.4331	0.0365343133244635
1220.0161	0.0356459571823031
1218.5991	0.0349599429560114
1217.1822	0.0347498314468684
1215.7652	0.0349135632972229
1214.3482	0.0342127290736836
1212.9312	0.0335626020830122
1211.5143	0.0337585115160171
1210.0973	0.0335290173995047
1208.6803	0.0332360959718424
1207.2633	0.0329570128808407
1205.8464	0.0323151700026404
1204.4294	0.0326028751858835
1203.0124	0.0325847726713674
1201.5954	0.0310196717956157
1200.1785	0.0317539754497079
1198.7615	0.0312472728237087
1197.3445	0.0301991883303889
1195.9275	0.0301460232914689
1194.5106	0.0308806673363905
1193.0936	0.0297443063272661
1191.6766	0.0299289006530279
1190.2596	0.0290633132613435
1188.8427	0.0284476579721688
1187.4257	0.028625864224951
1186.0087	0.0282570635402565
1184.5917	0.0279552872975416
1183.1748	0.0276633250900334
1181.7578	0.0276186691109187
1180.3408	0.0283381983420683
1178.9238	0.0277934283673859
1177.5069	0.0286222402585599
1176.0899	0.0283039479487273
1174.6729	0.0296504994524503
1173.2559	0.0296133706766534
1171.8389	0.0300703184527834
1170.422	0.0314773712437195
1169.005	0.0328436634423901
1167.588	0.0337376947762571
1166.171	0.0356015892000535
1164.7541	0.0370497021171534
1163.3371	0.0392827643343963
1161.9201	0.0413570665130687
1160.5031	0.0432358457515567
1159.0862	0.0459569844327632
1157.6692	0.0474951696757829
1156.2522	0.0494890603540966
1154.8352	0.0505534393258266
1153.4183	0.0518539315551212
1152.0013	0.0535776660928702
1150.5843	0.054272979941095
1149.1673	0.0548664483728976
1147.7504	0.0554551235090514
1146.3334	0.0553366200574906
1144.9164	0.0547359317124525
1143.4994	0.055095638717512
1142.0825	0.053930184226137
1140.6655	0.0537250942051239
1139.2485	0.0529218601932901
1137.8315	0.0520787574540903
1136.4146	0.0518316236083308
1134.9976	0.0501410976553218
1133.5806	0.0498531001003641
1132.1636	0.0502878508511168
1130.7467	0.0500860832958378
1129.3297	0.0500953739423292
1127.9127	0.0499379229259403
1126.4957	0.0507523335073315
1125.0787	0.0511920538745365
1123.6618	0.0511659018597817
1122.2448	0.052000875197565
1120.8278	0.0514397869889508
1119.4108	0.0518644689467298
1117.9939	0.0521364466425162
1116.5769	0.0529697067020761
1115.1599	0.0524217228324535
1113.7429	0.0523752174253772
1112.326	0.0527493225135154
1110.909	0.0530978552851967
1109.492	0.0532922153424836
1108.075	0.0542876353396882
1106.6581	0.0551117080161404
1105.2411	0.0545080621902229
1103.8241	0.0556287115510719
1102.4071	0.0563565259369097
1100.9902	0.0565851793326829
1099.5732	0.0572025280638701
1098.1562	0.05737019502992
1096.7392	0.0572762859586307
1095.3223	0.0576151640043935
1093.9053	0.0580939528966849
1092.4883	0.058813118018923
1091.0713	0.0592332682464644
1089.6544	0.0596356607762046
1088.2374	0.0616690858900665
1086.8204	0.0632903901789212
1085.4034	0.0650619326540609
1083.9865	0.0666514460481231
1082.5695	0.0682568557912947
1081.1525	0.0702714989952911
1079.7355	0.071153557574427
1078.3185	0.0731902797686383
1076.9016	0.073710186079354
1075.4846	0.0737255632577305
1074.0676	0.07296243855897
1072.6506	0.0725905156761239
1071.2337	0.0712999227174836
1069.8167	0.0697110478835819
1068.3997	0.0689334300450798
1066.9827	0.0679628884879644
1065.5658	0.0673050915693175
1064.1488	0.067785332219783
1062.7318	0.0683336180794764
1061.3148	0.0683231855057109
1059.8979	0.0701022185971821
1058.4809	0.0705614649893357
1057.0639	0.0713585595656824
1055.6469	0.0728423776666002
1054.23	0.0739611933139995
1052.813	0.0762238831323267
1051.396	0.0768360607906281
1049.979	0.0788024140268924
1048.5621	0.0801049068922745
1047.1451	0.0814876872977416
1045.7281	0.0830314421927125
1044.3111	0.0841796884691225
1042.8942	0.0858752277237355
1041.4772	0.0869933070369831
1040.0602	0.089157290321417
1038.6432	0.0898310553897397
1037.2263	0.091447201651608
1035.8093	0.092191787969383
1034.3923	0.0937426890809463
1032.9753	0.0957495062741388
1031.5583	0.0971734852954657
1030.1414	0.0992664919812967
1028.7244	0.100248844970259
1027.3074	0.102068072997404
1025.8904	0.102898130734448
1024.4735	0.104860035532227
1023.0565	0.106867987863764
1021.6395	0.108045284205471
1020.2225	0.109002374960619
1018.8056	0.110274124616804
1017.3886	0.111536168989241
1015.9716	0.112341381147598
1014.5546	0.112347813430867
1013.1377	0.11247500410935
1011.7207	0.113157928720695
1010.3037	0.113160049078835
1008.8867	0.112519346260632
1007.4698	0.113152726448892
1006.0528	0.1134278928436
1004.6358	0.113708703054019
1003.2188	0.113500580599396
1001.8019	0.114397148943176
1000.3849	0.115224703437006
998.9679	0.115895472954001
997.5509	0.116485264171498
996.134	0.116694298208973
994.717	0.117323701407729
993.3	0.118097888983774
991.883	0.118210090351449
990.4661	0.118120455329183
989.0491	0.118064980823303
987.6321	0.11739966923454
986.2151	0.116322457188176
984.7981	0.115550076472634
983.3812	0.114775984163712
981.9642	0.113035909299165
980.5472	0.112118208802841
979.1302	0.110401452991777
977.7133	0.108478387981911
976.2963	0.10608213291062
974.8793	0.104068969559357
973.4623	0.10225059779782
972.0454	0.0998713325164908
970.6284	0.0977923013413864
969.2114	0.0955315082676946
967.7944	0.0934373149298168
966.3775	0.0915693496460637
964.9605	0.0895984620091634
963.5435	0.0875740026605447
962.1265	0.0853919620096296
960.7096	0.0838948130244441
959.2926	0.0821328057796895
957.8756	0.0806136769815183
956.4586	0.078864482861962
955.0417	0.0783251484739969
953.6247	0.0755795657458384
952.2077	0.074002140100723
950.7907	0.0729366265476449
949.3738	0.0711362673387644
947.9568	0.0707512911615782
946.5398	0.0689845206318965
945.1228	0.0690717821386169
943.7059	0.0692738205057768
942.2889	0.0689216323204399
940.8719	0.0697537643411088
939.4549	0.0699465458099017
938.0379	0.0699383850639403
936.621	0.0702947122643775
935.204	0.0701417556182238
933.787	0.0703101789926193
932.37	0.0703509159942933
930.9531	0.0702238206227961
929.5361	0.0702045735585253
928.1191	0.07015296794407
926.7021	0.0700076105404559
925.2852	0.0702777331257171
923.8682	0.0699268848300034
922.4512	0.069554177383149
921.0342	0.0693047988187969
919.6173	0.0687837665091104
918.2003	0.0692585257055424
916.7833	0.0679574176408677
915.3663	0.0679532995393344
913.9494	0.0679236575347085
912.5324	0.0670136866280632
911.1154	0.0667289222438443
909.6984	0.0652780349291465
908.2815	0.0652794205109825
906.8645	0.0642644700079492
905.4475	0.0636418687603369
904.0305	0.0629083337191683
902.6136	0.0624270194081347
901.1966	0.0619065293055529
899.7796	0.0614591161056846
898.3626	0.0610090376100986
896.9457	0.0598860060605756
895.5287	0.0602265350841994
894.1117	0.0598104396026846
892.6947	0.0597198544113107
891.2777	0.0593728186152227
889.8608	0.0584862790842882
888.4438	0.0576473682042741
887.0268	0.0580648231955769
885.6098	0.0572816245821248
884.1929	0.0565134528428634
882.7759	0.0559802312859991
881.3589	0.0552755416919515
879.9419	0.0548646267634675
878.525	0.055112040287392
877.108	0.0544717483986027
875.691	0.0540487915859498
874.274	0.0543040524314084
872.8571	0.0542059019709371
871.4401	0.0549701794035775
870.0231	0.0548430995326713
868.6061	0.05506304678287
867.1892	0.0558295159476698
865.7722	0.0550810352592304
864.3552	0.056487434668319
862.9382	0.0567118287072524
861.5213	0.0570413037779964
860.1043	0.0571775408280038
858.6873	0.0575017351581412
857.2703	0.0572158321574359
855.8534	0.0571927582947679
854.4364	0.057611428050442
853.0194	0.0568711343620837
851.6024	0.0577719426866386
850.1855	0.0570263603081123
848.7685	0.0571973762106912
847.3515	0.0570035052087483
845.9345	0.0578399487201998
844.5175	0.0573677030997088
843.1006	0.0573123489612135
841.6836	0.0572583092538691
840.2666	0.056458808049099
838.8496	0.0563693949392133
837.4327	0.0556735664007188
836.0157	0.0546791533365925
834.5987	0.0552842769409944
833.1817	0.055076411523291
831.7648	0.0545563187189193
830.3478	0.0541392702910808
828.9308	0.0539169066338699
827.5138	0.0534677383817272
826.0969	0.053177206057883
824.6799	0.0530833168060002
823.2629	0.0528035680258605
821.8459	0.0534676070894709
820.429	0.0526013899904359
819.012	0.0529945533402142
817.595	0.052961599115457
816.178	0.0529344149113518
814.7611	0.0520089354876886
813.3441	0.0524122578142393
811.9271	0.0526829750400448
810.5101	0.0517996581822084
809.0932	0.0518049485073686
807.6762	0.051333864319117
806.2592	0.0514110333500168
804.8422	0.0510005329149893
803.4253	0.0515989760329337
802.0083	0.0513429297034239
800.5913	0.0512403143701438
799.1743	0.0513883442803791
797.7573	0.0515264670978286
796.3404	0.0513606520037389
794.9234	0.0508300917709324
793.5064	0.0505745412413718
792.0894	0.0511789156927091
790.6725	0.0513778127334475
789.2555	0.0518335634547814
787.8385	0.051876976435696
786.4215	0.052514067947861
785.0046	0.0520036020394581
783.5876	0.0526380079365314
782.1706	0.053475807147465
780.7536	0.0536834126871064
779.3367	0.0540675343420478
777.9197	0.0536341687131512
776.5027	0.0544865500267479
775.0857	0.0550734753973299
773.6688	0.0559780319325053
772.2518	0.055859578414069
770.8348	0.0570097863488372
769.4178	0.0572142443150663
768.0009	0.058623231131428
766.5839	0.059080291794761
765.1669	0.0596038893760262
763.7499	0.0599643019834734
762.333	0.0604867282345721
760.916	0.060640434248086
759.499	0.0609186456556832
758.082	0.0610963188648914
756.6651	0.0602824305380827
755.2481	0.0602527380071368
753.8311	0.0597368069464145
752.4141	0.0595120078818373
750.9971	0.0593903598896883
749.5802	0.0582352622797885
748.1632	0.0581630547321712
746.7462	0.0571775366857726
745.3292	0.056828930022729
743.9123	0.0566126359498919
742.4953	0.0558693543954905
741.0783	0.0561121627462949
739.6613	0.05576700843487
738.2444	0.0550107470649671
736.8274	0.0554830082903031
735.4104	0.0551591762028873
733.9934	0.0559258431582849
732.5765	0.0551156056116339
731.1595	0.0558654581848701
729.7425	0.0556887297041133
728.3255	0.0565463703867512
726.9086	0.056520561568027
725.4916	0.057127452479379
724.0746	0.0578498358718713
722.6576	0.0575545088046932
721.2407	0.0578178483699127
719.8237	0.0587756657390932
718.4067	0.0592636455858987
716.9897	0.0594506318705678
715.5728	0.060416942312453
714.1558	0.0607699314636459
712.7388	0.0614849239988729
711.3218	0.0618262765938219
709.9049	0.0626292138727784
708.4879	0.0635292137438355
707.0709	0.0633773430158042
705.6539	0.0632898556594711
704.2369	0.0632172212016063
702.82	0.0641575150265826
701.403	0.0638037754377955
699.986	0.0634425793744943
698.569	0.063327811760594
697.1521	0.0640957652226335
695.7351	0.0635377980109356
694.3181	0.0627815430749292
692.9011	0.0626681569673598
691.4842	0.0631042021416817
690.0672	0.0625297136570123
688.6502	0.0626878018168186
687.2332	0.0627227449616581
685.8163	0.0629516961877973
684.3993	0.0629749703141817
682.9823	0.0631232073485766
681.5653	0.0631186299096048
680.1484	0.0630906253500683
678.7314	0.0634706229845452
677.3144	0.0634623610257191
675.8974	0.0637779228825804
674.4805	0.0631489364236951
673.0635	0.0638479994273859
671.6465	0.0633954842650868
670.2295	0.0632156034683622
668.8126	0.064378245229896
667.3956	0.0648443684664965
665.9786	0.0654381812952651
664.5616	0.0653220352488483
663.1447	0.0652298737685564
661.7277	0.0650492677219982
660.3107	0.0660878193914911
658.8937	0.0661479264316215
657.4767	0.0663614128263298
656.0598	0.0662096403904141
654.6428	0.0668378922265005
653.2258	0.0668092480391729
651.8088	0.0670528578341741
650.3919	0.0668967788484092
648.9749	0.066933024392133
647.5579	0.067677011193547
646.1409	0.0673135896902858
644.724	0.0680105013387148
643.307	0.0673483369513452
641.89	0.0681755149378687
640.473	0.0675160987513631
639.0561	0.0680226920977406
637.6391	0.0683629481478263
636.2221	0.06835244788803
634.8051	0.0695725266812557
633.3882	0.0693643063062289
631.9712	0.0698623059082717
630.5542	0.0700817710257769
629.1372	0.070215712371261
627.7203	0.0704957040352868
626.3033	0.0711193477588246
624.8863	0.0711751360925106
623.4693	0.0717585367329616
622.0524	0.0722997808051723
620.6354	0.0726123937887582
619.2184	0.0739976395586414
617.8014	0.074521631106471
616.3845	0.0757104230246012
614.9675	0.0765848316527988
613.5505	0.0771937299515
612.1335	0.0775100409494228
610.7165	0.078663272723661
609.2996	0.0788025059787934
607.8826	0.0786910919811698
606.4656	0.0796598132161084
605.0486	0.0801356103014662
603.6317	0.0795432499116426
602.2147	0.0800712499273988
600.7977	0.0801405636677209
599.3807	0.0799944770286083
597.9638	0.0802954393754272
596.5468	0.0799895056394266
595.1298	0.0805283515703833
593.7128	0.080522745217306
592.2959	0.0802426582123326
590.8789	0.0806612822383783
589.4619	0.080664571663637
588.0449	0.081438830070108
586.628	0.0816242862069089
585.211	0.0822184322560916
583.794	0.083221672403506
582.377	0.084526976403243
580.9601	0.0854024559445629
579.5431	0.0869656521653299
578.1261	0.0874994898724087
576.7091	0.0885703111217835
575.2922	0.0897802134995597
573.8752	0.0904937791962431
572.4582	0.0916049730713838
571.0412	0.0920136668922314
569.6243	0.0913455755099898
568.2073	0.0915894599825145
566.7903	0.0915270578365863
565.3733	0.0913172012000867
563.9563	0.0902159676293015
562.5394	0.0896934108303626
561.1224	0.0894861225848745
559.7054	0.0891005554104739
558.2884	0.0885730086774672
556.8715	0.0887998363693816
555.4545	0.0884182913000643
554.0375	0.088334720506755
552.6205	0.0878921940232862
551.2036	0.0889173839778089
549.7866	0.0876360826570543
548.3696	0.087861515411458
546.9526	0.0864955360859169
545.5357	0.0867331737591872
544.1187	0.0873241560437697
542.7017	0.0868051383237639
541.2847	0.0873215643389448
539.8678	0.0878280092418511
538.4508	0.0880505184986742
537.0338	0.0894155994780115
535.6168	0.0898581657161795
534.1999	0.0903475332431316
532.7829	0.0912493173345173
531.3659	0.0916479141506749
529.9489	0.0933630224224037
528.532	0.0939368667415928
527.115	0.0945129952140577
525.698	0.0945176369776548
524.281	0.0950247391099993
522.8641	0.0954065617569478
521.4471	0.0959054561735618
520.0301	0.0961243075681519
518.6131	0.0958025669650407
517.1962	0.0958819539543221
515.7792	0.0957532144120974
514.3622	0.0964529796651065
512.9452	0.0964580268081915
511.5282	0.0964394978712775
510.1113	0.0962841433837132
508.6943	0.0961948218210265
507.2773	0.0954356542782592
505.8603	0.0957339786136992
504.4434	0.0949469793543278
503.0264	0.0946524797582198
501.6094	0.0942272462199443
500.1924	0.0940866156916341
498.7755	0.093929500812573
497.3585	0.0943256356435976
495.9415	0.0938428204099941
494.5245	0.0937966315428551
493.1076	0.0929171710530374
491.6906	0.0929728194146625
490.2736	0.0928177848735934
488.8566	0.0934003659528506
487.4397	0.0934277092981186
486.0227	0.0938435791674519
484.6057	0.0948224577264863
483.1887	0.0948196932858401
481.7718	0.0951182906602156
480.3548	0.0954203010508319
478.9378	0.0965671532267715
477.5208	0.0961955462809327
476.1039	0.0954916195246378
474.6869	0.0957338706849851
473.2699	0.0941230867660585
471.8529	0.0940658142199934
470.436	0.0949821999877915
469.019	0.0949032438170007
467.602	0.0947779414075349
466.185	0.0951080244217589
464.768	0.0942280606404309
463.3511	0.0942381100595841
461.9341	0.0936510571034503
460.5171	0.0929524718875483
459.1001	0.0925631761784377
457.6832	0.0924634773808324
456.2662	0.0926313356837184
454.8492	0.0925260100569901
453.4322	0.0932258764376557
452.0153	0.0930322445649976
450.5983	0.0929191509496548
449.1813	0.0929541229079652
447.7643	0.09321197420887
446.3474	0.0937857422563854
444.9304	0.0951020401324739
443.5134	0.09599947107278
442.0964	0.0969360058589023
440.6795	0.0990816774829213
439.2625	0.0996005175340864
437.8455	0.099324917330316
436.4285	0.0999709185117958
435.0116	0.100056814949539
433.5946	0.099512675050557
432.1776	0.0996951379974148
430.7606	0.100177399553983
429.3437	0.100760095175954
427.9267	0.100417681031584
426.5097	0.100368173069027
425.0927	0.0995502644668605
423.6758	0.0989890638182148
422.2588	0.0990308431669959
420.8418	0.0983315560455442
419.4248	0.0988344834976854
418.0078	0.0997237394592045
416.5909	0.100808125941913
415.1739	0.101733322427287
413.7569	0.102245993795121
412.3399	0.102983311162679
410.923	0.103372323320573
409.506	0.103782311957001
408.089	0.103857354458493
406.672	0.103398532787558
405.2551	0.101945144524473
403.8381	0.101249778255384
402.4211	0.100824359113523
401.0041	0.10112321667297
