3994.4546	0.0219974106186382
3993.0377	0.020962118327682
3991.6207	0.02118543018465
3990.2037	0.0213668361967681
3988.7867	0.0216826607570198
3987.3698	0.0219298681853812
3985.9528	0.0208033561818272
3984.5358	0.020952442205511
3983.1188	0.0202016381019409
3981.7019	0.021416934678655
3980.2849	0.0212064772426654
3978.8679	0.0209811280650322
3977.4509	0.0205866576034812
3976.034	0.0216630513047193
3974.617	0.0212864958451615
3973.2	0.0207631596226189
3971.783	0.0217309564005224
3970.3661	0.0217397194743428
3968.9491	0.0226622581469024
3967.5321	0.0216372680214436
3966.1151	0.0218238553650971
3964.6982	0.0219710316291538
3963.2812	0.0218965613012547
3961.8642	0.0220784472890436
3960.4472	0.0215903214587367
3959.0303	0.0214279590155502
3957.6133	0.0210456544622324
3956.1963	0.0212469040842422
3954.7793	0.0215569654139748
3953.3624	0.0219731548415752
3951.9454	0.0213496583126543
3950.5284	0.0210588115585918
3949.1114	0.0209461354803011
3947.6944	0.0215509351753379
3946.2775	0.0213093453843287
3944.8605	0.0210176889047981
3943.4435	0.0214082049006486
3942.0265	0.0208362165794402
3940.6096	0.0209860260031908
3939.1926	0.0212282746217889
3937.7756	0.0212517433200348
3936.3586	0.0212746451649075
3934.9417	0.0220198914955161
3933.5247	0.0211669095950487
3932.1077	0.0212790776199432
3930.6907	0.0214909078382756
3929.2738	0.0210731465745501
3927.8568	0.0216679499224788
3926.4398	0.0211491034453782
3925.0228	0.0216475005784659
3923.6059	0.0215613197922051
3922.1889	0.0210800333973641
3920.7719	0.0215251120108622
3919.3549	0.0210578513010353
3917.938	0.0210253536330015
3916.521	0.0211226670349442
3915.104	0.021370585442351
3913.687	0.0213289700088143
3912.2701	0.0209633021373287
3910.8531	0.0207891265142163
3909.4361	0.0209688024056421
3908.0191	0.0215363253953842
3906.6022	0.0206892506860162
3905.1852	0.0213245310423364
3903.7682	0.022037911333076
3902.3512	0.0207887246490471
3900.9342	0.0211895265830889
3899.5173	0.0206067431324169
3898.1003	0.021728525274715
3896.6833	0.0211577094105953
3895.2663	0.0206542641656619
3893.8494	0.0210307490127825
3892.4324	0.0211741812258845
3891.0154	0.0220442902852785
3889.5984	0.0202737086942639
3888.1815	0.0205827738455267
3886.7645	0.0210999086300046
3885.3475	0.020660805471442
3883.9305	0.0209428538173648
3882.5136	0.0208601650099499
3881.0966	0.0212051984341264
3879.6796	0.0203143856355097
3878.2626	0.0216060644073113
3876.8457	0.0218363410406139
3875.4287	0.0207337350188181
3874.0117	0.0211308252924255
3872.5947	0.0205855303277901
3871.1778	0.0208840821195073
3869.7608	0.0205786286464888
3868.3438	0.0203667320712216
3866.9268	0.0207229888398966
3865.5099	0.0204592799221394
3864.0929	0.0203396214221074
3862.6759	0.0212802662065759
3861.2589	0.0208478415612014
3859.842	0.0215060747058791
3858.425	0.0211417492594457
3857.008	0.0206480364760992
3855.591	0.0209834436882476
3854.174	0.0210567312026813
3852.7571	0.0207410720561113
3851.3401	0.0210477018047591
3849.9231	0.0207724428244447
3848.5061	0.0213292870247175
3847.0892	0.0203042809188067
3845.6722	0.020187673403337
3844.2552	0.02013677270737
3842.8382	0.0205124348717542
3841.4213	0.0205146733474724
3840.0043	0.0204460991150476
3838.5873	0.021036361407516
3837.1703	0.0211378410104233
3835.7534	0.0204247939189695
3834.3364	0.0204263406423202
3832.9194	0.0205542751381707
3831.5024	0.0205261205852776
3830.0855	0.0210096461966445
3828.6685	0.0201129624378101
3827.2515	0.0209720995959345
3825.8345	0.019700805370595
3824.4176	0.0202764515321198
3823.0006	0.0212456099779067
3821.5836	0.0204382499344973
3820.1666	0.0202177335067522
3818.7497	0.0207522015624177
3817.3327	0.0202851749895479
3815.9157	0.0208605872196735
3814.4987	0.0201211970344221
3813.0818	0.0210045658709479
3811.6648	0.0203407329830798
3810.2478	0.0206525212776377
3808.8308	0.0202798850635268
3807.4138	0.020247842061845
3805.9969	0.0203456181789689
3804.5799	0.0207495640818289
3803.1629	0.020030048833971
3801.7459	0.0213149881923907
3800.329	0.0214350424795824
3798.912	0.0214662520404157
3797.495	0.0187198548273734
3796.078	0.0200995417695446
3794.6611	0.0194059651588214
3793.2441	0.0199701905085076
3791.8271	0.0189995501301366
3790.4101	0.0203852109913871
3788.9932	0.0206964179867213
3787.5762	0.0200697597985227
3786.1592	0.0198859993527559
3784.7422	0.0207942000174001
3783.3253	0.0202958421243289
3781.9083	0.0197941004613953
3780.4913	0.0210675202070218
3779.0743	0.0201676522371082
3777.6574	0.019891387004057
3776.2404	0.0191641545572031
3774.8234	0.0196584001555146
3773.4064	0.0198820581250467
3771.9895	0.0191907487848623
3770.5725	0.0200138696681893
3769.1555	0.0198739644040931
3767.7385	0.019509657490853
3766.3216	0.0197669456197963
3764.9046	0.0192666822574538
3763.4876	0.0198091206451781
3762.0706	0.0189118085941024
3760.6536	0.0194208417242957
3759.2367	0.0197204760771449
3757.8197	0.0204579315309979
3756.4027	0.0200805897425537
3754.9857	0.0197194529810078
3753.5688	0.0192393308676273
3752.1518	0.0193937442746312
3750.7348	0.0191199358702976
3749.3178	0.0199231945402779
3747.9009	0.0198927344691642
3746.4839	0.019658446928516
3745.0669	0.0198086927838939
3743.6499	0.0203040234339127
3742.233	0.019883195428478
3740.816	0.0193638208575169
3739.399	0.0193295670492507
3737.982	0.019702327513754
3736.5651	0.0205777889510383
3735.1481	0.0195232109570498
3733.7311	0.0207744513860687
3732.3141	0.0198803125182731
3730.8972	0.0196708139326388
3729.4802	0.0193377946680568
3728.0632	0.0195959678844205
3726.6462	0.0189337807667352
3725.2293	0.0192269796656558
3723.8123	0.0193500885692704
3722.3953	0.0192507527535659
3720.9783	0.0195656976149752
3719.5614	0.0191397779319676
3718.1444	0.0185162365738684
3716.7274	0.0190828610138535
3715.3104	0.0189126527878117
3713.8935	0.0197293625163477
3712.4765	0.0198150070797319
3711.0595	0.0195932470843776
3709.6425	0.0202663842639169
3708.2255	0.0184461988825238
3706.8086	0.0202992790113894
3705.3916	0.0190313342385486
3703.9746	0.0185031875490323
3702.5576	0.0185401110598142
3701.1407	0.0196897830071943
3699.7237	0.0183881622876771
3698.3067	0.0198061205582802
3696.8897	0.0196397034412508
3695.4728	0.0187236258748455
3694.0558	0.0189125924873489
3692.6388	0.0179741418761128
3691.2218	0.0179552545434016
3689.8049	0.019329722380918
3688.3879	0.0197771206661873
3686.9709	0.0195014015702441
3685.5539	0.0194872934745449
3684.137	0.0191617875459157
3682.72	0.0193704980184619
3681.303	0.0192828143648318
3679.886	0.0185294885212741
3678.4691	0.0180857034635727
3677.0521	0.0195816630220661
3675.6351	0.0186112860931138
3674.2181	0.0186995217476738
3672.8012	0.0194301327352366
3671.3842	0.019360796881449
3669.9672	0.019056190203929
3668.5502	0.018771909968662
3667.1333	0.0193697005169442
3665.7163	0.0186444639444723
3664.2993	0.0186394134842605
3662.8823	0.0190349709024157
3661.4653	0.0197757654103378
3660.0484	0.0187454927981179
3658.6314	0.0195251963677691
3657.2144	0.0186214339971408
3655.7974	0.0194473723273894
3654.3805	0.0192741616613493
3652.9635	0.0183020078077504
3651.5465	0.0192792335224834
3650.1295	0.0192163034960411
3648.7126	0.0194810631212339
3647.2956	0.0196460899752241
3645.8786	0.0194196875549651
3644.4616	0.019096150287985
3643.0447	0.019432307380617
3641.6277	0.0199117684234056
3640.2107	0.0196629205203681
3638.7937	0.0195007137202261
3637.3768	0.0185324524141011
3635.9598	0.0193263669592604
3634.5428	0.019327218496141
3633.1258	0.0195863019387059
3631.7089	0.0202540983090969
3630.2919	0.0200955391320504
3628.8749	0.0199729938074377
3627.4579	0.0199917426800737
3626.041	0.0206893541267694
3624.624	0.0202418943749691
3623.207	0.019657085054803
3621.79	0.0196863086601908
3620.3731	0.0210017139575399
3618.9561	0.0205202775710973
3617.5391	0.0213130664957457
3616.1221	0.0216092273549373
3614.7051	0.020880945318685
3613.2882	0.0224210836388522
3611.8712	0.0212965356225345
3610.4542	0.0212253821386375
3609.0372	0.0222885828833655
3607.6203	0.0211848676686439
3606.2033	0.022317355119292
3604.7863	0.0216576087613945
3603.3693	0.0227954604860015
3601.9524	0.0221813003712753
3600.5354	0.0224645777977665
3599.1184	0.0223246263044072
3597.7014	0.0225433278230035
3596.2845	0.0227897946772055
3594.8675	0.0224174495329514
3593.4505	0.0236944204088265
3592.0335	0.0232522987727837
3590.6166	0.0232642847728635
3589.1996	0.0239280471624322
3587.7826	0.0231299965778927
3586.3656	0.024789711676713
3584.9487	0.0249660595091337
3583.5317	0.0241872475731806
3582.1147	0.0249130775788267
3580.6977	0.0254201119335343
3579.2808	0.0245619688161109
3577.8638	0.0253608372839002
3576.4468	0.0254595355180979
3575.0298	0.0256075592887457
3573.6129	0.0259168134747823
3572.1959	0.0260196770331893
3570.7789	0.0268647865655804
3569.3619	0.0260893401945727
3567.9449	0.0275178890728363
3566.528	0.027100741740803
3565.111	0.026851674664511
3563.694	0.0278724376055374
3562.277	0.0284507744605198
3560.8601	0.0286137920008138
3559.4431	0.0287310329249744
3558.0261	0.0288606115432001
3556.6091	0.0287709508744835
3555.1922	0.0292799833825719
3553.7752	0.0293842505223411
3552.3582	0.0291412393883086
3550.9412	0.0309085303431446
3549.5243	0.0298308698665188
3548.1073	0.0305474819716347
3546.6903	0.0303545326311847
3545.2733	0.0309947330401534
3543.8564	0.031835809801378
3542.4394	0.0316837503355839
3541.0224	0.032148686455568
3539.6054	0.0318302984031794
3538.1885	0.0322607685367202
3536.7715	0.0315754400740219
3535.3545	0.033021362749811
3533.9375	0.0337688404136977
3532.5206	0.0333344231246674
3531.1036	0.0339732383553554
3529.6866	0.0329274565882365
3528.2696	0.0334211817878521
3526.8527	0.0341544148470921
3525.4357	0.034374907923805
3524.0187	0.0352451587073449
3522.6017	0.0357525385904978
3521.1847	0.0366670627757952
3519.7678	0.036109701254011
3518.3508	0.0352372076993757
3516.9338	0.0371750709615101
3515.5168	0.0378727785631224
3514.0999	0.0379849688285799
3512.6829	0.0382845097659507
3511.2659	0.038324629095454
3509.8489	0.0372081821292337
3508.432	0.0387380033064904
3507.015	0.0384438298619802
3505.598	0.0391565800964774
3504.181	0.0387293944391992
3502.7641	0.0393239262524553
3501.3471	0.0409415676370092
3499.9301	0.0391866595442263
3498.5131	0.0411409705620725
3497.0962	0.0407357650441872
3495.6792	0.0412465022871235
3494.2622	0.0407623451379058
3492.8452	0.042427577167894
3491.4283	0.0427455483609788
3490.0113	0.0426164310875722
3488.5943	0.0432651937898425
3487.1773	0.0436648008274443
3485.7604	0.042897434851204
3484.3434	0.0429806989969519
3482.9264	0.044369177032058
3481.5094	0.0434704967226469
3480.0925	0.0435513066452458
3478.6755	0.043431756648931
3477.2585	0.0447415460132336
3475.8415	0.0449986486948946
3474.4245	0.0459567451066306
3473.0076	0.0461152061124241
3471.5906	0.0457421272135118
3470.1736	0.046429873932513
3468.7566	0.0468276159031183
3467.3397	0.0457701605428551
3465.9227	0.0462624573076071
3464.5057	0.0468965014073914
3463.0887	0.0476771442764293
3461.6718	0.0473622421014397
3460.2548	0.0477831684340168
3458.8378	0.048064811542012
3457.4208	0.0486445126941299
3456.0039	0.0495610710314842
3454.5869	0.0495388034756236
3453.1699	0.0486466974051246
3451.7529	0.0499168516396023
3450.336	0.0500241855655385
3448.919	0.0496460081036978
3447.502	0.049601896624247
3446.085	0.049945995220129
3444.6681	0.0505707015640973
3443.2511	0.0509758090599359
3441.8341	0.0520506636100653
3440.4171	0.0519774084632605
3439.0002	0.0516568805498956
3437.5832	0.0525534679459494
3436.1662	0.0523357558834803
3434.7492	0.053261848030619
3433.3323	0.0528406618674426
3431.9153	0.0531656202502392
3430.4983	0.0534961871664316
3429.0813	0.0538532905011517
3427.6643	0.0536158001965548
3426.2474	0.0538656980059534
3424.8304	0.0547399362374424
3423.4134	0.0550858929736243
3421.9964	0.0551103536952149
3420.5795	0.0551171660337617
3419.1625	0.0561623118563854
3417.7455	0.0553121682043819
3416.3285	0.0562763797759582
3414.9116	0.0560320618052492
3413.4946	0.0564849833022066
3412.0776	0.0572961815817902
3410.6606	0.0570598844647815
3409.2437	0.0574589005051233
3407.8267	0.0577931550863031
3406.4097	0.0580963012352255
3404.9927	0.0575614664882816
3403.5758	0.057622435968946
3402.1588	0.0576312177113096
3400.7418	0.0586072883511608
3399.3248	0.0588665625659145
3397.9079	0.0584822096104677
3396.4909	0.058139704904715
3395.0739	0.0595476461352357
3393.6569	0.0591953372902756
3392.24	0.0595955124540151
3390.823	0.0601358729966191
3389.406	0.0601249604736618
3387.989	0.0597470148907421
3386.5721	0.0605930466105648
3385.1551	0.0613562538367282
3383.7381	0.0604792464628463
3382.3211	0.0606370381915266
3380.9041	0.0610611576998078
3379.4872	0.0616342102807683
3378.0702	0.0619131389027487
3376.6532	0.0625824827653153
3375.2362	0.0622322786262476
3373.8193	0.0627247398617247
3372.4023	0.062278261777679
3370.9853	0.0620417802178442
3369.5683	0.062888748741642
3368.1514	0.0626704815609531
3366.7344	0.0633348960060464
3365.3174	0.0631353388332942
3363.9004	0.0632240364020828
3362.4835	0.0633002885417205
3361.0665	0.063258448396221
3359.6495	0.0649813318974466
3358.2325	0.0637712541862691
3356.8156	0.064381173435483
3355.3986	0.0647930927616918
3353.9816	0.0640520032444658
3352.5646	0.0642717387384327
3351.1477	0.0643870148770549
3349.7307	0.0642919855713602
3348.3137	0.0645913837444725
3346.8967	0.0648744240119464
3345.4798	0.0649917998252109
3344.0628	0.0650329524111671
3342.6458	0.0647728444372083
3341.2288	0.0654656613444355
3339.8119	0.0654494121530213
3338.3949	0.0653126657218687
3336.9779	0.0658056111407967
3335.5609	0.0661976244702051
3334.1439	0.0660325786634494
3332.727	0.0665192195589965
3331.31	0.0655632883771655
3329.893	0.0667249184666223
3328.476	0.0656899277122305
3327.0591	0.0661776304197882
3325.6421	0.0657099774057253
3324.2251	0.066123332632849
3322.8081	0.0667532729752724
3321.3912	0.0659164085267782
3319.9742	0.0674729624553075
3318.5572	0.0670876208953989
3317.1402	0.0669976499247361
3315.7233	0.0667570886765268
3314.3063	0.0674413280812063
3312.8893	0.0673715370511703
3311.4723	0.0671700878950826
3310.0554	0.066499872272379
3308.6384	0.0673207767242592
3307.2214	0.0676220084178851
3305.8044	0.0678724155901901
3304.3875	0.0673417235096289
3302.9705	0.0683433375223085
3301.5535	0.0673755195328381
3300.1365	0.0676074837693684
3298.7196	0.067519512501947
3297.3026	0.0672448444559843
3295.8856	0.0682561261882006
3294.4686	0.0677106025538455
3293.0517	0.0669481031887348
3291.6347	0.0679003981206116
3290.2177	0.0679150222504271
3288.8007	0.0674240181977576
3287.3837	0.067880776360548
3285.9668	0.0685637331419255
3284.5498	0.0683630032748303
3283.1328	0.0678219267216193
3281.7158	0.0680624226624241
3280.2989	0.0680880851850409
3278.8819	0.067761193149768
3277.4649	0.0680940797820323
3276.0479	0.067661953132675
3274.631	0.0681033072028051
3273.214	0.0682082513577608
3271.797	0.0672474538430489
3270.38	0.0676991734354339
3268.9631	0.0688059504610066
3267.5461	0.0681832948789788
3266.1291	0.0674106639867561
3264.7121	0.0679914758957387
3263.2952	0.0676872695395201
3261.8782	0.0679053446168353
3260.4612	0.0679845310640938
3259.0442	0.0670014679347618
3257.6273	0.0679034074743832
3256.2103	0.0681893059087184
3254.7933	0.068322878305799
3253.3763	0.0675042491836285
3251.9594	0.0680028334388628
3250.5424	0.0682312081689737
3249.1254	0.0674026190457419
3247.7084	0.067240129502535
3246.2915	0.0682230529748033
3244.8745	0.0679726486078643
3243.4575	0.06689766510678
3242.0405	0.0678808060352903
3240.6235	0.0677544133318425
3239.2066	0.0672316489482712
3237.7896	0.0667830309098482
3236.3726	0.066522025204216
3234.9556	0.0677817555066095
3233.5387	0.0669948367279191
3232.1217	0.0664348696057017
3230.7047	0.0671984657360167
3229.2877	0.0670538655555492
3227.8708	0.0668927444724588
3226.4538	0.066844739599989
3225.0368	0.0664834054361177
3223.6198	0.0666293375441925
3222.2029	0.0667982980619193
3220.7859	0.0660150430677496
3219.3689	0.0666097524860472
3217.9519	0.0662645230402538
3216.535	0.0667328576386362
3215.118	0.0661279693549157
3213.701	0.065459221650024
3212.284	0.065903397388453
3210.8671	0.0660866652912108
3209.4501	0.065663306527838
3208.0331	0.065174448941265
3206.6161	0.065505629093031
3205.1992	0.0665343306260941
3203.7822	0.065285937523077
3202.3652	0.0653395119018162
3200.9482	0.0666315189082455
3199.5313	0.0650712585074954
3198.1143	0.0652343195883584
3196.6973	0.0651979818914281
3195.2803	0.0651525995661227
3193.8633	0.0642732893406833
3192.4464	0.0643761048255468
3191.0294	0.0637779438628954
3189.6124	0.0641296538863272
3188.1954	0.0645540901981456
3186.7785	0.0637332025550627
3185.3615	0.0636085657795658
3183.9445	0.0639101991079812
3182.5275	0.0633877834393825
3181.1106	0.0634855187751165
3179.6936	0.0633698899104743
3178.2766	0.0630646200772681
3176.8596	0.062744320752558
3175.4427	0.0627653911472264
3174.0257	0.062998137316107
3172.6087	0.0629161168168633
3171.1917	0.0624999113620443
3169.7748	0.061050884328532
3168.3578	0.0614120156644508
3166.9408	0.0615180276179901
3165.5238	0.0612380329611733
3164.1069	0.0615626947020366
3162.6899	0.0611534592867456
3161.2729	0.0614307324695385
3159.8559	0.0609197616031064
3158.439	0.0605220781202346
3157.022	0.0614133186045151
3155.605	0.0605608505859574
3154.188	0.0601442034892448
3152.7711	0.0607073951304333
3151.3541	0.060569281200237
3149.9371	0.0599945507059743
3148.5201	0.0598901896971763
3147.1031	0.0602786002005962
3145.6862	0.0594820416371737
3144.2692	0.0599104768896588
3142.8522	0.0596393730478816
3141.4352	0.058733279108927
3140.0183	0.0585802037999344
3138.6013	0.0585714674541561
3137.1843	0.0587472212234635
3135.7673	0.0584813041366122
3134.3504	0.0584936584692892
3132.9334	0.0582680921209222
3131.5164	0.0576725791330802
3130.0994	0.057909446040452
3128.6825	0.0576578160187071
3127.2655	0.0567280733967053
3125.8485	0.0565839349623926
3124.4315	0.0573974350517421
3123.0146	0.0555161781348301
3121.5976	0.05656148713835
3120.1806	0.0569241365994349
3118.7636	0.0563587006473238
3117.3467	0.0556772620675445
3115.9297	0.0553016726660975
3114.5127	0.0545799946625665
3113.0957	0.0555773724368922
3111.6788	0.056175500627447
3110.2618	0.0559611730686533
3108.8448	0.0555266900117432
3107.4278	0.054712616477058
3106.0109	0.0543852482996189
3104.5939	0.0541562708847101
3103.1769	0.0532699919170784
3101.7599	0.0548203427769542
3100.3429	0.0537026574831845
3098.926	0.0537223105008506
3097.509	0.0534379683101018
3096.092	0.0532792508945416
3094.675	0.0527528539286411
3093.2581	0.0536848660647431
3091.8411	0.0526691610041048
3090.4241	0.0529342509829151
3089.0071	0.052034574400488
3087.5902	0.0520655103026905
3086.1732	0.052187967871553
3084.7562	0.0507791022434796
3083.3392	0.0522086888480382
3081.9223	0.0527302846357601
3080.5053	0.0520653845987725
3079.0883	0.0508900641497124
3077.6713	0.0514586111043905
3076.2544	0.0518692887855192
3074.8374	0.0518298585422545
3073.4204	0.0511275941713913
3072.0034	0.0509045525230062
3070.5865	0.0506666844208552
3069.1695	0.0510354421450216
3067.7525	0.0510325577254752
3066.3355	0.0508730487345537
3064.9186	0.0492163672811992
3063.5016	0.049746707561415
3062.0846	0.0497013107361885
3060.6676	0.0497176617000568
3059.2507	0.0494198925260821
3057.8337	0.0504536851312474
3056.4167	0.049287008448539
3054.9997	0.049366048003123
3053.5827	0.0487029704710557
3052.1658	0.0483446511599015
3050.7488	0.0482840605823293
3049.3318	0.0477463628094436
3047.9148	0.048348475896297
3046.4979	0.0483497513546566
3045.0809	0.0477335792591376
3043.6639	0.0480607340727246
3042.2469	0.0472932749948978
3040.83	0.0469366073368367
3039.413	0.046685367044827
3037.996	0.0477035396345721
3036.579	0.0474521488273776
3035.1621	0.0467457968111305
3033.7451	0.0464429846558048
3032.3281	0.0461509915253297
3030.9111	0.0466972118092779
3029.4942	0.0456385036598349
3028.0772	0.045894520603697
3026.6602	0.0453879322522678
3025.2432	0.0454471881358312
3023.8263	0.0454982658084223
3022.4093	0.0457558377213368
3020.9923	0.0449657131941341
3019.5753	0.0454210610944183
3018.1584	0.0447525545611643
3016.7414	0.0450543713808297
3015.3244	0.0444294667943254
3013.9074	0.0447486652091462
3012.4905	0.0444350214958936
3011.0735	0.0443970208551456
3009.6565	0.0448766503287212
3008.2395	0.04449272583954
3006.8225	0.0444348200316482
3005.4056	0.0435552385268277
3003.9886	0.044765426790104
3002.5716	0.0422940634542322
3001.1546	0.0437390456281727
2999.7377	0.0427021889812791
2998.3207	0.043217975066239
2996.9037	0.0441775089718047
2995.4867	0.0432049224426012
2994.0698	0.043507727323049
2992.6528	0.0435180728940979
2991.2358	0.0437533829605866
2989.8188	0.0432458242990929
2988.4019	0.0438294291390632
2986.9849	0.0434005864414829
2985.5679	0.0431366186304761
2984.1509	0.0437251982042462
2982.734	0.0436692668812641
2981.317	0.0438044675452039
2979.9	0.0439183976740763
2978.483	0.0444167379557554
2977.0661	0.0441958104603204
2975.6491	0.0433970766704381
2974.2321	0.0446101634823898
2972.8151	0.0444562938424463
2971.3982	0.0442768503747935
2969.9812	0.0448341744640363
2968.5642	0.0452415032626621
2967.1472	0.0456226248020256
2965.7303	0.0446752842374614
2964.3133	0.045357784530298
2962.8963	0.0456641615347201
2961.4793	0.0458303669223468
2960.0623	0.0459497871238134
2958.6454	0.0466674736632174
2957.2284	0.0462814554376533
2955.8114	0.0460608405618516
2954.3944	0.047413631884994
2952.9775	0.0474032177600728
2951.5605	0.0482621084002986
2950.1435	0.0485649163920096
2948.7265	0.0480068727565857
2947.3096	0.0491170385961684
2945.8926	0.0492391613484281
2944.4756	0.0499071626732156
2943.0586	0.0499815958393967
2941.6417	0.0511240225708603
2940.2247	0.0505667263908494
2938.8077	0.0522044709159171
2937.3907	0.051513867784118
2935.9738	0.0523081789658698
2934.5568	0.0510132697907988
2933.1398	0.0520772571295007
2931.7228	0.0527319919917928
2930.3059	0.0529285459141462
2928.8889	0.0532360849016722
2927.4719	0.0530980652632461
2926.0549	0.0528659918610309
2924.638	0.0529461208084443
2923.221	0.0533464318849647
2921.804	0.0534755094389556
2920.387	0.0536782384587847
2918.9701	0.0533728968893255
2917.5531	0.0534841316546419
2916.1361	0.0534107799170896
2914.7191	0.0531100626714928
2913.3021	0.0533450614318254
2911.8852	0.0524012994403326
2910.4682	0.0526847781772515
2909.0512	0.0523871233817973
2907.6342	0.052530480789211
2906.2173	0.0523792562762281
2904.8003	0.0527849666992534
2903.3833	0.0532277084711755
2901.9663	0.0521412540628374
2900.5494	0.0527187524233377
2899.1324	0.0513082723478108
2897.7154	0.0524495513032748
2896.2984	0.0520958073670655
2894.8815	0.0523701212289778
2893.4645	0.0528537334488611
2892.0475	0.0521235451625463
2890.6305	0.0523086156153233
2889.2136	0.0526205419452679
2887.7966	0.0513065952151678
2886.3796	0.0516209674574373
2884.9626	0.0510788475655437
2883.5457	0.0518877427786128
2882.1287	0.0507643079916098
2880.7117	0.0516850365095439
2879.2947	0.0514069229837144
2877.8778	0.0507479977300794
2876.4608	0.0510402966577807
2875.0438	0.0508253221578025
2873.6268	0.0501239581437563
2872.2099	0.0506632876080713
2870.7929	0.0501984686122447
2869.3759	0.0490684892282686
2867.9589	0.0487925861264126
2866.5419	0.0499777176960875
2865.125	0.0486252724624654
2863.708	0.0488567904344197
2862.291	0.0481826550957176
2860.874	0.0485865388447845
2859.4571	0.0479660074782154
2858.0401	0.047987817337724
2856.6231	0.0477743806739709
2855.2061	0.0471816588842498
2853.7892	0.0476492684724325
2852.3722	0.0478236696269974
2850.9552	0.0462461266995983
2849.5382	0.0460840315245522
2848.1213	0.0474923400502255
2846.7043	0.0461265199971176
2845.2873	0.0463634071828271
2843.8703	0.0462597382443316
2842.4534	0.0465670624346586
2841.0364	0.0462728803789918
2839.6194	0.0470674092783609
2838.2024	0.0466487366289868
2836.7855	0.0452999046525427
2835.3685	0.0459048493080765
2833.9515	0.0452148461885093
2832.5345	0.0453420379996063
2831.1176	0.044225506408443
2829.7006	0.0440021661386057
2828.2836	0.045323814539537
2826.8666	0.0444368283409954
2825.4497	0.0450875832499072
2824.0327	0.0439734667030439
2822.6157	0.0437717180647987
2821.1987	0.043745238989934
2819.7817	0.0443593728079201
2818.3648	0.0440904008945421
2816.9478	0.0439045742941057
2815.5308	0.0428535027339059
2814.1138	0.0434464613716892
2812.6969	0.0433838781174463
2811.2799	0.0431662625793952
2809.8629	0.0432022821297209
2808.4459	0.0429240406975291
2807.029	0.0430627245049262
2805.612	0.0433914567222798
2804.195	0.0426081180389169
2802.778	0.0426290380556135
2801.3611	0.0422334682610869
2799.9441	0.0419834407614836
2798.5271	0.0417389456268903
2797.1101	0.0420710405949056
2795.6932	0.0419211736003059
2794.2762	0.042340621712039
2792.8592	0.0419010722236291
2791.4422	0.0429179960344072
2790.0253	0.0413106839151042
2788.6083	0.0409733740281948
2787.1913	0.040547867778683
2785.7743	0.0417450607957554
2784.3574	0.0409859259511229
2782.9404	0.0419366102871681
2781.5234	0.0408040462811717
2780.1064	0.0417140141981444
2778.6895	0.0414044341233022
2777.2725	0.0414855328215127
2775.8555	0.0406662240479085
2774.4385	0.0406508111838646
2773.0215	0.0403784549037997
2771.6046	0.0403693699875224
2770.1876	0.041292831803246
2768.7706	0.0414279735953705
2767.3536	0.0406354789384044
2765.9367	0.0415070129201268
2764.5197	0.0406009766367235
2763.1027	0.0408057488588586
2761.6857	0.0398547919029473
2760.2688	0.0407327341092495
2758.8518	0.0406426766860389
2757.4348	0.0400336918339509
2756.0178	0.0406730101482105
2754.6009	0.0395240680529354
2753.1839	0.039845561460279
2751.7669	0.0408154182239889
2750.3499	0.0404265961010348
2748.933	0.0401074423298316
2747.516	0.0398316191292505
2746.099	0.0403498739753379
2744.682	0.0409994340700121
2743.2651	0.0397058141666485
2741.8481	0.0408373602941538
2740.4311	0.039839845178669
2739.0141	0.0403248815792974
2737.5972	0.0399612389070866
2736.1802	0.0407857054166688
2734.7632	0.0404655575270457
2733.3462	0.0391476488030075
2731.9293	0.0398965525415742
2730.5123	0.0391442798286001
2729.0953	0.0401472573005383
2727.6783	0.0399628235421725
2726.2613	0.0394535270367529
2724.8444	0.0395840634997333
2723.4274	0.0396632003617488
2722.0104	0.039539486899255
2720.5934	0.0384554591236759
2719.1765	0.0399776342720779
2717.7595	0.039687708668575
2716.3425	0.0391681460933017
2714.9255	0.0396725838941008
2713.5086	0.0396149638180705
2712.0916	0.0396036748049306
2710.6746	0.0382414994827718
2709.2576	0.0393540286111929
2707.8407	0.0394489982626947
2706.4237	0.0390433055428538
2705.0067	0.0386041845861361
2703.5897	0.0394481046825671
2702.1728	0.0392611826408477
2700.7558	0.0399891037164208
2699.3388	0.0385256683793916
2697.9218	0.0390885325862228
2696.5049	0.039341417607775
2695.0879	0.0393260731560746
2693.6709	0.0393990868899397
2692.2539	0.0389347847303842
2690.837	0.0401225738497115
2689.42	0.0385472594824276
2688.003	0.0390923505263754
2686.586	0.0379182972113919
2685.1691	0.0386763818393939
2683.7521	0.0383120762309641
2682.3351	0.0377239835116782
2680.9181	0.0387936798539781
2679.5011	0.0376736300964739
2678.0842	0.0381885226923304
2676.6672	0.0384610802097658
2675.2502	0.0382534100817492
2673.8332	0.0379325695749815
2672.4163	0.0382469849705631
2670.9993	0.0380238466315641
2669.5823	0.0370583618659634
2668.1653	0.0372783645528232
2666.7484	0.0381448263415492
2665.3314	0.0379288018199382
2663.9144	0.0376035450258008
2662.4974	0.0373613820648324
2661.0805	0.0385940726558276
2659.6635	0.0383876797939867
2658.2465	0.038658507087375
2656.8295	0.0374635913427999
2655.4126	0.0377590767664919
2653.9956	0.0381160322133654
2652.5786	0.0374245697875064
2651.1616	0.0378753415834842
2649.7447	0.036821662088996
2648.3277	0.0377247406545956
2646.9107	0.0377168200348261
2645.4937	0.0376540174146014
2644.0768	0.0375043857504225
2642.6598	0.037151863149692
2641.2428	0.0378813257477
2639.8258	0.037902737787968
2638.4089	0.0374524483926533
2636.9919	0.0373596150472613
2635.5749	0.0378697821151633
2634.1579	0.037600915445728
2632.741	0.036241866047016
2631.324	0.0376891957651789
2629.907	0.0372141638250589
2628.49	0.0373006429525338
2627.073	0.0358179229464125
2625.6561	0.0367228590769015
2624.2391	0.035611957307943
2622.8221	0.0372150166510966
2621.4051	0.0372229081343926
2619.9882	0.036439979211326
2618.5712	0.0362076245056859
2617.1542	0.036207213631457
2615.7372	0.0362410671856221
2614.3203	0.0356549146547311
2612.9033	0.03580818162312
2611.4863	0.0358938452667065
2610.0693	0.0355206920031401
2608.6524	0.0357164859514472
2607.2354	0.0361935794193479
2605.8184	0.035583693098395
2604.4014	0.0350115311395495
2602.9845	0.0360632514996456
2601.5675	0.035373862146648
2600.1505	0.0347294607872918
2598.7335	0.0339757810031705
2597.3166	0.0351713295069782
2595.8996	0.0350066831117648
2594.4826	0.0355794378880252
2593.0656	0.0352775438849049
2591.6487	0.0351615114251129
2590.2317	0.0353115824830997
2588.8147	0.0349091688225099
2587.3977	0.0356192777404481
2585.9808	0.0350403007940161
2584.5638	0.0351085309587752
2583.1468	0.0351459995653104
2581.7298	0.0355171831145953
2580.3128	0.0340162365144419
2578.8959	0.0352838625788171
2577.4789	0.0350336442029595
2576.0619	0.0351149170014318
2574.6449	0.0350624017285846
2573.228	0.034326514070418
2571.811	0.0346352872113357
2570.394	0.0342537966290952
2568.977	0.0346819506669227
2567.5601	0.0346521618732017
2566.1431	0.0341196770517245
2564.7261	0.0346486812567119
2563.3091	0.0349166111212038
2561.8922	0.0353614990446264
2560.4752	0.0339827228675591
2559.0582	0.0342522949675943
2557.6412	0.033466022208842
2556.2243	0.0335915554769318
2554.8073	0.0335164854351536
2553.3903	0.0336925923907019
2551.9733	0.0340888510890997
2550.5564	0.0336274737461741
2549.1394	0.0337476622474899
2547.7224	0.0331727751635278
2546.3054	0.0336735911385202
2544.8885	0.0337182254287983
2543.4715	0.0342602825938102
2542.0545	0.034593315917705
2540.6375	0.0342739195936989
2539.2206	0.0331174753137246
2537.8036	0.0338228737787415
2536.3866	0.0341067639022696
2534.9696	0.0336809704522934
2533.5526	0.033621746693886
2532.1357	0.0346299259118993
2530.7187	0.0335346749424415
2529.3017	0.0339538518894326
2527.8847	0.0334185691102276
2526.4678	0.034173750466342
2525.0508	0.0323097472364908
2523.6338	0.0327549093347816
2522.2168	0.0334633760990778
2520.7999	0.0338900130856028
2519.3829	0.033347534896209
2517.9659	0.0333684160778062
2516.5489	0.0338420730689049
2515.132	0.0334319924308946
2513.715	0.0331056690688726
2512.298	0.0323781961856468
2510.881	0.0326715410658574
2509.4641	0.0328870869918597
2508.0471	0.0324474003466922
2506.6301	0.0332755467724953
2505.2131	0.0323366821919095
2503.7962	0.0330556403418567
2502.3792	0.0333225910754191
2500.9622	0.0337748720220175
2499.5452	0.0318667120818249
2498.1283	0.0331356754220233
2496.7113	0.0322831302898641
2495.2943	0.0326313268444406
2493.8773	0.0322046400215272
2492.4604	0.0322259008383154
2491.0434	0.0327492924000659
2489.6264	0.0331687994921203
2488.2094	0.0329099249328869
2486.7924	0.0334845972472335
2485.3755	0.0323399083574023
2483.9585	0.0327158550268157
2482.5415	0.0330315912906155
2481.1245	0.0322251697397549
2479.7076	0.031733071894572
2478.2906	0.0315879969007259
2476.8736	0.0316215788224511
2475.4566	0.0323666934706976
2474.0397	0.0318900578262947
2472.6227	0.0325894105893857
2471.2057	0.0315493759159798
2469.7887	0.0321477992653061
2468.3718	0.0317129881216542
2466.9548	0.0324307882456792
2465.5378	0.0312696836877617
2464.1208	0.0328230306340577
2462.7039	0.032793063600468
2461.2869	0.0329741560758185
2459.8699	0.0320790896620067
2458.4529	0.032431277066863
2457.036	0.032305222576989
2455.619	0.0324408852325702
2454.202	0.0320869372523592
2452.785	0.0316510567358983
2451.3681	0.0313369601023494
2449.9511	0.0324841946458042
2448.5341	0.0314279924345368
2447.1171	0.0314743547836754
2445.7002	0.0319971130737181
2444.2832	0.0309769191780057
2442.8662	0.0328834199815669
2441.4492	0.0308173335365033
2440.0322	0.0315328175330986
2438.6153	0.0311958898033111
2437.1983	0.0313464410820618
2435.7813	0.0321935864250806
2434.3643	0.0315583883375105
2432.9474	0.0314928398900165
2431.5304	0.0313339523992299
2430.1134	0.0313299682795466
2428.6964	0.0312259193905798
2427.2795	0.0312616613163799
2425.8625	0.0315618391663345
2424.4455	0.0313856154806205
2423.0285	0.0310277681945884
2421.6116	0.0311764470265504
2420.1946	0.0309938618198144
2418.7776	0.0319372590005297
2417.3606	0.0305118292158486
2415.9437	0.0308234077292898
2414.5267	0.0311635947513544
2413.1097	0.0309402178946091
2411.6927	0.0315003359465294
2410.2758	0.030947728598904
2408.8588	0.0315015767625175
2407.4418	0.0305803957549997
2406.0248	0.0308679500487034
2404.6079	0.03103504440321
2403.1909	0.0311217786330922
2401.7739	0.0309598663303467
2400.3569	0.0311216770673307
2398.94	0.0312584174899017
2397.523	0.0311304338685118
2396.106	0.0316100789750493
2394.689	0.030922218310713
2393.272	0.0307588127816257
2391.8551	0.0308060334065632
2390.4381	0.0306194485152367
2389.0211	0.030971291215636
2387.6041	0.0304725067109321
2386.1872	0.0307237952454692
2384.7702	0.0305674493154115
2383.3532	0.0301869413837123
2381.9362	0.0305585514896552
2380.5193	0.0300887962980564
2379.1023	0.0305708869328573
2377.6853	0.0300126544027785
2376.2683	0.0305402111221745
2374.8514	0.0306548546555391
2373.4344	0.0302685115291467
2372.0174	0.0297406334906785
2370.6004	0.0303984555402846
2369.1835	0.0301407881719201
2367.7665	0.0298034757662478
2366.3495	0.0299980230572339
2364.9325	0.0300993635672484
2363.5156	0.0302271581654975
2362.0986	0.0309753105660586
2360.6816	0.030530220552447
2359.2646	0.0305742709380921
2357.8477	0.0306082118315385
2356.4307	0.0296481292441893
2355.0137	0.0307681818750103
2353.5967	0.0298252114733095
2352.1798	0.0302325347741412
2350.7628	0.0308846073159136
2349.3458	0.0309781842223333
2347.9288	0.0309443610059876
2346.5118	0.0306487597736152
2345.0949	0.0300517730613002
2343.6779	0.0307315087368086
2342.2609	0.0296269330344704
2340.8439	0.0305313932782198
2339.427	0.0299261406838704
2338.01	0.029767204890308
2336.593	0.0298745199330263
2335.176	0.0301772906626739
2333.7591	0.0303346654438595
2332.3421	0.0302455472048852
2330.9251	0.0311088279453498
2329.5081	0.0306773947134761
2328.0912	0.0306769818922444
2326.6742	0.0295624070947421
2325.2572	0.0308632516994077
2323.8402	0.0304487473548003
2322.4233	0.031321022967932
2321.0063	0.0309187439665375
2319.5893	0.0312210084731673
2318.1723	0.0306488736159431
2316.7554	0.0302386032357738
2315.3384	0.0300819720460251
2313.9214	0.0318141444111372
2312.5044	0.0310007559024921
2311.0875	0.0307163704825009
2309.6705	0.0300058274878873
2308.2535	0.0293458203832098
2306.8365	0.029775087970752
2305.4196	0.0296130591617895
2304.0026	0.0304088612433466
2302.5856	0.0296625438956458
2301.1686	0.0302858540290338
2299.7516	0.0305360097035705
2298.3347	0.0297955671947129
2296.9177	0.0303341438753655
2295.5007	0.0306979463966811
2294.0837	0.030965830472858
2292.6668	0.0299811101748753
2291.2498	0.0304326427134235
2289.8328	0.0305952805332666
2288.4158	0.0291687881593555
2286.9989	0.0297950820906851
2285.5819	0.0292872451814187
2284.1649	0.0298659819144411
2282.7479	0.0300087114570419
2281.331	0.0294654115502321
2279.914	0.0301599992561296
2278.497	0.028894495346136
2277.08	0.0295458192992386
2275.6631	0.0290872878145559
2274.2461	0.0294675985426855
2272.8291	0.0288144751535948
2271.4121	0.0299261993094286
2269.9952	0.0291003009775004
2268.5782	0.0297239536805192
2267.1612	0.0298669454369615
2265.7442	0.0287931336967738
2264.3273	0.0288127432083845
2262.9103	0.0289229714868715
2261.4933	0.0284143306243438
2260.0763	0.0288790509632773
2258.6594	0.0289978691645759
2257.2424	0.0290117492275106
2255.8254	0.0278736044635797
2254.4084	0.0288572274408023
2252.9914	0.0286646059608703
2251.5745	0.027297952830344
2250.1575	0.0278866611188619
2248.7405	0.0280077646287098
2247.3235	0.0287078999792498
2245.9066	0.0270564429987782
2244.4896	0.0290289163425033
2243.0726	0.0277389129690013
2241.6556	0.028809796683522
2240.2387	0.0284338001909661
2238.8217	0.0278939179613997
2237.4047	0.027965272632949
2235.9877	0.0279355609463478
2234.5708	0.0285036099023258
2233.1538	0.0287871703745261
2231.7368	0.0285908618593765
2230.3198	0.0296386935666863
2228.9029	0.0288416828044538
2227.4859	0.0290402190386217
2226.0689	0.027927992612137
2224.6519	0.0282580038290944
2223.235	0.0285027612423064
2221.818	0.0283897365428766
2220.401	0.0277439581484397
2218.984	0.0279505863393215
2217.5671	0.0290046711820755
2216.1501	0.0292841183391269
2214.7331	0.0285350965538331
2213.3161	0.0290694202767717
2211.8992	0.0279196702580126
2210.4822	0.0283038032215989
2209.0652	0.028206007498241
2207.6482	0.0278195090297708
2206.2312	0.0272883203700314
2204.8143	0.0278121447490627
2203.3973	0.0286188855357229
2201.9803	0.028150349823531
2200.5633	0.0294268538276092
2199.1464	0.0280591477920121
2197.7294	0.0283525847171365
2196.3124	0.0287256460351582
2194.8954	0.0287582248153728
2193.4785	0.0287452099293281
2192.0615	0.0291332383210614
2190.6445	0.027770727883823
2189.2275	0.0277460917474996
2187.8106	0.0276155576498806
2186.3936	0.027912977799994
2184.9766	0.0277951528576122
2183.5596	0.0277462277204841
2182.1427	0.0273428117461077
2180.7257	0.0278029121880345
2179.3087	0.0270597295767823
2177.8917	0.0280751508448483
2176.4748	0.0272456730918397
2175.0578	0.027527057637972
2173.6408	0.0274091626638476
2172.2238	0.0272512449243455
2170.8069	0.0286888443669027
2169.3899	0.0287395897191328
2167.9729	0.0285845765169373
2166.5559	0.0285436468532093
2165.139	0.0283996006788182
2163.722	0.0285843917875251
2162.305	0.0292749304300784
2160.888	0.0274474470774679
2159.471	0.0258065212561276
2158.0541	0.02329927274648
2156.6371	0.0241023568180454
2155.2201	0.0239745507736587
2153.8031	0.0241684813602716
2152.3862	0.0251062706729916
2150.9692	0.0256005661166044
2149.5522	0.0260756427261078
2148.1352	0.0256932577715311
2146.7183	0.0254600611218277
2145.3013	0.0254469089049066
2143.8843	0.0253122394255864
2142.4673	0.0253467451144073
2141.0504	0.0256200344835254
2139.6334	0.0254169692876489
2138.2164	0.0256593879996407
2136.7994	0.0270057259508702
2135.3825	0.0267921099524165
2133.9655	0.0263994217527767
2132.5485	0.0267342980979733
2131.1315	0.0274832645130485
2129.7146	0.0271717328166113
2128.2976	0.0273158409629448
2126.8806	0.0274535740433472
2125.4636	0.0277709980882571
2124.0467	0.0271623764117231
2122.6297	0.0273613930686887
2121.2127	0.0280324248867455
2119.7957	0.0274635654368117
2118.3788	0.0274599989792817
2116.9618	0.0278548569396914
2115.5448	0.0274740439752865
2114.1278	0.0281340378375658
2112.7108	0.0281554041069312
2111.2939	0.028001473151892
2109.8769	0.0283301075857194
2108.4599	0.0287323678953232
2107.0429	0.0280949415713621
2105.626	0.0273731644720353
2104.209	0.0272301801003424
2102.792	0.0269790862018639
2101.375	0.0278915305496668
2099.9581	0.0267188824054153
2098.5411	0.0273981671828776
2097.1241	0.0281732191666345
2095.7071	0.0267115182144037
2094.2902	0.0264373432401122
2092.8732	0.0267048805486218
2091.4562	0.0267350421286468
2090.0392	0.0274585608571013
2088.6223	0.0266473690896589
2087.2053	0.0271075275521781
2085.7883	0.0268675658146367
2084.3713	0.0264848717359331
2082.9544	0.0279351930087058
2081.5374	0.0282380413877732
2080.1204	0.0276059149708803
2078.7034	0.0278605445374918
2077.2865	0.0278426589506957
2075.8695	0.0273890256667854
2074.4525	0.0271355070470712
2073.0355	0.0266066062042169
2071.6186	0.0273220209115415
2070.2016	0.0272327188914229
2068.7846	0.02621464089744
2067.3676	0.0269757762288066
2065.9506	0.0261481096657487
2064.5337	0.027236256776762
2063.1167	0.0269916827240165
2061.6997	0.0270822275640579
2060.2827	0.0264964368146494
2058.8658	0.0265769773124824
2057.4488	0.0272922671580509
2056.0318	0.0275407283254558
2054.6148	0.027262385069421
2053.1979	0.0269910529508463
2051.7809	0.0273994127876208
2050.3639	0.0279239486902987
2048.9469	0.0268215953269414
2047.53	0.0263180524408373
2046.113	0.0252956804943754
2044.696	0.0256031220098396
2043.279	0.0257880270613234
2041.8621	0.0255516003716582
2040.4451	0.0255363353849716
2039.0281	0.0253718179618037
2037.6111	0.0245296540041798
2036.1942	0.0247304529877431
2034.7772	0.0247306507671395
2033.3602	0.0249432221400257
2031.9432	0.0249763469331703
2030.5263	0.0254271652234729
2029.1093	0.0253048709682
2027.6923	0.0249635215393894
2026.2753	0.0253065946524779
2024.8584	0.0248466702058689
2023.4414	0.0244403283892736
2022.0244	0.0237358271304766
2020.6074	0.0225703313983871
2019.1904	0.0225934486411652
2017.7735	0.0230757687204851
2016.3565	0.0235531094359229
2014.9395	0.0243183779032212
2013.5225	0.0241021698736566
2012.1056	0.0261416644538637
2010.6886	0.0249527938604583
2009.2716	0.0246749462930855
2007.8546	0.0244284002279049
2006.4377	0.0237365367423044
2005.0207	0.0241699378265957
2003.6037	0.0241277948573504
2002.1867	0.024132312899801
2000.7698	0.0240884994000526
1999.3528	0.0246931135207832
1997.9358	0.0236569613474503
1996.5188	0.0231580609224444
1995.1019	0.0243325678083134
1993.6849	0.0241236217980136
1992.2679	0.023553616822151
1990.8509	0.0238882537360237
1989.434	0.0254067948737061
1988.017	0.0240600497117388
1986.6	0.0239618045005362
1985.183	0.024704201447473
1983.7661	0.0234360769568983
1982.3491	0.0244566358329563
1980.9321	0.0245689453791422
1979.5151	0.0242939085677951
1978.0982	0.0231633579891178
1976.6812	0.0231168980768227
1975.2642	0.023727136350533
1973.8472	0.0222544450345521
1972.4302	0.0221785531354383
1971.0133	0.0224761705097728
1969.5963	0.0225685510726376
1968.1793	0.0233684525902696
1966.7623	0.0235126223258289
1965.3454	0.022950395260382
1963.9284	0.0227565113841734
1962.5114	0.0229373536001747
1961.0944	0.0228057017416871
1959.6775	0.0231037049255939
1958.2605	0.0234798885595176
1956.8435	0.0245801726362713
1955.4265	0.0229897770472123
1954.0096	0.0239630308978918
1952.5926	0.0242064098383429
1951.1756	0.0234817174195929
1949.7586	0.0233624458222425
1948.3417	0.023513797879231
1946.9247	0.0233097775492984
1945.5077	0.0229932301637082
1944.0907	0.0240204247469622
1942.6738	0.0229966697360155
1941.2568	0.0236744789469367
1939.8398	0.0242430602151882
1938.4228	0.0230980317957925
1937.0059	0.0241815367149324
1935.5889	0.0242992114710474
1934.1719	0.0243331464761054
1932.7549	0.0242068079614771
1931.338	0.0244643369810293
1929.921	0.025146744965298
1928.504	0.024745492712436
1927.087	0.0238400375248778
1925.67	0.0240738487387397
1924.2531	0.0254986460562317
1922.8361	0.0244236506731832
1921.4191	0.0248722277250822
1920.0021	0.0237301531827219
1918.5852	0.024650079561164
1917.1682	0.0242346593036956
1915.7512	0.0232177734199935
1914.3342	0.0243793158626687
1912.9173	0.024884435359754
1911.5003	0.0242304045015309
1910.0833	0.0246506619642297
1908.6663	0.0247138436220639
1907.2494	0.0248633291217633
1905.8324	0.0260448077327447
1904.4154	0.0248711816490001
1902.9984	0.0245246476477154
1901.5815	0.0253604066116429
1900.1645	0.0246517559112036
1898.7475	0.0247654093631776
1897.3305	0.0249377012826328
1895.9136	0.0250021333078253
1894.4966	0.0246635843033066
1893.0796	0.0247670961802265
1891.6626	0.0245509043089859
1890.2457	0.0249443105412012
1888.8287	0.0246701027316242
1887.4117	0.0250756171857768
1885.9947	0.0251004085653774
1884.5778	0.0251974380878154
1883.1608	0.0249349362713621
1881.7438	0.0247978423588904
1880.3268	0.0244816444950497
1878.9098	0.0255642512076616
1877.4929	0.0240469913162955
1876.0759	0.0245266553229865
1874.6589	0.025746646254032
1873.2419	0.025121087509438
1871.825	0.025399156573056
1870.408	0.0249631144460528
1868.991	0.0241471419839498
1867.574	0.0241725924280079
1866.1571	0.0244941903977019
1864.7401	0.0261680415101351
1863.3231	0.0240756375221635
1861.9061	0.0251848524123717
1860.4892	0.0246431067310144
1859.0722	0.0245865329438082
1857.6552	0.0244197477448918
1856.2382	0.0248583321249253
1854.8213	0.0242424576192157
1853.4043	0.0246847393065824
1851.9873	0.0242072412674726
1850.5703	0.0247059093836444
1849.1534	0.0245909068545907
1847.7364	0.0245274894008781
1846.3194	0.0248647370351353
1844.9024	0.0240403828688269
1843.4855	0.0246058190635067
1842.0685	0.0249160206911615
1840.6515	0.0243227082326829
1839.2345	0.0244832202006857
1837.8176	0.0248165818837292
1836.4006	0.0247572347132788
1834.9836	0.0242866362171012
1833.5666	0.0240222980772733
1832.1496	0.0236343262348409
1830.7327	0.0243790691239614
1829.3157	0.02450058220168
1827.8987	0.0243275909863347
1826.4817	0.0239727282388698
1825.0648	0.0245884563164335
1823.6478	0.0241720021938117
1822.2308	0.0239301408045804
1820.8138	0.024680865135767
1819.3969	0.0243170675159013
1817.9799	0.0240461981898919
1816.5629	0.0239074079426993
1815.1459	0.023602085291947
1813.729	0.0237863909480127
1812.312	0.0231581576640186
1810.895	0.0239838982059202
1809.478	0.0234794215295145
1808.0611	0.0250699473537367
1806.6441	0.0239331081645076
1805.2271	0.0237262152643556
1803.8101	0.0241020489013138
1802.3932	0.0239654779771157
1800.9762	0.0232376766329618
1799.5592	0.0240384033043447
1798.1422	0.023591902076945
1796.7253	0.0245994591278844
1795.3083	0.0237289074663993
1793.8913	0.0243118752662067
1792.4743	0.0236848515792155
1791.0574	0.0241047536892711
1789.6404	0.0248330774148147
1788.2234	0.025150086265656
1786.8064	0.0249263894918779
1785.3894	0.0246720621808646
1783.9725	0.0240824562962404
1782.5555	0.0245152067970367
1781.1385	0.0246046332003608
1779.7215	0.0252059788052324
1778.3046	0.0242807409204552
1776.8876	0.023783277553124
1775.4706	0.0243959089325626
1774.0536	0.0243446624705114
1772.6367	0.0249233741056448
1771.2197	0.0250211251166704
1769.8027	0.0253044294997055
1768.3857	0.0235831893930128
1766.9688	0.024099929665065
1765.5518	0.0245615725815436
1764.1348	0.024116226613694
1762.7178	0.0246217436961548
1761.3009	0.0253934545100932
1759.8839	0.0253864619919124
1758.4669	0.0254561869644198
1757.0499	0.0258233633733895
1755.633	0.024972365519179
1754.216	0.0254129642878814
1752.799	0.0251590140707095
1751.382	0.0262694212149721
1749.9651	0.0255953584550372
1748.5481	0.0250660683417455
1747.1311	0.0257193180989123
1745.7141	0.026617428027888
1744.2972	0.0261235392894906
1742.8802	0.0269284395823143
1741.4632	0.0262457778914622
1740.0462	0.0267471148716078
1738.6292	0.0273372290790434
1737.2123	0.0271474424659114
1735.7953	0.0270082893520599
1734.3783	0.02735757216246
1732.9613	0.0280968355590696
1731.5444	0.028991199313218
1730.1274	0.0285110929851041
1728.7104	0.0294508999768137
1727.2934	0.0287975130468473
1725.8765	0.0298125758992979
1724.4595	0.0290601279221412
1723.0425	0.0292312297313634
1721.6255	0.0297754454652117
1720.2086	0.0294196728091115
1718.7916	0.029868906821923
1717.3746	0.0302592767397317
1715.9576	0.0302465458053298
1714.5407	0.0298380798554801
1713.1237	0.0310057234725327
1711.7067	0.0314839162710178
1710.2897	0.0317321740568612
1708.8728	0.0314742627651031
1707.4558	0.0316593518051713
1706.0388	0.0321911843171412
1704.6218	0.0326579605795299
1703.2049	0.0317326720890862
1701.7879	0.0333134030778953
1700.3709	0.0330831722604286
1698.9539	0.0326918881950451
1697.537	0.0330131687551985
1696.12	0.0328218689503958
1694.703	0.0330716234346759
1693.286	0.0332161005288834
1691.869	0.0338538728604734
1690.4521	0.0334668752705101
1689.0351	0.0341719367776434
1687.6181	0.0338349183979551
1686.2011	0.0343998438174191
1684.7842	0.0339027662856149
1683.3672	0.034675288840808
1681.9502	0.0354422522510501
1680.5332	0.0340147134132863
1679.1163	0.0339999363995487
1677.6993	0.0345275168405029
1676.2823	0.0351995457265841
1674.8653	0.0352348083010663
1673.4484	0.0351858937634936
1672.0314	0.0364710220614992
1670.6144	0.0356334971284671
1669.1974	0.0358911487215571
1667.7805	0.0351735689066355
1666.3635	0.0360231303755514
1664.9465	0.036317880638322
1663.5295	0.036999689910433
1662.1126	0.0370332462585395
1660.6956	0.0359711299608548
1659.2786	0.037639908635806
1657.8616	0.0373303712387407
1656.4447	0.0375901057448772
1655.0277	0.0377468680099168
1653.6107	0.0382760894378511
1652.1937	0.0386849705964154
1650.7768	0.0390082310488871
1649.3598	0.0390600462349535
1647.9428	0.040199508087534
1646.5258	0.0408498208694757
1645.1088	0.0413103469759221
1643.6919	0.0414050112211382
1642.2749	0.0420542499890492
1640.8579	0.0424988796063002
1639.4409	0.0431649473739859
1638.024	0.0449030739761142
1636.607	0.0437177641509009
1635.19	0.0451333444219197
1633.773	0.0464051247093488
1632.3561	0.0475181191746563
1630.9391	0.0480824913906859
1629.5221	0.0474870071443095
1628.1051	0.0475185568431125
1626.6882	0.0476765440317545
1625.2712	0.0485183180022513
1623.8542	0.0491583177605741
1622.4372	0.0489836950948808
1621.0203	0.0504100804420946
1619.6033	0.0491172759625262
1618.1863	0.0506439377280414
1616.7693	0.0508712486973591
1615.3524	0.0501303273908463
1613.9354	0.0507316858333386
1612.5184	0.0516672926465457
1611.1014	0.0524243254538529
1609.6845	0.0540378920167909
1608.2675	0.0536164695320728
1606.8505	0.0532593330664667
1605.4335	0.0556966886720963
1604.0166	0.0561536432497329
1602.5996	0.0558143863516235
1601.1826	0.055771483131683
1599.7656	0.0555943754959949
1598.3486	0.0565918404284889
1596.9317	0.0554384970283232
1595.5147	0.0558748782264563
1594.0977	0.055661264407698
1592.6807	0.0547936271833095
1591.2638	0.0554201230873788
1589.8468	0.055417949382997
1588.4298	0.0542132979689696
1587.0128	0.0542152737087777
1585.5959	0.0539970806411529
1584.1789	0.0520323657324239
1582.7619	0.0522529226683728
1581.3449	0.0509491461840873
1579.928	0.0507584592089662
1578.511	0.0484051777188946
1577.094	0.0493822361700675
1575.677	0.0486594908576329
1574.2601	0.0484307070276112
1572.8431	0.0475701715156683
1571.4261	0.0474064114525048
1570.0091	0.0466364051047109
1568.5922	0.0466752554326087
1567.1752	0.0462972587426439
1565.7582	0.0454072599662416
1564.3412	0.0437567226984804
1562.9243	0.0434533537470435
1561.5073	0.0426184602427122
1560.0903	0.0428348652474928
1558.6733	0.0405035100995192
1557.2564	0.0390492987245094
1555.8394	0.0394880236281288
1554.4224	0.0391927688442939
1553.0054	0.0386128920468238
1551.5885	0.0375290899226277
1550.1715	0.0370942184638809
1548.7545	0.0366891041183527
1547.3375	0.0368630731700587
1545.9205	0.0363991077293261
1544.5036	0.0361733650612366
1543.0866	0.0354675414734623
1541.6696	0.0347351137312351
1540.2526	0.0345960120632185
1538.8357	0.035172939955121
1537.4187	0.0341565847790467
1536.0017	0.034686745906417
1534.5847	0.0332134406527675
1533.1678	0.0343758485854343
1531.7508	0.0341220220477606
1530.3338	0.0338156156511497
1528.9168	0.0341961024455154
1527.4999	0.0352894888874355
1526.0829	0.0348968846577973
1524.6659	0.0356554270376142
1523.2489	0.0362325656595192
1521.832	0.0368867670264796
1520.415	0.0380745133528403
1518.998	0.0396623546046193
1517.581	0.0396739388345256
1516.1641	0.0402689463686037
1514.7471	0.0407833014875594
1513.3301	0.0419847984076962
1511.9131	0.0426457244611033
1510.4962	0.0429742580339206
1509.0792	0.0435461722144404
1507.6622	0.043975828024651
1506.2452	0.0438347478324453
1504.8283	0.0425530614155681
1503.4113	0.0419900743711257
1501.9943	0.0418828151780022
1500.5773	0.0410802379693654
1499.1603	0.0403634285668495
1497.7434	0.0386168594733931
1496.3264	0.0381809252162135
1494.9094	0.0369920073230502
1493.4924	0.0371360627177951
1492.0755	0.0356302014490153
1490.6585	0.0349763992997692
1489.2415	0.0354539031998048
1487.8245	0.0356280638939241
1486.4076	0.036868796279665
1484.9906	0.0373526987081847
1483.5736	0.0364669133227458
1482.1566	0.0383782084338297
1480.7397	0.0387517759491062
1479.3227	0.0385646988255894
1477.9057	0.0383128379184464
1476.4887	0.0385514064558779
1475.0718	0.0385675237103876
1473.6548	0.0388003427904131
1472.2378	0.039975508756067
1470.8208	0.0414009887211701
1469.4039	0.041764754419796
1467.9869	0.0427497843762738
1466.5699	0.0428510370112107
1465.1529	0.0456045391027594
1463.736	0.0451010367191063
1462.319	0.0466800017227175
1460.902	0.0471054414325243
1459.485	0.0469665626814354
1458.0681	0.0481333114128969
1456.6511	0.0483893704285198
1455.2341	0.0498755762828505
1453.8171	0.049155233275997
1452.4001	0.0497700106870142
1450.9832	0.0493797003926067
1449.5662	0.0507989699622163
1448.1492	0.0498910861674434
1446.7322	0.0492247930892041
1445.3153	0.0494512836263862
1443.8983	0.0502817475531715
1442.4813	0.0498101941226034
1441.0643	0.049069494301313
1439.6474	0.0502693095218586
1438.2304	0.0506056093944064
1436.8134	0.0510417715357238
1435.3964	0.0512700434434604
1433.9795	0.0519409144862142
1432.5625	0.0515946656656497
1431.1455	0.0519560695113063
1429.7285	0.0528320318492156
1428.3116	0.0540039975852647
1426.8946	0.0540565972753408
1425.4776	0.0545377149657911
1424.0606	0.0554849310613805
1422.6437	0.0551836010038588
1421.2267	0.0555806293515883
1419.8097	0.0559981565046736
1418.3927	0.0563050222951974
1416.9758	0.0565736266183065
1415.5588	0.0575969798169462
1414.1418	0.0569849235956312
1412.7248	0.0574362231658367
1411.3079	0.0571219291459683
1409.8909	0.0568148035948877
1408.4739	0.0571839693354872
1407.0569	0.0575426371089319
1405.6399	0.058067105060886
1404.223	0.0584905939940495
1402.806	0.0574556505193092
1401.389	0.0573085548046712
1399.972	0.0577207788725545
1398.5551	0.0582983501655799
1397.1381	0.0577610796970777
1395.7211	0.0574725914488685
1394.3041	0.0581497703249548
1392.8872	0.0591287592322612
1391.4702	0.0591848901258971
1390.0532	0.0600468344473602
1388.6362	0.0599266528117313
1387.2193	0.0617813618320344
1385.8023	0.0616775268834863
1384.3853	0.0623232678211359
1382.9683	0.0616394076905181
1381.5514	0.0617664708358785
1380.1344	0.0615202369175791
1378.7174	0.0611735973563077
1377.3004	0.0611066084165553
1375.8835	0.060534522044801
1374.4665	0.0607701838223571
1373.0495	0.061100209989411
1371.6325	0.0617083626198462
1370.2156	0.0632137404307096
1368.7986	0.0632751589004032
1367.3816	0.0634399898082004
1365.9646	0.0641644569238269
1364.5477	0.0644376415117186
1363.1307	0.065394001004965
1361.7137	0.0656495354315043
1360.2967	0.0654821831767761
1358.8797	0.0635496294246262
1357.4628	0.0643768064056627
1356.0458	0.0630062628869446
1354.6288	0.0631608534989128
1353.2118	0.0621301619355841
1351.7949	0.0613885648513628
1350.3779	0.0615823155761848
1348.9609	0.0607101411023497
1347.5439	0.0612944734444963
1346.127	0.0615417553099309
1344.71	0.0623017530372284
1343.293	0.0612416604155934
1341.876	0.0626919727332022
1340.4591	0.0626480162106031
1339.0421	0.0629965822611957
1337.6251	0.063394400928725
1336.2081	0.0624452504762723
1334.7912	0.0627159720253887
1333.3742	0.0620956957669664
1331.9572	0.0624870848546165
1330.5402	0.0616934567653751
1329.1233	0.0617470328952712
1327.7063	0.0612469775567456
1326.2893	0.0608166304099302
1324.8723	0.0601047911203685
1323.4554	0.0593987288015749
1322.0384	0.059135374282797
1320.6214	0.0596684678505193
1319.2044	0.0577472908016873
1317.7875	0.057999273471459
1316.3705	0.0576665449096205
1314.9535	0.0567401694632355
1313.5365	0.0557990112396564
1312.1195	0.0565848697378616
1310.7026	0.0567494926874885
1309.2856	0.0557227917318012
1307.8686	0.055408288606323
1306.4516	0.0553508953446238
1305.0347	0.0552924789026137
1303.6177	0.0557962445490116
1302.2007	0.0556715735171233
1300.7837	0.0562514414977361
1299.3668	0.0557166684672154
1297.9498	0.0554913294351227
1296.5328	0.0567486870949274
1295.1158	0.0562721926142242
1293.6989	0.0555551393484773
1292.2819	0.0563703582244221
1290.8649	0.0563134903431789
1289.4479	0.0553604657803212
1288.031	0.0555681235413837
1286.614	0.0561232412781185
1285.197	0.0571787043964952
1283.78	0.056305371436212
1282.3631	0.0574094783729746
1280.9461	0.0579065542039473
1279.5291	0.058069543811309
1278.1121	0.0584100684412808
1276.6952	0.0598340616923459
1275.2782	0.0595469435743485
1273.8612	0.0605227342132873
1272.4442	0.0603293897975984
1271.0273	0.0613396497079333
1269.6103	0.060917777989411
1268.1933	0.0610992442786387
1266.7763	0.0604561700955089
1265.3593	0.0610064663180158
1263.9424	0.0600021359000924
1262.5254	0.0604394355327196
1261.1084	0.0595274321704971
1259.6914	0.0597456045803784
1258.2745	0.0596222059979778
1256.8575	0.0609550190563593
1255.4405	0.0601824139174574
1254.0235	0.0594780672531703
1252.6066	0.0602054774220451
1251.1896	0.0602819856960825
1249.7726	0.0587541771754999
1248.3556	0.0596643295376816
1246.9387	0.0589500748475031
1245.5217	0.0584782420087137
1244.1047	0.058484930064801
1242.6877	0.0588760372031268
1241.2708	0.0589410994152004
1239.8538	0.0587808525139695
1238.4368	0.0590930241138003
1237.0198	0.0587401295541184
1235.6029	0.0594073453906214
1234.1859	0.0595694371863899
1232.7689	0.0589907123482666
1231.3519	0.0598137874058843
1229.935	0.0592788514472867
1228.518	0.0579916552573584
1227.101	0.05735455037808
1225.684	0.0556451364950926
1224.2671	0.0551097206837925
1222.8501	0.0547890232128246
1221.4331	0.054312374729868
1220.0161	0.0534128079852541
1218.5991	0.0528713943272332
1217.1822	0.0518866025431282
1215.7652	0.052332814290584
1214.3482	0.0512369522878457
1212.9312	0.0514628565633286
1211.5143	0.0513412562143933
1210.0973	0.0515411047687241
1208.6803	0.0504240710874345
1207.2633	0.0514641970214202
1205.8464	0.0488848097777447
1204.4294	0.04898618363058
1203.0124	0.0496384466512569
1201.5954	0.0489552602227955
1200.1785	0.0479860425384811
1198.7615	0.0472724291221632
1197.3445	0.0479750951934988
1195.9275	0.0467032015926058
1194.5106	0.0457409655276714
1193.0936	0.0453824774828561
1191.6766	0.0445254328983311
1190.2596	0.044281413044437
1188.8427	0.0425069334676132
1187.4257	0.0426980074313126
1186.0087	0.0424317038065862
1184.5917	0.0421052341307085
1183.1748	0.0419846533653092
1181.7578	0.0418816980701051
1180.3408	0.0415673409928624
1178.9238	0.0425643422793914
1177.5069	0.0432876851624106
1176.0899	0.043490176335094
1174.6729	0.0439753380198235
1173.2559	0.0457885834158139
1171.8389	0.0455364830279682
1170.422	0.0483133910403986
1169.005	0.0493879069412046
1167.588	0.0518210425005599
1166.171	0.0541425353284737
1164.7541	0.0559635955331968
1163.3371	0.0594331283584025
1161.9201	0.0617975402242845
1160.5031	0.0662868994164028
1159.0862	0.068395866463433
1157.6692	0.0724114332760562
1156.2522	0.0742865898323284
1154.8352	0.0773965024512879
1153.4183	0.0785092229968205
1152.0013	0.080584976816814
1150.5843	0.0821030428795443
1149.1673	0.0830380813252562
1147.7504	0.0839658909596749
1146.3334	0.0825674131565455
1144.9164	0.0840285935192664
1143.4994	0.0826180571199634
1142.0825	0.0816168445725494
1140.6655	0.0807560249791774
1139.2485	0.0793504462586798
1137.8315	0.0787194312605247
1136.4146	0.0774674193601372
1134.9976	0.0765397531355031
1133.5806	0.0760517535623789
1132.1636	0.0759081556979427
1130.7467	0.0757540689392398
1129.3297	0.0758462331864251
1127.9127	0.0762296435531245
1126.4957	0.0769774731004964
1125.0787	0.0770224612278706
1123.6618	0.0780104873100664
1122.2448	0.0781015512212625
1120.8278	0.0785603099187343
1119.4108	0.0783352811312616
1117.9939	0.078720306609828
1116.5769	0.0797385723370842
1115.1599	0.0783100008056489
1113.7429	0.0799267320324346
1112.326	0.0801497474429929
1110.909	0.0801762614387552
1109.492	0.081798717323875
1108.075	0.0819458747016227
1106.6581	0.0823723722834809
1105.2411	0.0825261045782712
1103.8241	0.0847274213034653
1102.4071	0.0847989273495311
1100.9902	0.0849401866493261
1099.5732	0.0862570214993081
1098.1562	0.0859663728180556
1096.7392	0.0866346560557572
1095.3223	0.0878978444890843
1093.9053	0.0868054809199103
1092.4883	0.0877415835952829
1091.0713	0.0881365799278919
1089.6544	0.0910002670770283
1088.2374	0.092308901789211
1086.8204	0.0959987434655291
1085.4034	0.0978882246258671
1083.9865	0.100924701431358
1082.5695	0.103529166499623
1081.1525	0.106422723629499
1079.7355	0.108315475674397
1078.3185	0.110665097122972
1076.9016	0.111419424024213
1075.4846	0.112054529824716
1074.0676	0.111641298107466
1072.6506	0.110306275260145
1071.2337	0.107971858260357
1069.8167	0.105728952281823
1068.3997	0.103843951824236
1066.9827	0.102046229030479
1065.5658	0.10281745333332
1064.1488	0.102415885887359
1062.7318	0.102854795204057
1061.3148	0.103356351048378
1059.8979	0.105276911008446
1058.4809	0.10673518839643
1057.0639	0.108086884898249
1055.6469	0.110621392967868
1054.23	0.112307320708179
1052.813	0.114876360171233
1051.396	0.116552993645786
1049.979	0.119250967343546
1048.5621	0.120570643291603
1047.1451	0.123136990581207
1045.7281	0.125557465337124
1044.3111	0.12811185288074
1042.8942	0.129188451128156
1041.4772	0.132939259859104
1040.0602	0.134468736846643
1038.6432	0.136396258307769
1037.2263	0.138500190721471
1035.8093	0.14135428131659
1034.3923	0.143037523317654
1032.9753	0.145277370579381
1031.5583	0.148171495067179
1030.1414	0.150505176078604
1028.7244	0.152468844139049
1027.3074	0.155923137518184
1025.8904	0.158791783145415
1024.4735	0.161076849837597
1023.0565	0.162459702595678
1021.6395	0.165006685398436
1020.2225	0.167492653000343
1018.8056	0.168775640308281
1017.3886	0.171168699866202
1015.9716	0.17234332440134
1014.5546	0.171971753590408
1013.1377	0.172421632354409
1011.7207	0.173781577817977
1010.3037	0.173066985148466
1008.8867	0.173354422884517
1007.4698	0.174230283377174
1006.0528	0.174341263199369
1004.6358	0.174394612299402
1003.2188	0.174990760170587
1001.8019	0.176005642640123
1000.3849	0.177052142027677
998.9679	0.177419269772461
997.5509	0.178579986339782
996.134	0.178808957539605
994.717	0.181122943412067
993.3	0.180474542573165
991.883	0.181826087087811
990.4661	0.180643882018271
989.0491	0.181554807236374
987.6321	0.179918167399534
986.2151	0.179754989146257
984.7981	0.177402937412608
983.3812	0.17585223158553
981.9642	0.173420400079756
980.5472	0.170679850078386
979.1302	0.167392108604812
977.7133	0.164974740205248
976.2963	0.162183261063347
974.8793	0.159614885721775
973.4623	0.156087032870105
972.0454	0.152143569670955
970.6284	0.149135250400048
969.2114	0.145754687882403
967.7944	0.142238338745847
966.3775	0.140116218600144
964.9605	0.136041604494513
963.5435	0.133277411938285
962.1265	0.130266641757639
960.7096	0.126826643820357
959.2926	0.123994624261669
957.8756	0.122201337106658
956.4586	0.118528970280262
955.0417	0.116854245612628
953.6247	0.114259074659424
952.2077	0.112045208304155
950.7907	0.109742604914552
949.3738	0.107495735804476
947.9568	0.106875118915078
946.5398	0.10626036153468
945.1228	0.105825437001651
943.7059	0.10414289418889
942.2889	0.104311009306075
940.8719	0.104336573322088
939.4549	0.105005693574219
938.0379	0.104772502678479
936.621	0.10515720843096
935.204	0.105638092591197
933.787	0.105725946116111
932.37	0.106238793414919
930.9531	0.105327823140138
929.5361	0.106845093065609
928.1191	0.106591811420809
926.7021	0.105417431488138
925.2852	0.105054350629154
923.8682	0.105426221240045
922.4512	0.104685673459079
921.0342	0.102899326284277
919.6173	0.103100905537264
918.2003	0.103066917830231
916.7833	0.102330808114178
915.3663	0.102452401651066
913.9494	0.100910156525628
912.5324	0.100511027746657
911.1154	0.099217299949936
909.6984	0.0993253777671811
908.2815	0.0980245343354267
906.8645	0.0962632155677686
905.4475	0.0954286150125585
904.0305	0.0949720404000187
902.6136	0.0937746520473065
901.1966	0.0925404024802793
899.7796	0.091062604348272
898.3626	0.0913861011721178
896.9457	0.0902827790412921
895.5287	0.0903328910292085
894.1117	0.0893985199443519
892.6947	0.0887931697513326
891.2777	0.0886456742797403
889.8608	0.0876976866941104
888.4438	0.0872070054384206
887.0268	0.0869145387625045
885.6098	0.0850015729778156
884.1929	0.0840048634981654
882.7759	0.083779545294805
881.3589	0.0830110629774363
879.9419	0.081169123854723
878.525	0.0805865434731606
877.108	0.0809841340935691
875.691	0.0803638306701375
874.274	0.0806509028330933
872.8571	0.0814522279243339
871.4401	0.0814190727282162
870.0231	0.0821017632409446
868.6061	0.0822253036824592
867.1892	0.0824968957400304
865.7722	0.0827007315518879
864.3552	0.0840406249737861
862.9382	0.0852625426790745
861.5213	0.0844215128337318
860.1043	0.0851119604034438
858.6873	0.0847960574646843
857.2703	0.0858208954984469
855.8534	0.0863646161827197
854.4364	0.0853630173406811
853.0194	0.0867482266914424
851.6024	0.0863241525266523
850.1855	0.0856917228796507
848.7685	0.0861816264315182
847.3515	0.0854014509484698
845.9345	0.0860842254951694
844.5175	0.0865697343258299
843.1006	0.0865497790207801
841.6836	0.0854238471303871
840.2666	0.0861462001581199
838.8496	0.0843963562220602
837.4327	0.0842931683108916
836.0157	0.0839554873543923
834.5987	0.0839201089782403
833.1817	0.0824900163054916
831.7648	0.0814624061358671
830.3478	0.0817640280145583
828.9308	0.0801988918255982
827.5138	0.0807803958676932
826.0969	0.0800076438189135
824.6799	0.0802083853312801
823.2629	0.0797463691755561
821.8459	0.0789480276443113
820.429	0.0783278117498975
819.012	0.0785286972087407
817.595	0.0780431270849332
816.178	0.0784941026928521
814.7611	0.0785175878324671
813.3441	0.0781029971851342
811.9271	0.076967006350732
810.5101	0.0773040336618757
809.0932	0.0769099375042466
807.6762	0.0765248324416279
806.2592	0.0762424804014506
804.8422	0.0754399834913283
803.4253	0.0761398405589611
802.0083	0.0765478220767958
800.5913	0.0765672171278908
799.1743	0.0761255268191517
797.7573	0.0755948423783794
796.3404	0.0764611989667229
794.9234	0.0764032192634301
793.5064	0.0766076675212129
792.0894	0.0764351558072415
790.6725	0.0766845785511037
789.2555	0.0780193317101062
787.8385	0.0775594364475074
786.4215	0.0775598528606108
785.0046	0.0788846533825858
783.5876	0.0790006701345981
782.1706	0.0788562144324028
780.7536	0.0796080572555397
779.3367	0.0799365452490862
777.9197	0.0801996906390507
776.5027	0.0813488485226458
775.0857	0.0813282391252891
773.6688	0.082697051484066
772.2518	0.0849082155220648
770.8348	0.0856440611956905
769.4178	0.0878320069434107
768.0009	0.0868043353150563
766.5839	0.0882087526476275
765.1669	0.0884893957569499
763.7499	0.0898678006828102
762.333	0.0892518341245713
760.916	0.0901972363189525
759.499	0.0901456643574319
758.082	0.0899572881699674
756.6651	0.0899547282081203
755.2481	0.0894076154183617
753.8311	0.0897392744270123
752.4141	0.0888263489890061
750.9971	0.0877977332748859
749.5802	0.0876346858703303
748.1632	0.0864513642660175
746.7462	0.0851516173205126
745.3292	0.0842712886151157
743.9123	0.0837173370640173
742.4953	0.0836056777658615
741.0783	0.0828227754122863
739.6613	0.0827017617099924
738.2444	0.0829088274790784
736.8274	0.0831419137757467
735.4104	0.0824148609125901
733.9934	0.0842817276415863
732.5765	0.0832280124915084
731.1595	0.0838299191108709
729.7425	0.0836308730646824
728.3255	0.0842385586221717
726.9086	0.0844899102878879
725.4916	0.084439900771698
724.0746	0.0849764287830461
722.6576	0.0853648342382609
721.2407	0.0863416705733775
719.8237	0.0871812868745215
718.4067	0.0882707694177003
716.9897	0.0898072741011276
715.5728	0.0901525034808596
714.1558	0.0905391029289384
712.7388	0.090736834624882
711.3218	0.0915065778702405
709.9049	0.0928733592216626
708.4879	0.0940614097631072
707.0709	0.0945517800649077
705.6539	0.0947175304796136
704.2369	0.0952545042573369
702.82	0.0959797413696021
701.403	0.0956897636082305
699.986	0.094689007807352
698.569	0.0944523123724402
697.1521	0.0947510771294364
695.7351	0.0943998998217015
694.3181	0.0935073298263459
692.9011	0.0931733285666426
691.4842	0.0930083606317856
690.0672	0.0937689899990716
688.6502	0.0942323012787329
687.2332	0.0929882578234606
685.8163	0.0935976161195363
684.3993	0.0933478947000659
682.9823	0.093025523351475
681.5653	0.0931095069731454
680.1484	0.0943790893931681
678.7314	0.0939157388188809
677.3144	0.0942012833554313
675.8974	0.0952263650946318
674.4805	0.0949078851579934
673.0635	0.0947126343050068
671.6465	0.0946728023685145
670.2295	0.0949739498307203
668.8126	0.0965199906918553
667.3956	0.0972917894549726
665.9786	0.0975237962824747
664.5616	0.0970543118158725
663.1447	0.0979750498498486
661.7277	0.0980697329602049
660.3107	0.0982377931603463
658.8937	0.0983204589917877
657.4767	0.0996362842437378
656.0598	0.0995027318098366
654.6428	0.0993921958132992
653.2258	0.0984950686243324
651.8088	0.0992896703507606
650.3919	0.100925036854972
648.9749	0.100502253723071
647.5579	0.101754801771871
646.1409	0.100865994143778
644.724	0.101684174488199
643.307	0.101793888251908
641.89	0.101743196376592
640.473	0.10170197782316
639.0561	0.101385004597265
637.6391	0.101546204832123
636.2221	0.10301183992223
634.8051	0.102786726234812
633.3882	0.103821069371679
631.9712	0.103499124360011
630.5542	0.103835568757928
629.1372	0.104454944224632
627.7203	0.104267403620578
626.3033	0.105698170650088
624.8863	0.106849146577973
623.4693	0.107585534074328
622.0524	0.108378768593014
620.6354	0.109123409313199
619.2184	0.111742385139988
617.8014	0.110564176385899
616.3845	0.111930980453396
614.9675	0.111910095994716
613.5505	0.114034955734306
612.1335	0.114808967246704
610.7165	0.116342105291151
609.2996	0.117239836366666
607.8826	0.117207451177363
606.4656	0.118833771000486
605.0486	0.119069483099954
603.6317	0.118634510529892
602.2147	0.119073267295778
600.7977	0.11971682781353
599.3807	0.11866811661669
597.9638	0.118453729490807
596.5468	0.118396384148774
595.1298	0.119485309301701
593.7128	0.120262668328381
592.2959	0.120526407000091
590.8789	0.121602890610323
589.4619	0.121548677175877
588.0449	0.121404681783706
586.628	0.122429726883691
585.211	0.123701727673653
583.794	0.125492576284011
582.377	0.127267802455728
580.9601	0.12849550149596
579.5431	0.130546951767977
578.1261	0.13272522344749
576.7091	0.134046265101655
575.2922	0.136836510840637
573.8752	0.137007123273529
572.4582	0.136516818773832
571.0412	0.137575731865125
569.6243	0.137311600406349
568.2073	0.137664599472063
566.7903	0.136828977572708
565.3733	0.135249635765148
563.9563	0.13498557925012
562.5394	0.133746778117954
561.1224	0.133103542888186
559.7054	0.133281594536987
558.2884	0.133871108647752
556.8715	0.133362972416924
555.4545	0.133664336433538
554.0375	0.13210831998972
552.6205	0.132700488946374
551.2036	0.131189908359706
549.7866	0.130755241920443
548.3696	0.130168943537403
546.9526	0.129933181904053
545.5357	0.12984025115071
544.1187	0.129975847329649
542.7017	0.130374455119012
541.2847	0.130140364336063
539.8678	0.132202716082959
538.4508	0.13268223916893
537.0338	0.132699266945673
535.6168	0.13551011727438
534.1999	0.135240300062233
532.7829	0.136344308777316
531.3659	0.136615671012696
529.9489	0.138431788637649
528.532	0.139564014640756
527.115	0.140846838545428
525.698	0.141241647990982
524.281	0.142539220683006
522.8641	0.143447908687709
521.4471	0.143158259054295
520.0301	0.145002570178171
518.6131	0.146041773056951
517.1962	0.14410371796758
515.7792	0.143925739495552
514.3622	0.143276090781068
512.9452	0.143418993208505
511.5282	0.143077432922266
510.1113	0.142077818463284
508.6943	0.141777518177141
507.2773	0.141257316282092
505.8603	0.141074287295717
504.4434	0.141598121342131
503.0264	0.140930671835105
501.6094	0.141135809494816
500.1924	0.140971397636877
498.7755	0.14132250639121
497.3585	0.140544677861645
495.9415	0.139833528994792
494.5245	0.139932836343277
493.1076	0.140471918025167
491.6906	0.139722738565028
490.2736	0.139914924611067
488.8566	0.140210138682525
487.4397	0.139812966240342
486.0227	0.14061706893119
484.6057	0.140797242582484
483.1887	0.141088822181147
481.7718	0.141302373643438
480.3548	0.140685115612484
478.9378	0.140359977925332
477.5208	0.140071699195182
476.1039	0.14064452179607
474.6869	0.140508563196333
473.2699	0.139769854255291
471.8529	0.139282719119592
470.436	0.139309440790115
469.019	0.139031434743179
467.602	0.13999086863663
466.185	0.140485917954064
464.768	0.13918674920196
463.3511	0.140951915533526
461.9341	0.140130524204545
460.5171	0.138988994655067
459.1001	0.137175342379374
457.6832	0.136638453361119
456.2662	0.13722463185352
454.8492	0.137514804827586
453.4322	0.139035333531355
452.0153	0.139192831546712
450.5983	0.138712632696147
449.1813	0.137585810141685
447.7643	0.137345572786927
446.3474	0.137380451212336
444.9304	0.139327314896888
443.5134	0.142158471175751
442.0964	0.144955802585897
440.6795	0.14597799234356
439.2625	0.146814089356788
437.8455	0.14717192239232
436.4285	0.147388560033159
435.0116	0.149407609775125
433.5946	0.151008830361669
432.1776	0.151192197092442
430.7606	0.15035845744213
429.3437	0.15000721546669
427.9267	0.150263435728636
426.5097	0.15101730878015
425.0927	0.151038766000421
423.6758	0.151611838615331
422.2588	0.150727670832437
420.8418	0.15037061465638
419.4248	0.149622334232496
418.0078	0.149316329713079
416.5909	0.149822851752999
415.1739	0.149513312688678
413.7569	0.149238263593709
412.3399	0.148820578062879
410.923	0.150104022382806
409.506	0.15206220709197
408.089	0.152472111275365
406.672	0.151849038023389
405.2551	0.151159591613174
403.8381	0.151919156012002
402.4211	0.153140605954694
401.0041	0.153476240867022
