3994.4546	0.0233884080953904
3993.0377	0.0221511335570604
3991.6207	0.0231415084864659
3990.2037	0.0224103228105315
3988.7867	0.0224921677825806
3987.3698	0.0222889792170494
3985.9528	0.0219283929192674
3984.5358	0.0227745625161578
3983.1188	0.0216282800198619
3981.7019	0.0224207729939217
3980.2849	0.0225669600487748
3978.8679	0.0230854452185372
3977.4509	0.0218269263666719
3976.034	0.022249696539613
3974.617	0.0236231912001185
3973.2	0.0224918450875714
3971.783	0.0220615539554897
3970.3661	0.0227518239310605
3968.9491	0.0236253626583431
3967.5321	0.0233261721688542
3966.1151	0.0221443069367576
3964.6982	0.0225145473435277
3963.2812	0.0218650642333577
3961.8642	0.0238658567893771
3960.4472	0.0228032627536787
3959.0303	0.0211588454991091
3957.6133	0.0225327695267198
3956.1963	0.0226522731696762
3954.7793	0.0220980495380352
3953.3624	0.0233368124370996
3951.9454	0.0226738945385221
3950.5284	0.0229137943098461
3949.1114	0.0226882427358715
3947.6944	0.0225179770333719
3946.2775	0.0223283134035507
3944.8605	0.022701796012919
3943.4435	0.0223713395753634
3942.0265	0.022800738719172
3940.6096	0.0226127153370137
3939.1926	0.0227041600687133
3937.7756	0.0224831943225045
3936.3586	0.0221259755337849
3934.9417	0.0221010051538857
3933.5247	0.0220427585318219
3932.1077	0.0218360468470593
3930.6907	0.0223393638857167
3929.2738	0.0217244885556885
3927.8568	0.0223891449678702
3926.4398	0.0224464210457159
3925.0228	0.0223875658567122
3923.6059	0.0219616361283787
3922.1889	0.0216548004799663
3920.7719	0.0214370244440335
3919.3549	0.0224497043836798
3917.938	0.0224344473008588
3916.521	0.023126316721933
3915.104	0.0215558110801586
3913.687	0.0219664474618913
3912.2701	0.0229690189523308
3910.8531	0.0220335128527448
3909.4361	0.0214562258716411
3908.0191	0.0224743735803379
3906.6022	0.0222002834650294
3905.1852	0.0217480907642976
3903.7682	0.0215184049310262
3902.3512	0.0217476375477906
3900.9342	0.0221920842316951
3899.5173	0.0228570497098553
3898.1003	0.0222997114215444
3896.6833	0.0223310246028661
3895.2663	0.0212919490423754
3893.8494	0.0221571229467832
3892.4324	0.0221743703398697
3891.0154	0.0225210822106032
3889.5984	0.0214703758272227
3888.1815	0.021905588575705
3886.7645	0.0222525905204792
3885.3475	0.022680260321858
3883.9305	0.0219728160567358
3882.5136	0.0219611930692644
3881.0966	0.0220286197745415
3879.6796	0.0209265147189612
3878.2626	0.0225034939501156
3876.8457	0.0213205396347775
3875.4287	0.0218931586752926
3874.0117	0.0217386985877978
3872.5947	0.0216130651037072
3871.1778	0.0224640920177422
3869.7608	0.0221709674754066
3868.3438	0.0214204436875784
3866.9268	0.0218940897863476
3865.5099	0.0215717221449825
3864.0929	0.0221728271958603
3862.6759	0.0215236743691827
3861.2589	0.0228649519875029
3859.842	0.0214321817455858
3858.425	0.0226674777777124
3857.008	0.0218310312570208
3855.591	0.0221321981948463
3854.174	0.0227107380957082
3852.7571	0.0215363579707624
3851.3401	0.0220963170158516
3849.9231	0.0228079748334679
3848.5061	0.0219820086555573
3847.0892	0.0219201563290539
3845.6722	0.0219313274597724
3844.2552	0.0224333004629559
3842.8382	0.0213185608153644
3841.4213	0.0213632816390921
3840.0043	0.0215060170377081
3838.5873	0.021866631508103
3837.1703	0.0232235651153881
3835.7534	0.0219001724398273
3834.3364	0.0212075253786638
3832.9194	0.0228129154924832
3831.5024	0.0215086409988694
3830.0855	0.0219401773955781
3828.6685	0.0212662389034019
3827.2515	0.0212309736951901
3825.8345	0.0216139276918085
3824.4176	0.0220768455865803
3823.0006	0.022132244161836
3821.5836	0.0226300262790411
3820.1666	0.0224824922563656
3818.7497	0.0217349820519271
3817.3327	0.021948041164073
3815.9157	0.021738071600717
3814.4987	0.0217755958836573
3813.0818	0.0215452781151139
3811.6648	0.0218217179841821
3810.2478	0.0214927540204627
3808.8308	0.0211321153336195
3807.4138	0.0213155728725732
3805.9969	0.021828338938054
3804.5799	0.021049176523443
3803.1629	0.0215674062326306
3801.7459	0.0211802172526393
3800.329	0.0214400387184006
3798.912	0.0215990009589523
3797.495	0.0217598208701758
3796.078	0.0209065417286144
3794.6611	0.0214021662989099
3793.2441	0.0217767405510941
3791.8271	0.0215156698614314
3790.4101	0.0214801324673114
3788.9932	0.0208984413176903
3787.5762	0.0206966810379366
3786.1592	0.0216800478717448
3784.7422	0.0206086281216131
3783.3253	0.0215653371105057
3781.9083	0.0208639127212683
3780.4913	0.0214373162655387
3779.0743	0.0211122929754705
3777.6574	0.0212729644774274
3776.2404	0.0210295765511305
3774.8234	0.0216122004599358
3773.4064	0.0206552889856077
3771.9895	0.0214612467907136
3770.5725	0.021494075914437
3769.1555	0.0211046816006601
3767.7385	0.0211436764864284
3766.3216	0.020209885567943
3764.9046	0.0199722438006305
3763.4876	0.0218061498185307
3762.0706	0.0193474183813274
3760.6536	0.0209898274787001
3759.2367	0.020909109555356
3757.8197	0.021395445472637
3756.4027	0.0204951130403103
3754.9857	0.0212642523500431
3753.5688	0.0215288772839129
3752.1518	0.0208070964496461
3750.7348	0.0206308501155386
3749.3178	0.0210454159625496
3747.9009	0.0217108375023726
3746.4839	0.0208402712402902
3745.0669	0.0217462945140385
3743.6499	0.0217476463005146
3742.233	0.0209988287897497
3740.816	0.0205376242333321
3739.399	0.021810403552146
3737.982	0.0202609872334821
3736.5651	0.0206132246891087
3735.1481	0.0210831108040941
3733.7311	0.021150966116192
3732.3141	0.0225275960760256
3730.8972	0.0208511934907737
3729.4802	0.0207155690459619
3728.0632	0.0193559578603031
3726.6462	0.0206282986726409
3725.2293	0.0210099891629075
3723.8123	0.0214075337492956
3722.3953	0.020803786581867
3720.9783	0.0203548850055105
3719.5614	0.0200006177459336
3718.1444	0.0203997507263815
3716.7274	0.0198058660686643
3715.3104	0.021344496933622
3713.8935	0.0196916745942671
3712.4765	0.0212264585827512
3711.0595	0.0208727936679391
3709.6425	0.0213363279629562
3708.2255	0.0204807589840039
3706.8086	0.0206751652031642
3705.3916	0.0198849128625604
3703.9746	0.0200442233638812
3702.5576	0.0206856108256598
3701.1407	0.0197221399715766
3699.7237	0.0197963260403272
3698.3067	0.0203885091356026
3696.8897	0.0204217996290045
3695.4728	0.0201421095313665
3694.0558	0.0197259573248034
3692.6388	0.0195026527588354
3691.2218	0.0205904693239014
3689.8049	0.019732520226068
3688.3879	0.0199418445206943
3686.9709	0.0200709407527034
3685.5539	0.0206281389821833
3684.137	0.0202917537127181
3682.72	0.0206920459445023
3681.303	0.0190687708098029
3679.886	0.0194893642469706
3678.4691	0.0194517503929776
3677.0521	0.0208441933535476
3675.6351	0.019981592616534
3674.2181	0.0199691528728089
3672.8012	0.020154098088772
3671.3842	0.0200836498190402
3669.9672	0.0199938256328311
3668.5502	0.019935416742363
3667.1333	0.0199512223744623
3665.7163	0.0204241938716956
3664.2993	0.0196229688532523
3662.8823	0.0200636625657067
3661.4653	0.0193913591450715
3660.0484	0.0212550468887246
3658.6314	0.0198938347672379
3657.2144	0.0211301357370934
3655.7974	0.020397132976281
3654.3805	0.0205378862394431
3652.9635	0.019743425289824
3651.5465	0.0212056359402725
3650.1295	0.0200744831299464
3648.7126	0.0206574058638188
3647.2956	0.0207483827253042
3645.8786	0.0213502912115201
3644.4616	0.0214604661930343
3643.0447	0.0206965448723122
3641.6277	0.0206118251321019
3640.2107	0.0204418936888326
3638.7937	0.0197131106715327
3637.3768	0.0211617085071083
3635.9598	0.0214837305626442
3634.5428	0.0211441732760998
3633.1258	0.0209124639868016
3631.7089	0.0207568498917354
3630.2919	0.0217995763842252
3628.8749	0.0217601562116125
3627.4579	0.0216105695543839
3626.041	0.0213266497729617
3624.624	0.0214474840287794
3623.207	0.0212062584587369
3621.79	0.0217423390408395
3620.3731	0.0216768534761873
3618.9561	0.0238582859187905
3617.5391	0.0228521631802248
3616.1221	0.0221725713887807
3614.7051	0.0224693190411508
3613.2882	0.0224626138624654
3611.8712	0.022875185561901
3610.4542	0.0229230213634597
3609.0372	0.0219678917089352
3607.6203	0.0234196966385479
3606.2033	0.0226567957095835
3604.7863	0.0228347041856352
3603.3693	0.0221784425488892
3601.9524	0.0231511306771093
3600.5354	0.0235445784366692
3599.1184	0.023458037503394
3597.7014	0.0241553711031939
3596.2845	0.0242415125599287
3594.8675	0.0236691211364801
3593.4505	0.0248670316606445
3592.0335	0.0251909088548636
3590.6166	0.0249354569080066
3589.1996	0.0246887509633618
3587.7826	0.0254750799237085
3586.3656	0.0261448605256711
3584.9487	0.0267754731444847
3583.5317	0.026246445167608
3582.1147	0.0272438527033401
3580.6977	0.0261267644386027
3579.2808	0.0276965100339472
3577.8638	0.0270864197891257
3576.4468	0.027268487815835
3575.0298	0.0263485808726902
3573.6129	0.0279020414397159
3572.1959	0.0277240213095517
3570.7789	0.0277862175685298
3569.3619	0.0282558556871178
3567.9449	0.0285652322989155
3566.528	0.0288958098023449
3565.111	0.0292257281619452
3563.694	0.0286876882505629
3562.277	0.0300854366636876
3560.8601	0.0301151173671616
3559.4431	0.0299213483371075
3558.0261	0.0306547173434153
3556.6091	0.0317614469825823
3555.1922	0.0295209557046076
3553.7752	0.0304479663267876
3552.3582	0.0321011420861291
3550.9412	0.0307913465970469
3549.5243	0.0324116227911045
3548.1073	0.0315658605506561
3546.6903	0.0336627974613438
3545.2733	0.0328158823711039
3543.8564	0.0332298166676307
3542.4394	0.0345928406557988
3541.0224	0.0340547470608846
3539.6054	0.0342429599544278
3538.1885	0.0355038564502537
3536.7715	0.0356697788779591
3535.3545	0.0356805731037262
3533.9375	0.0349432208738687
3532.5206	0.0356202515444237
3531.1036	0.0352339087594006
3529.6866	0.0369337546876665
3528.2696	0.0363518053204424
3526.8527	0.0374510336659726
3525.4357	0.0372863974754358
3524.0187	0.0375025908922093
3522.6017	0.0373719505913863
3521.1847	0.0382404317725223
3519.7678	0.0380180814240483
3518.3508	0.0386230987663464
3516.9338	0.0391395787390041
3515.5168	0.0391773808847697
3514.0999	0.0398794166752686
3512.6829	0.0398841971545803
3511.2659	0.0414952591123134
3509.8489	0.0401768267981223
3508.432	0.0407678603780344
3507.015	0.0423060975307996
3505.598	0.0409649751495838
3504.181	0.0414874841011445
3502.7641	0.0428452008526136
3501.3471	0.0424931936330769
3499.9301	0.0419395807058407
3498.5131	0.0429801406504528
3497.0962	0.0425207213741347
3495.6792	0.0427430101394162
3494.2622	0.043908641140221
3492.8452	0.044596663685794
3491.4283	0.0443798212358521
3490.0113	0.0460031634762258
3488.5943	0.0449366819152235
3487.1773	0.0463804226223079
3485.7604	0.0469942258690208
3484.3434	0.0467222269911591
3482.9264	0.0464689371335769
3481.5094	0.0468298341287575
3480.0925	0.0471866762349346
3478.6755	0.0470631524074085
3477.2585	0.0477536660930853
3475.8415	0.046509916821866
3474.4245	0.0486908551706896
3473.0076	0.0489080636064478
3471.5906	0.0486625570393321
3470.1736	0.0488660723803678
3468.7566	0.0487789137079695
3467.3397	0.0496626146035725
3465.9227	0.0499318916407638
3464.5057	0.0498986421039347
3463.0887	0.0502052658030291
3461.6718	0.0505497104505274
3460.2548	0.0517344516003299
3458.8378	0.0518758401750068
3457.4208	0.0520423357903218
3456.0039	0.0517282776829007
3454.5869	0.0519848150020113
3453.1699	0.0519856987608714
3451.7529	0.0527965531728835
3450.336	0.0529984641605584
3448.919	0.052957750210931
3447.502	0.0540235062448796
3446.085	0.0542488952497427
3444.6681	0.0542462616573744
3443.2511	0.0558641342191255
3441.8341	0.0544586246324422
3440.4171	0.0551177710871514
3439.0002	0.0552910369498765
3437.5832	0.0565723129501088
3436.1662	0.0564204509174498
3434.7492	0.0567772864893779
3433.3323	0.0562487026467195
3431.9153	0.0561562633101429
3430.4983	0.0568167516516784
3429.0813	0.0577344226378466
3427.6643	0.056970773820676
3426.2474	0.0581232389452471
3424.8304	0.0584215018701522
3423.4134	0.0572716214722814
3421.9964	0.0579499235827621
3420.5795	0.0587454313826732
3419.1625	0.0597550479054169
3417.7455	0.0601115521168458
3416.3285	0.0602910057977308
3414.9116	0.0596800469155445
3413.4946	0.0594716019539153
3412.0776	0.0608892063968451
3410.6606	0.0602982900896696
3409.2437	0.0603518215011341
3407.8267	0.0601603990115226
3406.4097	0.0613916372208774
3404.9927	0.0619782075533486
3403.5758	0.0608410456738422
3402.1588	0.0621762216018925
3400.7418	0.0622049859420975
3399.3248	0.061936390030441
3397.9079	0.0618639216454709
3396.4909	0.062755836933275
3395.0739	0.0635403951352795
3393.6569	0.062582852608276
3392.24	0.0628701867658348
3390.823	0.0639412036283241
3389.406	0.0643772311906985
3387.989	0.0644016907198984
3386.5721	0.0649912884432993
3385.1551	0.0647006453342089
3383.7381	0.0648877189852303
3382.3211	0.0654450932324822
3380.9041	0.0653223825466705
3379.4872	0.0652265523383257
3378.0702	0.0657701823488203
3376.6532	0.0662192712084305
3375.2362	0.0670691268008618
3373.8193	0.0661025170692667
3372.4023	0.0658427670481573
3370.9853	0.0669191550485604
3369.5683	0.0670031652531094
3368.1514	0.0676524164094719
3366.7344	0.0669569699535845
3365.3174	0.0660868974071431
3363.9004	0.068354721758685
3362.4835	0.0684308619610368
3361.0665	0.0666064918069998
3359.6495	0.0677729935878585
3358.2325	0.0675503446179838
3356.8156	0.0689618908993408
3355.3986	0.0685178881912535
3353.9816	0.0686068551702427
3352.5646	0.0694951440083363
3351.1477	0.0693406579955907
3349.7307	0.0693469282112442
3348.3137	0.0695532012519213
3346.8967	0.0698347558801922
3345.4798	0.069284334821049
3344.0628	0.0702844178007606
3342.6458	0.0695208609677465
3341.2288	0.0698466268659841
3339.8119	0.0691962462046695
3338.3949	0.069727278392129
3336.9779	0.069900575550562
3335.5609	0.0698843829090654
3334.1439	0.0702151288357771
3332.727	0.0705085972155045
3331.31	0.0699141153489796
3329.893	0.0702677971324103
3328.476	0.0711508116989007
3327.0591	0.070914824138969
3325.6421	0.0708726566238995
3324.2251	0.0712718358818363
3322.8081	0.0701360346587882
3321.3912	0.0717265805013926
3319.9742	0.071716540845294
3318.5572	0.0718933558236514
3317.1402	0.0716290788588102
3315.7233	0.0719489949700612
3314.3063	0.0717721315605519
3312.8893	0.0713871055056462
3311.4723	0.0716879493912538
3310.0554	0.0717376580510477
3308.6384	0.0718999760984736
3307.2214	0.0725092731327255
3305.8044	0.0721534615559978
3304.3875	0.0726631111439976
3302.9705	0.0715261400138196
3301.5535	0.0724120286407819
3300.1365	0.0718727570098739
3298.7196	0.0715339918464255
3297.3026	0.0715524934915866
3295.8856	0.0716787926358893
3294.4686	0.0717452705551774
3293.0517	0.0721590373021078
3291.6347	0.0726311185980647
3290.2177	0.0719106390044591
3288.8007	0.0721620080353777
3287.3837	0.0723502242899317
3285.9668	0.0724855219676166
3284.5498	0.0715515971651254
3283.1328	0.0722803696548534
3281.7158	0.0727300515586026
3280.2989	0.0725879989874393
3278.8819	0.0722178553801244
3277.4649	0.0711301129177196
3276.0479	0.0718003460121021
3274.631	0.0723327057857737
3273.214	0.0726536063933305
3271.797	0.0714659265326965
3270.38	0.0726583826327481
3268.9631	0.0726010157346804
3267.5461	0.0728417583839298
3266.1291	0.0735543272013365
3264.7121	0.0723527579054989
3263.2952	0.0720163016386642
3261.8782	0.0725496513184421
3260.4612	0.072121544698949
3259.0442	0.072531182249152
3257.6273	0.0729631939948057
3256.2103	0.0726126150110297
3254.7933	0.0726988142046612
3253.3763	0.07207672985174
3251.9594	0.0724517782556434
3250.5424	0.073061798113072
3249.1254	0.0717801756791771
3247.7084	0.0723023674685682
3246.2915	0.0731497562477804
3244.8745	0.0717662656060122
3243.4575	0.0721254441991384
3242.0405	0.071998885265094
3240.6235	0.0719902488435137
3239.2066	0.0715570280066991
3237.7896	0.0716515470464472
3236.3726	0.0717174056249617
3234.9556	0.0719366142080049
3233.5387	0.0720764287550989
3232.1217	0.0711707680675117
3230.7047	0.0722478284501781
3229.2877	0.0712927815428144
3227.8708	0.0711151089483998
3226.4538	0.0705530151914089
3225.0368	0.070268774798393
3223.6198	0.0710019983576177
3222.2029	0.0715299640820939
3220.7859	0.0702612078810788
3219.3689	0.070486567017044
3217.9519	0.0714323400929403
3216.535	0.0709269866768448
3215.118	0.0703417553888405
3213.701	0.0699851082012984
3212.284	0.0693110236192573
3210.8671	0.0696191744655538
3209.4501	0.0700081879264072
3208.0331	0.070085783199266
3206.6161	0.069647091812063
3205.1992	0.0704551251659335
3203.7822	0.0691719606594521
3202.3652	0.0691533823651855
3200.9482	0.0689666239430429
3199.5313	0.0691060209182805
3198.1143	0.0694922047692157
3196.6973	0.0690198631402734
3195.2803	0.0691420902302016
3193.8633	0.0685787502801439
3192.4464	0.0685632916481648
3191.0294	0.0686526231238146
3189.6124	0.0688191361872046
3188.1954	0.0679905599355339
3186.7785	0.0681800991411624
3185.3615	0.0684177657708713
3183.9445	0.0675916726569325
3182.5275	0.0676917827842697
3181.1106	0.0664980822884956
3179.6936	0.0681225010889616
3178.2766	0.0672888228033217
3176.8596	0.0674952712006271
3175.4427	0.0670011048613448
3174.0257	0.0669771746197586
3172.6087	0.0660004983277814
3171.1917	0.0663704079060831
3169.7748	0.066386418407297
3168.3578	0.065288561784609
3166.9408	0.066395172145467
3165.5238	0.0651417025310813
3164.1069	0.0649266801309607
3162.6899	0.0644781084184553
3161.2729	0.0649030931394551
3159.8559	0.0649691838852879
3158.439	0.0646954587877586
3157.022	0.0650870360860415
3155.605	0.0652747508291333
3154.188	0.0640519300556871
3152.7711	0.0640158787260355
3151.3541	0.0647062218042154
3149.9371	0.0630866783713898
3148.5201	0.0637263114196268
3147.1031	0.0632160158886757
3145.6862	0.0630921090391236
3144.2692	0.0631391211269532
3142.8522	0.062445526289855
3141.4352	0.0628498701010591
3140.0183	0.062590784708992
3138.6013	0.061983662289374
3137.1843	0.0618920288523595
3135.7673	0.0620633025975007
3134.3504	0.0624680611833355
3132.9334	0.0626273127327963
3131.5164	0.061328340859287
3130.0994	0.0616621612608134
3128.6825	0.0605238835987658
3127.2655	0.0608034205717073
3125.8485	0.0607378481801459
3124.4315	0.0600765247931996
3123.0146	0.0604903405359394
3121.5976	0.0593927042176149
3120.1806	0.0602241798838495
3118.7636	0.0602832115148951
3117.3467	0.0596743635784591
3115.9297	0.0599403942541233
3114.5127	0.0577643614278616
3113.0957	0.0583590446800308
3111.6788	0.0584173115950498
3110.2618	0.0590043928242679
3108.8448	0.0591054003029733
3107.4278	0.0577506550458589
3106.0109	0.0579196900375373
3104.5939	0.0574374246929926
3103.1769	0.0574233429230226
3101.7599	0.0575681450757667
3100.3429	0.0575838207131581
3098.926	0.0565253572344552
3097.509	0.0567210726278377
3096.092	0.0555926885500385
3094.675	0.0569390650525511
3093.2581	0.0567248630450238
3091.8411	0.0569237977707682
3090.4241	0.0563596960256943
3089.0071	0.0558944198438329
3087.5902	0.0559737223993464
3086.1732	0.0551879245126429
3084.7562	0.0560955098371846
3083.3392	0.0548313707903083
3081.9223	0.0547585062195312
3080.5053	0.0545751845490615
3079.0883	0.0545278075821372
3077.6713	0.0546404918433774
3076.2544	0.0545993483052639
3074.8374	0.0543739869859426
3073.4204	0.0535563700593675
3072.0034	0.0535519362211997
3070.5865	0.0536989501734175
3069.1695	0.0532431870815814
3067.7525	0.053043284507248
3066.3355	0.0520337528571394
3064.9186	0.0529734953452026
3063.5016	0.0531231106197068
3062.0846	0.0533282491331924
3060.6676	0.0526181173214699
3059.2507	0.0528955453318456
3057.8337	0.0520923499142459
3056.4167	0.051753383930361
3054.9997	0.0518403836929096
3053.5827	0.0516801490350814
3052.1658	0.0514388715400799
3050.7488	0.0510689954218162
3049.3318	0.0507080253282907
3047.9148	0.0508026356331352
3046.4979	0.0516822484498824
3045.0809	0.0501244873107588
3043.6639	0.0497970684020082
3042.2469	0.0500509192289393
3040.83	0.0502585118606902
3039.413	0.0491960779409726
3037.996	0.0494959113288014
3036.579	0.0489469212959729
3035.1621	0.0496343254656838
3033.7451	0.049818730534357
3032.3281	0.0492661141955245
3030.9111	0.0479583467961693
3029.4942	0.0484920750733238
3028.0772	0.0481702532258194
3026.6602	0.0480313578781529
3025.2432	0.0476185211721348
3023.8263	0.0485043198499483
3022.4093	0.0478540565816307
3020.9923	0.0470460163214478
3019.5753	0.0474340660507458
3018.1584	0.0468141781900654
3016.7414	0.047965617836102
3015.3244	0.0482047503506628
3013.9074	0.0466635741157185
3012.4905	0.0475768880649171
3011.0735	0.0476003644917084
3009.6565	0.0464231650746981
3008.2395	0.0461223343069882
3006.8225	0.0467956496750428
3005.4056	0.0461368124060307
3003.9886	0.0465182810012032
3002.5716	0.0449082193893629
3001.1546	0.0462874727877468
2999.7377	0.0460194513596821
2998.3207	0.0459187122263009
2996.9037	0.0460593787021262
2995.4867	0.0461263381900997
2994.0698	0.046057440530148
2992.6528	0.0461225188831555
2991.2358	0.046175464385394
2989.8188	0.0457281591007816
2988.4019	0.046640740939362
2986.9849	0.0471454895808494
2985.5679	0.045782207314804
2984.1509	0.045602415772638
2982.734	0.0460728520889697
2981.317	0.046651233108775
2979.9	0.0467005472500371
2978.483	0.0460381397111397
2977.0661	0.0464806499842123
2975.6491	0.0478123476110268
2974.2321	0.046549670070189
2972.8151	0.0458780426728044
2971.3982	0.0476332891467971
2969.9812	0.0480725364429598
2968.5642	0.0469348779189655
2967.1472	0.0472980054761464
2965.7303	0.0486159665755804
2964.3133	0.0485182562430631
2962.8963	0.0477339315082753
2961.4793	0.0484567209932528
2960.0623	0.0495670273048333
2958.6454	0.0498984572140833
2957.2284	0.0489887532116303
2955.8114	0.0498565003508063
2954.3944	0.0499719719597768
2952.9775	0.0511763019034829
2951.5605	0.050791349317018
2950.1435	0.0505934777708733
2948.7265	0.0514707268169281
2947.3096	0.0529570856600505
2945.8926	0.0531344402273314
2944.4756	0.0527060261536316
2943.0586	0.0536567580003345
2941.6417	0.0536915569457735
2940.2247	0.0539054763145363
2938.8077	0.0541335161901365
2937.3907	0.0548971049076644
2935.9738	0.0544651300136795
2934.5568	0.0555152188119553
2933.1398	0.0552040483017099
2931.7228	0.0565414662283306
2930.3059	0.0559971910749678
2928.8889	0.0568364922922273
2927.4719	0.0567758283670243
2926.0549	0.0570483539811484
2924.638	0.0562849842122863
2923.221	0.0562090957355756
2921.804	0.0566775541849506
2920.387	0.0567385479444979
2918.9701	0.0572964858793192
2917.5531	0.0560059243728866
2916.1361	0.0576695225063638
2914.7191	0.0568164459796022
2913.3021	0.0563901677457351
2911.8852	0.0567911162323147
2910.4682	0.0555781498562224
2909.0512	0.056135210269719
2907.6342	0.0558838279692989
2906.2173	0.0558530439396283
2904.8003	0.0553950280214521
2903.3833	0.0556634232645897
2901.9663	0.0543350540749548
2900.5494	0.0558755530201415
2899.1324	0.0555576652550032
2897.7154	0.0562822361310906
2896.2984	0.0553521756089408
2894.8815	0.0559780218737785
2893.4645	0.0558266727236051
2892.0475	0.0547707095872082
2890.6305	0.0549544095358828
2889.2136	0.055679912347289
2887.7966	0.0555784064367943
2886.3796	0.0544621434487907
2884.9626	0.0555972919992521
2883.5457	0.0541086048973675
2882.1287	0.0548620277432865
2880.7117	0.0542744605715912
2879.2947	0.0539700603555673
2877.8778	0.0545600663206793
2876.4608	0.0538943686694069
2875.0438	0.0528459575795923
2873.6268	0.053262949304261
2872.2099	0.0533552490122105
2870.7929	0.0530093796452947
2869.3759	0.0522304836715907
2867.9589	0.0534481519353317
2866.5419	0.0521424576659697
2865.125	0.0520076567747934
2863.708	0.0516562999830167
2862.291	0.0521234125244131
2860.874	0.0509379637215064
2859.4571	0.0514149682525738
2858.0401	0.0500995597500169
2856.6231	0.050050087022656
2855.2061	0.0499904270812784
2853.7892	0.0498399749687828
2852.3722	0.0503563902780673
2850.9552	0.0501862367202733
2849.5382	0.0494106174759007
2848.1213	0.0501341581849338
2846.7043	0.0490156672184101
2845.2873	0.048189045456632
2843.8703	0.0489543209366814
2842.4534	0.0496842732607928
2841.0364	0.0487295956114416
2839.6194	0.0481182695641087
2838.2024	0.0486929283356608
2836.7855	0.0487031970947912
2835.3685	0.0490875757455445
2833.9515	0.0480384595982226
2832.5345	0.0480502146949721
2831.1176	0.0478426797232889
2829.7006	0.0469897908789439
2828.2836	0.0467996467692792
2826.8666	0.0472570513426076
2825.4497	0.0463212469920803
2824.0327	0.0463415495046985
2822.6157	0.0461580664363752
2821.1987	0.0464995819425569
2819.7817	0.0465789574731639
2818.3648	0.0457551790477271
2816.9478	0.0466374381959338
2815.5308	0.0457830700206492
2814.1138	0.046796078028223
2812.6969	0.0451173499433483
2811.2799	0.0449072483647668
2809.8629	0.0461763082457806
2808.4459	0.0450199238189461
2807.029	0.0448609645279895
2805.612	0.0458187876728205
2804.195	0.0449059762797569
2802.778	0.0449098589258032
2801.3611	0.0447130505778371
2799.9441	0.0441026906332275
2798.5271	0.0440738999294332
2797.1101	0.0443466640210884
2795.6932	0.0441642899143399
2794.2762	0.0442396975913613
2792.8592	0.0446800108600769
2791.4422	0.0441252118454762
2790.0253	0.0436710900882637
2788.6083	0.0441321589361114
2787.1913	0.0440682435174779
2785.7743	0.0441189778462597
2784.3574	0.0443755606109854
2782.9404	0.0440332434296461
2781.5234	0.0438255301509712
2780.1064	0.0431872095234292
2778.6895	0.0438407986609428
2777.2725	0.0441112165308046
2775.8555	0.0442627534072349
2774.4385	0.0446350711348259
2773.0215	0.0431843467468314
2771.6046	0.0432538603540158
2770.1876	0.0432889045577498
2768.7706	0.0429794550859615
2767.3536	0.0429917920554785
2765.9367	0.0432080964518394
2764.5197	0.0421329396812226
2763.1027	0.0435656646624688
2761.6857	0.0432705141265985
2760.2688	0.0428926022264796
2758.8518	0.0424995393158656
2757.4348	0.0433715573643253
2756.0178	0.0425262393128049
2754.6009	0.0429372745527906
2753.1839	0.0422743201868323
2751.7669	0.0429975695056536
2750.3499	0.042687643218294
2748.933	0.0431076111337227
2747.516	0.0431114775824124
2746.099	0.0429637084894674
2744.682	0.0423730027578135
2743.2651	0.0431149401810599
2741.8481	0.0427223301137827
2740.4311	0.0431683492657807
2739.0141	0.0428485245259956
2737.5972	0.0430728193294029
2736.1802	0.0422314032615057
2734.7632	0.0416559022338539
2733.3462	0.0418457347957248
2731.9293	0.0419241486235558
2730.5123	0.0421468466490988
2729.0953	0.0409168783112478
2727.6783	0.0421461109929267
2726.2613	0.0412953114091503
2724.8444	0.0428429469775451
2723.4274	0.0421877886667862
2722.0104	0.041991409780392
2720.5934	0.0416289039355318
2719.1765	0.0411358278665386
2717.7595	0.0418185150654265
2716.3425	0.0413283530043593
2714.9255	0.0409480800684792
2713.5086	0.0408888706954067
2712.0916	0.0417762859785632
2710.6746	0.0415286895351588
2709.2576	0.0412943030219762
2707.8407	0.0423067244396388
2706.4237	0.0410489666409968
2705.0067	0.0415342727340724
2703.5897	0.0421717046245232
2702.1728	0.0413849591946332
2700.7558	0.0421006171151165
2699.3388	0.0410379785465038
2697.9218	0.041877727308673
2696.5049	0.0408472064795573
2695.0879	0.0410118389039029
2693.6709	0.0409382030940074
2692.2539	0.0408102204157567
2690.837	0.0415861456605396
2689.42	0.0413229132824753
2688.003	0.0407280188746345
2686.586	0.0405176506328219
2685.1691	0.0406353113223793
2683.7521	0.0410442385375201
2682.3351	0.0417148364521746
2680.9181	0.0403838743570486
2679.5011	0.0402797069961194
2678.0842	0.0405642383509148
2676.6672	0.041589767315661
2675.2502	0.0410018814441428
2673.8332	0.0407038172213443
2672.4163	0.0408908068438379
2670.9993	0.0398673874152816
2669.5823	0.0399495716318952
2668.1653	0.0394878258114955
2666.7484	0.040094570100293
2665.3314	0.040145018454642
2663.9144	0.0401059289808693
2662.4974	0.0405798620192319
2661.0805	0.0404587098205213
2659.6635	0.0401657131916533
2658.2465	0.040368944170604
2656.8295	0.0396563059750597
2655.4126	0.0401852409760252
2653.9956	0.0398811194527812
2652.5786	0.0406355342881695
2651.1616	0.040191883155659
2649.7447	0.0392664277542263
2648.3277	0.0398460199958948
2646.9107	0.0405572038047729
2645.4937	0.038995761036838
2644.0768	0.039895187072796
2642.6598	0.0401701148160742
2641.2428	0.0390283939676365
2639.8258	0.0396938290140038
2638.4089	0.0399546279390023
2636.9919	0.0406179517509783
2635.5749	0.0395614333664062
2634.1579	0.039325941705358
2632.741	0.0399632751475148
2631.324	0.0396624365097597
2629.907	0.0399499039277112
2628.49	0.0377575904477139
2627.073	0.0383838607895093
2625.6561	0.0383301476002617
2624.2391	0.0387684158558931
2622.8221	0.0379488379948241
2621.4051	0.0388281951401723
2619.9882	0.0378263835696372
2618.5712	0.0392349610855994
2617.1542	0.0384858668380729
2615.7372	0.0386644966220205
2614.3203	0.038473166467432
2612.9033	0.0370372196458024
2611.4863	0.0383919707759596
2610.0693	0.0388699944318862
2608.6524	0.0383450405713616
2607.2354	0.0377371372414685
2605.8184	0.0373434279161298
2604.4014	0.0369703609878681
2602.9845	0.037066329764881
2601.5675	0.0380812857634053
2600.1505	0.0372863179592497
2598.7335	0.0374156488673989
2597.3166	0.0364901347994684
2595.8996	0.0378437790820101
2594.4826	0.0375136211955422
2593.0656	0.0371293145523455
2591.6487	0.0365659858837942
2590.2317	0.0377814092584599
2588.8147	0.0368601351496697
2587.3977	0.0377667948295633
2585.9808	0.037241782468401
2584.5638	0.0382069102964546
2583.1468	0.0373450815778912
2581.7298	0.037074989670835
2580.3128	0.0373487051590883
2578.8959	0.0375761291540279
2577.4789	0.0370253282449958
2576.0619	0.0374586115577022
2574.6449	0.0363360863087968
2573.228	0.0369419399739263
2571.811	0.0365275817634295
2570.394	0.0365373758448741
2568.977	0.0368953349003912
2567.5601	0.0362420066919522
2566.1431	0.0362351319035268
2564.7261	0.0363601230006863
2563.3091	0.0365594268086971
2561.8922	0.0353692251368734
2560.4752	0.037067807871632
2559.0582	0.0355115387089511
2557.6412	0.036500346614963
2556.2243	0.0357496848388884
2554.8073	0.0355232622524522
2553.3903	0.0364436479495487
2551.9733	0.0359497159982666
2550.5564	0.0358307921966447
2549.1394	0.0352467896288836
2547.7224	0.036387698522016
2546.3054	0.0358441658602965
2544.8885	0.0361614084933311
2543.4715	0.0364333130821085
2542.0545	0.0364926289717661
2540.6375	0.0357746438059443
2539.2206	0.0358073943848216
2537.8036	0.03502072600757
2536.3866	0.0355592759671636
2534.9696	0.0361886451130423
2533.5526	0.0353533186247877
2532.1357	0.035505474223573
2530.7187	0.0358262985433648
2529.3017	0.0355911564107111
2527.8847	0.0350159833146491
2526.4678	0.0359022338779035
2525.0508	0.0348036752486348
2523.6338	0.0355782586549722
2522.2168	0.0358294624785501
2520.7999	0.0350575631665669
2519.3829	0.0351852123253774
2517.9659	0.0350477488059017
2516.5489	0.0355719077122493
2515.132	0.0355867954676285
2513.715	0.0352285934476543
2512.298	0.0344643027054548
2510.881	0.0351214956965176
2509.4641	0.0346046912954723
2508.0471	0.0348676882850036
2506.6301	0.035369484132767
2505.2131	0.0352603623905018
2503.7962	0.0350023087943947
2502.3792	0.0342664545199173
2500.9622	0.0344872764983023
2499.5452	0.0347026306770522
2498.1283	0.0353044244589139
2496.7113	0.0347482155951846
2495.2943	0.0337148068000047
2493.8773	0.0341321001021528
2492.4604	0.0345123961643253
2491.0434	0.0348807830288747
2489.6264	0.0344072393903733
2488.2094	0.0339323769834381
2486.7924	0.0341941258850196
2485.3755	0.035074706944375
2483.9585	0.034962435502313
2482.5415	0.0347046635191516
2481.1245	0.0345189954493238
2479.7076	0.0336480670730684
2478.2906	0.0343018364088839
2476.8736	0.0330370417077464
2475.4566	0.0340794977628184
2474.0397	0.0337955921605083
2472.6227	0.0337245970429006
2471.2057	0.0347980083335376
2469.7887	0.0344939164167717
2468.3718	0.0347058045695387
2466.9548	0.0347922588508574
2465.5378	0.035239163064885
2464.1208	0.0356134558707803
2462.7039	0.0344632411363319
2461.2869	0.0344876147806716
2459.8699	0.0337316432430748
2458.4529	0.0351764182032434
2457.036	0.0345390062479373
2455.619	0.0342626280205912
2454.202	0.03487085745845
2452.785	0.034595674593391
2451.3681	0.0342242455759078
2449.9511	0.0336563191334276
2448.5341	0.0338158712597932
2447.1171	0.0340996438403304
2445.7002	0.0340762658007366
2444.2832	0.0337126156879557
2442.8662	0.0334691932959377
2441.4492	0.0340267563637292
2440.0322	0.0339556333292262
2438.6153	0.0337672902796088
2437.1983	0.0335181784118391
2435.7813	0.0340698837630835
2434.3643	0.0327878290015324
2432.9474	0.033695801664484
2431.5304	0.0330655732059988
2430.1134	0.0331080787648206
2428.6964	0.0335628827664248
2427.2795	0.0322375379950697
2425.8625	0.03266770628289
2424.4455	0.0336318566215612
2423.0285	0.0334767437127866
2421.6116	0.0336180778412281
2420.1946	0.0333136828635284
2418.7776	0.0341132508793498
2417.3606	0.0340015037262439
2415.9437	0.0324857323287678
2414.5267	0.0332294264363632
2413.1097	0.0324998737962162
2411.6927	0.0332177941596888
2410.2758	0.033383757606192
2408.8588	0.0321893137141777
2407.4418	0.0322010638853196
2406.0248	0.0326336330927294
2404.6079	0.0334584069757375
2403.1909	0.0335678876533794
2401.7739	0.0326900820698885
2400.3569	0.0329899596963333
2398.94	0.0330299936487011
2397.523	0.0325026704059555
2396.106	0.0324530385762691
2394.689	0.0330295583707603
2393.272	0.031603077383577
2391.8551	0.0327818607426406
2390.4381	0.0333883328541414
2389.0211	0.0336031168819064
2387.6041	0.0328714584970037
2386.1872	0.0331201704579655
2384.7702	0.0326498977708601
2383.3532	0.03156913932688
2381.9362	0.0320018969695843
2380.5193	0.0322521378836347
2379.1023	0.0321234402284616
2377.6853	0.0330419254873432
2376.2683	0.0325316491198026
2374.8514	0.0322941636891361
2373.4344	0.0329750317220053
2372.0174	0.0324163025581194
2370.6004	0.0314408381542517
2369.1835	0.0311392898278656
2367.7665	0.0324000051836925
2366.3495	0.03256771013951
2364.9325	0.031285792201979
2363.5156	0.0320757455722824
2362.0986	0.0326361756669919
2360.6816	0.0321883028769345
2359.2646	0.0326802691826558
2357.8477	0.0327518064023358
2356.4307	0.0336825325942999
2355.0137	0.0331029061973558
2353.5967	0.0326637222682881
2352.1798	0.0327023013898422
2350.7628	0.0333890060896671
2349.3458	0.0320024747176434
2347.9288	0.0317915607538349
2346.5118	0.0323856725311895
2345.0949	0.031238247036887
2343.6779	0.0312127324425582
2342.2609	0.0319762961041055
2340.8439	0.0316058127317756
2339.427	0.032252632863683
2338.01	0.032389952618044
2336.593	0.0322972036108822
2335.176	0.0326184762244378
2333.7591	0.0322244734620766
2332.3421	0.0329736699036505
2330.9251	0.0320693686245425
2329.5081	0.032543324063977
2328.0912	0.0319799625506975
2326.6742	0.0320171596299866
2325.2572	0.0334775798596428
2323.8402	0.0327303569568209
2322.4233	0.0327954202118786
2321.0063	0.033834735182925
2319.5893	0.0330279880127387
2318.1723	0.0321169557941586
2316.7554	0.0319325991262582
2315.3384	0.0319934220233499
2313.9214	0.0324343828642096
2312.5044	0.0324853747506996
2311.0875	0.0332752439298097
2309.6705	0.0314177889246589
2308.2535	0.033358814696166
2306.8365	0.0321987938200323
2305.4196	0.0322175913586356
2304.0026	0.0313362097847001
2302.5856	0.0329703220258009
2301.1686	0.0326614717165892
2299.7516	0.0316018593866594
2298.3347	0.0315446787795699
2296.9177	0.0316640880240528
2295.5007	0.0318360931727028
2294.0837	0.0316500702552202
2292.6668	0.0323081945241958
2291.2498	0.0317370522738536
2289.8328	0.0327420253426318
2288.4158	0.0324129882110903
2286.9989	0.0319191553236882
2285.5819	0.0320078404002916
2284.1649	0.0317053738966593
2282.7479	0.0316995985186712
2281.331	0.031676471827332
2279.914	0.0320495211819151
2278.497	0.0324880455792997
2277.08	0.0310675578222542
2275.6631	0.031025514828358
2274.2461	0.0312163484909422
2272.8291	0.0326552853244696
2271.4121	0.0322909485002138
2269.9952	0.0313555748953028
2268.5782	0.0317338149235927
2267.1612	0.0313999289966418
2265.7442	0.0312372488122787
2264.3273	0.0308347804642325
2262.9103	0.0314591959181428
2261.4933	0.0305460715298165
2260.0763	0.0307569865128298
2258.6594	0.0311019694566405
2257.2424	0.0304226225956955
2255.8254	0.0301247287166713
2254.4084	0.0300476391390442
2252.9914	0.0294510493189026
2251.5745	0.0307710521071907
2250.1575	0.0299227215474494
2248.7405	0.030432289757225
2247.3235	0.0310737401776993
2245.9066	0.0295389179769755
2244.4896	0.0303409983901522
2243.0726	0.0298959667747989
2241.6556	0.0302079628657017
2240.2387	0.0292746521002454
2238.8217	0.0306396170361126
2237.4047	0.0309389266921362
2235.9877	0.0307902757477288
2234.5708	0.0311443059673817
2233.1538	0.0308262187256042
2231.7368	0.0298226315991209
2230.3198	0.0302104547275394
2228.9029	0.0312301199428322
2227.4859	0.0309292254424451
2226.0689	0.0315638464328159
2224.6519	0.0311388221937153
2223.235	0.0300248129583245
2221.818	0.0298397408510954
2220.401	0.0306836609797373
2218.984	0.0304154403572466
2217.5671	0.031187737135822
2216.1501	0.030523892929633
2214.7331	0.0310160663780816
2213.3161	0.0307526506147888
2211.8992	0.031427906923751
2210.4822	0.0307205685215197
2209.0652	0.0304757722684612
2207.6482	0.0303184135430094
2206.2312	0.0298482611398099
2204.8143	0.0316053888318029
2203.3973	0.0312973824472722
2201.9803	0.0313743478821359
2200.5633	0.0313545944249124
2199.1464	0.0309301258452619
2197.7294	0.0307259336897733
2196.3124	0.0307461835472035
2194.8954	0.0303562107153971
2193.4785	0.0315013609128943
2192.0615	0.0306121882441778
2190.6445	0.0310876639394909
2189.2275	0.0306745190987079
2187.8106	0.0297824114701518
2186.3936	0.0299880175442372
2184.9766	0.0290368988698567
2183.5596	0.0293878854388684
2182.1427	0.0296927120095712
2180.7257	0.0303824618778562
2179.3087	0.0295594596715345
2177.8917	0.0301023594572456
2176.4748	0.0301905172226579
2175.0578	0.0298581041171698
2173.6408	0.0303607911487214
2172.2238	0.030085897703162
2170.8069	0.0303958104161254
2169.3899	0.0323914657462371
2167.9729	0.031639754142419
2166.5559	0.0325517580580951
2165.139	0.0315744291191851
2163.722	0.0303387230018102
2162.305	0.029818644982503
2160.888	0.0298807424025934
2159.471	0.0286984460747778
2158.0541	0.0270519106319785
2156.6371	0.0267525811532459
2155.2201	0.0270966262453641
2153.8031	0.0266702180137942
2152.3862	0.0271658101684079
2150.9692	0.0273207344367855
2149.5522	0.0275605980449536
2148.1352	0.0266476173670631
2146.7183	0.0279502461824877
2145.3013	0.0278857922177475
2143.8843	0.0278080049905294
2142.4673	0.0280573370888968
2141.0504	0.0270689990587993
2139.6334	0.027684375443908
2138.2164	0.0271378592050157
2136.7994	0.0278995539976763
2135.3825	0.0278721252362412
2133.9655	0.0288850062274712
2132.5485	0.0290379049872035
2131.1315	0.0301017921494665
2129.7146	0.0287019370067367
2128.2976	0.029110470833066
2126.8806	0.0296475357880574
2125.4636	0.029009220679273
2124.0467	0.0286444139593639
2122.6297	0.0293728256751039
2121.2127	0.0299759476723507
2119.7957	0.0297486065139032
2118.3788	0.0308733362134055
2116.9618	0.0297616001052823
2115.5448	0.0296701068520322
2114.1278	0.0297180769134473
2112.7108	0.0302474541709656
2111.2939	0.0300399227542981
2109.8769	0.0306784697655357
2108.4599	0.0298464156510706
2107.0429	0.0300367459699787
2105.626	0.0293353000174232
2104.209	0.0292562267136401
2102.792	0.0285871201141583
2101.375	0.0297437493745699
2099.9581	0.0295938221335289
2098.5411	0.0299089630795145
2097.1241	0.0295349945591155
2095.7071	0.0283129536146525
2094.2902	0.0292184813580649
2092.8732	0.0285861034954116
2091.4562	0.0292000533829139
2090.0392	0.028360325446675
2088.6223	0.0286022520687051
2087.2053	0.0299492983793928
2085.7883	0.0298781858652187
2084.3713	0.0290770280183697
2082.9544	0.02916879073371
2081.5374	0.0303588110522186
2080.1204	0.0296490270149126
2078.7034	0.0297624701579934
2077.2865	0.0300607887767276
2075.8695	0.0289893254560272
2074.4525	0.0287035306806025
2073.0355	0.0289889524114009
2071.6186	0.0295657148543256
2070.2016	0.0288368871627903
2068.7846	0.0285704023084964
2067.3676	0.0285310971797218
2065.9506	0.0278929525804333
2064.5337	0.0284968484708156
2063.1167	0.0284149680516834
2061.6997	0.0289278763663147
2060.2827	0.0290484837084228
2058.8658	0.0294544986685157
2057.4488	0.0282796656916728
2056.0318	0.0291536601189308
2054.6148	0.0292857413960602
2053.1979	0.0299227900356925
2051.7809	0.0294074109599297
2050.3639	0.0297560164357487
2048.9469	0.029602355981189
2047.53	0.0286564170531994
2046.113	0.0287748375661061
2044.696	0.0280939575134459
2043.279	0.027292634077034
2041.8621	0.0271377969792847
2040.4451	0.0272991927152239
2039.0281	0.0276324479527742
2037.6111	0.0282702246041015
2036.1942	0.0270010277716806
2034.7772	0.0270978510202937
2033.3602	0.0279183353699687
2031.9432	0.0271882794477259
2030.5263	0.0276043495568084
2029.1093	0.0280038316578786
2027.6923	0.0276799870654284
2026.2753	0.0279995054986229
2024.8584	0.0282808637636992
2023.4414	0.0273510058117692
2022.0244	0.0260456944637558
2020.6074	0.0262842213534279
2019.1904	0.0244934643028405
2017.7735	0.0244666206526252
2016.3565	0.0250476938015134
2014.9395	0.0260525279275977
2013.5225	0.0267960416364796
2012.1056	0.026903400887738
2010.6886	0.0277710500596546
2009.2716	0.0270872365272576
2007.8546	0.0258704462609072
2006.4377	0.0256335301565096
2005.0207	0.026221362033162
2003.6037	0.0251825861670225
2002.1867	0.0268459687137698
2000.7698	0.0271191475322647
1999.3528	0.0261295376621543
1997.9358	0.0266961540879444
1996.5188	0.0265031114865273
1995.1019	0.0250480296316919
1993.6849	0.0267933343968994
1992.2679	0.0264763492529099
1990.8509	0.0261255430248587
1989.434	0.0261588897121576
1988.017	0.0259071732233677
1986.6	0.0252918220434622
1985.183	0.0257738653947601
1983.7661	0.026668163405005
1982.3491	0.0267761152943847
1980.9321	0.0264748340102972
1979.5151	0.0270572030357207
1978.0982	0.027180076994622
1976.6812	0.0257448530109143
1975.2642	0.0251680885625416
1973.8472	0.0246655273253455
1972.4302	0.0245311314810091
1971.0133	0.0247965405234402
1969.5963	0.0245663490976957
1968.1793	0.0251261793030926
1966.7623	0.0252078210407783
1965.3454	0.0248733005623999
1963.9284	0.0244038801186
1962.5114	0.0247753138991409
1961.0944	0.024957401145889
1959.6775	0.0253312034402637
1958.2605	0.02550965472179
1956.8435	0.0248397725483952
1955.4265	0.0256241010124418
1954.0096	0.0262611831373974
1952.5926	0.0247017788170017
1951.1756	0.0253607144231513
1949.7586	0.025246591096217
1948.3417	0.0256217711626571
1946.9247	0.025020630330184
1945.5077	0.0255294974438916
1944.0907	0.0242828138153798
1942.6738	0.0256161696487816
1941.2568	0.0248629767516443
1939.8398	0.0263595158697573
1938.4228	0.0259383901387934
1937.0059	0.0268867182179917
1935.5889	0.0259029076163428
1934.1719	0.0257723095525595
1932.7549	0.0258025748311478
1931.338	0.0267253452822983
1929.921	0.0267643417788982
1928.504	0.0267166952644013
1927.087	0.0266790111395195
1925.67	0.0271814555148781
1924.2531	0.0268881060605126
1922.8361	0.0269703282853998
1921.4191	0.0273617443553057
1920.0021	0.0262923646113886
1918.5852	0.026884594208424
1917.1682	0.0271196104889302
1915.7512	0.0264478127469595
1914.3342	0.0268004576139856
1912.9173	0.0271106353753468
1911.5003	0.0266447734491206
1910.0833	0.0264877354329465
1908.6663	0.0272461753689326
1907.2494	0.0270001416328767
1905.8324	0.0270289385797111
1904.4154	0.0255440448541227
1902.9984	0.026712064383668
1901.5815	0.0262419600733894
1900.1645	0.0276709945653684
1898.7475	0.0271172881353106
1897.3305	0.0266104589957712
1895.9136	0.0260402440084786
1894.4966	0.0268684597541883
1893.0796	0.0268006232645063
1891.6626	0.0269577254101615
1890.2457	0.0263097741934181
1888.8287	0.0262855805895037
1887.4117	0.0269610548331219
1885.9947	0.0258662844753303
1884.5778	0.0268621014806759
1883.1608	0.0265461751874796
1881.7438	0.0259302245421717
1880.3268	0.0266866780267686
1878.9098	0.0261197632420574
1877.4929	0.0263668212643153
1876.0759	0.0263726804260315
1874.6589	0.0262334076823967
1873.2419	0.0267561943783274
1871.825	0.0264885144887148
1870.408	0.0271014012577341
1868.991	0.026978800203959
1867.574	0.0258897984290955
1866.1571	0.0265232021814776
1864.7401	0.0264816611120258
1863.3231	0.027377714961649
1861.9061	0.0261955644097657
1860.4892	0.0276222048416227
1859.0722	0.0260713818977363
1857.6552	0.0270288830485798
1856.2382	0.0262551980856333
1854.8213	0.0262053838803551
1853.4043	0.0269129568514628
1851.9873	0.0263840512823026
1850.5703	0.0278282478767765
1849.1534	0.0258568441697963
1847.7364	0.0265087401729703
1846.3194	0.0266522214203037
1844.9024	0.0267572860897218
1843.4855	0.0266931042211834
1842.0685	0.0252346012181452
1840.6515	0.0271991341661421
1839.2345	0.0262229930354938
1837.8176	0.0255018317438873
1836.4006	0.0262224391949754
1834.9836	0.0259583634446713
1833.5666	0.0263397621492461
1832.1496	0.0253129990194187
1830.7327	0.0253467750357953
1829.3157	0.0257034235370124
1827.8987	0.0265395400459726
1826.4817	0.0246079577549907
1825.0648	0.0258397226569717
1823.6478	0.0254903526799414
1822.2308	0.0260946812566415
1820.8138	0.0254159406060613
1819.3969	0.0260743728013423
1817.9799	0.0262018012822955
1816.5629	0.0256740369154624
1815.1459	0.0252128329697731
1813.729	0.0246453717240654
1812.312	0.025391994128686
1810.895	0.0257359198879643
1809.478	0.0266729143704029
1808.0611	0.0254349534629059
1806.6441	0.026218993455734
1805.2271	0.0262592356690981
1803.8101	0.0260228827176535
1802.3932	0.0262183277843038
1800.9762	0.0270994607025886
1799.5592	0.0253594444700985
1798.1422	0.0260231267223791
1796.7253	0.0262833735571371
1795.3083	0.0254429856429937
1793.8913	0.0252080618226991
1792.4743	0.0258956254181692
1791.0574	0.0254521791941824
1789.6404	0.0265065659828473
1788.2234	0.0257432539444025
1786.8064	0.0264217455932928
1785.3894	0.0265190485654269
1783.9725	0.026496345660878
1782.5555	0.0257151935499708
1781.1385	0.0264756347111061
1779.7215	0.0263879488652709
1778.3046	0.0262387637999854
1776.8876	0.0260671485495827
1775.4706	0.0264520092018827
1774.0536	0.0262121092318094
1772.6367	0.026774537189609
1771.2197	0.0257961801378633
1769.8027	0.0260797413394373
1768.3857	0.0257944679469699
1766.9688	0.026485262576144
1765.5518	0.0264900789290079
1764.1348	0.0267305417671712
1762.7178	0.0270642010113789
1761.3009	0.0278089127031796
1759.8839	0.0264516298037304
1758.4669	0.0265320976032864
1757.0499	0.0272178319038736
1755.633	0.0270705076523066
1754.216	0.0271637160036929
1752.799	0.0269822052133554
1751.382	0.0269468985357575
1749.9651	0.0272552612522433
1748.5481	0.0266877720640837
1747.1311	0.0277540485563682
1745.7141	0.0278165413116282
1744.2972	0.0278239357906943
1742.8802	0.0274777688764325
1741.4632	0.0279437252028662
1740.0462	0.028353445358657
1738.6292	0.0283833965548321
1737.2123	0.0290500193625562
1735.7953	0.0296852351465117
1734.3783	0.0289861064416552
1732.9613	0.0291099394180788
1731.5444	0.0304650902322203
1730.1274	0.0305596194457274
1728.7104	0.0305616306346237
1727.2934	0.030522527698258
1725.8765	0.0310403791664448
1724.4595	0.0306034183763243
1723.0425	0.0298376734252372
1721.6255	0.0313115215392782
1720.2086	0.0307420677166131
1718.7916	0.0313194501346113
1717.3746	0.0325944486259649
1715.9576	0.0318296701185959
1714.5407	0.0316349885763506
1713.1237	0.0325178705693111
1711.7067	0.033177107588629
1710.2897	0.0333778167533377
1708.8728	0.0339078001741264
1707.4558	0.0342330821073228
1706.0388	0.0349050633509486
1704.6218	0.0331663514585255
1703.2049	0.0344167245177809
1701.7879	0.0342223355393103
1700.3709	0.0347225928816914
1698.9539	0.0345208725229813
1697.537	0.0352901947854321
1696.12	0.0359495248295637
1694.703	0.0347318641797529
1693.286	0.0359160126699162
1691.869	0.035582999410567
1690.4521	0.035251172583649
1689.0351	0.0352175616217522
1687.6181	0.0356059297909949
1686.2011	0.0360916621331361
1684.7842	0.0363526882096659
1683.3672	0.037287786932263
1681.9502	0.0372794623424076
1680.5332	0.0362296498388244
1679.1163	0.0366063251512488
1677.6993	0.0362734039491065
1676.2823	0.0369149021913266
1674.8653	0.0370991249115251
1673.4484	0.0373522312879155
1672.0314	0.0370353950925179
1670.6144	0.0379921088940517
1669.1974	0.0381071706126318
1667.7805	0.0378906796067583
1666.3635	0.0382097716075104
1664.9465	0.0383449288937249
1663.5295	0.0380062371273747
1662.1126	0.0392082207262671
1660.6956	0.0392480771428053
1659.2786	0.0396540606366127
1657.8616	0.0406981322317034
1656.4447	0.0395814117731639
1655.0277	0.0398896416482288
1653.6107	0.0398069038702878
1652.1937	0.0410563931380684
1650.7768	0.0418984512357508
1649.3598	0.0426064463971394
1647.9428	0.0422251503477208
1646.5258	0.0432746149427752
1645.1088	0.0436250165517801
1643.6919	0.043723906403809
1642.2749	0.0453461636575293
1640.8579	0.0445352660381954
1639.4409	0.0462828066505187
1638.024	0.0464218144793562
1636.607	0.0475356705386553
1635.19	0.0470597578662378
1633.773	0.0492221599857268
1632.3561	0.0500766074624796
1630.9391	0.0498067108698181
1629.5221	0.0501990506091929
1628.1051	0.0508950620327482
1626.6882	0.0513569587878052
1625.2712	0.0511064965413804
1623.8542	0.0511461846342482
1622.4372	0.0524087012027868
1621.0203	0.0519123619430884
1619.6033	0.0523397236037213
1618.1863	0.0534676922238204
1616.7693	0.0534573821078559
1615.3524	0.0533237035353499
1613.9354	0.0542779355788666
1612.5184	0.0556481456342215
1611.1014	0.0548129896739448
1609.6845	0.0563615061313532
1608.2675	0.0569005830436857
1606.8505	0.0578638198906189
1605.4335	0.0575816012101384
1604.0166	0.0583030845565206
1602.5996	0.0588098451002732
1601.1826	0.0587215878088668
1599.7656	0.0596487697415177
1598.3486	0.059528206691202
1596.9317	0.0588573932977417
1595.5147	0.05842743734457
1594.0977	0.0580649947028235
1592.6807	0.057577306755716
1591.2638	0.0576070987198047
1589.8468	0.0578061877773922
1588.4298	0.0569617477413664
1587.0128	0.0568488320341312
1585.5959	0.0558906637399516
1584.1789	0.0551469403555125
1582.7619	0.0543675320608107
1581.3449	0.0539090755900654
1579.928	0.0531198134705327
1578.511	0.0519165809261456
1577.094	0.0514070753474102
1575.677	0.0517087190990279
1574.2601	0.0503631311324962
1572.8431	0.0501079256044965
1571.4261	0.0495437832456012
1570.0091	0.0496176264775582
1568.5922	0.0482218037890627
1567.1752	0.0483927781033646
1565.7582	0.0472285468344771
1564.3412	0.0461589669271196
1562.9243	0.0462372855855607
1561.5073	0.0450759086392907
1560.0903	0.0443066873309676
1558.6733	0.0436106486768688
1557.2564	0.0424036137690915
1555.8394	0.0415579882847551
1554.4224	0.0411662780366243
1553.0054	0.0397374593652909
1551.5885	0.0390636232146549
1550.1715	0.0402378819753054
1548.7545	0.0382274211175855
1547.3375	0.0389345853041916
1545.9205	0.0384501455568168
1544.5036	0.0370080157274729
1543.0866	0.0374932379434255
1541.6696	0.0369042666974507
1540.2526	0.0369567592007382
1538.8357	0.0367530936690647
1537.4187	0.0372487725294338
1536.0017	0.0365991045845801
1534.5847	0.0357641392290632
1533.1678	0.036618544325951
1531.7508	0.0354612059971567
1530.3338	0.0354815389818879
1528.9168	0.0363746594412329
1527.4999	0.0368503519337605
1526.0829	0.0374359299163849
1524.6659	0.0372054148752251
1523.2489	0.0376074004350793
1521.832	0.0384994845786166
1520.415	0.0400048284900152
1518.998	0.0413077183719972
1517.581	0.0423698860052069
1516.1641	0.0433509994224728
1514.7471	0.044420308976138
1513.3301	0.0449213180585403
1511.9131	0.0453399867371168
1510.4962	0.0459837577246259
1509.0792	0.0448017475466347
1507.6622	0.0466811820134251
1506.2452	0.0460581736945668
1504.8283	0.0446810598685168
1503.4113	0.0455039544648673
1501.9943	0.0445586554996866
1500.5773	0.0438142153691281
1499.1603	0.0418956480258735
1497.7434	0.0404160660981008
1496.3264	0.0396128652730308
1494.9094	0.0396300892301178
1493.4924	0.0372846683687801
1492.0755	0.0376796700538146
1490.6585	0.0378592994157217
1489.2415	0.0368407632061718
1487.8245	0.03745790204899
1486.4076	0.0383670421264428
1484.9906	0.0381035447608407
1483.5736	0.0395196952559879
1482.1566	0.0403333109849394
1480.7397	0.0403939252552805
1479.3227	0.0412412838206983
1477.9057	0.0415345993071673
1476.4887	0.0412257189682975
1475.0718	0.041400556736821
1473.6548	0.0414767847177299
1472.2378	0.0424585156275415
1470.8208	0.0433744151938328
1469.4039	0.0441127329580084
1467.9869	0.0457655411769173
1466.5699	0.0461469750062536
1465.1529	0.0464667578240748
1463.736	0.0488242989749097
1462.319	0.0492343412543299
1460.902	0.0494020544017016
1459.485	0.05009727724192
1458.0681	0.0513525756828854
1456.6511	0.0507379236238139
1455.2341	0.0531166357107977
1453.8171	0.052263075787105
1452.4001	0.052180760523824
1450.9832	0.0526219308452909
1449.5662	0.0533351268341353
1448.1492	0.0528158567820989
1446.7322	0.0534475050612674
1445.3153	0.0541372479060373
1443.8983	0.0527956219774262
1442.4813	0.0529201000051235
1441.0643	0.0534993578986847
1439.6474	0.0540754472893565
1438.2304	0.0534165689164383
1436.8134	0.0537151170357807
1435.3964	0.0552173948583515
1433.9795	0.0547162816178671
1432.5625	0.0556019349769464
1431.1455	0.0562096773284715
1429.7285	0.0562424543260828
1428.3116	0.0569816570380173
1426.8946	0.0570857886126933
1425.4776	0.0578143920754478
1424.0606	0.058519902512022
1422.6437	0.0587334488230274
1421.2267	0.0589972019260471
1419.8097	0.0600264081386634
1418.3927	0.0600663352206964
1416.9758	0.0594440970882033
1415.5588	0.0604782726054235
1414.1418	0.0605068357843358
1412.7248	0.0601991639916141
1411.3079	0.0599564040127428
1409.8909	0.061142621772522
1408.4739	0.0605056433079659
1407.0569	0.0616137752132221
1405.6399	0.061473447405576
1404.223	0.0601603139035967
1402.806	0.0611159960192851
1401.389	0.0599098753706023
1399.972	0.0614612823187608
1398.5551	0.0614310524406943
1397.1381	0.0608141686473989
1395.7211	0.0609244755819568
1394.3041	0.0616472205611031
1392.8872	0.0617807282089976
1391.4702	0.0637315511075978
1390.0532	0.0627375421958524
1388.6362	0.0639362784345268
1387.2193	0.0643508450788957
1385.8023	0.0658230580349327
1384.3853	0.0659319152924104
1382.9683	0.0652587891282511
1381.5514	0.0665938875590575
1380.1344	0.0652665088279444
1378.7174	0.0652053600992241
1377.3004	0.0649219632563361
1375.8835	0.064628719147934
1374.4665	0.064827527753549
1373.0495	0.06542039781124
1371.6325	0.0661266463015394
1370.2156	0.0662317363254694
1368.7986	0.0683884527366039
1367.3816	0.0685010858238095
1365.9646	0.0687198954177111
1364.5477	0.0685696212597299
1363.1307	0.0689719734601621
1361.7137	0.0695531622891007
1360.2967	0.0696886866774608
1358.8797	0.0692413637119548
1357.4628	0.0678301546737614
1356.0458	0.0671099356329972
1354.6288	0.0667199001966228
1353.2118	0.0664113422678218
1351.7949	0.0659414147069026
1350.3779	0.0653437366952027
1348.9609	0.0649505111466474
1347.5439	0.0655606319554103
1346.127	0.0655960733754373
1344.71	0.066202317864426
1343.293	0.065382499198937
1341.876	0.0676281377019165
1340.4591	0.0667134491957496
1339.0421	0.0666106897223179
1337.6251	0.0667044831956396
1336.2081	0.0669900648312274
1334.7912	0.0666642677326453
1333.3742	0.0659969356656867
1331.9572	0.0657767083851898
1330.5402	0.0658678816669255
1329.1233	0.0662125523188897
1327.7063	0.065490336452411
1326.2893	0.0650191186702742
1324.8723	0.0649252219321911
1323.4554	0.0638181720558761
1322.0384	0.0629230349021626
1320.6214	0.0623208246612486
1319.2044	0.0614238364192747
1317.7875	0.0617551174936681
1316.3705	0.0608271428137498
1314.9535	0.0599959903316608
1313.5365	0.0599745107359033
1312.1195	0.06005350798228
1310.7026	0.0596873787798849
1309.2856	0.0596748385527475
1307.8686	0.0597468928201516
1306.4516	0.0587257867999759
1305.0347	0.0594990694147023
1303.6177	0.059560594726675
1302.2007	0.059192257079527
1300.7837	0.0591828467825884
1299.3668	0.059384226963044
1297.9498	0.0593920049990178
1296.5328	0.0607533484962389
1295.1158	0.0589853261616453
1293.6989	0.0588667320144263
1292.2819	0.0594488308116152
1290.8649	0.0598292443508816
1289.4479	0.0593121053119931
1288.031	0.0597011863767634
1286.614	0.0598718964569477
1285.197	0.0600398085600859
1283.78	0.0602797642071453
1282.3631	0.0599999342369616
1280.9461	0.061390349495267
1279.5291	0.0616807546302428
1278.1121	0.061753308929744
1276.6952	0.0630997162639571
1275.2782	0.063420177880875
1273.8612	0.0638923750490326
1272.4442	0.0643770938196061
1271.0273	0.0647133873627194
1269.6103	0.0640078275659577
1268.1933	0.0646125890906523
1266.7763	0.064340945486428
1265.3593	0.0655626627421433
1263.9424	0.0645653196057591
1262.5254	0.0639565199302782
1261.1084	0.0632934441593204
1259.6914	0.0637745475436343
1258.2745	0.0643932438266323
1256.8575	0.063304687632252
1255.4405	0.0636867282973985
1254.0235	0.0641477861153682
1252.6066	0.063396320985919
1251.1896	0.0637610554559922
1249.7726	0.0634811991888853
1248.3556	0.0616799231214182
1246.9387	0.062851261296242
1245.5217	0.0629125972377862
1244.1047	0.0629263041821404
1242.6877	0.06311305353196
1241.2708	0.0617623093337662
1239.8538	0.062057821112044
1238.4368	0.0635370209147753
1237.0198	0.0635054494009533
1235.6029	0.0627895698068683
1234.1859	0.064186784273625
1232.7689	0.0621576874894037
1231.3519	0.062566905075906
1229.935	0.0628705279809181
1228.518	0.061282969099514
1227.101	0.0609795592290409
1225.684	0.0599788343501467
1224.2671	0.0588674845722991
1222.8501	0.0584630879284277
1221.4331	0.0575230427339646
1220.0161	0.0569622288603327
1218.5991	0.0557501162825825
1217.1822	0.0557349623390161
1215.7652	0.056035768598987
1214.3482	0.054698130449366
1212.9312	0.054621224484979
1211.5143	0.0538855749706472
1210.0973	0.0538249240317863
1208.6803	0.0536072900042502
1207.2633	0.0536699392387067
1205.8464	0.0523933739058015
1204.4294	0.0518034808149084
1203.0124	0.0514213084948958
1201.5954	0.0522703895835919
1200.1785	0.0506807560978854
1198.7615	0.0512560026223536
1197.3445	0.0495059165181466
1195.9275	0.0492538661534972
1194.5106	0.0487394477431875
1193.0936	0.0478417736359936
1191.6766	0.0473930186042668
1190.2596	0.0470795203962633
1188.8427	0.0458332712148522
1187.4257	0.0457293527906664
1186.0087	0.0461022269595887
1184.5917	0.0437157032784677
1183.1748	0.0440747561087486
1181.7578	0.0447442244354094
1180.3408	0.0444193168130581
1178.9238	0.0449259801485263
1177.5069	0.0460318683765298
1176.0899	0.0454614269227676
1174.6729	0.0476748781884388
1173.2559	0.0475582464295759
1171.8389	0.049014563039476
1170.422	0.0507027052660329
1169.005	0.0535268240550201
1167.588	0.0544921120724887
1166.171	0.0569913031868738
1164.7541	0.0605575119811637
1163.3371	0.0629721306553162
1161.9201	0.0672211799515276
1160.5031	0.0707820082577638
1159.0862	0.0732493610122485
1157.6692	0.0766495828109497
1156.2522	0.0800288597798669
1154.8352	0.0823815735600378
1153.4183	0.0839208820071903
1152.0013	0.0858442514603333
1150.5843	0.0874409441273513
1149.1673	0.0886474631693817
1147.7504	0.0895263596790872
1146.3334	0.0895178084730432
1144.9164	0.0889793987348374
1143.4994	0.0890551277317765
1142.0825	0.0882717362835738
1140.6655	0.0867513626500068
1139.2485	0.0853637439251458
1137.8315	0.0836820286701516
1136.4146	0.0827239770473944
1134.9976	0.0811334968772216
1133.5806	0.0806475647161845
1132.1636	0.0807711371212825
1130.7467	0.0799610696084339
1129.3297	0.0808895491929611
1127.9127	0.0814694564449848
1126.4957	0.0818834751249937
1125.0787	0.0822392372768551
1123.6618	0.0832636697260128
1122.2448	0.0828558926174691
1120.8278	0.084124790120791
1119.4108	0.0839601086080363
1117.9939	0.0839918785614913
1116.5769	0.0842957432274739
1115.1599	0.0843274834570838
1113.7429	0.0858529963460894
1112.326	0.0860015661218233
1110.909	0.0857744531188749
1109.492	0.0869203142112671
1108.075	0.0875093713375486
1106.6581	0.0885984970894401
1105.2411	0.0894570638302389
1103.8241	0.0907445388546401
1102.4071	0.0905707112093826
1100.9902	0.0920068119638521
1099.5732	0.0927849658256293
1098.1562	0.0926299717080269
1096.7392	0.0922614596778708
1095.3223	0.0934284644996187
1093.9053	0.0937370340341863
1092.4883	0.0937170753724824
1091.0713	0.0948494194411779
1089.6544	0.0968408735376153
1088.2374	0.0986113516078381
1086.8204	0.100511786535191
1085.4034	0.104671403195193
1083.9865	0.107181973611358
1082.5695	0.110485785663391
1081.1525	0.113842080460966
1079.7355	0.116538273550524
1078.3185	0.118575770151341
1076.9016	0.119312024497233
1075.4846	0.120072415030511
1074.0676	0.118469505420923
1072.6506	0.117453649711304
1071.2337	0.1151206201414
1069.8167	0.112445523019985
1068.3997	0.111174763529595
1066.9827	0.108680545264201
1065.5658	0.108486945110952
1064.1488	0.109246602156443
1062.7318	0.109595748759139
1061.3148	0.111471186401339
1059.8979	0.112138921774096
1058.4809	0.113592065664272
1057.0639	0.115943321926212
1055.6469	0.117600422646944
1054.23	0.120302283855476
1052.813	0.122000535321954
1051.396	0.125221587736557
1049.979	0.126990631329074
1048.5621	0.129018671687645
1047.1451	0.131608208258038
1045.7281	0.1328590323849
1044.3111	0.136881065399945
1042.8942	0.139326734031533
1041.4772	0.141159920685665
1040.0602	0.143753551224787
1038.6432	0.147026779680964
1037.2263	0.148354032277825
1035.8093	0.150646579061457
1034.3923	0.15391955530527
1032.9753	0.155850562117664
1031.5583	0.158597234381258
1030.1414	0.160896261576997
1028.7244	0.162717991684167
1027.3074	0.167393990521396
1025.8904	0.169657715467067
1024.4735	0.171661017632385
1023.0565	0.173844355301772
1021.6395	0.176477374185319
1020.2225	0.178147904703127
1018.8056	0.17966047124691
1017.3886	0.182171521389563
1015.9716	0.184544201101452
1014.5546	0.183743527911688
1013.1377	0.184716959076817
1011.7207	0.184177919617629
1010.3037	0.185208864744293
1008.8867	0.184336791547228
1007.4698	0.186555764030074
1006.0528	0.186161409848124
1004.6358	0.186480914278342
1003.2188	0.187345870994894
1001.8019	0.188939308752774
1000.3849	0.188149770118957
998.9679	0.18982626387367
997.5509	0.190911948659603
996.134	0.191906632197309
994.717	0.192238231736196
993.3	0.19319722901701
991.883	0.193916186160623
990.4661	0.192879524724481
989.0491	0.194307963406631
987.6321	0.192430612986359
986.2151	0.191444338071403
984.7981	0.190079150653671
983.3812	0.187986581081439
981.9642	0.184633740973995
980.5472	0.183447903705101
979.1302	0.180711109829684
977.7133	0.177733612760201
976.2963	0.174219003380135
974.8793	0.17081874857324
973.4623	0.166915836856696
972.0454	0.163408659142479
970.6284	0.15905225537708
969.2114	0.15633377668909
967.7944	0.152391635498998
966.3775	0.14871400300424
964.9605	0.145397564331459
963.5435	0.143325412676076
962.1265	0.139822809246384
960.7096	0.136647720707515
959.2926	0.133365483144652
957.8756	0.130881719071316
956.4586	0.127551148499119
955.0417	0.124928609623929
953.6247	0.122178562414677
952.2077	0.119690435070211
950.7907	0.118012222245226
949.3738	0.115199629110678
947.9568	0.113997091132873
946.5398	0.112847423284758
945.1228	0.112820001468848
943.7059	0.112058019586716
942.2889	0.111294525182755
940.8719	0.111293468624577
939.4549	0.112446580078107
938.0379	0.112666919646108
936.621	0.113124653875399
935.204	0.112685288746979
933.787	0.113425421353676
932.37	0.113962040026026
930.9531	0.114700954278101
929.5361	0.11262946075749
928.1191	0.113762212967623
926.7021	0.113422167800954
925.2852	0.113379599444242
923.8682	0.1130907420988
922.4512	0.112984105488838
921.0342	0.112200570878435
919.6173	0.112178080637706
918.2003	0.110603571119704
916.7833	0.111314179879356
915.3663	0.110268174405187
913.9494	0.109142941520591
912.5324	0.108473801571661
911.1154	0.107480990510542
909.6984	0.105818715620782
908.2815	0.105294452170833
906.8645	0.103689425235875
905.4475	0.102461185915894
904.0305	0.101522365430714
902.6136	0.0997162707575677
901.1966	0.100150772612002
899.7796	0.0986644437890389
898.3626	0.0974898900494539
896.9457	0.0983199356051997
895.5287	0.09742261668213
894.1117	0.0969181707134452
892.6947	0.0954879613439661
891.2777	0.0953986297851681
889.8608	0.094647377464973
888.4438	0.0940493900668488
887.0268	0.0929111354509278
885.6098	0.0923140486521182
884.1929	0.0915435592434102
882.7759	0.0907070199418208
881.3589	0.0874133934060238
879.9419	0.0877985482369512
878.525	0.0872790438732163
877.108	0.0871032726942281
875.691	0.0865514073388681
874.274	0.086106394439713
872.8571	0.0871928382681707
871.4401	0.0876578486101313
870.0231	0.0884695283429871
868.6061	0.0885703961732755
867.1892	0.0891905575207017
865.7722	0.090617160365443
864.3552	0.0906123874661709
862.9382	0.0913926685683192
861.5213	0.0915421358820428
860.1043	0.0920706104202591
858.6873	0.0927277913329297
857.2703	0.0918643985728407
855.8534	0.0921421229288136
854.4364	0.0921026921545309
853.0194	0.092857428042789
851.6024	0.0920772100019974
850.1855	0.091705810212119
848.7685	0.0926309609477386
847.3515	0.0918605500230558
845.9345	0.0921876584810529
844.5175	0.0922872753169473
843.1006	0.0918359494644898
841.6836	0.0927466206752045
840.2666	0.091204396621293
838.8496	0.091790783159832
837.4327	0.0908300265282662
836.0157	0.0893630745300371
834.5987	0.0895264719326704
833.1817	0.0886098382019607
831.7648	0.0881061671478395
830.3478	0.0866614492996963
828.9308	0.0865455733894186
827.5138	0.086938237316599
826.0969	0.0862801974947432
824.6799	0.0856350149390709
823.2629	0.0853854015024536
821.8459	0.0851947194580236
820.429	0.0845079048693447
819.012	0.0851549148540768
817.595	0.085017868102604
816.178	0.0851068726183014
814.7611	0.0846187815110613
813.3441	0.0837316098488361
811.9271	0.0834155700920615
810.5101	0.0834906951429224
809.0932	0.0831153681853283
807.6762	0.0829155277760758
806.2592	0.0819829002802487
804.8422	0.0824264746095708
803.4253	0.0820033368121943
802.0083	0.0822392141246511
800.5913	0.0816174971928087
799.1743	0.0817037406127983
797.7573	0.0822956592564499
796.3404	0.0820240997463437
794.9234	0.0816230204741116
793.5064	0.0827260880465478
792.0894	0.0829167705974786
790.6725	0.0826890268268875
789.2555	0.0835736016174159
787.8385	0.0830345851192695
786.4215	0.0840466378557968
785.0046	0.0836278725916235
783.5876	0.0847995355469181
782.1706	0.0848381589108586
780.7536	0.0856015431498039
779.3367	0.0857156670615037
777.9197	0.0864934552022186
776.5027	0.0877474339458408
775.0857	0.087535628536086
773.6688	0.0888486242047589
772.2518	0.0912291860284955
770.8348	0.0920476450228204
769.4178	0.0918332830857084
768.0009	0.0936421809499149
766.5839	0.0954571864501269
765.1669	0.0970322326970729
763.7499	0.0966437574588273
762.333	0.0969307332882595
760.916	0.0973049165934659
759.499	0.097752878516784
758.082	0.0978524208388429
756.6651	0.0971340045087498
755.2481	0.0968113215172175
753.8311	0.0959181042419202
752.4141	0.0956378064764953
750.9971	0.0953626589967192
749.5802	0.0939210871566893
748.1632	0.0925330729171384
746.7462	0.0911029720478159
745.3292	0.0904522967535723
743.9123	0.0904529028778391
742.4953	0.0897176610568982
741.0783	0.089744448690777
739.6613	0.0892870703408069
738.2444	0.0888222190909219
736.8274	0.0899975504345886
735.4104	0.0893645826926861
733.9934	0.0898437221165766
732.5765	0.0894990473339873
731.1595	0.0895150920601939
729.7425	0.0900743200286027
728.3255	0.0898856168939437
726.9086	0.0904917935363079
725.4916	0.0914279212261296
724.0746	0.0919393572622572
722.6576	0.0922651632592505
721.2407	0.0937886027234993
719.8237	0.0952868089949426
718.4067	0.095692860354323
716.9897	0.095523884439511
715.5728	0.0968351924657346
714.1558	0.0979089911804513
712.7388	0.0978983878323705
711.3218	0.0986551011328112
709.9049	0.0996966550477733
708.4879	0.101308649524278
707.0709	0.101929658207792
705.6539	0.102667583617948
704.2369	0.102571506873565
702.82	0.103623898194421
701.403	0.102625016624912
699.986	0.102019719909485
698.569	0.10268924653409
697.1521	0.103153561991151
695.7351	0.101337332882482
694.3181	0.10069090860928
692.9011	0.100955551949532
691.4842	0.10139506774288
690.0672	0.0999438901728358
688.6502	0.100221568233175
687.2332	0.0999819186315994
685.8163	0.101239588373234
684.3993	0.100752018180967
682.9823	0.101254862406835
681.5653	0.10106330093223
680.1484	0.101801572514263
678.7314	0.101292815584706
677.3144	0.102440989741686
675.8974	0.101757683126323
674.4805	0.102271504317866
673.0635	0.102685200794218
671.6465	0.102305370835932
670.2295	0.102635704570857
668.8126	0.103565077983512
667.3956	0.10371689462542
665.9786	0.104242995540754
664.5616	0.10469146010724
663.1447	0.105228685606992
661.7277	0.105805211420904
660.3107	0.105703453039651
658.8937	0.106291774362856
657.4767	0.107151167140641
656.0598	0.10701449670656
654.6428	0.106765441901945
653.2258	0.107775770407042
651.8088	0.107493929518097
650.3919	0.108791607402709
648.9749	0.108680257253253
647.5579	0.108374423289805
646.1409	0.108539557400351
644.724	0.109384703944523
643.307	0.110458030005898
641.89	0.109744776455504
640.473	0.10988286943335
639.0561	0.110614714997083
637.6391	0.109928902209213
636.2221	0.109689576826272
634.8051	0.111082254890651
633.3882	0.111161390759632
631.9712	0.11177905983185
630.5542	0.111859676022799
629.1372	0.112733081497824
627.7203	0.113838960185494
626.3033	0.113281936933667
624.8863	0.114063932241686
623.4693	0.115191812797137
622.0524	0.116044340812381
620.6354	0.118461223228253
619.2184	0.117782033001332
617.8014	0.11960106460251
616.3845	0.122593343916134
614.9675	0.121352423668264
613.5505	0.123389952659674
612.1335	0.125231899325983
610.7165	0.125050420334441
609.2996	0.128077389149011
607.8826	0.127340229813576
606.4656	0.127773265548564
605.0486	0.127770536124523
603.6317	0.128088676105661
602.2147	0.128044640729113
600.7977	0.128295465508047
599.3807	0.127608016629427
597.9638	0.128347960579336
596.5468	0.128449238577185
595.1298	0.128996895792315
593.7128	0.129225446526561
592.2959	0.129812211818116
590.8789	0.130291910989191
589.4619	0.130595157872408
588.0449	0.132682705784917
586.628	0.132342661619513
585.211	0.134925994293454
583.794	0.135499972043491
582.377	0.136645762721201
580.9601	0.139499923469607
579.5431	0.141442449868327
578.1261	0.143414017494641
576.7091	0.144368968927862
575.2922	0.146024721209153
573.8752	0.146687168410728
572.4582	0.148828897889937
571.0412	0.148565077658527
569.6243	0.149174147691274
568.2073	0.147832744203108
566.7903	0.147423168102755
565.3733	0.145985427407858
563.9563	0.144652345260514
562.5394	0.145747550847407
561.1224	0.143597959335998
559.7054	0.144425958537931
558.2884	0.14435845607591
556.8715	0.144309576724712
555.4545	0.144074429357329
554.0375	0.143817097382322
552.6205	0.143307671901178
551.2036	0.14254825423334
549.7866	0.141330286436029
548.3696	0.140281238536325
546.9526	0.141498113385316
545.5357	0.140508168236348
544.1187	0.141204622064436
542.7017	0.140911370915368
541.2847	0.140933491757997
539.8678	0.142461324101263
538.4508	0.142814602382118
537.0338	0.144574744775882
535.6168	0.144634346032819
534.1999	0.14565689905832
532.7829	0.146710579246921
531.3659	0.148134647394282
529.9489	0.150828557674693
528.532	0.151835024080967
527.115	0.152715660843068
525.698	0.152545292313176
524.281	0.153889127090449
522.8641	0.155339426633281
521.4471	0.1573457194714
520.0301	0.154907709407971
518.6131	0.154966405149254
517.1962	0.15553507727814
515.7792	0.15574492719899
514.3622	0.155022011851715
512.9452	0.154689777300752
511.5282	0.154708621290087
510.1113	0.152943297350313
508.6943	0.153222651145181
507.2773	0.153546980261991
505.8603	0.153767566451325
504.4434	0.153893991869061
503.0264	0.152970869323265
501.6094	0.152395605021601
500.1924	0.152834663355193
498.7755	0.152853100624228
497.3585	0.153291969552548
495.9415	0.153115589703713
494.5245	0.151940876975568
493.1076	0.151736090929332
491.6906	0.151766883550383
490.2736	0.151827117785391
488.8566	0.151833604949803
487.4397	0.151922585485958
486.0227	0.152584755029641
484.6057	0.151562129735862
483.1887	0.153427622739771
481.7718	0.152470573637845
480.3548	0.153704424136529
478.9378	0.152446489966566
477.5208	0.153439379610835
476.1039	0.152216427537657
474.6869	0.152245059478367
473.2699	0.152529772415622
471.8529	0.151452299979756
470.436	0.151532265463785
469.019	0.151107531788771
467.602	0.151298873801387
466.185	0.15131237439806
464.768	0.151250286973915
463.3511	0.151657530432592
461.9341	0.150687862958974
460.5171	0.150321431452176
459.1001	0.14969079542715
457.6832	0.149287508161462
456.2662	0.149498641292539
454.8492	0.150437622602684
453.4322	0.150274603208798
452.0153	0.150128011252413
450.5983	0.1491003032837
449.1813	0.149751616676139
447.7643	0.150167838389244
446.3474	0.150553816621737
444.9304	0.152120461457296
443.5134	0.154060755344677
442.0964	0.155578967612622
440.6795	0.156688287623665
439.2625	0.158258736883323
437.8455	0.158717254288814
436.4285	0.16092400254671
435.0116	0.162853038132555
433.5946	0.161926520565366
432.1776	0.164221979913656
430.7606	0.163110722176003
429.3437	0.163216114200708
427.9267	0.162372518609465
426.5097	0.163010105380252
425.0927	0.164938960675796
423.6758	0.165289120799939
422.2588	0.165781965000377
420.8418	0.165506920736108
419.4248	0.164106819504804
418.0078	0.16556264896498
416.5909	0.164377933122503
415.1739	0.166259303408215
413.7569	0.164859659668081
412.3399	0.165076711786651
410.923	0.166181076528788
409.506	0.166503299488378
408.089	0.166855764073812
406.672	0.166495954079376
405.2551	0.167021431964927
403.8381	0.167210327701319
402.4211	0.167854730389953
401.0041	0.168824351134937
