3994.4546	0.0283583542042285
3993.0377	0.027851087468267
3991.6207	0.0290003250515344
3990.2037	0.0288095245066555
3988.7867	0.0279864413397742
3987.3698	0.02857503756727
3985.9528	0.0283195980802486
3984.5358	0.0289642936903974
3983.1188	0.028259257541782
3981.7019	0.0284687454085726
3980.2849	0.02869574203512
3978.8679	0.0288023082598322
3977.4509	0.028351568676445
3976.034	0.0298503337973143
3974.617	0.027859824059754
3973.2	0.0285328005316674
3971.783	0.0274256103841351
3970.3661	0.029250519545459
3968.9491	0.0296774400787094
3967.5321	0.0284824104240088
3966.1151	0.0283115883119573
3964.6982	0.0280107851586585
3963.2812	0.0288328252535946
3961.8642	0.02966850839197
3960.4472	0.0283590256327478
3959.0303	0.0285082755198456
3957.6133	0.0285466091951511
3956.1963	0.0285269688560389
3954.7793	0.0285447299775407
3953.3624	0.0286663945769596
3951.9454	0.0280109628962596
3950.5284	0.0283639516416223
3949.1114	0.0284627928201528
3947.6944	0.0278720501800815
3946.2775	0.0277820804082025
3944.8605	0.0280870314788317
3943.4435	0.0290147511683164
3942.0265	0.0290453242248457
3940.6096	0.0282825510165704
3939.1926	0.0286360826690088
3937.7756	0.0281849366336284
3936.3586	0.0274757465123591
3934.9417	0.0287171425175295
3933.5247	0.0279733749283878
3932.1077	0.0277767247060078
3930.6907	0.0289962234469906
3929.2738	0.0278489881056806
3927.8568	0.0285485406674358
3926.4398	0.028955087473379
3925.0228	0.027954033941433
3923.6059	0.0281412286072098
3922.1889	0.0290767609144955
3920.7719	0.0283909602568832
3919.3549	0.0276621163958583
3917.938	0.0281711926349019
3916.521	0.0287389961261592
3915.104	0.028013616740096
3913.687	0.0272868482101094
3912.2701	0.0282459095359567
3910.8531	0.0277673279138661
3909.4361	0.027382654365757
3908.0191	0.0273529293439204
3906.6022	0.0280391102491853
3905.1852	0.0270214788855097
3903.7682	0.0281561576856635
3902.3512	0.0292624179872301
3900.9342	0.0283730888756746
3899.5173	0.0284351454108569
3898.1003	0.0284305863941801
3896.6833	0.0279273595137544
3895.2663	0.0288688369265766
3893.8494	0.0279353741679396
3892.4324	0.0270578378027721
3891.0154	0.0279569303937859
3889.5984	0.0277840640627434
3888.1815	0.0282265596268274
3886.7645	0.0273738215193433
3885.3475	0.0265910600700127
3883.9305	0.0273398803618209
3882.5136	0.0292033384430088
3881.0966	0.0280017002517171
3879.6796	0.0274695522145036
3878.2626	0.0272623196776064
3876.8457	0.0279740652587009
3875.4287	0.0272210196843586
3874.0117	0.0281350821157332
3872.5947	0.0280274322077235
3871.1778	0.0275661445808406
3869.7608	0.0283170497730635
3868.3438	0.0276022830327487
3866.9268	0.028014286624233
3865.5099	0.0281637210179467
3864.0929	0.0270996661969606
3862.6759	0.0282386886169965
3861.2589	0.0281125223320325
3859.842	0.0277574642914098
3858.425	0.0269350322478365
3857.008	0.0285104482263886
3855.591	0.0272482363142014
3854.174	0.0289727411818
3852.7571	0.0279973360591213
3851.3401	0.028477497495563
3849.9231	0.0276027603537905
3848.5061	0.0272861697841292
3847.0892	0.0271446227435767
3845.6722	0.0270887385760685
3844.2552	0.0277653292787466
3842.8382	0.0271224532588508
3841.4213	0.026533904968756
3840.0043	0.0280996190267998
3838.5873	0.0267918773572448
3837.1703	0.0280858286993812
3835.7534	0.0274878346608004
3834.3364	0.0280752855448004
3832.9194	0.0280823314300463
3831.5024	0.0275374251353976
3830.0855	0.0271573888019487
3828.6685	0.0280233887183554
3827.2515	0.0273742846277049
3825.8345	0.0271914922027069
3824.4176	0.027888610814842
3823.0006	0.0279623292070365
3821.5836	0.026942710658342
3820.1666	0.0281021889269098
3818.7497	0.0264005140253257
3817.3327	0.0270759225651253
3815.9157	0.0277912232955593
3814.4987	0.0268168135893304
3813.0818	0.0275749201455819
3811.6648	0.0271721770404965
3810.2478	0.0275475876659937
3808.8308	0.0277321745263776
3807.4138	0.0263475556123558
3805.9969	0.0268691307341779
3804.5799	0.0274129885100496
3803.1629	0.0270772093939005
3801.7459	0.0279310785759255
3800.329	0.0270949410068795
3798.912	0.0262420660024304
3797.495	0.0255110557476102
3796.078	0.0274284759995459
3794.6611	0.0262990500176752
3793.2441	0.0274924507646218
3791.8271	0.0273842651042117
3790.4101	0.0262463866887233
3788.9932	0.0266131458380784
3787.5762	0.0255649111006637
3786.1592	0.0266455477830643
3784.7422	0.0257888044520382
3783.3253	0.0277352000926536
3781.9083	0.0264198023933727
3780.4913	0.027244147454666
3779.0743	0.0268915867354094
3777.6574	0.0262205803413084
3776.2404	0.0273626447997224
3774.8234	0.0273580525808081
3773.4064	0.0265680116311245
3771.9895	0.0263108939176276
3770.5725	0.026136088884516
3769.1555	0.0265723523120805
3767.7385	0.0263745341282888
3766.3216	0.0256135549126486
3764.9046	0.026926403524005
3763.4876	0.0254688361745267
3762.0706	0.0255900895174783
3760.6536	0.0263345025541811
3759.2367	0.0266028915821442
3757.8197	0.0255466080074419
3756.4027	0.0273392336439655
3754.9857	0.0266306473521937
3753.5688	0.0269556569995422
3752.1518	0.0261304007648587
3750.7348	0.0267946358501114
3749.3178	0.0264307647523142
3747.9009	0.0265709700236178
3746.4839	0.025392524265801
3745.0669	0.026276661427603
3743.6499	0.0270536577625183
3742.233	0.0262218421188379
3740.816	0.0262005144839099
3739.399	0.0256521006395836
3737.982	0.0272551258238663
3736.5651	0.0269046312953774
3735.1481	0.0264174045125376
3733.7311	0.026647306184931
3732.3141	0.0276116199386458
3730.8972	0.0265636253115232
3729.4802	0.0265537565482943
3728.0632	0.0261832963855758
3726.6462	0.0256392325624402
3725.2293	0.0252816931347753
3723.8123	0.0262796720175538
3722.3953	0.0260579805249045
3720.9783	0.0254978822695234
3719.5614	0.0241146701599741
3718.1444	0.0242048079035483
3716.7274	0.0257670992754731
3715.3104	0.0253274132444467
3713.8935	0.0252908240114607
3712.4765	0.0268717453919029
3711.0595	0.0263244638754749
3709.6425	0.0268010294738233
3708.2255	0.0265554604216395
3706.8086	0.0247788110475911
3705.3916	0.0265626741327482
3703.9746	0.0256003014790254
3702.5576	0.0261248059181839
3701.1407	0.0256941285380836
3699.7237	0.0257374942127397
3698.3067	0.024746638843373
3696.8897	0.0258023209807858
3695.4728	0.0257612678405091
3694.0558	0.0252005656828164
3692.6388	0.0252298993110528
3691.2218	0.0249231006454275
3689.8049	0.0256744740826401
3688.3879	0.0258830047571648
3686.9709	0.0253533199009812
3685.5539	0.0245115891033955
3684.137	0.0252207051323817
3682.72	0.0250512566834757
3681.303	0.0247264333766457
3679.886	0.0259016437750356
3678.4691	0.0240712081811631
3677.0521	0.0251118751491078
3675.6351	0.0248381568013879
3674.2181	0.0254636074709644
3672.8012	0.0246250545070158
3671.3842	0.0252735249345769
3669.9672	0.0257768872381308
3668.5502	0.0265712586341561
3667.1333	0.0244569669419794
3665.7163	0.024185273468401
3664.2993	0.0250055787664722
3662.8823	0.0264486031365926
3661.4653	0.0253770632440613
3660.0484	0.0264654874517252
3658.6314	0.0254120937556292
3657.2144	0.025530415868908
3655.7974	0.0252171445022498
3654.3805	0.0267627287829783
3652.9635	0.0262605218014027
3651.5465	0.0260023108669054
3650.1295	0.0262440275179061
3648.7126	0.024995047218805
3647.2956	0.024873535736444
3645.8786	0.0254406677749226
3644.4616	0.0252615749692848
3643.0447	0.0268422527733406
3641.6277	0.025875541686537
3640.2107	0.0259425374510227
3638.7937	0.0259908331382279
3637.3768	0.026152863657252
3635.9598	0.0254794734490553
3634.5428	0.027015484693691
3633.1258	0.0268148752415761
3631.7089	0.0264014451029733
3630.2919	0.0263726511606093
3628.8749	0.0265688905326447
3627.4579	0.0278658798044988
3626.041	0.0268638259302119
3624.624	0.0268528783720425
3623.207	0.0275747256388085
3621.79	0.0273225998541722
3620.3731	0.0287571632031755
3618.9561	0.0281540528541564
3617.5391	0.0274058574718368
3616.1221	0.028063624462506
3614.7051	0.028314221219053
3613.2882	0.0284293179608153
3611.8712	0.0279834436327729
3610.4542	0.0282245973059747
3609.0372	0.0287715714313961
3607.6203	0.0289687855716189
3606.2033	0.0294807183172479
3604.7863	0.0291681095914839
3603.3693	0.0306599952192005
3601.9524	0.0299067288293335
3600.5354	0.0308727457121937
3599.1184	0.0297798174981133
3597.7014	0.0297285973780471
3596.2845	0.0295118733343584
3594.8675	0.0308159543439239
3593.4505	0.0299691730428073
3592.0335	0.0305719976857271
3590.6166	0.0324627331619919
3589.1996	0.0316656139506455
3587.7826	0.0323435065522489
3586.3656	0.0325930297532828
3584.9487	0.0322573216811348
3583.5317	0.0316816729800682
3582.1147	0.0330747344105621
3580.6977	0.0331881168763483
3579.2808	0.0334316744315617
3577.8638	0.034191447204214
3576.4468	0.0347093538511994
3575.0298	0.0346357250773853
3573.6129	0.0343799100572397
3572.1959	0.0348943812469175
3570.7789	0.0354614721715538
3569.3619	0.0349972908330836
3567.9449	0.0349276693221299
3566.528	0.0363498869575434
3565.111	0.0358057914235791
3563.694	0.0365507558102571
3562.277	0.0375481955678071
3560.8601	0.0376104103419573
3559.4431	0.0378605029789143
3558.0261	0.0389158252625295
3556.6091	0.0389282877906755
3555.1922	0.0381674401978785
3553.7752	0.0386561296172826
3552.3582	0.039953340658842
3550.9412	0.0402534685747179
3549.5243	0.039748959360002
3548.1073	0.039612789463066
3546.6903	0.0404882809603293
3545.2733	0.0409364618852972
3543.8564	0.0410813501224541
3542.4394	0.0428444658799849
3541.0224	0.0421237127602722
3539.6054	0.0436837694190537
3538.1885	0.0442347370827167
3536.7715	0.0444853406414772
3535.3545	0.0435084643607916
3533.9375	0.0439365240790814
3532.5206	0.0447060037712163
3531.1036	0.0441109817463591
3529.6866	0.044663615644332
3528.2696	0.0465948248247252
3526.8527	0.0461351111776044
3525.4357	0.0458985637351547
3524.0187	0.0469646659566359
3522.6017	0.0466721877582501
3521.1847	0.0493802478877863
3519.7678	0.0480419811537324
3518.3508	0.0480576413113716
3516.9338	0.0490995677517091
3515.5168	0.0490199764264537
3514.0999	0.0495232957521261
3512.6829	0.0501610771296138
3511.2659	0.0516676756043007
3509.8489	0.0516846905801257
3508.432	0.0520494088167113
3507.015	0.0501543729259042
3505.598	0.0513476195953411
3504.181	0.0522344504135801
3502.7641	0.0527132234856405
3501.3471	0.0537841281372644
3499.9301	0.0531152352792566
3498.5131	0.0555989048987045
3497.0962	0.0538873940372681
3495.6792	0.05483834571992
3494.2622	0.0555589534933537
3492.8452	0.0551070382646597
3491.4283	0.0565927506673151
3490.0113	0.0571609163826957
3488.5943	0.0574852354343474
3487.1773	0.0564043420630138
3485.7604	0.0573092876966536
3484.3434	0.0590444212617927
3482.9264	0.0579658460453927
3481.5094	0.0586114539183269
3480.0925	0.0589824942520006
3478.6755	0.0592209152776361
3477.2585	0.0596518571240249
3475.8415	0.0596995357492701
3474.4245	0.0607492663680989
3473.0076	0.0606658251737907
3471.5906	0.0617778651201937
3470.1736	0.0617792772329967
3468.7566	0.0614343547978585
3467.3397	0.061775924779244
3465.9227	0.0634352178648423
3464.5057	0.0627343127158837
3463.0887	0.0635907819367682
3461.6718	0.0630177588424344
3460.2548	0.0643658395443305
3458.8378	0.0641044675370169
3457.4208	0.0652683236981368
3456.0039	0.0661013617945293
3454.5869	0.0659339465631303
3453.1699	0.0658629659956356
3451.7529	0.0653164970513538
3450.336	0.0669902552982006
3448.919	0.0664933984079525
3447.502	0.0680247557598598
3446.085	0.0667606247297654
3444.6681	0.0688839455046739
3443.2511	0.0691583122168855
3441.8341	0.0695408841914779
3440.4171	0.0686822724808561
3439.0002	0.0700413611135137
3437.5832	0.0712153488058593
3436.1662	0.070345634721568
3434.7492	0.0708106085622844
3433.3323	0.0708869256030899
3431.9153	0.0704186042410333
3430.4983	0.0713393112788261
3429.0813	0.0720939526811569
3427.6643	0.0713200224329025
3426.2474	0.0731758290869233
3424.8304	0.0730211695560703
3423.4134	0.0732686522433784
3421.9964	0.0728347235707738
3420.5795	0.0734344356527796
3419.1625	0.0736141658719224
3417.7455	0.0744365767713202
3416.3285	0.0738086414307209
3414.9116	0.07441711908807
3413.4946	0.07635541296582
3412.0776	0.0763747291745981
3410.6606	0.0758135620985313
3409.2437	0.0762259005226983
3407.8267	0.0764987218529295
3406.4097	0.0771970807400913
3404.9927	0.077400489120924
3403.5758	0.077461569409963
3402.1588	0.0778333849589145
3400.7418	0.0777601863826595
3399.3248	0.0794933075713046
3397.9079	0.0793341538843052
3396.4909	0.0799516131108085
3395.0739	0.0779318585438219
3393.6569	0.079186871874274
3392.24	0.079547902834455
3390.823	0.0803964823007908
3389.406	0.0805617455353285
3387.989	0.0801912171265996
3386.5721	0.0809324947293395
3385.1551	0.0799500035391152
3383.7381	0.0812482917093734
3382.3211	0.0814186526013888
3380.9041	0.0813336379705406
3379.4872	0.0814949669494516
3378.0702	0.0823977842353403
3376.6532	0.0836493976329293
3375.2362	0.0846846164154826
3373.8193	0.0839428719757714
3372.4023	0.0839257065626703
3370.9853	0.0842212010160797
3369.5683	0.0829993887268737
3368.1514	0.0841995875571178
3366.7344	0.0840176258759371
3365.3174	0.0845394406266785
3363.9004	0.084376300688897
3362.4835	0.0848404505539499
3361.0665	0.0846710873309037
3359.6495	0.0848934534885821
3358.2325	0.0862044476340098
3356.8156	0.0856323383941794
3355.3986	0.0861412343712821
3353.9816	0.0863395752013946
3352.5646	0.0871566924306281
3351.1477	0.0861435771979938
3349.7307	0.0871112097345838
3348.3137	0.0866913656553466
3346.8967	0.0869939207552514
3345.4798	0.0880285356961427
3344.0628	0.0876471179390126
3342.6458	0.0869536792511931
3341.2288	0.0868434501037749
3339.8119	0.0871800257074172
3338.3949	0.0871909225503089
3336.9779	0.0876065027180786
3335.5609	0.0879620157772168
3334.1439	0.0879497554596557
3332.727	0.0883279259264875
3331.31	0.0899097005143984
3329.893	0.0875578196977236
3328.476	0.0890923305793277
3327.0591	0.088454025399258
3325.6421	0.0890207201283361
3324.2251	0.0887272221548975
3322.8081	0.0900492069970958
3321.3912	0.0898753832136832
3319.9742	0.0903331258354836
3318.5572	0.0897276121863394
3317.1402	0.0896161649711668
3315.7233	0.0894244326703554
3314.3063	0.0899098684164162
3312.8893	0.0911278517790556
3311.4723	0.0901274829077862
3310.0554	0.0892540994109618
3308.6384	0.0897536424645616
3307.2214	0.089187097181944
3305.8044	0.0908063356501205
3304.3875	0.0901672272112961
3302.9705	0.0898723473952018
3301.5535	0.0898841170281957
3300.1365	0.0901834192151391
3298.7196	0.090906998721823
3297.3026	0.0899898234568953
3295.8856	0.0899707266081676
3294.4686	0.0910150148397345
3293.0517	0.0914572060280726
3291.6347	0.090338814343393
3290.2177	0.0900335240206368
3288.8007	0.0914557915197815
3287.3837	0.0904277837244767
3285.9668	0.0908575068016334
3284.5498	0.0911869526138988
3283.1328	0.0903353882746217
3281.7158	0.0907978463613248
3280.2989	0.0909469051965378
3278.8819	0.0911539575053807
3277.4649	0.0911070033293823
3276.0479	0.0902014541743787
3274.631	0.0918583522053061
3273.214	0.0905845682683647
3271.797	0.0917702790200689
3270.38	0.0916789830597701
3268.9631	0.0919418305635352
3267.5461	0.0908890662183166
3266.1291	0.0912408897646731
3264.7121	0.0912847480720906
3263.2952	0.0917412468346565
3261.8782	0.0906926578236385
3260.4612	0.0920182086119396
3259.0442	0.0915076546381904
3257.6273	0.0915322329733195
3256.2103	0.0905414316002294
3254.7933	0.0910001965113989
3253.3763	0.0902435464695326
3251.9594	0.0906351044794151
3250.5424	0.0917940145112663
3249.1254	0.0912174502602671
3247.7084	0.0903114365578058
3246.2915	0.0917075741421923
3244.8745	0.0912922773314345
3243.4575	0.0914254999187575
3242.0405	0.0920475326159536
3240.6235	0.0903162875537637
3239.2066	0.0898005981484919
3237.7896	0.0887402011815177
3236.3726	0.0902550722139436
3234.9556	0.0896894904998619
3233.5387	0.0907355989310761
3232.1217	0.090078795109832
3230.7047	0.0902318009387117
3229.2877	0.0901412834796325
3227.8708	0.0902656064761917
3226.4538	0.0882056505556036
3225.0368	0.0893095102661388
3223.6198	0.0896577009923928
3222.2029	0.0890615879218607
3220.7859	0.0892736037334056
3219.3689	0.0888940027558499
3217.9519	0.0890042502396794
3216.535	0.0893115697528512
3215.118	0.0879707055506801
3213.701	0.0890109960140465
3212.284	0.0876871595375373
3210.8671	0.0878516432627403
3209.4501	0.0857836428817084
3208.0331	0.0879968221961098
3206.6161	0.0877502649822814
3205.1992	0.0867998162671561
3203.7822	0.0867328599809542
3202.3652	0.0882236423079748
3200.9482	0.0874353989273559
3199.5313	0.0880100653152324
3198.1143	0.0860283312208584
3196.6973	0.0865077284056923
3195.2803	0.0874480497990588
3193.8633	0.086886506820552
3192.4464	0.0864570188929221
3191.0294	0.0864769369812144
3189.6124	0.0870674667784026
3188.1954	0.0855763061744122
3186.7785	0.0851024398700918
3185.3615	0.0850599014336153
3183.9445	0.0855977124543278
3182.5275	0.0849983936990528
3181.1106	0.0847094882815732
3179.6936	0.0841874145956323
3178.2766	0.0845738175910375
3176.8596	0.0841920227303256
3175.4427	0.0841352234540494
3174.0257	0.0838284860435213
3172.6087	0.0848596107643226
3171.1917	0.0818431095239136
3169.7748	0.0832877420589441
3168.3578	0.0829046123543419
3166.9408	0.0819311276186487
3165.5238	0.0823769635500733
3164.1069	0.0830822347074544
3162.6899	0.0816940187263055
3161.2729	0.0817338524727318
3159.8559	0.0824027772615968
3158.439	0.0817534883604732
3157.022	0.0806908304361087
3155.605	0.0821154884822363
3154.188	0.081746439007624
3152.7711	0.0808777197938675
3151.3541	0.0802315648911173
3149.9371	0.0805751212886876
3148.5201	0.0799864787723626
3147.1031	0.0798352743776685
3145.6862	0.0782579119973251
3144.2692	0.0786344641416322
3142.8522	0.0798174274665115
3141.4352	0.0783614800397324
3140.0183	0.0788397277187223
3138.6013	0.07953664608004
3137.1843	0.0777796195535618
3135.7673	0.0775682017740814
3134.3504	0.0772189072823393
3132.9334	0.0787281604107387
3131.5164	0.077476455553608
3130.0994	0.0777900257020598
3128.6825	0.0770273234022877
3127.2655	0.0771220716063783
3125.8485	0.0767806870270964
3124.4315	0.075642783357098
3123.0146	0.075664450894113
3121.5976	0.0761656109978338
3120.1806	0.0750519077408983
3118.7636	0.0748981852977102
3117.3467	0.0761686385141081
3115.9297	0.0739031821151644
3114.5127	0.0740088597517752
3113.0957	0.0746816872655353
3111.6788	0.0737353337224287
3110.2618	0.0737246808193529
3108.8448	0.074649703952024
3107.4278	0.0730021995326082
3106.0109	0.0729705083219907
3104.5939	0.0722533092055126
3103.1769	0.0724384025765295
3101.7599	0.0715004739097877
3100.3429	0.0720848314519899
3098.926	0.071423065814677
3097.509	0.071812258880517
3096.092	0.0704041045544308
3094.675	0.0719394695966888
3093.2581	0.0713538452079672
3091.8411	0.0699960558439224
3090.4241	0.0699171211903079
3089.0071	0.0702886843386844
3087.5902	0.0708058901799069
3086.1732	0.070556095583451
3084.7562	0.0701678867948422
3083.3392	0.0694222473919856
3081.9223	0.0689515093682839
3080.5053	0.0690820200883683
3079.0883	0.0685091798695185
3077.6713	0.0692715563410552
3076.2544	0.068882961051653
3074.8374	0.0676049460435972
3073.4204	0.0684723971242032
3072.0034	0.0675225776612651
3070.5865	0.06787781639769
3069.1695	0.0673606682628593
3067.7525	0.0676594043373222
3066.3355	0.0669300393530504
3064.9186	0.0658366515154704
3063.5016	0.0663889094832512
3062.0846	0.0650197173855139
3060.6676	0.0662383337082265
3059.2507	0.0653064979445401
3057.8337	0.0649859616575932
3056.4167	0.0648320683168593
3054.9997	0.0650084830318009
3053.5827	0.0656851489597065
3052.1658	0.0643805848472796
3050.7488	0.0657929165453407
3049.3318	0.0655021782040239
3047.9148	0.0645754668804459
3046.4979	0.0641423682813384
3045.0809	0.064534050246134
3043.6639	0.0626707408193347
3042.2469	0.0623664014098476
3040.83	0.0630094075588709
3039.413	0.0627803122826749
3037.996	0.0638054464588823
3036.579	0.0625426059560446
3035.1621	0.0623753311727654
3033.7451	0.0612424878374528
3032.3281	0.0611692846328356
3030.9111	0.0617097309316743
3029.4942	0.061199080871073
3028.0772	0.0605607071395194
3026.6602	0.0608611854235187
3025.2432	0.0600123681975302
3023.8263	0.060130555565969
3022.4093	0.0599574809466604
3020.9923	0.0597328624820553
3019.5753	0.0603690957284595
3018.1584	0.0614942483707472
3016.7414	0.0584352540847561
3015.3244	0.0606883210258215
3013.9074	0.0587423346789115
3012.4905	0.0599907350401212
3011.0735	0.0596076278460817
3009.6565	0.0577082294353015
3008.2395	0.0592761818035739
3006.8225	0.0589597001226283
3005.4056	0.0566817207549794
3003.9886	0.0570932053686916
3002.5716	0.0581567751019086
3001.1546	0.0578429745264299
2999.7377	0.0583455280434464
2998.3207	0.0578007954019804
2996.9037	0.0575766296585394
2995.4867	0.058074810195882
2994.0698	0.0585419575269417
2992.6528	0.0577258241019827
2991.2358	0.0584235394541287
2989.8188	0.0587127040333943
2988.4019	0.0583789586186145
2986.9849	0.0583836752649154
2985.5679	0.0598532929349045
2984.1509	0.05728885749388
2982.734	0.0581166070372
2981.317	0.0590233536087285
2979.9	0.0584207343120105
2978.483	0.0605066071754226
2977.0661	0.0588819729248777
2975.6491	0.0597542888418346
2974.2321	0.059156197710364
2972.8151	0.0594480837569553
2971.3982	0.0593881365695121
2969.9812	0.0600890112568401
2968.5642	0.058718720602987
2967.1472	0.0613294926136854
2965.7303	0.061222771890817
2964.3133	0.0609001603228529
2962.8963	0.0613760808474166
2961.4793	0.0613232720903756
2960.0623	0.0614081435324316
2958.6454	0.0635138913866455
2957.2284	0.062753183944997
2955.8114	0.0633153603302747
2954.3944	0.0625683393775732
2952.9775	0.0631615757327546
2951.5605	0.0641401122457268
2950.1435	0.0640116911872907
2948.7265	0.0647617497083455
2947.3096	0.064207860932431
2945.8926	0.0653300218144924
2944.4756	0.0659888285912791
2943.0586	0.067227379105824
2941.6417	0.0684348988408262
2940.2247	0.0678582821078621
2938.8077	0.0694195256802823
2937.3907	0.0691031015088786
2935.9738	0.0691246815800713
2934.5568	0.0698763564232489
2933.1398	0.0706849261692074
2931.7228	0.0705882046054373
2930.3059	0.0712195741814576
2928.8889	0.0702456673373567
2927.4719	0.071582605737129
2926.0549	0.071238830455208
2924.638	0.0705560158988072
2923.221	0.0707970775996321
2921.804	0.0712464762217589
2920.387	0.0702587043442979
2918.9701	0.070830243758857
2917.5531	0.0705865126844865
2916.1361	0.070812402553677
2914.7191	0.0706973240201078
2913.3021	0.0710247494569536
2911.8852	0.0704399928477347
2910.4682	0.0701533201738
2909.0512	0.0707630497767045
2907.6342	0.0697100435742014
2906.2173	0.0696670243752565
2904.8003	0.0693424606282957
2903.3833	0.0700721738163633
2901.9663	0.0695511056651806
2900.5494	0.069616434364835
2899.1324	0.0683332340081757
2897.7154	0.0694975639017072
2896.2984	0.0691333255782622
2894.8815	0.0697313550699131
2893.4645	0.0716411899710034
2892.0475	0.0698950712349564
2890.6305	0.0702462647008474
2889.2136	0.0679003934089945
2887.7966	0.0692934776683539
2886.3796	0.0687697887366431
2884.9626	0.0683184931111534
2883.5457	0.0692678018441939
2882.1287	0.0690539601390732
2880.7117	0.0695480535611382
2879.2947	0.0677746563746357
2877.8778	0.0681899243645469
2876.4608	0.0684553580780667
2875.0438	0.0681105258102571
2873.6268	0.0675643808911603
2872.2099	0.0671042049933702
2870.7929	0.0662322737983256
2869.3759	0.0671645196648958
2867.9589	0.0658992919019897
2866.5419	0.0656693901378544
2865.125	0.0655798907195636
2863.708	0.0657305933516248
2862.291	0.0657791689135578
2860.874	0.0642415811098337
2859.4571	0.0652829775295928
2858.0401	0.063903508618251
2856.6231	0.064117338606839
2855.2061	0.0642925214178162
2853.7892	0.0630951177691457
2852.3722	0.0637631815590826
2850.9552	0.0636947520227585
2849.5382	0.0633769384817122
2848.1213	0.0622167853392079
2846.7043	0.0627398480517494
2845.2873	0.0625576744811208
2843.8703	0.0619346156866767
2842.4534	0.0616755937258614
2841.0364	0.0623440393232079
2839.6194	0.0620880061792312
2838.2024	0.0620656628057075
2836.7855	0.0612693254745174
2835.3685	0.0611119970757634
2833.9515	0.0607288517562196
2832.5345	0.0604817795058807
2831.1176	0.0594698946508869
2829.7006	0.0603599556578317
2828.2836	0.0604538361327725
2826.8666	0.058979768587066
2825.4497	0.0586059751458922
2824.0327	0.0589639330043562
2822.6157	0.0578246155470051
2821.1987	0.0586157413046322
2819.7817	0.0579207986232402
2818.3648	0.0583520064587766
2816.9478	0.0571607312841678
2815.5308	0.0575610531044589
2814.1138	0.0575637867349076
2812.6969	0.0586077317500377
2811.2799	0.0574530389757315
2809.8629	0.0572189394710846
2808.4459	0.057713936832656
2807.029	0.0569990398050916
2805.612	0.056350825377635
2804.195	0.0565286755513683
2802.778	0.0566634617444579
2801.3611	0.0562841435520393
2799.9441	0.0565376164893456
2798.5271	0.0557142577128478
2797.1101	0.0561181467380953
2795.6932	0.0571789473836014
2794.2762	0.0560663468677689
2792.8592	0.0557120909808602
2791.4422	0.0564614985828914
2790.0253	0.0552252582593997
2788.6083	0.056124279209407
2787.1913	0.0546333501988534
2785.7743	0.0543664222127549
2784.3574	0.0546755231745226
2782.9404	0.0554999827177652
2781.5234	0.0545532877363752
2780.1064	0.0541707651597443
2778.6895	0.0552221235396652
2777.2725	0.0551487428655425
2775.8555	0.0542709035324947
2774.4385	0.0549433798261593
2773.0215	0.0550334378082801
2771.6046	0.0546331530913808
2770.1876	0.0539751585931905
2768.7706	0.0541208590624589
2767.3536	0.0543779108582601
2765.9367	0.0538170549052984
2764.5197	0.0541593731356021
2763.1027	0.054230883065718
2761.6857	0.0537277226904332
2760.2688	0.0541822696203214
2758.8518	0.0545107094350465
2757.4348	0.0542466984575047
2756.0178	0.0547712103634295
2754.6009	0.0550770878637002
2753.1839	0.0536449149548275
2751.7669	0.0531307511194484
2750.3499	0.0536486729070567
2748.933	0.0535756828130712
2747.516	0.0541093551985409
2746.099	0.0543546515781461
2744.682	0.0542680356934892
2743.2651	0.0524933628412764
2741.8481	0.053559831835141
2740.4311	0.0535038803415285
2739.0141	0.0536889199814419
2737.5972	0.053284061192934
2736.1802	0.0537793415043877
2734.7632	0.0529068924285759
2733.3462	0.0531519162871076
2731.9293	0.0512763739502452
2730.5123	0.0532694765323106
2729.0953	0.0529450288990594
2727.6783	0.052350902807159
2726.2613	0.0533276290172035
2724.8444	0.0526877295135521
2723.4274	0.0521066350558934
2722.0104	0.0525766936793808
2720.5934	0.0532229579195402
2719.1765	0.0533457073922282
2717.7595	0.0524679869857775
2716.3425	0.0527663536181803
2714.9255	0.052106527092446
2713.5086	0.0521092209181571
2712.0916	0.052175723567169
2710.6746	0.0517215223881854
2709.2576	0.0524060819231173
2707.8407	0.0530196324090116
2706.4237	0.0534157506917178
2705.0067	0.0524505755725586
2703.5897	0.0515012408571058
2702.1728	0.0519539946460165
2700.7558	0.051020622219546
2699.3388	0.0526291997665776
2697.9218	0.051389339047265
2696.5049	0.0521538936725494
2695.0879	0.0531022170128682
2693.6709	0.0513000490797692
2692.2539	0.050598708867244
2690.837	0.0510120808574206
2689.42	0.0524012770743354
2688.003	0.0512654125715614
2686.586	0.0512707849085748
2685.1691	0.0511180756694038
2683.7521	0.051671704481167
2682.3351	0.0513380751257753
2680.9181	0.0516097234291896
2679.5011	0.0514245005232776
2678.0842	0.0508169212484459
2676.6672	0.0500781713961225
2675.2502	0.0507246054654972
2673.8332	0.0505385875693841
2672.4163	0.0507268406817002
2670.9993	0.0517049306683867
2669.5823	0.0499618123404084
2668.1653	0.050176416851694
2666.7484	0.05062553051643
2665.3314	0.0502146905937275
2663.9144	0.0503170276680291
2662.4974	0.051369933048671
2661.0805	0.05034932967123
2659.6635	0.0519021848866928
2658.2465	0.0504832034560581
2656.8295	0.050435314816084
2655.4126	0.0512257199054825
2653.9956	0.0505707437538183
2652.5786	0.050153348574821
2651.1616	0.0502645783663534
2649.7447	0.0499073141681111
2648.3277	0.049636972227112
2646.9107	0.049844667682687
2645.4937	0.049759873692002
2644.0768	0.050196650571075
2642.6598	0.0497719420146474
2641.2428	0.0499572786073995
2639.8258	0.0503186277026831
2638.4089	0.0501608617335561
2636.9919	0.0494007333449415
2635.5749	0.0504982224973179
2634.1579	0.0499610307653377
2632.741	0.0486960621267878
2631.324	0.0502912902955998
2629.907	0.0492614420858071
2628.49	0.0503756209162605
2627.073	0.0493321132865038
2625.6561	0.0481722981201719
2624.2391	0.0487835280468167
2622.8221	0.0481090531397995
2621.4051	0.0492572426009515
2619.9882	0.0473089466458753
2618.5712	0.0492236998741977
2617.1542	0.0481527091805098
2615.7372	0.0484087429155127
2614.3203	0.0486351828301638
2612.9033	0.0481750320487295
2611.4863	0.0477826399296641
2610.0693	0.0479729596142488
2608.6524	0.0476588550087302
2607.2354	0.0458873770412268
2605.8184	0.0484285291991532
2604.4014	0.0469022131185213
2602.9845	0.0472596554588465
2601.5675	0.0459419167276663
2600.1505	0.0482790093187628
2598.7335	0.0462769566327896
2597.3166	0.047134525445859
2595.8996	0.0463801853585515
2594.4826	0.0473115169823434
2593.0656	0.0469071323512556
2591.6487	0.0475859006853887
2590.2317	0.0464461396958231
2588.8147	0.0468274942769226
2587.3977	0.0469963167145136
2585.9808	0.0477831953598139
2584.5638	0.0463507399020239
2583.1468	0.0465084380566584
2581.7298	0.0467853733071066
2580.3128	0.0479831692825707
2578.8959	0.0480371165032126
2577.4789	0.0467291984672461
2576.0619	0.0461594795502916
2574.6449	0.0472658261143959
2573.228	0.0455021260777016
2571.811	0.0458305258004731
2570.394	0.0452212466088639
2568.977	0.0461190469979943
2567.5601	0.0462365908332032
2566.1431	0.0457655119707144
2564.7261	0.0450308071594817
2563.3091	0.0461262089900203
2561.8922	0.0457139009331286
2560.4752	0.0464777614253571
2559.0582	0.0458031337264259
2557.6412	0.0448813161660274
2556.2243	0.0452215194043228
2554.8073	0.0452869144231345
2553.3903	0.04438652563775
2551.9733	0.0447376696874357
2550.5564	0.0455757621176782
2549.1394	0.0458726870733222
2547.7224	0.044839394927371
2546.3054	0.0468968470926523
2544.8885	0.0457598840822394
2543.4715	0.0457283893118385
2542.0545	0.0444104871588012
2540.6375	0.0448268194467189
2539.2206	0.0466046560371652
2537.8036	0.0442763068595441
2536.3866	0.0449197941149857
2534.9696	0.0448868709055269
2533.5526	0.0445787218210743
2532.1357	0.0444456844040398
2530.7187	0.0450889443371441
2529.3017	0.0446020001745175
2527.8847	0.0441237424696259
2526.4678	0.0445237794361026
2525.0508	0.043363577257841
2523.6338	0.0440735314964404
2522.2168	0.0452862804230082
2520.7999	0.0440716885083042
2519.3829	0.0438346858557907
2517.9659	0.044212952684855
2516.5489	0.0434658072875296
2515.132	0.0431506555340079
2513.715	0.0435977837882882
2512.298	0.0441013622437612
2510.881	0.0441957044049166
2509.4641	0.0443907499466603
2508.0471	0.0450446358240321
2506.6301	0.0427221725663096
2505.2131	0.0441445029415117
2503.7962	0.0460720527156759
2502.3792	0.0433820543959077
2500.9622	0.0443778237752145
2499.5452	0.0441254348420188
2498.1283	0.04451876814052
2496.7113	0.0434770381665035
2495.2943	0.0433523053488959
2493.8773	0.0431451519897624
2492.4604	0.0424337765221832
2491.0434	0.0431810802789952
2489.6264	0.0435298295900088
2488.2094	0.0445129646843482
2486.7924	0.0448007103374924
2485.3755	0.0432659671129386
2483.9585	0.0445593492786598
2482.5415	0.0435743178620584
2481.1245	0.043442200942174
2479.7076	0.0429684771629348
2478.2906	0.0432998874494646
2476.8736	0.0421485095161183
2475.4566	0.0427870133850395
2474.0397	0.0427132814441766
2472.6227	0.0425746315346046
2471.2057	0.0422279218573236
2469.7887	0.0440581159104532
2468.3718	0.042786061811045
2466.9548	0.0425827964752635
2465.5378	0.0435944075091662
2464.1208	0.0440978156876278
2462.7039	0.0431301883466335
2461.2869	0.0426347087761728
2459.8699	0.0430872988562972
2458.4529	0.0430664857270653
2457.036	0.0428565270932795
2455.619	0.0414639429913679
2454.202	0.0419720652674646
2452.785	0.0428183046368132
2451.3681	0.0432938611417959
2449.9511	0.0423335142314383
2448.5341	0.0415553830385047
2447.1171	0.0429747801862787
2445.7002	0.0425867608891683
2444.2832	0.042085876722808
2442.8662	0.0428809927774193
2441.4492	0.0423391111226063
2440.0322	0.0424303257748849
2438.6153	0.0424041448596229
2437.1983	0.0420068704060787
2435.7813	0.0428022422310347
2434.3643	0.0422324639609257
2432.9474	0.0415580794355508
2431.5304	0.041532297499431
2430.1134	0.0410520271841511
2428.6964	0.0418501810904545
2427.2795	0.0412457650942775
2425.8625	0.042406813300786
2424.4455	0.0419033185703481
2423.0285	0.0421336275010566
2421.6116	0.0406488975055414
2420.1946	0.0416714959999704
2418.7776	0.0421997473100361
2417.3606	0.0425623413478552
2415.9437	0.0411241744503479
2414.5267	0.0415258714294927
2413.1097	0.040740437142482
2411.6927	0.0424875250449195
2410.2758	0.0414959496346374
2408.8588	0.0421203044701904
2407.4418	0.0409414858469651
2406.0248	0.0401707566361075
2404.6079	0.0415514945762336
2403.1909	0.0411974629794597
2401.7739	0.0400362199997086
2400.3569	0.0415112690485132
2398.94	0.0400812731752958
2397.523	0.0413282468207301
2396.106	0.0416160487012399
2394.689	0.0403954360476209
2393.272	0.0400664670167613
2391.8551	0.0414350888970448
2390.4381	0.0411599227381483
2389.0211	0.0407369237818687
2387.6041	0.0405809237947043
2386.1872	0.0408424378521194
2384.7702	0.0415290505012613
2383.3532	0.0416399740201183
2381.9362	0.0406471086270424
2380.5193	0.0402120956058104
2379.1023	0.0409515183651348
2377.6853	0.0402457194691021
2376.2683	0.0407075916891714
2374.8514	0.0405866161418581
2373.4344	0.0409669395458834
2372.0174	0.0398747737305994
2370.6004	0.0398686029911812
2369.1835	0.0398238417234994
2367.7665	0.0402648412921629
2366.3495	0.0395902334881682
2364.9325	0.0391801788074397
2363.5156	0.0401675027925554
2362.0986	0.0405502610172667
2360.6816	0.0418031192493846
2359.2646	0.0405761011234159
2357.8477	0.0407474634276348
2356.4307	0.0417752682078903
2355.0137	0.0403619949002763
2353.5967	0.0405281611327605
2352.1798	0.0396811434437299
2350.7628	0.0395719770659662
2349.3458	0.040649254579978
2347.9288	0.0401318515914166
2346.5118	0.0397235264888744
2345.0949	0.0423820737928576
2343.6779	0.0405585080694559
2342.2609	0.040551314299658
2340.8439	0.040432861570598
2339.427	0.0391009601979867
2338.01	0.0399082739604991
2336.593	0.0390065536330093
2335.176	0.0402149336991918
2333.7591	0.0414102406559538
2332.3421	0.0415525665837928
2330.9251	0.0406108254075172
2329.5081	0.0402722149067402
2328.0912	0.0402902082066232
2326.6742	0.0415174942157865
2325.2572	0.0409934319730539
2323.8402	0.0413195585000126
2322.4233	0.0419534157321165
2321.0063	0.0413703747016997
2319.5893	0.0401826061899
2318.1723	0.0401752060559904
2316.7554	0.0400571414711164
2315.3384	0.0407704708114824
2313.9214	0.0405679921942366
2312.5044	0.0391871362922677
2311.0875	0.0393191694940468
2309.6705	0.0386020216420646
2308.2535	0.0400711876531863
2306.8365	0.0393020107919548
2305.4196	0.0412325250708399
2304.0026	0.0383784316160735
2302.5856	0.0393948751078604
2301.1686	0.0393485836266768
2299.7516	0.0396546817835974
2298.3347	0.038495376322591
2296.9177	0.0401541459709103
2295.5007	0.0385199121165563
2294.0837	0.0396449988200239
2292.6668	0.0410755634285154
2291.2498	0.0399071883269052
2289.8328	0.0389333586354729
2288.4158	0.0397391241438987
2286.9989	0.0405372977908486
2285.5819	0.0395221025917132
2284.1649	0.0394401249770696
2282.7479	0.0393189654124411
2281.331	0.0392957870081857
2279.914	0.0383632330833223
2278.497	0.0395988782795706
2277.08	0.0392138135475478
2275.6631	0.0390133296960179
2274.2461	0.0401650080306493
2272.8291	0.0388098060650391
2271.4121	0.0383769226189727
2269.9952	0.040124100617045
2268.5782	0.0382641099372394
2267.1612	0.0387227579519305
2265.7442	0.0397340312829293
2264.3273	0.0376913396715537
2262.9103	0.0384247649272364
2261.4933	0.0389143580479085
2260.0763	0.0379265660420156
2258.6594	0.0378688946102996
2257.2424	0.0380007381681427
2255.8254	0.0378538879160947
2254.4084	0.0378546015554758
2252.9914	0.037201081070053
2251.5745	0.0378791004420992
2250.1575	0.0381398404180342
2248.7405	0.0386164718902695
2247.3235	0.0375228130600072
2245.9066	0.0383277000075806
2244.4896	0.0374567088088044
2243.0726	0.0370760472855741
2241.6556	0.0380933519770573
2240.2387	0.0382906365100078
2238.8217	0.0387167922871871
2237.4047	0.0367145341437154
2235.9877	0.0373399725878943
2234.5708	0.0371342264733365
2233.1538	0.0374561057672899
2231.7368	0.0385464185487732
2230.3198	0.0372714533199257
2228.9029	0.0379803042431416
2227.4859	0.0396255749542675
2226.0689	0.038828208804509
2224.6519	0.0375538553763101
2223.235	0.0380772479096929
2221.818	0.0368761393439075
2220.401	0.0366713435437044
2218.984	0.0377861277196039
2217.5671	0.0383276254541395
2216.1501	0.0362046750963715
2214.7331	0.0370259610389663
2213.3161	0.038196469919325
2211.8992	0.0369283986635244
2210.4822	0.038224969792933
2209.0652	0.0369546193318283
2207.6482	0.0371190323670629
2206.2312	0.0371884143445049
2204.8143	0.0387545911130425
2203.3973	0.0393960690094516
2201.9803	0.0383502189272303
2200.5633	0.0378625765838066
2199.1464	0.0372175626528439
2197.7294	0.0373027310922524
2196.3124	0.0379748024917469
2194.8954	0.0373667430915053
2193.4785	0.0388937001288497
2192.0615	0.0383299439738919
2190.6445	0.0372041720231313
2189.2275	0.0373226631273739
2187.8106	0.0373886665641279
2186.3936	0.0379703886455104
2184.9766	0.0366031427288781
2183.5596	0.0361575992622626
2182.1427	0.0363936855013037
2180.7257	0.0365527005862724
2179.3087	0.0372857572142533
2177.8917	0.037800083766638
2176.4748	0.0375295608456932
2175.0578	0.0355607711761956
2173.6408	0.036633877608258
2172.2238	0.0365088392652883
2170.8069	0.0371243523852221
2169.3899	0.0377347190129111
2167.9729	0.0391062295318434
2166.5559	0.0386726129763207
2165.139	0.0393934571402275
2163.722	0.0368388257523888
2162.305	0.036700682829753
2160.888	0.0358365622722399
2159.471	0.0337995629108787
2158.0541	0.0309140352153561
2156.6371	0.0306683429265041
2155.2201	0.0317096134415798
2153.8031	0.0321143868206944
2152.3862	0.0338169282465207
2150.9692	0.0341726827894153
2149.5522	0.0340861827025803
2148.1352	0.0339025217744651
2146.7183	0.0349027437139753
2145.3013	0.0331359290686752
2143.8843	0.0330912526842067
2142.4673	0.0329310509417349
2141.0504	0.0352597295331588
2139.6334	0.0340599153487839
2138.2164	0.0350609068600431
2136.7994	0.0362987621323542
2135.3825	0.0351188892319219
2133.9655	0.0357377788382453
2132.5485	0.0361175565761071
2131.1315	0.0365032941254871
2129.7146	0.0359004041628126
2128.2976	0.0374100922375301
2126.8806	0.0369789996812702
2125.4636	0.0359914791434458
2124.0467	0.0361595682162528
2122.6297	0.036431505324072
2121.2127	0.0360499014197118
2119.7957	0.0355041988497626
2118.3788	0.0364943091629192
2116.9618	0.0364248035024247
2115.5448	0.0363693271052935
2114.1278	0.0365927528612338
2112.7108	0.0371519277895498
2111.2939	0.0372739422912803
2109.8769	0.0370495928693282
2108.4599	0.0366077810953757
2107.0429	0.0365289137676436
2105.626	0.0355737881200538
2104.209	0.0360117750961016
2102.792	0.0367242490829514
2101.375	0.0364480011035973
2099.9581	0.036870417748258
2098.5411	0.0368931284487496
2097.1241	0.0357652582349557
2095.7071	0.0352933506231799
2094.2902	0.0360436258400766
2092.8732	0.0360741228756602
2091.4562	0.0347454154817244
2090.0392	0.0365184123855381
2088.6223	0.0363063440836861
2087.2053	0.0358854108944372
2085.7883	0.0364811565995136
2084.3713	0.0373473388851801
2082.9544	0.037051402153036
2081.5374	0.0363765762178289
2080.1204	0.0360817754085865
2078.7034	0.0374317722965541
2077.2865	0.0365235414104524
2075.8695	0.0375965616160356
2074.4525	0.0354054643337598
2073.0355	0.0372359007594796
2071.6186	0.0364774604288492
2070.2016	0.0368498737964696
2068.7846	0.0359275407433817
2067.3676	0.0356339027178437
2065.9506	0.0356562134157655
2064.5337	0.0364691775983139
2063.1167	0.0355883562661001
2061.6997	0.0353947435407932
2060.2827	0.0352702049659676
2058.8658	0.0360826738207926
2057.4488	0.0364133786816876
2056.0318	0.0345893092237758
2054.6148	0.0357207910973012
2053.1979	0.0357089493338334
2051.7809	0.0359401975870881
2050.3639	0.0364678160021875
2048.9469	0.0357261123284195
2047.53	0.03474181083649
2046.113	0.0348925493556107
2044.696	0.0335042147501425
2043.279	0.0332346245384621
2041.8621	0.0329553760260258
2040.4451	0.0333995947404894
2039.0281	0.034180742580287
2037.6111	0.0338751383571268
2036.1942	0.033082089936148
2034.7772	0.0335258909851727
2033.3602	0.0332402902486043
2031.9432	0.0330946122253588
2030.5263	0.0337632086616784
2029.1093	0.0343570362844725
2027.6923	0.0337711481125286
2026.2753	0.0346265760454958
2024.8584	0.0327238921965782
2023.4414	0.0328870631416624
2022.0244	0.0326057288854364
2020.6074	0.0312256111746392
2019.1904	0.0303555869855421
2017.7735	0.0302873214896227
2016.3565	0.0309732983439234
2014.9395	0.0327006307592989
2013.5225	0.0334781898871033
2012.1056	0.0325429487154974
2010.6886	0.0341636978602761
2009.2716	0.0317427228266009
2007.8546	0.0325337997857051
2006.4377	0.0315878998942123
2005.0207	0.0317510870548738
2003.6037	0.0326414523995438
2002.1867	0.0325098137228012
2000.7698	0.032555793970346
1999.3528	0.031867574820908
1997.9358	0.0321896020876205
1996.5188	0.0297262761618494
1995.1019	0.030754220535723
1993.6849	0.0320502943090363
1992.2679	0.0315368795653496
1990.8509	0.0321230449897819
1989.434	0.0310638627348408
1988.017	0.0312291345057985
1986.6	0.0313875205204704
1985.183	0.0325064202800922
1983.7661	0.0322551755505843
1982.3491	0.032645121622065
1980.9321	0.0324763104178105
1979.5151	0.032715421865734
1978.0982	0.0311717591890579
1976.6812	0.0312418659366599
1975.2642	0.0291777234437506
1973.8472	0.0293636483419638
1972.4302	0.0293630781228402
1971.0133	0.0300110404849866
1969.5963	0.0306222976819384
1968.1793	0.0301548385368473
1966.7623	0.0312779680554908
1965.3454	0.0295771647203138
1963.9284	0.031019501261967
1962.5114	0.0307348775517092
1961.0944	0.0306202830032395
1959.6775	0.0303670869735564
1958.2605	0.031234949808461
1956.8435	0.0319713457932094
1955.4265	0.0310007490714516
1954.0096	0.0311968949363246
1952.5926	0.030748857345528
1951.1756	0.0315705067848339
1949.7586	0.0317526699415469
1948.3417	0.0316773071515952
1946.9247	0.0313563027445668
1945.5077	0.0312883301192282
1944.0907	0.0306200155734285
1942.6738	0.032081014500034
1941.2568	0.0320616188176844
1939.8398	0.0314972902831218
1938.4228	0.0314703670116457
1937.0059	0.0329167835307651
1935.5889	0.0326093517736621
1934.1719	0.0327012246327461
1932.7549	0.0313502062806064
1931.338	0.0327318448135592
1929.921	0.0343148174379601
1928.504	0.0328167996274767
1927.087	0.0328511775500405
1925.67	0.0327558854059871
1924.2531	0.0330676992174954
1922.8361	0.0327930260793325
1921.4191	0.0327283825496782
1920.0021	0.033674985753875
1918.5852	0.0319786981745272
1917.1682	0.0329231348790632
1915.7512	0.0334054272368988
1914.3342	0.0319466224679073
1912.9173	0.0326030379811648
1911.5003	0.0323634615336595
1910.0833	0.0316053847740516
1908.6663	0.0322176954309262
1907.2494	0.032959654784772
1905.8324	0.0329366245607365
1904.4154	0.0328000999970239
1902.9984	0.03152535733127
1901.5815	0.0338245577494456
1900.1645	0.0326860500054331
1898.7475	0.0336906111031891
1897.3305	0.0332578779245989
1895.9136	0.0332042537734947
1894.4966	0.0337296773015984
1893.0796	0.0332929287596473
1891.6626	0.0333273800462747
1890.2457	0.0334466839369783
1888.8287	0.0333135960002351
1887.4117	0.0338819720675473
1885.9947	0.0327440529857275
1884.5778	0.0328699733144413
1883.1608	0.0334216456252752
1881.7438	0.0324488584779937
1880.3268	0.0322911669812302
1878.9098	0.0323493530113371
1877.4929	0.0329351916060969
1876.0759	0.0334074749062683
1874.6589	0.0328505119984188
1873.2419	0.0331990111070985
1871.825	0.0325549908688856
1870.408	0.0335405678710979
1868.991	0.0322380767886937
1867.574	0.0327921310889947
1866.1571	0.0328352020944805
1864.7401	0.033984524381804
1863.3231	0.033543157917308
1861.9061	0.0324045859880446
1860.4892	0.0332809807692985
1859.0722	0.0335998226123398
1857.6552	0.0329572977435832
1856.2382	0.0327277140993157
1854.8213	0.0336410070518327
1853.4043	0.0337257318995781
1851.9873	0.0336885816951805
1850.5703	0.0332276425516008
1849.1534	0.0323193180426573
1847.7364	0.0330211559235817
1846.3194	0.0332529769669537
1844.9024	0.0331418393684188
1843.4855	0.0320923839041539
1842.0685	0.0329885525120797
1840.6515	0.0339818280178144
1839.2345	0.0327809690973473
1837.8176	0.0324226011557343
1836.4006	0.0329284716582207
1834.9836	0.0323804439034914
1833.5666	0.0311221632637311
1832.1496	0.0322617615919918
1830.7327	0.0325343535759154
1829.3157	0.0320517919190295
1827.8987	0.0328993623955623
1826.4817	0.0311797366768095
1825.0648	0.0319380768334142
1823.6478	0.0318375584220894
1822.2308	0.0324336526554577
1820.8138	0.0329460974262212
1819.3969	0.0327902322442851
1817.9799	0.032554880954934
1816.5629	0.0320715714657956
1815.1459	0.0327523670600405
1813.729	0.0316408759394263
1812.312	0.0319412613069471
1810.895	0.0321144931061393
1809.478	0.0333490995521346
1808.0611	0.0327642802781242
1806.6441	0.0318714979814641
1805.2271	0.0326926023394643
1803.8101	0.032017427299855
1802.3932	0.0315173676674247
1800.9762	0.0310981761628555
1799.5592	0.0328083512292816
1798.1422	0.0325209413867311
1796.7253	0.0322985014958286
1795.3083	0.0328753184917505
1793.8913	0.032127731665602
1792.4743	0.0321036647676906
1791.0574	0.0330663592915834
1789.6404	0.0332784130753299
1788.2234	0.0332769381232305
1786.8064	0.0325089565499546
1785.3894	0.0328361564734933
1783.9725	0.0325647995909804
1782.5555	0.0328773785175367
1781.1385	0.0333476930112236
1779.7215	0.033594222600392
1778.3046	0.033194387161743
1776.8876	0.0325497568680253
1775.4706	0.0333063916154031
1774.0536	0.0328596053790721
1772.6367	0.0326396157763998
1771.2197	0.0334327862907495
1769.8027	0.0329304409994589
1768.3857	0.0328720515987886
1766.9688	0.0335312773165574
1765.5518	0.0329265475812668
1764.1348	0.0328367959128648
1762.7178	0.0336684955078862
1761.3009	0.0333302556026775
1759.8839	0.0337577781889098
1758.4669	0.0346571538810649
1757.0499	0.0345135893406062
1755.633	0.033694840137642
1754.216	0.0334523762187342
1752.799	0.034882643390538
1751.382	0.0340237222247401
1749.9651	0.0348971871705464
1748.5481	0.0343147479684505
1747.1311	0.0343456512475882
1745.7141	0.0343649182330842
1744.2972	0.0352637810953694
1742.8802	0.0368479534955173
1741.4632	0.0348222179441414
1740.0462	0.0359062032746275
1738.6292	0.0359837842431876
1737.2123	0.0350784697863468
1735.7953	0.0350291339823501
1734.3783	0.036562582154069
1732.9613	0.0378750660203638
1731.5444	0.0374878501146624
1730.1274	0.0389692133168416
1728.7104	0.0386372948977048
1727.2934	0.0389144498248829
1725.8765	0.0375277984995258
1724.4595	0.0384816278773332
1723.0425	0.0399275472397861
1721.6255	0.0388469864070338
1720.2086	0.0391450524104181
1718.7916	0.0400352106982024
1717.3746	0.0402813463604702
1715.9576	0.0416305390069094
1714.5407	0.0415383436661356
1713.1237	0.0414483156535482
1711.7067	0.0425643416752215
1710.2897	0.0415442975211561
1708.8728	0.0418301813378652
1707.4558	0.0416307242058756
1706.0388	0.0423101568931325
1704.6218	0.0429908905146962
1703.2049	0.0433344583910865
1701.7879	0.0439878813545976
1700.3709	0.0435486299891101
1698.9539	0.0429118283712865
1697.537	0.0450733356401804
1696.12	0.0437927615071544
1694.703	0.0447659614612299
1693.286	0.0446309635810751
1691.869	0.0453908282783563
1690.4521	0.0452417719232988
1689.0351	0.0444526841822642
1687.6181	0.0443426532327474
1686.2011	0.0451283217474845
1684.7842	0.0449768923258375
1683.3672	0.0465915189208605
1681.9502	0.0471893971440543
1680.5332	0.0457844129179842
1679.1163	0.0455428870447658
1677.6993	0.0456636355548218
1676.2823	0.0460919293623597
1674.8653	0.0480986256825813
1673.4484	0.0475177020549949
1672.0314	0.0471556196085213
1670.6144	0.0475510806773357
1669.1974	0.0480864727073185
1667.7805	0.0497562124790319
1666.3635	0.0483168182498887
1664.9465	0.0476815339871034
1663.5295	0.049907079214184
1662.1126	0.0491565946132749
1660.6956	0.0499263739747088
1659.2786	0.0489453245257543
1657.8616	0.0499706358597218
1656.4447	0.0483246446514351
1655.0277	0.0501346130433378
1653.6107	0.0501270492280826
1652.1937	0.0513023247140079
1650.7768	0.0511104529018979
1649.3598	0.0530348750680237
1647.9428	0.052906596257677
1646.5258	0.0535512266158079
1645.1088	0.0559544798372615
1643.6919	0.0562556939409046
1642.2749	0.0558497545260798
1640.8579	0.0576069767846855
1639.4409	0.0581065313345176
1638.024	0.0589317691666579
1636.607	0.0587177403727084
1635.19	0.0596743900257267
1633.773	0.0614752101008835
1632.3561	0.0617438030334893
1630.9391	0.0635414616133407
1629.5221	0.0635711671381344
1628.1051	0.063576062705988
1626.6882	0.0648567234538112
1625.2712	0.0635033301198738
1623.8542	0.0653962809190111
1622.4372	0.0663963116827682
1621.0203	0.066937816091672
1619.6033	0.0665903170436504
1618.1863	0.0664440307549514
1616.7693	0.0682798653413287
1615.3524	0.0681524999698907
1613.9354	0.0694559633427141
1612.5184	0.068748795169952
1611.1014	0.0689379700000383
1609.6845	0.0704669114937234
1608.2675	0.071448491703626
1606.8505	0.0717714722871938
1605.4335	0.0739126742084238
1604.0166	0.0737074838972352
1602.5996	0.0751845637570622
1601.1826	0.0751911489663952
1599.7656	0.0751213210077811
1598.3486	0.0745390075881786
1596.9317	0.0739535119351044
1595.5147	0.074675374385088
1594.0977	0.0729301461169774
1592.6807	0.07374084612488
1591.2638	0.073180926819179
1589.8468	0.0728329292615511
1588.4298	0.0717244147309463
1587.0128	0.0714365493975095
1585.5959	0.0702432961294435
1584.1789	0.0705277781718807
1582.7619	0.0688106150696596
1581.3449	0.0692800274489194
1579.928	0.0657939280915732
1578.511	0.0653527272209849
1577.094	0.067146610584741
1575.677	0.0638088701919502
1574.2601	0.0645658726966707
1572.8431	0.0635349122234781
1571.4261	0.0619765897046346
1570.0091	0.0615765176946326
1568.5922	0.0618433421803636
1567.1752	0.0621383680581887
1565.7582	0.0613631253005693
1564.3412	0.0590318891976025
1562.9243	0.0584106396472055
1561.5073	0.056390522564797
1560.0903	0.0563877439857762
1558.6733	0.0556007636642717
1557.2564	0.0524064586470573
1555.8394	0.0512787638863208
1554.4224	0.0510302711437033
1553.0054	0.0510847510930176
1551.5885	0.0494132389351839
1550.1715	0.0512440677339633
1548.7545	0.0501237810712655
1547.3375	0.05037698123272
1545.9205	0.0476149080344457
1544.5036	0.0477297074263828
1543.0866	0.0482161030004858
1541.6696	0.0486055003920952
1540.2526	0.0468234173190685
1538.8357	0.0461143936176021
1537.4187	0.045549518558814
1536.0017	0.0455172119722466
1534.5847	0.0458055751818005
1533.1678	0.0458993660895254
1531.7508	0.0459199570120738
1530.3338	0.0467318296206346
1528.9168	0.0463866039482749
1527.4999	0.0461223461697691
1526.0829	0.0461195725536587
1524.6659	0.0464908209665347
1523.2489	0.0471782738293166
1521.832	0.0482877602989636
1520.415	0.0507599478281157
1518.998	0.0516683560968391
1517.581	0.0534167238074739
1516.1641	0.0540623157397159
1514.7471	0.0556728564329633
1513.3301	0.0564450526804523
1511.9131	0.0572626266847547
1510.4962	0.0586066667246205
1509.0792	0.0584529658738619
1507.6622	0.0580529012304039
1506.2452	0.0581909763102663
1504.8283	0.0579566933218941
1503.4113	0.0567907824970761
1501.9943	0.0551362092473581
1500.5773	0.053106538475474
1499.1603	0.052312259243593
1497.7434	0.0519465950820858
1496.3264	0.0509544978728959
1494.9094	0.0494464087213756
1493.4924	0.0484128268886765
1492.0755	0.0473886737773141
1490.6585	0.0480823427602626
1489.2415	0.0474442331991847
1487.8245	0.0486531470329755
1486.4076	0.0490508881825266
1484.9906	0.0487167671270773
1483.5736	0.0505107070733224
1482.1566	0.0503771971100265
1480.7397	0.0510752739782427
1479.3227	0.0523171060713645
1477.9057	0.0510607990600304
1476.4887	0.0515355850084
1475.0718	0.0529879448383537
1473.6548	0.0537768393223478
1472.2378	0.0537291458505835
1470.8208	0.055038521351902
1469.4039	0.0571533000172295
1467.9869	0.0557694284329567
1466.5699	0.0581616277506325
1465.1529	0.0599683197399248
1463.736	0.0612086661953757
1462.319	0.0610817210972478
1460.902	0.062111055220587
1459.485	0.0625899843819073
1458.0681	0.063537302108466
1456.6511	0.0646028087826669
1455.2341	0.0656523339358359
1453.8171	0.0651381369615841
1452.4001	0.0662497029872244
1450.9832	0.0665859472485355
1449.5662	0.0663093765419402
1448.1492	0.0666968081553436
1446.7322	0.067038816807861
1445.3153	0.0673754577153347
1443.8983	0.0669442934031902
1442.4813	0.0656725856727314
1441.0643	0.0668287458125076
1439.6474	0.0671084904878944
1438.2304	0.067522891079523
1436.8134	0.0669655595919223
1435.3964	0.070098661315783
1433.9795	0.0680949039001446
1432.5625	0.0702524433567822
1431.1455	0.0698186086172924
1429.7285	0.0709276717809863
1428.3116	0.0715420987231683
1426.8946	0.072002306162206
1425.4776	0.0735527042932816
1424.0606	0.0745155714054639
1422.6437	0.0739410534642505
1421.2267	0.0754976445853416
1419.8097	0.074807422095409
1418.3927	0.0754204645691491
1416.9758	0.0749138092715668
1415.5588	0.0764895829328471
1414.1418	0.0766978087929112
1412.7248	0.0766810037568154
1411.3079	0.0767422839887011
1409.8909	0.0761547810592387
1408.4739	0.077199423204161
1407.0569	0.0771149501418785
1405.6399	0.0764693394479511
1404.223	0.0783217864603432
1402.806	0.0774102814370071
1401.389	0.0767518862865887
1399.972	0.0761814742701088
1398.5551	0.0768960696390273
1397.1381	0.076913271258385
1395.7211	0.0774307645573584
1394.3041	0.0783085377966096
1392.8872	0.0791103806205482
1391.4702	0.0790409979524704
1390.0532	0.0803042877367971
1388.6362	0.0805811924361008
1387.2193	0.0817922553562101
1385.8023	0.0822536877318291
1384.3853	0.0829974638415804
1382.9683	0.0826628079687696
1381.5514	0.0819847233337847
1380.1344	0.0818268864397227
1378.7174	0.0816220330280698
1377.3004	0.0806793618060554
1375.8835	0.0806522102190848
1374.4665	0.0818902430816897
1373.0495	0.083133288932482
1371.6325	0.0835163132965727
1370.2156	0.0836052293057768
1368.7986	0.0839394250460149
1367.3816	0.086310608937086
1365.9646	0.0862988881687033
1364.5477	0.0872468011285546
1363.1307	0.0872638415401197
1361.7137	0.0873627324166765
1360.2967	0.0883577345061518
1358.8797	0.0872647670485949
1357.4628	0.0860780047594829
1356.0458	0.086333039675478
1354.6288	0.083104469781453
1353.2118	0.0825157735227956
1351.7949	0.08257793367285
1350.3779	0.082147760254727
1348.9609	0.0830432163004943
1347.5439	0.0818172000882921
1346.127	0.0832657191856768
1344.71	0.0812188525997447
1343.293	0.0841624447347514
1341.876	0.0833892043201727
1340.4591	0.0836182910878207
1339.0421	0.0845563438055977
1337.6251	0.0845409960073156
1336.2081	0.0835739923064765
1334.7912	0.0842086929310069
1333.3742	0.0830268955405852
1331.9572	0.0836558167289727
1330.5402	0.0833710708577127
1329.1233	0.0825917755111072
1327.7063	0.0834574929322041
1326.2893	0.080201050300495
1324.8723	0.0808488813776041
1323.4554	0.0792859150057776
1322.0384	0.0793666574177332
1320.6214	0.0772199674649896
1319.2044	0.0772680132409527
1317.7875	0.076843164702471
1316.3705	0.0769031820036191
1314.9535	0.0756580931393913
1313.5365	0.0753953302977774
1312.1195	0.0747238847169898
1310.7026	0.0755792440052161
1309.2856	0.0734506919687871
1307.8686	0.0745612603923636
1306.4516	0.0741289460949797
1305.0347	0.0743563442237794
1303.6177	0.0737616855646211
1302.2007	0.0747128791652168
1300.7837	0.0746386551261806
1299.3668	0.0741782055000298
1297.9498	0.0754850811684651
1296.5328	0.074943240994276
1295.1158	0.074899945441093
1293.6989	0.0748248031190068
1292.2819	0.075263012037741
1290.8649	0.0750792358555548
1289.4479	0.0757083852303482
1288.031	0.0749150483970575
1286.614	0.0759037048303255
1285.197	0.0763723386325591
1283.78	0.0752368713011698
1282.3631	0.0756167895646848
1280.9461	0.0765684949279583
1279.5291	0.0774822649158309
1278.1121	0.0787922528202388
1276.6952	0.0788870904983942
1275.2782	0.0799149625768749
1273.8612	0.0812209155331365
1272.4442	0.0815402017721385
1271.0273	0.0811827160159874
1269.6103	0.0813084424529816
1268.1933	0.0809393507220313
1266.7763	0.0814342721015469
1265.3593	0.0809891799336093
1263.9424	0.0811062991805805
1262.5254	0.0810100402034721
1261.1084	0.0807295534716131
1259.6914	0.0795643049970036
1258.2745	0.08065428913161
1256.8575	0.080641376410614
1255.4405	0.0810794100601103
1254.0235	0.0800169042838034
1252.6066	0.0804410515479139
1251.1896	0.0800539387576895
1249.7726	0.0791801002566994
1248.3556	0.0792938047485588
1246.9387	0.0790924751480869
1245.5217	0.0790800400010257
1244.1047	0.07855820932479
1242.6877	0.0788286715100982
1241.2708	0.0797077129645217
1239.8538	0.0786810014794186
1238.4368	0.080070690136152
1237.0198	0.0805653019826728
1235.6029	0.0795268625015439
1234.1859	0.079167402506039
1232.7689	0.0809816152382743
1231.3519	0.0791412930487811
1229.935	0.0794251187165404
1228.518	0.0788498234585803
1227.101	0.0761293244212911
1225.684	0.074807264981481
1224.2671	0.0737056427088529
1222.8501	0.0731812212591651
1221.4331	0.0714327436967332
1220.0161	0.0724680859229992
1218.5991	0.0697390808389715
1217.1822	0.0707390756646283
1215.7652	0.0705023011799326
1214.3482	0.0686223892172647
1212.9312	0.0678795017916902
1211.5143	0.0674641235044865
1210.0973	0.0673509186336799
1208.6803	0.0677745466239729
1207.2633	0.0668351515233951
1205.8464	0.0667335409393724
1204.4294	0.0655499413290287
1203.0124	0.0655259638096064
1201.5954	0.0642080273686243
1200.1785	0.065145584735063
1198.7615	0.0642058206618064
1197.3445	0.0636518559603232
1195.9275	0.0628130106660226
1194.5106	0.0617042915687788
1193.0936	0.0601615449488996
1191.6766	0.0606311183724171
1190.2596	0.0586139766693848
1188.8427	0.0585307409573197
1187.4257	0.0582406024410816
1186.0087	0.0569957079766196
1184.5917	0.0562601304960753
1183.1748	0.0563338542977655
1181.7578	0.0555464631372115
1180.3408	0.0564300818375751
1178.9238	0.0568747428190287
1177.5069	0.0575292356114804
1176.0899	0.0573270293069282
1174.6729	0.0579552052356435
1173.2559	0.0612265776039737
1171.8389	0.0611626019176906
1170.422	0.0648921911116083
1169.005	0.0678805575926605
1167.588	0.0698112496583213
1166.171	0.0725870380748349
1164.7541	0.0764375105332642
1163.3371	0.0800778445039959
1161.9201	0.083488194215401
1160.5031	0.0882508623911585
1159.0862	0.0931111543268122
1157.6692	0.0948783909688279
1156.2522	0.0995554631327018
1154.8352	0.104070378837437
1153.4183	0.105430948356555
1152.0013	0.108256105738795
1150.5843	0.109213155820946
1149.1673	0.109723731116901
1147.7504	0.111745551824767
1146.3334	0.112353223790666
1144.9164	0.111563024477555
1143.4994	0.111650241653746
1142.0825	0.108718599802876
1140.6655	0.108583926996808
1139.2485	0.10642037017835
1137.8315	0.104387341213595
1136.4146	0.104214031749267
1134.9976	0.102752351180798
1133.5806	0.100963007858589
1132.1636	0.100736918691363
1130.7467	0.100068215493439
1129.3297	0.101486091871851
1127.9127	0.101514508178253
1126.4957	0.104808049070995
1125.0787	0.102825589854741
1123.6618	0.104247274359742
1122.2448	0.104548544789601
1120.8278	0.105123156989688
1119.4108	0.105409064926777
1117.9939	0.105024592002284
1116.5769	0.106234837832622
1115.1599	0.106129722975717
1113.7429	0.105723125981047
1112.326	0.106677071658455
1110.909	0.107973780383344
1109.492	0.108248183093627
1108.075	0.110029097355889
1106.6581	0.110311256431019
1105.2411	0.111979944268898
1103.8241	0.112597719553154
1102.4071	0.114659124043104
1100.9902	0.114389157975042
1099.5732	0.114793069810718
1098.1562	0.116583979652317
1096.7392	0.115545903847552
1095.3223	0.116360769914565
1093.9053	0.116382374855137
1092.4883	0.118238691896718
1091.0713	0.118669736624865
1089.6544	0.120624957345349
1088.2374	0.124170269893408
1086.8204	0.126864863731246
1085.4034	0.130953934779026
1083.9865	0.134541826179146
1082.5695	0.13907630710526
1081.1525	0.142454957148969
1079.7355	0.144493285650559
1078.3185	0.148222841764813
1076.9016	0.150169612924211
1075.4846	0.150027593679173
1074.0676	0.149757133067161
1072.6506	0.147541931036877
1071.2337	0.143849396646366
1069.8167	0.141039348333652
1068.3997	0.13798817292318
1066.9827	0.137757055239867
1065.5658	0.137348072800501
1064.1488	0.136777492848543
1062.7318	0.137619922321584
1061.3148	0.138905981860243
1059.8979	0.141681992634078
1058.4809	0.143306976726877
1057.0639	0.145148164023256
1055.6469	0.148553438338935
1054.23	0.151370570218669
1052.813	0.153160380494482
1051.396	0.15612817695906
1049.979	0.159852828783696
1048.5621	0.163509610457503
1047.1451	0.16629714248064
1045.7281	0.16731875608611
1044.3111	0.171340012297164
1042.8942	0.17452487617598
1041.4772	0.177539714591189
1040.0602	0.180138720903736
1038.6432	0.183493064482977
1037.2263	0.186333734799024
1035.8093	0.189018849114595
1034.3923	0.191807953311621
1032.9753	0.195889590819402
1031.5583	0.198450715592203
1030.1414	0.2017766781839
1028.7244	0.205684640416181
1027.3074	0.207729706063498
1025.8904	0.211190322980293
1024.4735	0.213800706981496
1023.0565	0.217966654036346
1021.6395	0.220919184747595
1020.2225	0.223249701892759
1018.8056	0.227641704178899
1017.3886	0.227026099972088
1015.9716	0.229092635316306
1014.5546	0.229687467515167
1013.1377	0.232373573560293
1011.7207	0.23344915012931
1010.3037	0.230701211127234
1008.8867	0.23225027939332
1007.4698	0.23324215711484
1006.0528	0.23292999702372
1004.6358	0.233688094194671
1003.2188	0.234073358192304
1001.8019	0.234820115126949
1000.3849	0.235801930214212
998.9679	0.237145047126513
997.5509	0.23950942578193
996.134	0.240068404630821
994.717	0.240868673488246
993.3	0.242594719837772
991.883	0.241976179037401
990.4661	0.242607770489321
989.0491	0.242307746880251
987.6321	0.241627024997114
986.2151	0.239896590858266
984.7981	0.236736235826673
983.3812	0.235489641296083
981.9642	0.232173336863385
980.5472	0.229494891450132
979.1302	0.224282795755058
977.7133	0.221318049908808
976.2963	0.217621234900673
974.8793	0.211050200664412
973.4623	0.209002089856757
972.0454	0.203551402302738
970.6284	0.199119314293255
969.2114	0.195051676435421
967.7944	0.190187267657459
966.3775	0.18639989280296
964.9605	0.181663547800208
963.5435	0.178127775840114
962.1265	0.174064065235085
960.7096	0.168780853728467
959.2926	0.166252503773445
957.8756	0.163534946712049
956.4586	0.157607732726601
955.0417	0.157125835449276
953.6247	0.152944641739511
952.2077	0.149754032381096
950.7907	0.146203245760509
949.3738	0.144564984239377
947.9568	0.143440160810851
946.5398	0.141819812126826
945.1228	0.140061733774172
943.7059	0.140013081729173
942.2889	0.139058525338403
940.8719	0.138988075464387
939.4549	0.140049210033975
938.0379	0.140588918562775
936.621	0.141786895823351
935.204	0.142623589714605
933.787	0.141369231260166
932.37	0.141664311597377
930.9531	0.141305962598179
929.5361	0.140887641050424
928.1191	0.140321016200585
926.7021	0.141678442161225
925.2852	0.140391546183219
923.8682	0.140989635941057
922.4512	0.139087962125711
921.0342	0.140096672738794
919.6173	0.138635585794863
918.2003	0.137241315883819
916.7833	0.136812542944041
915.3663	0.136620109841056
913.9494	0.136337936623164
912.5324	0.135716564197952
911.1154	0.133204025391288
909.6984	0.132601837544968
908.2815	0.131305694048702
906.8645	0.12927045477366
905.4475	0.128222629609801
904.0305	0.126647889581165
902.6136	0.125251529722318
901.1966	0.123279780141921
899.7796	0.123277489866565
898.3626	0.122193318055477
896.9457	0.120963782155385
895.5287	0.120526402669136
894.1117	0.11962498932489
892.6947	0.119549689768129
891.2777	0.117926976628665
889.8608	0.117351539069644
888.4438	0.11687121662232
887.0268	0.115581072488215
885.6098	0.113241558307677
884.1929	0.113869782503988
882.7759	0.111975776082158
881.3589	0.110752158037463
879.9419	0.10996030251242
878.525	0.109748961685271
877.108	0.108321150981363
875.691	0.107827480193214
874.274	0.108670852120564
872.8571	0.107987646024924
871.4401	0.109635003974174
870.0231	0.109682282862312
868.6061	0.109444958882721
867.1892	0.110613181275806
865.7722	0.110650635584461
864.3552	0.11165918770174
862.9382	0.112830567576284
861.5213	0.114284245616407
860.1043	0.114293761239735
858.6873	0.115361925052274
857.2703	0.114045247042366
855.8534	0.116093801083759
854.4364	0.115381590838737
853.0194	0.115219722399449
851.6024	0.115399490409259
850.1855	0.114953097227139
848.7685	0.115089619991445
847.3515	0.114638300963787
845.9345	0.115751805153335
844.5175	0.114661933671835
843.1006	0.115503900483876
841.6836	0.115146345155494
840.2666	0.114820387429773
838.8496	0.112816935073586
837.4327	0.113562106369363
836.0157	0.111607859979658
834.5987	0.110416877576295
833.1817	0.109312559738336
831.7648	0.109077235463789
830.3478	0.109381207604908
828.9308	0.109623315004204
827.5138	0.108116746981531
826.0969	0.107615320126698
824.6799	0.108219119836012
823.2629	0.106394122245549
821.8459	0.105124335482575
820.429	0.105816074164
819.012	0.104805523634765
817.595	0.105528340763703
816.178	0.105484076709855
814.7611	0.104435811598516
813.3441	0.103951671457476
811.9271	0.104123288692453
810.5101	0.103783636015493
809.0932	0.103516794958445
807.6762	0.101639199563648
806.2592	0.102578517390736
804.8422	0.101627004066359
803.4253	0.101441563953009
802.0083	0.101494757447209
800.5913	0.103063052953818
799.1743	0.101317309263231
797.7573	0.102032622311548
796.3404	0.101800657852425
794.9234	0.1015161090661
793.5064	0.101100913830238
792.0894	0.10162019891363
790.6725	0.102797569696953
789.2555	0.10230676502216
787.8385	0.103696616370757
786.4215	0.105016107698718
785.0046	0.104946873123551
783.5876	0.106160030524045
782.1706	0.106172674220903
780.7536	0.106910595657565
779.3367	0.10626857844381
777.9197	0.10856481975579
776.5027	0.108861727132368
775.0857	0.109184287020584
773.6688	0.109747936134316
772.2518	0.112787353820571
770.8348	0.113734102187377
769.4178	0.114243455607171
768.0009	0.117087171467093
766.5839	0.119641472889137
765.1669	0.118440640416364
763.7499	0.120174180313637
762.333	0.121344534911545
760.916	0.119905897174163
759.499	0.121970969236669
758.082	0.120549882136719
756.6651	0.120537661154574
755.2481	0.120429598528982
753.8311	0.119167177007545
752.4141	0.119169864505675
750.9971	0.117760061311986
749.5802	0.116832189577001
748.1632	0.115744000236069
746.7462	0.114572267187097
745.3292	0.113416738790013
743.9123	0.112666506217885
742.4953	0.111168090719622
741.0783	0.110639729863247
739.6613	0.1104962536573
738.2444	0.111324145110341
736.8274	0.110182573627088
735.4104	0.110735918508594
733.9934	0.110473398723855
732.5765	0.112088634462655
731.1595	0.111604609854459
729.7425	0.112463743785044
728.3255	0.113267597675479
726.9086	0.113401712518437
725.4916	0.113352897974413
724.0746	0.113648984337668
722.6576	0.115644642564149
721.2407	0.117387082777941
719.8237	0.116721355678357
718.4067	0.11797129222687
716.9897	0.118496472860118
715.5728	0.119277761816843
714.1558	0.120371387417126
712.7388	0.12267171269783
711.3218	0.123720721842583
709.9049	0.123817418695699
708.4879	0.126396093493324
707.0709	0.127744211752874
705.6539	0.127982950565355
704.2369	0.128053504778864
702.82	0.127611466925616
701.403	0.127783219356601
699.986	0.127980403517507
698.569	0.127450843380592
697.1521	0.126687156558294
695.7351	0.126091609682288
694.3181	0.12507788124199
692.9011	0.124648259688027
691.4842	0.123977357414235
690.0672	0.12582730799253
688.6502	0.124262453646567
687.2332	0.125314169617359
685.8163	0.125268780630629
684.3993	0.124693250231522
682.9823	0.124312197088405
681.5653	0.125403832735152
680.1484	0.126824142338784
678.7314	0.12534176978623
677.3144	0.127132349526214
675.8974	0.126099442955417
674.4805	0.127760457635333
673.0635	0.127641740868407
671.6465	0.127660236152724
670.2295	0.126448031284711
668.8126	0.128862529620905
667.3956	0.130417869332399
665.9786	0.130273804409347
664.5616	0.130341848340388
663.1447	0.130212723607256
661.7277	0.131714142672402
660.3107	0.132202218084499
658.8937	0.132201553856502
657.4767	0.132659765129531
656.0598	0.132624116016576
654.6428	0.1338002382249
653.2258	0.132692676421207
651.8088	0.132457574325812
650.3919	0.133767272326881
648.9749	0.13474612294351
647.5579	0.135710043567074
646.1409	0.136235480464046
644.724	0.135643774829988
643.307	0.136390529579804
641.89	0.13635592422662
640.473	0.135096393107586
639.0561	0.136935645600624
637.6391	0.138073786608596
636.2221	0.137162223807947
634.8051	0.13732110620019
633.3882	0.138838665145025
631.9712	0.138157905628674
630.5542	0.139333668342919
629.1372	0.138668159767927
627.7203	0.140683271216266
626.3033	0.141365403675321
624.8863	0.142312080568341
623.4693	0.14230225709896
622.0524	0.145277444462517
620.6354	0.14612662556114
619.2184	0.147476026275929
617.8014	0.149036989729022
616.3845	0.151568901712804
614.9675	0.151661366263602
613.5505	0.152074034953359
612.1335	0.15438888304791
610.7165	0.155680914974853
609.2996	0.157862090598114
607.8826	0.158281380804243
606.4656	0.159550083357002
605.0486	0.158959089967788
603.6317	0.159367193448603
602.2147	0.15994382429604
600.7977	0.159244348250663
599.3807	0.159163296448224
597.9638	0.158610810054131
596.5468	0.159946493827405
595.1298	0.158985329264099
593.7128	0.15948145934351
592.2959	0.161343991257632
590.8789	0.162530619506481
589.4619	0.162079748242633
588.0449	0.163390522635592
586.628	0.164018733026409
585.211	0.166440879401238
583.794	0.168815680547447
582.377	0.170348560823905
580.9601	0.173039840245042
579.5431	0.174899707004041
578.1261	0.178340189474787
576.7091	0.180900869632508
575.2922	0.180180797541633
573.8752	0.182523398075263
572.4582	0.183874955076325
571.0412	0.184120880562303
569.6243	0.183996553604613
568.2073	0.183966854364802
566.7903	0.183944195428316
565.3733	0.181155075190621
563.9563	0.180143365830605
562.5394	0.179467768338544
561.1224	0.177886285764676
559.7054	0.178363270658059
558.2884	0.179002283655254
556.8715	0.179747509323713
555.4545	0.178941350704031
554.0375	0.177527740588384
552.6205	0.176259768141657
551.2036	0.175926279808657
549.7866	0.173697849874957
548.3696	0.173527792672362
546.9526	0.172734282638036
545.5357	0.172939001619365
544.1187	0.17265821463869
542.7017	0.174853902595871
541.2847	0.174328917233687
539.8678	0.176113546592114
538.4508	0.177406143943481
537.0338	0.179336541581484
535.6168	0.180215302859075
534.1999	0.179795442926647
532.7829	0.18259653086629
531.3659	0.184835653063482
529.9489	0.185770013537946
528.532	0.187136649437485
527.115	0.188816924233527
525.698	0.190514093187541
524.281	0.189661870284434
522.8641	0.19128437193547
521.4471	0.193485248013226
520.0301	0.194176596393242
518.6131	0.193245718167383
517.1962	0.192619248158517
515.7792	0.192691481201072
514.3622	0.191509945196705
512.9452	0.191978974372049
511.5282	0.189937445194364
510.1113	0.190450266005272
508.6943	0.190663672164937
507.2773	0.189634257037456
505.8603	0.18898500702825
504.4434	0.190051721225203
503.0264	0.18868797659847
501.6094	0.18871345516262
500.1924	0.189306417011024
498.7755	0.189317761264076
497.3585	0.189167771011384
495.9415	0.187980036395338
494.5245	0.187994858795904
493.1076	0.188475257174229
491.6906	0.187303388797675
490.2736	0.187036171877307
488.8566	0.186438302308291
487.4397	0.187150917025027
486.0227	0.18860001497068
484.6057	0.189187120664051
483.1887	0.189434511294808
481.7718	0.188263734031269
480.3548	0.188051841607065
478.9378	0.187944935400724
477.5208	0.188075209367514
476.1039	0.188216786358126
474.6869	0.186698833057664
473.2699	0.186850640781634
471.8529	0.186429463152917
470.436	0.186195221572147
469.019	0.187380986380477
467.602	0.187884295224588
466.185	0.188049779116374
464.768	0.18545126511003
463.3511	0.187609578657869
461.9341	0.187194186864236
460.5171	0.18513599115837
459.1001	0.183860084700452
457.6832	0.182071706572761
456.2662	0.183283939918216
454.8492	0.185964576860872
453.4322	0.185411042711769
452.0153	0.18628203477551
450.5983	0.186367420894988
449.1813	0.185044500770818
447.7643	0.183633424612402
446.3474	0.185437614122056
444.9304	0.186981030588916
443.5134	0.18995217753121
442.0964	0.191971647184179
440.6795	0.195439701182245
439.2625	0.195952186447743
437.8455	0.196076300781763
436.4285	0.197581914298026
435.0116	0.200769968882092
433.5946	0.201737834837773
432.1776	0.202704189483408
430.7606	0.201450318671711
429.3437	0.200399862034058
427.9267	0.201077795587102
426.5097	0.200506450130747
425.0927	0.202404418327136
423.6758	0.203717626179682
422.2588	0.20258987024088
420.8418	0.201539230801791
419.4248	0.200740424865344
418.0078	0.198082035482035
416.5909	0.199419584940179
415.1739	0.200558069637761
413.7569	0.199556021142457
412.3399	0.199769845562192
410.923	0.202014383126417
409.506	0.203396585271465
408.089	0.20326650342719
406.672	0.204135083651979
405.2551	0.203214869639131
403.8381	0.20357887788692
402.4211	0.204391764759149
401.0041	0.206684555252182
