3994.4546	0.0174950856130169
3993.0377	0.0173821588761945
3991.6207	0.0178037793611768
3990.2037	0.0169997458093376
3988.7867	0.0170148469040951
3987.3698	0.016825348489376
3985.9528	0.0178996569020223
3984.5358	0.0175870532244816
3983.1188	0.0170055406257181
3981.7019	0.0174697397090405
3980.2849	0.0173904589386842
3978.8679	0.016736978471829
3977.4509	0.0167879382111451
3976.034	0.017829233776122
3974.617	0.0176391159959736
3973.2	0.0167722516982946
3971.783	0.0169034746242764
3970.3661	0.0173278617988822
3968.9491	0.0174299841471143
3967.5321	0.0173139627715483
3966.1151	0.0178617780462832
3964.6982	0.0169987466581489
3963.2812	0.0165316924375125
3961.8642	0.0172350871019057
3960.4472	0.0175923344512824
3959.0303	0.0170452551371811
3957.6133	0.0169910832527386
3956.1963	0.0168685177476296
3954.7793	0.0177692805613124
3953.3624	0.0173900771365834
3951.9454	0.0175482424362876
3950.5284	0.0170913123387116
3949.1114	0.0163665341818704
3947.6944	0.017636578612991
3946.2775	0.0174993997522621
3944.8605	0.0168333837537624
3943.4435	0.0174710343724129
3942.0265	0.0173460011315007
3940.6096	0.017116257522733
3939.1926	0.0170999490728666
3937.7756	0.0172108846045765
3936.3586	0.0173793721635487
3934.9417	0.0166019271069089
3933.5247	0.0167133333299491
3932.1077	0.0170137046884481
3930.6907	0.0169285395649996
3929.2738	0.0167355083540871
3927.8568	0.0171983689770397
3926.4398	0.0168901397666122
3925.0228	0.0166628456107629
3923.6059	0.0171488975263779
3922.1889	0.0172578688515766
3920.7719	0.0176980724263206
3919.3549	0.0167900484177849
3917.938	0.0170365325632374
3916.521	0.0168227069770513
3915.104	0.0169734334025069
3913.687	0.0161396845473167
3912.2701	0.016885588496198
3910.8531	0.0175142287319314
3909.4361	0.0172728561524098
3908.0191	0.0169069985082679
3906.6022	0.0174415126161272
3905.1852	0.0170720331928549
3903.7682	0.0169239195738836
3902.3512	0.0166459202530752
3900.9342	0.0170995172569663
3899.5173	0.0165514906231658
3898.1003	0.0169759652415806
3896.6833	0.0166450437600866
3895.2663	0.017300091673994
3893.8494	0.0162329261511393
3892.4324	0.0168650568946279
3891.0154	0.0166257305228932
3889.5984	0.016655236672023
3888.1815	0.0170218282139504
3886.7645	0.0168689310137649
3885.3475	0.0159397634735112
3883.9305	0.0170609618315612
3882.5136	0.0166775355166009
3881.0966	0.0166536890563466
3879.6796	0.0170292349926195
3878.2626	0.0171446231367423
3876.8457	0.0165427337238063
3875.4287	0.0162432825999407
3874.0117	0.0167901020598374
3872.5947	0.0165088808405709
3871.1778	0.0164363171094435
3869.7608	0.0169958887077379
3868.3438	0.0162976291490305
3866.9268	0.0165207815668438
3865.5099	0.0167304131995293
3864.0929	0.0162901230787542
3862.6759	0.0167133989856549
3861.2589	0.0166255846011601
3859.842	0.0173921520171288
3858.425	0.0165592464242679
3857.008	0.0168489694187534
3855.591	0.0169289830288112
3854.174	0.0166672658560572
3852.7571	0.0169787169044428
3851.3401	0.0164978589835452
3849.9231	0.0176301055636606
3848.5061	0.016874982936376
3847.0892	0.0171224123085093
3845.6722	0.0167602368009975
3844.2552	0.0164456356674248
3842.8382	0.0165631158875056
3841.4213	0.0164913221563384
3840.0043	0.0167161600630489
3838.5873	0.0164259434435027
3837.1703	0.0164052859234356
3835.7534	0.0160834364780568
3834.3364	0.0162476701779182
3832.9194	0.0161931357665714
3831.5024	0.0162730478782143
3830.0855	0.0166955544718092
3828.6685	0.0167968688280804
3827.2515	0.0171273700985881
3825.8345	0.0163719742367551
3824.4176	0.015997542136461
3823.0006	0.0162531625020346
3821.5836	0.0162816875156195
3820.1666	0.0167353557799837
3818.7497	0.0161839045942998
3817.3327	0.0162003658457341
3815.9157	0.0165510066458941
3814.4987	0.0161174828290844
3813.0818	0.0160909968031554
3811.6648	0.0163275749024634
3810.2478	0.016652838972946
3808.8308	0.0162714685081436
3807.4138	0.0160500790452762
3805.9969	0.0162593373182368
3804.5799	0.0160504531883649
3803.1629	0.0164416093045546
3801.7459	0.016072903581792
3800.329	0.0169313782678618
3798.912	0.0162477716532399
3797.495	0.0170008226058495
3796.078	0.0162408537116436
3794.6611	0.016561756198844
3793.2441	0.0167742920040595
3791.8271	0.0162598325898912
3790.4101	0.0166440062773406
3788.9932	0.0158728303511821
3787.5762	0.0158331848864869
3786.1592	0.0163504326523365
3784.7422	0.015040199676387
3783.3253	0.0160656560258177
3781.9083	0.0158743138568559
3780.4913	0.016871567579471
3779.0743	0.0161510134292961
3777.6574	0.0160038574379389
3776.2404	0.0159522889625639
3774.8234	0.0159160926166581
3773.4064	0.0158184937222986
3771.9895	0.0160200370894775
3770.5725	0.01636517816622
3769.1555	0.0159166803930687
3767.7385	0.0153457721025904
3766.3216	0.0162797547708505
3764.9046	0.0155409990200603
3763.4876	0.0160539136216637
3762.0706	0.016309621934812
3760.6536	0.0153432246897057
3759.2367	0.0156775785126427
3757.8197	0.0162630900358458
3756.4027	0.0161190553242142
3754.9857	0.0164593815792645
3753.5688	0.0160485982744436
3752.1518	0.0157573989024649
3750.7348	0.0163330521876253
3749.3178	0.0163179385277563
3747.9009	0.015795755013272
3746.4839	0.0158066326496919
3745.0669	0.0159089683984321
3743.6499	0.0160581802853968
3742.233	0.0163328015462842
3740.816	0.0166491525831875
3739.399	0.0162265266804556
3737.982	0.0164266284324097
3736.5651	0.0162051523059146
3735.1481	0.0165300395326367
3733.7311	0.0155938863164534
3732.3141	0.0154357255702269
3730.8972	0.016448652832808
3729.4802	0.0157389097349191
3728.0632	0.0159651105949056
3726.6462	0.0162618169040751
3725.2293	0.0151169957106123
3723.8123	0.0155381121083961
3722.3953	0.0144593323360004
3720.9783	0.0155250352784637
3719.5614	0.0158470512604522
3718.1444	0.0144557309660976
3716.7274	0.0155389866799993
3715.3104	0.0153957973378747
3713.8935	0.0155110302322519
3712.4765	0.0153474383223054
3711.0595	0.0158859298575142
3709.6425	0.016273004738885
3708.2255	0.0154118618178603
3706.8086	0.0151986981693376
3705.3916	0.0150349403623403
3703.9746	0.0155225358741616
3702.5576	0.0151185946368905
3701.1407	0.0154590314208947
3699.7237	0.0154570185429317
3698.3067	0.0153236163170554
3696.8897	0.0153197990831892
3695.4728	0.0159962769816214
3694.0558	0.0156517688448948
3692.6388	0.0153168380540623
3691.2218	0.0151854073311029
3689.8049	0.0158296662704045
3688.3879	0.0152786761592711
3686.9709	0.0149206239701653
3685.5539	0.0148638364262899
3684.137	0.0152692155876195
3682.72	0.0146972021739991
3681.303	0.0151817319391606
3679.886	0.0152734742121354
3678.4691	0.0151196269005346
3677.0521	0.0150184487626062
3675.6351	0.0147942436004252
3674.2181	0.0148520046699133
3672.8012	0.0158630104618456
3671.3842	0.0158113864069669
3669.9672	0.0150069435892342
3668.5502	0.0155906070600819
3667.1333	0.0152978737968406
3665.7163	0.0152439670598784
3664.2993	0.0152487657383903
3662.8823	0.0154237048366379
3661.4653	0.0152724804641017
3660.0484	0.0156987186397742
3658.6314	0.0153028833140644
3657.2144	0.0154699780585469
3655.7974	0.0149544492429404
3654.3805	0.0160345628423254
3652.9635	0.0169628845191959
3651.5465	0.0156529380220444
3650.1295	0.0160102365512346
3648.7126	0.0149183903748477
3647.2956	0.0161956648926646
3645.8786	0.0156289423431798
3644.4616	0.0157515308704071
3643.0447	0.0158377260576606
3641.6277	0.0156281165729709
3640.2107	0.0154066328485592
3638.7937	0.0160432499332476
3637.3768	0.0160434371389335
3635.9598	0.0156702044234769
3634.5428	0.0153336699326688
3633.1258	0.0163388306213105
3631.7089	0.0167410799199377
3630.2919	0.015720944320242
3628.8749	0.0165902867040237
3627.4579	0.0161239928304412
3626.041	0.0173399485439721
3624.624	0.0166135146713997
3623.207	0.0166955647226113
3621.79	0.0168319637214174
3620.3731	0.0167757750079898
3618.9561	0.0164848098472232
3617.5391	0.0170157751710885
3616.1221	0.0173437422481603
3614.7051	0.0174193711770769
3613.2882	0.0177082780135411
3611.8712	0.0173399004882946
3610.4542	0.0174699910725322
3609.0372	0.0176564117117997
3607.6203	0.0174764450418747
3606.2033	0.0174697752681059
3604.7863	0.0178571012887379
3603.3693	0.0183433201995999
3601.9524	0.0188132334111704
3600.5354	0.0183386241591618
3599.1184	0.0172780118858709
3597.7014	0.0189400819624435
3596.2845	0.0186466590485987
3594.8675	0.018773585641591
3593.4505	0.0198564929608449
3592.0335	0.0194151748736414
3590.6166	0.0197357474427492
3589.1996	0.0201729867073922
3587.7826	0.0190163398545197
3586.3656	0.0201646105759288
3584.9487	0.0200648924046494
3583.5317	0.0205170452721972
3582.1147	0.0205160278939539
3580.6977	0.020842857108868
3579.2808	0.0205953620475259
3577.8638	0.0212863381615161
3576.4468	0.0207126619112353
3575.0298	0.0208939901764241
3573.6129	0.0215735216566286
3572.1959	0.0214142549767243
3570.7789	0.0213287509132627
3569.3619	0.021584403971832
3567.9449	0.0229801926555926
3566.528	0.0218704548828187
3565.111	0.0227274459613236
3563.694	0.0229776538356188
3562.277	0.0230918303118616
3560.8601	0.0233652707720473
3559.4431	0.0230217640101433
3558.0261	0.0239732526363454
3556.6091	0.0234237114897984
3555.1922	0.0239499622745434
3553.7752	0.0246543871193761
3552.3582	0.0248638954783036
3550.9412	0.0242618803645578
3549.5243	0.0242892349626821
3548.1073	0.0250271230404677
3546.6903	0.0250793013167732
3545.2733	0.0254435270317511
3543.8564	0.0266991438103276
3542.4394	0.0258481981787631
3541.0224	0.0268335277055367
3539.6054	0.0276333135258221
3538.1885	0.0265872384447573
3536.7715	0.02719497149192
3535.3545	0.0269163537526788
3533.9375	0.0281593266539385
3532.5206	0.0282920547162643
3531.1036	0.0281490749961302
3529.6866	0.0288669921070236
3528.2696	0.0286199313466952
3526.8527	0.029294182149367
3525.4357	0.0288028130626841
3524.0187	0.0296191346201573
3522.6017	0.0299671512549338
3521.1847	0.0307699251795402
3519.7678	0.0304472734808953
3518.3508	0.0306383661256853
3516.9338	0.0303168642133617
3515.5168	0.0309982896459987
3514.0999	0.0310950218751105
3512.6829	0.031233194413401
3511.2659	0.0321519787603425
3509.8489	0.0317779053763293
3508.432	0.0321395728569995
3507.015	0.0319353779986647
3505.598	0.03267638471196
3504.181	0.0326034019878763
3502.7641	0.0337480005985585
3501.3471	0.0332109065133062
3499.9301	0.0334694431137927
3498.5131	0.0334531523422629
3497.0962	0.0333705734741309
3495.6792	0.0343325901199847
3494.2622	0.0345557634080747
3492.8452	0.0341784279082881
3491.4283	0.034809245314516
3490.0113	0.0354746501369257
3488.5943	0.035484968732706
3487.1773	0.0356955441099535
3485.7604	0.0363146200412503
3484.3434	0.0364084640178884
3482.9264	0.0358134851333746
3481.5094	0.0372051531118181
3480.0925	0.036705403274021
3478.6755	0.0379264663430391
3477.2585	0.0376262781011462
3475.8415	0.0377072295239541
3474.4245	0.0379564778876814
3473.0076	0.0381769923737372
3471.5906	0.0386373881203062
3470.1736	0.0396765133871181
3468.7566	0.0384652547516494
3467.3397	0.0391985643662347
3465.9227	0.0392240793564394
3464.5057	0.0395690872367914
3463.0887	0.0392371828590506
3461.6718	0.0403685094373354
3460.2548	0.0398816215039109
3458.8378	0.040790024118947
3457.4208	0.0407878533109326
3456.0039	0.0412910562217773
3454.5869	0.0408681794962245
3453.1699	0.0408630594712412
3451.7529	0.0414101065081431
3450.336	0.0413675196738547
3448.919	0.0421389109373312
3447.502	0.0416651472832857
3446.085	0.0422022046892933
3444.6681	0.0418526695197663
3443.2511	0.0431752192529078
3441.8341	0.0431296076956014
3440.4171	0.0432669702670217
3439.0002	0.0428340059455744
3437.5832	0.0450462099200208
3436.1662	0.0446925520585912
3434.7492	0.0444122807434051
3433.3323	0.0439863875379749
3431.9153	0.0446399445736574
3430.4983	0.044733529515582
3429.0813	0.0449076901944857
3427.6643	0.0449551354850699
3426.2474	0.0450839384798379
3424.8304	0.0453278311676556
3423.4134	0.0463545518686614
3421.9964	0.045461936576946
3420.5795	0.0460480217411444
3419.1625	0.0473305588884627
3417.7455	0.0473499016870877
3416.3285	0.0460506445897706
3414.9116	0.0469673820521881
3413.4946	0.0470839454695694
3412.0776	0.0468894608350255
3410.6606	0.0473459980555712
3409.2437	0.0476554043343338
3407.8267	0.0483881885488196
3406.4097	0.0481073167913819
3404.9927	0.0482007251895654
3403.5758	0.0492505185114919
3402.1588	0.049033475030417
3400.7418	0.0487502139280276
3399.3248	0.0490556923429963
3397.9079	0.049714634000594
3396.4909	0.0499810595848778
3395.0739	0.0496642306237583
3393.6569	0.0497266646580171
3392.24	0.0496917948522429
3390.823	0.0500190355901505
3389.406	0.0501502183607708
3387.989	0.0500883073904295
3386.5721	0.0504686321469834
3385.1551	0.0507857692473672
3383.7381	0.0506175399675445
3382.3211	0.0508962689824554
3380.9041	0.0511861085634801
3379.4872	0.0517344534610358
3378.0702	0.0518006891545677
3376.6532	0.0523581499183498
3375.2362	0.0519647037366522
3373.8193	0.0521036305072913
3372.4023	0.0521516173505546
3370.9853	0.0527400571209596
3369.5683	0.0524580340821808
3368.1514	0.0532788224437965
3366.7344	0.0529060661540477
3365.3174	0.0528183974016908
3363.9004	0.0534242298126012
3362.4835	0.0533808582226126
3361.0665	0.0537721423823048
3359.6495	0.0538518438601392
3358.2325	0.0540492764930316
3356.8156	0.0540374723257742
3355.3986	0.0531549152967774
3353.9816	0.05411832388951
3352.5646	0.0536992169664541
3351.1477	0.0531779706264242
3349.7307	0.0537012849165868
3348.3137	0.0547784418872236
3346.8967	0.0544177965862176
3345.4798	0.0544673605192156
3344.0628	0.0548739850876162
3342.6458	0.0550958411676224
3341.2288	0.0550271937105829
3339.8119	0.054696076877223
3338.3949	0.0551157936252228
3336.9779	0.0554409628974473
3335.5609	0.05496917250442
3334.1439	0.0554646827152568
3332.727	0.0556601269137676
3331.31	0.0559474002972622
3329.893	0.0556832420039927
3328.476	0.0559479276713403
3327.0591	0.0560853157140425
3325.6421	0.055571700078089
3324.2251	0.0551267185012541
3322.8081	0.0556272022310832
3321.3912	0.0566429967842904
3319.9742	0.0558474455649832
3318.5572	0.055762247182322
3317.1402	0.0558592028310477
3315.7233	0.0561140053467491
3314.3063	0.0559690907968272
3312.8893	0.0561580948520145
3311.4723	0.0567860066408488
3310.0554	0.0564946426207414
3308.6384	0.0566294451947427
3307.2214	0.0567624120696958
3305.8044	0.0570651704170351
3304.3875	0.0563239806358133
3302.9705	0.0571637421342468
3301.5535	0.0569471251338207
3300.1365	0.0564963757172867
3298.7196	0.0562630464733851
3297.3026	0.0568048381418724
3295.8856	0.0566317691006375
3294.4686	0.0567606211243039
3293.0517	0.0571775043881349
3291.6347	0.0561974961375063
3290.2177	0.0566478037170896
3288.8007	0.056312355204931
3287.3837	0.056372133063577
3285.9668	0.0561005131905997
3284.5498	0.0567526091617845
3283.1328	0.0562319419038377
3281.7158	0.0569543276277183
3280.2989	0.0562936911863715
3278.8819	0.0563123474758133
3277.4649	0.0564935936445988
3276.0479	0.0565713091512383
3274.631	0.0564695136999457
3273.214	0.0579494410526457
3271.797	0.0566569999712752
3270.38	0.0569824056213251
3268.9631	0.0566803890954062
3267.5461	0.0573744911965255
3266.1291	0.0566332164670228
3264.7121	0.0570892605799442
3263.2952	0.0573594555584924
3261.8782	0.0566982326802462
3260.4612	0.0570263662348862
3259.0442	0.057243482042209
3257.6273	0.0575116050323742
3256.2103	0.0566618712681138
3254.7933	0.0576677555772442
3253.3763	0.0568386734397064
3251.9594	0.0562231009327383
3250.5424	0.0563464892348513
3249.1254	0.0564721386370637
3247.7084	0.0561860702437767
3246.2915	0.0567617287449358
3244.8745	0.0566982440822263
3243.4575	0.0562195455316417
3242.0405	0.0566768792921784
3240.6235	0.0570058762653322
3239.2066	0.0562371553445914
3237.7896	0.0558752499694241
3236.3726	0.0565445307360906
3234.9556	0.0564125486291769
3233.5387	0.0567440984912176
3232.1217	0.0565645116640801
3230.7047	0.0561073361483454
3229.2877	0.0557662644414084
3227.8708	0.0552882246574645
3226.4538	0.0556129956555713
3225.0368	0.0553946225190641
3223.6198	0.0554908487201355
3222.2029	0.0566075355820298
3220.7859	0.0560775688438462
3219.3689	0.0553705652474378
3217.9519	0.0557766483077481
3216.535	0.0561061269421276
3215.118	0.0555635646264182
3213.701	0.0565478250353134
3212.284	0.0552341929366408
3210.8671	0.0552501255576678
3209.4501	0.0552423733744221
3208.0331	0.0551087201155673
3206.6161	0.0546203929814023
3205.1992	0.0553399039885917
3203.7822	0.0546143355302036
3202.3652	0.0550807673426512
3200.9482	0.0542651066140239
3199.5313	0.0551270088574769
3198.1143	0.0544901503236775
3196.6973	0.0539493404753206
3195.2803	0.0543653790165703
3193.8633	0.0540140639385662
3192.4464	0.0537942732392745
3191.0294	0.053969223910434
3189.6124	0.0540577550625862
3188.1954	0.0538842521783634
3186.7785	0.0536667490142007
3185.3615	0.0536093485728855
3183.9445	0.053389491336415
3182.5275	0.0535750386804264
3181.1106	0.0526765274211525
3179.6936	0.0529919589769831
3178.2766	0.0528208138175892
3176.8596	0.0522199193811583
3175.4427	0.0523988765391528
3174.0257	0.0524361938843929
3172.6087	0.052277359195999
3171.1917	0.0523364468180997
3169.7748	0.0525174520739505
3168.3578	0.0515846405144095
3166.9408	0.0518134984968567
3165.5238	0.0515057525710037
3164.1069	0.0515591273378643
3162.6899	0.0515885071383426
3161.2729	0.0508165812139654
3159.8559	0.0512514792669474
3158.439	0.0504519464175678
3157.022	0.0510355397215442
3155.605	0.0503527680027904
3154.188	0.0507256439668672
3152.7711	0.0506923640392787
3151.3541	0.0501103986267944
3149.9371	0.0496388846070358
3148.5201	0.0503448939290454
3147.1031	0.049829738813007
3145.6862	0.050056891995905
3144.2692	0.0494539895764653
3142.8522	0.0488857203571164
3141.4352	0.0497677663226537
3140.0183	0.0493253719320019
3138.6013	0.0493248545385326
3137.1843	0.0490757973319628
3135.7673	0.0487620538201226
3134.3504	0.048218374941125
3132.9334	0.048246756389008
3131.5164	0.0481242530668466
3130.0994	0.0482355569776352
3128.6825	0.0478190469316698
3127.2655	0.047991846269653
3125.8485	0.0480027547109224
3124.4315	0.0481525440143194
3123.0146	0.0473368048807362
3121.5976	0.0477923457616422
3120.1806	0.0475218763485442
3118.7636	0.0471068905065081
3117.3467	0.0472941061332748
3115.9297	0.0468180255100082
3114.5127	0.0470363375942492
3113.0957	0.0465206811609781
3111.6788	0.0464139240074296
3110.2618	0.0459851084275347
3108.8448	0.0461252279995059
3107.4278	0.0456537042168179
3106.0109	0.0457017361320723
3104.5939	0.0450203442525506
3103.1769	0.0455513336745145
3101.7599	0.0452478651015747
3100.3429	0.0446727619128216
3098.926	0.0451818533899049
3097.509	0.0450353676583545
3096.092	0.0448002240884035
3094.675	0.043255686371617
3093.2581	0.043886899883398
3091.8411	0.0441922519283568
3090.4241	0.0446930800066016
3089.0071	0.0443768451364733
3087.5902	0.0437220926946228
3086.1732	0.0431299657815991
3084.7562	0.0428782810184103
3083.3392	0.0432791842008939
3081.9223	0.0429763052856015
3080.5053	0.0428797153654197
3079.0883	0.0429836878917497
3077.6713	0.0427727390233013
3076.2544	0.0427188703904528
3074.8374	0.0427098216245573
3073.4204	0.0425534437494144
3072.0034	0.0420153887761661
3070.5865	0.0423558924705284
3069.1695	0.0416775878072593
3067.7525	0.0413079892850859
3066.3355	0.0413836329838316
3064.9186	0.0412734431473685
3063.5016	0.0415100124279196
3062.0846	0.0410609171885076
3060.6676	0.040768210392483
3059.2507	0.0402165939977262
3057.8337	0.0405832685865765
3056.4167	0.039909874518023
3054.9997	0.0400936244097735
3053.5827	0.0402968557697063
3052.1658	0.0404527366358036
3050.7488	0.0404419264218925
3049.3318	0.0392621291411604
3047.9148	0.0408499643317076
3046.4979	0.0399426136607198
3045.0809	0.0391047199086275
3043.6639	0.0401214808981213
3042.2469	0.0392736872860959
3040.83	0.0394759399622436
3039.413	0.0384079343725198
3037.996	0.0391738095405189
3036.579	0.0385171385817026
3035.1621	0.0388927954066569
3033.7451	0.0377451492643418
3032.3281	0.0379095491365021
3030.9111	0.0377789106868241
3029.4942	0.0371721496903836
3028.0772	0.0380375591586433
3026.6602	0.038367793588724
3025.2432	0.0379104120340755
3023.8263	0.0372943755348481
3022.4093	0.0368634821279582
3020.9923	0.0373393705407032
3019.5753	0.0375361080765057
3018.1584	0.0372183708832794
3016.7414	0.0373707522237413
3015.3244	0.0368911297198564
3013.9074	0.0372283649248908
3012.4905	0.036269249991988
3011.0735	0.0364784008931539
3009.6565	0.0362902173934637
3008.2395	0.0363933189860153
3006.8225	0.0366008312820564
3005.4056	0.036102582217447
3003.9886	0.0363687234984688
3002.5716	0.036688738849924
3001.1546	0.0361070683256949
2999.7377	0.0364699104085042
2998.3207	0.0359077579157174
2996.9037	0.0363173154242794
2995.4867	0.0364536875431474
2994.0698	0.036858138190457
2992.6528	0.0356129833809564
2991.2358	0.0358290284737937
2989.8188	0.0360008618197159
2988.4019	0.0367418477800088
2986.9849	0.036293653131755
2985.5679	0.0363798586472545
2984.1509	0.0361603377852062
2982.734	0.0360984649371199
2981.317	0.0368429538816453
2979.9	0.0368179239507512
2978.483	0.0363778385720392
2977.0661	0.0361925627062542
2975.6491	0.0366332934007805
2974.2321	0.0378226695093116
2972.8151	0.0371625448291158
2971.3982	0.0377761299530767
2969.9812	0.0375619797919286
2968.5642	0.0377724861913449
2967.1472	0.0379302365710557
2965.7303	0.0382220977153609
2964.3133	0.0387140558559779
2962.8963	0.0378390035560505
2961.4793	0.0384423392710304
2960.0623	0.0389774748967949
2958.6454	0.039135057304084
2957.2284	0.0395300815168741
2955.8114	0.0398095186033038
2954.3944	0.0399856429895905
2952.9775	0.0406372676694087
2951.5605	0.0401054893099719
2950.1435	0.040799069630011
2948.7265	0.0405575928443748
2947.3096	0.0418951802788117
2945.8926	0.0417040635939377
2944.4756	0.0420749989581509
2943.0586	0.0426005044934142
2941.6417	0.0429415170549848
2940.2247	0.0425365441763094
2938.8077	0.0431110894154523
2937.3907	0.0439879290627682
2935.9738	0.0433170018489294
2934.5568	0.04351695943743
2933.1398	0.044139508238427
2931.7228	0.0442441495533244
2930.3059	0.0452720810412346
2928.8889	0.0455174726278699
2927.4719	0.0451970190931765
2926.0549	0.0456769003839756
2924.638	0.0455609169101643
2923.221	0.0458879480180729
2921.804	0.0451068109375213
2920.387	0.0458520303525167
2918.9701	0.0451255474782254
2917.5531	0.0447734248804269
2916.1361	0.0454554823813923
2914.7191	0.0448233243597725
2913.3021	0.0451363020581067
2911.8852	0.044299072170237
2910.4682	0.0442161218741707
2909.0512	0.044286404014819
2907.6342	0.0444946139359316
2906.2173	0.0444333071414208
2904.8003	0.045079708369311
2903.3833	0.0444619451237501
2901.9663	0.0441417101992131
2900.5494	0.0437247265405129
2899.1324	0.0431887097393681
2897.7154	0.0439388746304686
2896.2984	0.0445954990913164
2894.8815	0.0437621240145446
2893.4645	0.0434807897787875
2892.0475	0.0434235749113038
2890.6305	0.0429723353768275
2889.2136	0.0430694868865213
2887.7966	0.043231689968794
2886.3796	0.0434305046572646
2884.9626	0.0434606444057956
2883.5457	0.0437581027375433
2882.1287	0.0429385088250078
2880.7117	0.0422245580620761
2879.2947	0.0433655657875616
2877.8778	0.042685061668779
2876.4608	0.0422612326159367
2875.0438	0.0422606371664289
2873.6268	0.0416834604300436
2872.2099	0.0424271143205288
2870.7929	0.0419792938206802
2869.3759	0.0412445278382555
2867.9589	0.0416316913759224
2866.5419	0.0418251652407791
2865.125	0.0411597129415205
2863.708	0.0409993804767868
2862.291	0.0405597751970819
2860.874	0.0406503242954621
2859.4571	0.0406412132358522
2858.0401	0.0397157324580351
2856.6231	0.0397463770951875
2855.2061	0.0394957801269234
2853.7892	0.040102523021801
2852.3722	0.040087423709602
2850.9552	0.0395825010858841
2849.5382	0.0390561788640725
2848.1213	0.0394227658779116
2846.7043	0.0385973342779267
2845.2873	0.0391156283582272
2843.8703	0.0392123194879084
2842.4534	0.0387276680031241
2841.0364	0.0383939842639447
2839.6194	0.0379865068142606
2838.2024	0.0381906151217157
2836.7855	0.0375138908915777
2835.3685	0.0383364691250126
2833.9515	0.0372525415810278
2832.5345	0.0369246184167258
2831.1176	0.0368511859717872
2829.7006	0.0374186863413783
2828.2836	0.0364059572147972
2826.8666	0.0361841851661713
2825.4497	0.036170780105685
2824.0327	0.0361228227134479
2822.6157	0.0360713644409786
2821.1987	0.0357380250835743
2819.7817	0.0363709879474788
2818.3648	0.0357080008245218
2816.9478	0.0364865891786521
2815.5308	0.0353441054856358
2814.1138	0.0354525127587018
2812.6969	0.0350160187114981
2811.2799	0.0357708595640088
2809.8629	0.0357981716092174
2808.4459	0.0357480361627547
2807.029	0.0349909955131118
2805.612	0.0357819300770242
2804.195	0.035226404165918
2802.778	0.0347128160803567
2801.3611	0.0353657241271038
2799.9441	0.034516307674715
2798.5271	0.0346547885351823
2797.1101	0.035511929892938
2795.6932	0.0342932681311366
2794.2762	0.0346403750559166
2792.8592	0.0345171586438777
2791.4422	0.0347072110994723
2790.0253	0.0340684353982544
2788.6083	0.0352044871936314
2787.1913	0.0341774464030163
2785.7743	0.0336307194587917
2784.3574	0.0339875525090785
2782.9404	0.034018999540163
2781.5234	0.0338032525227985
2780.1064	0.0335861042931308
2778.6895	0.0340952419787625
2777.2725	0.0338398510782268
2775.8555	0.0338583829099253
2774.4385	0.0336553461800801
2773.0215	0.0332654635883617
2771.6046	0.0341249168672411
2770.1876	0.0338840488020671
2768.7706	0.0335799140234306
2767.3536	0.0339038219402055
2765.9367	0.0339084109885609
2764.5197	0.0329471469747633
2763.1027	0.0330836158388153
2761.6857	0.0334652567720941
2760.2688	0.0332395737708773
2758.8518	0.0330435643651883
2757.4348	0.0334853680684234
2756.0178	0.033427892313104
2754.6009	0.033008522331361
2753.1839	0.0332122369049955
2751.7669	0.033459225986879
2750.3499	0.0331167012592407
2748.933	0.0327481739170491
2747.516	0.033292495750006
2746.099	0.0327550913377791
2744.682	0.0326027677807088
2743.2651	0.0325156013028488
2741.8481	0.0321481909035238
2740.4311	0.0332410088945333
2739.0141	0.0324083017828698
2737.5972	0.0325893796276889
2736.1802	0.0322177289836276
2734.7632	0.0326193111302312
2733.3462	0.032354157827398
2731.9293	0.0319559700842842
2730.5123	0.032619083805052
2729.0953	0.0325021355664397
2727.6783	0.0326963896437687
2726.2613	0.0326545696978471
2724.8444	0.0319272885384279
2723.4274	0.0327501755449119
2722.0104	0.0320975017488372
2720.5934	0.0320044307931294
2719.1765	0.0317093519380378
2717.7595	0.0318805298399737
2716.3425	0.0317868962054004
2714.9255	0.0320989306932441
2713.5086	0.0325086832567475
2712.0916	0.0321466904094385
2710.6746	0.0321913753322901
2709.2576	0.0325506942707116
2707.8407	0.0315630356756062
2706.4237	0.0322300894524414
2705.0067	0.0319883361309856
2703.5897	0.0309298522372991
2702.1728	0.0319108830537963
2700.7558	0.0315388080378946
2699.3388	0.0314921070968034
2697.9218	0.0317302844693196
2696.5049	0.0322619111708475
2695.0879	0.0314939831455813
2693.6709	0.0317022381630418
2692.2539	0.0315959507583131
2690.837	0.0312801362020802
2689.42	0.0318966955042684
2688.003	0.0324342828354419
2686.586	0.0308752094941707
2685.1691	0.031376239039941
2683.7521	0.0315360146216054
2682.3351	0.0311650611986931
2680.9181	0.031448631430966
2679.5011	0.0314488642842092
2678.0842	0.0314286824068296
2676.6672	0.0317956931939856
2675.2502	0.0316285501136514
2673.8332	0.0304509832286787
2672.4163	0.0309806717413371
2670.9993	0.0313459232299168
2669.5823	0.0307626736695489
2668.1653	0.0311863740376665
2666.7484	0.0309185396549629
2665.3314	0.0312369942713196
2663.9144	0.0304984658085131
2662.4974	0.0302782711985054
2661.0805	0.0310050541456078
2659.6635	0.0306582157153823
2658.2465	0.0312390638366357
2656.8295	0.0313068122246732
2655.4126	0.0311541369188753
2653.9956	0.0311179049036464
2652.5786	0.0311918236687312
2651.1616	0.0304482374922933
2649.7447	0.0308083493212969
2648.3277	0.0299328896833726
2646.9107	0.0315919157811027
2645.4937	0.0314253404376236
2644.0768	0.0311012447283507
2642.6598	0.0306228420199016
2641.2428	0.0304663108664384
2639.8258	0.0302620460382754
2638.4089	0.030019574929765
2636.9919	0.0299569272119647
2635.5749	0.0304526352385472
2634.1579	0.0301016990105985
2632.741	0.0301103226013867
2631.324	0.0296036103431253
2629.907	0.029562318245049
2628.49	0.0311085147951694
2627.073	0.0304194713888578
2625.6561	0.0296498410333992
2624.2391	0.0299887116092652
2622.8221	0.029532900172977
2621.4051	0.0299577286788807
2619.9882	0.029167062019418
2618.5712	0.0297995444733141
2617.1542	0.0293721332248919
2615.7372	0.0291875823226865
2614.3203	0.0290673063672756
2612.9033	0.0306387242759442
2611.4863	0.0289689791494729
2610.0693	0.0290832305929401
2608.6524	0.0290298958991126
2607.2354	0.0283933752300883
2605.8184	0.0288728716716146
2604.4014	0.0284415911497876
2602.9845	0.0290476868760327
2601.5675	0.0286262798840108
2600.1505	0.0282871374017153
2598.7335	0.0293480253805391
2597.3166	0.0287826598086792
2595.8996	0.0291452139014057
2594.4826	0.0283434476115294
2593.0656	0.0286629082710999
2591.6487	0.0293801003085903
2590.2317	0.0283055972377022
2588.8147	0.0289555162311818
2587.3977	0.0281670768723422
2585.9808	0.0289632235829755
2584.5638	0.0288501752427224
2583.1468	0.0278613853604963
2581.7298	0.0286818362220225
2580.3128	0.0283588833342945
2578.8959	0.0281164155520568
2577.4789	0.0284094043174434
2576.0619	0.0287593226232685
2574.6449	0.0280546932262012
2573.228	0.0276402174487451
2571.811	0.0273809825172604
2570.394	0.0282085114803537
2568.977	0.0271016032615543
2567.5601	0.0282683349225782
2566.1431	0.0272689137385662
2564.7261	0.0268701880753476
2563.3091	0.0276801340305981
2561.8922	0.028215811946058
2560.4752	0.0275960968196737
2559.0582	0.0276934297048183
2557.6412	0.0277186041616603
2556.2243	0.0272804351244384
2554.8073	0.0273263065319937
2553.3903	0.026919072223571
2551.9733	0.0278232417183798
2550.5564	0.0265589094972558
2549.1394	0.0277493907093528
2547.7224	0.0278109115169951
2546.3054	0.0275603075786392
2544.8885	0.0274601401860516
2543.4715	0.0271575027317231
2542.0545	0.0272419649883383
2540.6375	0.0274850284787631
2539.2206	0.0270647909916237
2537.8036	0.0267409012395432
2536.3866	0.0273254452672089
2534.9696	0.0268696292216586
2533.5526	0.0271597679021335
2532.1357	0.0275703008125689
2530.7187	0.0270849128091958
2529.3017	0.027423982464566
2527.8847	0.0269960908501012
2526.4678	0.0266323831022157
2525.0508	0.0268143828374373
2523.6338	0.0264592503914007
2522.2168	0.0271881994945567
2520.7999	0.026791164617753
2519.3829	0.0270649198783384
2517.9659	0.0274765802527978
2516.5489	0.0261207162634857
2515.132	0.0271968624711846
2513.715	0.0276404957793955
2512.298	0.0266882572051312
2510.881	0.0272690876094007
2509.4641	0.0270277560058038
2508.0471	0.0265338105691266
2506.6301	0.0261256504236437
2505.2131	0.0267988308151389
2503.7962	0.0262693100230313
2502.3792	0.0275231989743664
2500.9622	0.0265451797904798
2499.5452	0.0264885787990938
2498.1283	0.0268755906460897
2496.7113	0.0269974089337624
2495.2943	0.0265891601785838
2493.8773	0.0262971801227241
2492.4604	0.0261114414298786
2491.0434	0.0269059622310871
2489.6264	0.026351974844723
2488.2094	0.0261551279746429
2486.7924	0.0261301649127016
2485.3755	0.0264077448913891
2483.9585	0.0264341131838536
2482.5415	0.0259273981253558
2481.1245	0.0264049176091126
2479.7076	0.0258300762508514
2478.2906	0.0257734729758583
2476.8736	0.0258411614459
2475.4566	0.0262755207151171
2474.0397	0.0260699960202836
2472.6227	0.0257622806359294
2471.2057	0.0260880207738876
2469.7887	0.0259069736881257
2468.3718	0.026439975788271
2466.9548	0.0261439327473382
2465.5378	0.0260983151788683
2464.1208	0.0253756097977537
2462.7039	0.0256532455457409
2461.2869	0.0258068304449103
2459.8699	0.0261544283424969
2458.4529	0.0260738518363216
2457.036	0.0257150481262498
2455.619	0.026052335049291
2454.202	0.0260152093265362
2452.785	0.025575881440985
2451.3681	0.025599590892263
2449.9511	0.0264985876420782
2448.5341	0.0257164037140099
2447.1171	0.025601553465386
2445.7002	0.0259276115458829
2444.2832	0.0250595410646871
2442.8662	0.0248661221405051
2441.4492	0.0249658065974452
2440.0322	0.0254205987205423
2438.6153	0.0261333749156064
2437.1983	0.0258683807805984
2435.7813	0.0255120940748414
2434.3643	0.025793738906938
2432.9474	0.026201835519966
2431.5304	0.0256606734206117
2430.1134	0.025490697407794
2428.6964	0.0255955996920608
2427.2795	0.0249854209520098
2425.8625	0.0249463587071168
2424.4455	0.0250712846942116
2423.0285	0.0253803994817587
2421.6116	0.0248501758589743
2420.1946	0.0249495721464703
2418.7776	0.0251557005071091
2417.3606	0.0246957944614048
2415.9437	0.0250197668129127
2414.5267	0.0244719687223654
2413.1097	0.0254978375617856
2411.6927	0.0250764985955125
2410.2758	0.0252353246432196
2408.8588	0.0245808432942005
2407.4418	0.0250806198327017
2406.0248	0.0248222684488763
2404.6079	0.0248557340694554
2403.1909	0.0246857071926084
2401.7739	0.0251761221777582
2400.3569	0.0252642481614698
2398.94	0.0251494413709078
2397.523	0.0248310258900652
2396.106	0.0250151690769418
2394.689	0.0252969269787799
2393.272	0.0243499880940632
2391.8551	0.0243154778764753
2390.4381	0.0245806244411498
2389.0211	0.0248384553309701
2387.6041	0.0241372675482042
2386.1872	0.0244368624228199
2384.7702	0.0252115272276107
2383.3532	0.0244105328940721
2381.9362	0.024343745000063
2380.5193	0.0239311825624763
2379.1023	0.0247632178497902
2377.6853	0.0247256371162955
2376.2683	0.0245092655428945
2374.8514	0.024781160495989
2373.4344	0.0239496163813874
2372.0174	0.0242092816513825
2370.6004	0.0240307738177239
2369.1835	0.0239588735406668
2367.7665	0.0244460498057656
2366.3495	0.0246864023024931
2364.9325	0.024743092521486
2363.5156	0.0234743142907156
2362.0986	0.0243283144543658
2360.6816	0.0240861480200347
2359.2646	0.0244174394293604
2357.8477	0.0242519562729886
2356.4307	0.0251705917429211
2355.0137	0.0250465961503523
2353.5967	0.0241377413137496
2352.1798	0.0246291326391132
2350.7628	0.0243914503299877
2349.3458	0.0245028661954466
2347.9288	0.0245448922498343
2346.5118	0.0242172073239798
2345.0949	0.0244722592551407
2343.6779	0.0238330913024951
2342.2609	0.0253773905589593
2340.8439	0.0247820137226203
2339.427	0.0241555277698944
2338.01	0.0233571632881022
2336.593	0.024568386877064
2335.176	0.0237224092448092
2333.7591	0.023977494045144
2332.3421	0.0244308426240069
2330.9251	0.0238075350316793
2329.5081	0.0238258678152883
2328.0912	0.0232742615964321
2326.6742	0.0244590295843647
2325.2572	0.0250166526308834
2323.8402	0.0257871917581351
2322.4233	0.0254799681930644
2321.0063	0.0253776740762277
2319.5893	0.0246207182132621
2318.1723	0.0251762131162122
2316.7554	0.0245116487013164
2315.3384	0.02444434427625
2313.9214	0.0245807868949144
2312.5044	0.0244172825526644
2311.0875	0.0237739473643954
2309.6705	0.0236369916466487
2308.2535	0.0235417804536233
2306.8365	0.0233163631824993
2305.4196	0.0244901812064332
2304.0026	0.0240737962286717
2302.5856	0.0245567380896207
2301.1686	0.0238493959479483
2299.7516	0.0242392666050164
2298.3347	0.0231713331257426
2296.9177	0.0243812985922829
2295.5007	0.0244348574653918
2294.0837	0.024513199411963
2292.6668	0.0248652878107289
2291.2498	0.0242130960523018
2289.8328	0.0244199446110104
2288.4158	0.0248311396848096
2286.9989	0.0235653675182713
2285.5819	0.0238020599224106
2284.1649	0.0231436124611692
2282.7479	0.0238359322686406
2281.331	0.0234881256121988
2279.914	0.0237557469284142
2278.497	0.0240598283174378
2277.08	0.0239823720950276
2275.6631	0.02361895194233
2274.2461	0.0233667651913122
2272.8291	0.0226091025765641
2271.4121	0.0232075042636555
2269.9952	0.0233595493898405
2268.5782	0.0232957868312027
2267.1612	0.0234624009625069
2265.7442	0.0227058435180182
2264.3273	0.0231348511578607
2262.9103	0.0230420657391037
2261.4933	0.0236613822250863
2260.0763	0.0231484018377301
2258.6594	0.0229679513877788
2257.2424	0.0239278636377479
2255.8254	0.0230802249666359
2254.4084	0.0220979759811481
2252.9914	0.0230370600614879
2251.5745	0.0229328577397681
2250.1575	0.0228130854685935
2248.7405	0.0228567152079257
2247.3235	0.0227353713339195
2245.9066	0.0228643215915551
2244.4896	0.0229786350231331
2243.0726	0.0224818355857911
2241.6556	0.0228244058446998
2240.2387	0.022015504809092
2238.8217	0.0223791868511961
2237.4047	0.0221500173154824
2235.9877	0.0223879186934498
2234.5708	0.022299980807847
2233.1538	0.0230486639645818
2231.7368	0.0234658145364931
2230.3198	0.0225392312421933
2228.9029	0.0223899695465002
2227.4859	0.0224569941597876
2226.0689	0.02325201617173
2224.6519	0.0216542374950551
2223.235	0.021754973848228
2221.818	0.0216411585457615
2220.401	0.0222303691120296
2218.984	0.0216526805355619
2217.5671	0.0223170684743636
2216.1501	0.0217777982980373
2214.7331	0.0221736924671514
2213.3161	0.0211678558829587
2211.8992	0.02274068100846
2210.4822	0.0220593441636108
2209.0652	0.0214438008846138
2207.6482	0.0216667267120902
2206.2312	0.022216071504821
2204.8143	0.0227057113086606
2203.3973	0.0225259018597472
2201.9803	0.021851445459995
2200.5633	0.0219669853202904
2199.1464	0.0221004763662051
2197.7294	0.0217480986330657
2196.3124	0.0219030129114468
2194.8954	0.0227423355755838
2193.4785	0.0222293977669336
2192.0615	0.021444848022654
2190.6445	0.0218756905355928
2189.2275	0.0213499636375821
2187.8106	0.0221117187211679
2186.3936	0.0212804618460921
2184.9766	0.0222387849343901
2183.5596	0.0207777200364559
2182.1427	0.0213961066763268
2180.7257	0.0226915145196566
2179.3087	0.0214562746841094
2177.8917	0.0219829119848361
2176.4748	0.0218513912262859
2175.0578	0.0209989805748714
2173.6408	0.0220418626714503
2172.2238	0.0214665236826752
2170.8069	0.0216926521104025
2169.3899	0.0225799902431657
2167.9729	0.0223066688638563
2166.5559	0.0218073340105867
2165.139	0.0219793822500533
2163.722	0.0219620760159103
2162.305	0.0226227783401185
2160.888	0.0224053069154828
2159.471	0.0212586419756507
2158.0541	0.0204553447411978
2156.6371	0.0191752690605961
2155.2201	0.0185901771974935
2153.8031	0.0196798416081036
2152.3862	0.0194795826529378
2150.9692	0.0198269832056505
2149.5522	0.0192079442172468
2148.1352	0.0197088521873378
2146.7183	0.0206231091730784
2145.3013	0.0208683894580128
2143.8843	0.0205285945888149
2142.4673	0.0199129445866423
2141.0504	0.0200554570410989
2139.6334	0.0207782142961996
2138.2164	0.0212020591553664
2136.7994	0.0214110340019511
2135.3825	0.0207073538599981
2133.9655	0.0202525617121526
2132.5485	0.0206572179482419
2131.1315	0.020657617199172
2129.7146	0.0198656880674011
2128.2976	0.020479776260765
2126.8806	0.0209556341230388
2125.4636	0.0211512617443537
2124.0467	0.0212327583509015
2122.6297	0.0213869997621831
2121.2127	0.0214543937196826
2119.7957	0.0212711699936567
2118.3788	0.0219004302908757
2116.9618	0.0219274508872939
2115.5448	0.0230712249571797
2114.1278	0.0220443460629049
2112.7108	0.0225930494440867
2111.2939	0.0218482031443723
2109.8769	0.0217003547913184
2108.4599	0.0217337022104344
2107.0429	0.0220431159438877
2105.626	0.0214725838136815
2104.209	0.0216502828729175
2102.792	0.0214519159382574
2101.375	0.0208436671201618
2099.9581	0.0216007931002574
2098.5411	0.022013344986109
2097.1241	0.0216954250378098
2095.7071	0.0212836079253691
2094.2902	0.0215484740949817
2092.8732	0.021397957335883
2091.4562	0.0214856189923926
2090.0392	0.0210991131456254
2088.6223	0.0218438889147946
2087.2053	0.0218224151092751
2085.7883	0.0214128039018866
2084.3713	0.0214698009049043
2082.9544	0.0217915977754882
2081.5374	0.0212424284909428
2080.1204	0.0222007794136315
2078.7034	0.0205098227500735
2077.2865	0.0220574029277576
2075.8695	0.0209838590111825
2074.4525	0.0210846583359169
2073.0355	0.0211686085777423
2071.6186	0.0218196712197
2070.2016	0.0214089341633185
2068.7846	0.0216538400642083
2067.3676	0.0208043569429645
2065.9506	0.0212488968386528
2064.5337	0.020568732784845
2063.1167	0.0207054535850477
2061.6997	0.0209363119783381
2060.2827	0.0207944049877185
2058.8658	0.021283057141817
2057.4488	0.0213974627351678
2056.0318	0.0214177124365005
2054.6148	0.0211462757998375
2053.1979	0.0213089757250354
2051.7809	0.0209044402442406
2050.3639	0.0205760468895096
2048.9469	0.0217444737781895
2047.53	0.0206370638532211
2046.113	0.0194152003626175
2044.696	0.0192405250047767
2043.279	0.0187752632335637
2041.8621	0.0190136610792857
2040.4451	0.0196699316200673
2039.0281	0.0200793212760748
2037.6111	0.019989498995856
2036.1942	0.0194672509923516
2034.7772	0.0196354750742918
2033.3602	0.0189334959301076
2031.9432	0.0196969615912657
2030.5263	0.0198529778433686
2029.1093	0.0205075956154291
2027.6923	0.0201532866849746
2026.2753	0.019633402172765
2024.8584	0.0188650415695373
2023.4414	0.0184968062966964
2022.0244	0.0177939611898939
2020.6074	0.0180362388246541
2019.1904	0.0185166413014922
2017.7735	0.0185014831261475
2016.3565	0.0198141744099205
2014.9395	0.0188319810706163
2013.5225	0.0186800468762802
2012.1056	0.0179261974195995
2010.6886	0.0183930845941087
2009.2716	0.0180768176513989
2007.8546	0.0173784226213521
2006.4377	0.0181748248810591
2005.0207	0.0180150239648867
2003.6037	0.0175549506295044
2002.1867	0.018548322938536
2000.7698	0.0184034451510688
1999.3528	0.0179812955074325
1997.9358	0.0184894620786565
1996.5188	0.0179259545129319
1995.1019	0.0189378134774762
1993.6849	0.0188368411115646
1992.2679	0.0177916437400691
1990.8509	0.0186548321514445
1989.434	0.0174315688881173
1988.017	0.017977862095555
1986.6	0.0179195226022242
1985.183	0.019247347766021
1983.7661	0.0198699554752239
1982.3491	0.0196099095805331
1980.9321	0.0191154221591737
1979.5151	0.0196268798046404
1978.0982	0.0182815062640363
1976.6812	0.0174770753442115
1975.2642	0.0167584844144439
1973.8472	0.0166569023878322
1972.4302	0.0166022887507789
1971.0133	0.0169354046852679
1969.5963	0.0168064687663051
1968.1793	0.0175921929217038
1966.7623	0.0174428132177955
1965.3454	0.0168231340330886
1963.9284	0.017570698579789
1962.5114	0.0174563388208333
1961.0944	0.0175284999651743
1959.6775	0.0170540006989405
1958.2605	0.0175886641575219
1956.8435	0.018019642941507
1955.4265	0.018132221250323
1954.0096	0.018515226847225
1952.5926	0.0179051537607587
1951.1756	0.0178686825108177
1949.7586	0.0182121713854839
1948.3417	0.0190134657583847
1946.9247	0.0186027157666391
1945.5077	0.0188338042180764
1944.0907	0.0190581619973858
1942.6738	0.0192514571154433
1941.2568	0.0189970032873353
1939.8398	0.0192577112910856
1938.4228	0.0193903650603835
1937.0059	0.0198066777910118
1935.5889	0.0188535175509851
1934.1719	0.0192566268375942
1932.7549	0.0192495234817515
1931.338	0.0188676482968332
1929.921	0.0192968736567911
1928.504	0.0202791829583093
1927.087	0.0196379380371589
1925.67	0.0192481905077491
1924.2531	0.0185714193411319
1922.8361	0.019127518586161
1921.4191	0.0199724987236282
1920.0021	0.0193735037518185
1918.5852	0.019184489255824
1917.1682	0.0201827382535593
1915.7512	0.0197810952123077
1914.3342	0.0198071935479944
1912.9173	0.0199076651998279
1911.5003	0.0202355392513405
1910.0833	0.0201929334054747
1908.6663	0.0195458996431221
1907.2494	0.0196264592793002
1905.8324	0.0199211195243104
1904.4154	0.0192666658248092
1902.9984	0.0193647096731667
1901.5815	0.0198740918412269
1900.1645	0.0189012643240935
1898.7475	0.0192427402827612
1897.3305	0.0192783437868992
1895.9136	0.0205106625055848
1894.4966	0.0199259939850079
1893.0796	0.0200049069544384
1891.6626	0.0204284789125608
1890.2457	0.0197703728728257
1888.8287	0.0200422226650923
1887.4117	0.0194247200812365
1885.9947	0.0192984688643185
1884.5778	0.0201120101632113
1883.1608	0.0194207071472738
1881.7438	0.0194275212803881
1880.3268	0.0197292600223666
1878.9098	0.0195672114594002
1877.4929	0.0200655847482016
1876.0759	0.0198333872316781
1874.6589	0.0192142290204769
1873.2419	0.0191613921172437
1871.825	0.0197357862719617
1870.408	0.0197127654943575
1868.991	0.0196710692546462
1867.574	0.0199056881023128
1866.1571	0.019242041315553
1864.7401	0.0194956383531688
1863.3231	0.0195159238613066
1861.9061	0.0199685584142107
1860.4892	0.0196725821511738
1859.0722	0.0197742997174293
1857.6552	0.0203882860236982
1856.2382	0.0197639777609465
1854.8213	0.0199237332461003
1853.4043	0.0198036452662332
1851.9873	0.0191614709908312
1850.5703	0.019700762308108
1849.1534	0.0192246107396477
1847.7364	0.0198971517295515
1846.3194	0.0200101592181621
1844.9024	0.0190439647009524
1843.4855	0.0192974427461598
1842.0685	0.019891203797629
1840.6515	0.0196294096518063
1839.2345	0.0187651158673338
1837.8176	0.0189213028917218
1836.4006	0.0200810771693096
1834.9836	0.0196296398622813
1833.5666	0.0194910388541962
1832.1496	0.0192654089896782
1830.7327	0.0189585362241478
1829.3157	0.0194815972091876
1827.8987	0.019766745247016
1826.4817	0.0198863364908414
1825.0648	0.0197735285783411
1823.6478	0.0194354167262551
1822.2308	0.0199433588613253
1820.8138	0.0190837240808865
1819.3969	0.0192344879506206
1817.9799	0.0192035016519295
1816.5629	0.0188721940018346
1815.1459	0.0190322387538275
1813.729	0.0199598793997234
1812.312	0.0194193136674522
1810.895	0.0189855185559387
1809.478	0.0196663027293246
1808.0611	0.0194033267313757
1806.6441	0.0188426561713286
1805.2271	0.0193645593409884
1803.8101	0.0197890036216056
1802.3932	0.0193088358288049
1800.9762	0.0188955620522778
1799.5592	0.0200492152609207
1798.1422	0.0194735841844956
1796.7253	0.0195565452495534
1795.3083	0.0196037636808793
1793.8913	0.0203455873005472
1792.4743	0.0191437263178883
1791.0574	0.0191329457399676
1789.6404	0.0189499539985394
1788.2234	0.0207930303787104
1786.8064	0.0191228251872899
1785.3894	0.0196328280556842
1783.9725	0.0204776795286553
1782.5555	0.0198303852359732
1781.1385	0.0203489575877333
1779.7215	0.0189153344449031
1778.3046	0.0197637395023586
1776.8876	0.0191658102673683
1775.4706	0.0202115065108635
1774.0536	0.019646179297473
1772.6367	0.0201787539454247
1771.2197	0.0196434114579805
1769.8027	0.0201507459275583
1768.3857	0.0202093127380746
1766.9688	0.020211781195898
1765.5518	0.0199494824464294
1764.1348	0.0201168190243203
1762.7178	0.0197508805409636
1761.3009	0.0202021316459269
1759.8839	0.0204583274247027
1758.4669	0.0200422549687563
1757.0499	0.0206237927330643
1755.633	0.0209548294316696
1754.216	0.0207661878323099
1752.799	0.0209263696059112
1751.382	0.0206968547909722
1749.9651	0.0205554073922556
1748.5481	0.0208603979384005
1747.1311	0.021405215039388
1745.7141	0.021311337085153
1744.2972	0.0217526861398953
1742.8802	0.0220380694646356
1741.4632	0.0218485936585296
1740.0462	0.0224426326731004
1738.6292	0.0223376548749067
1737.2123	0.0221229191126705
1735.7953	0.0224457952219879
1734.3783	0.0223709611449027
1732.9613	0.0230653923053903
1731.5444	0.0232255690801513
1730.1274	0.0239826069357385
1728.7104	0.0234004616945786
1727.2934	0.0239475187093334
1725.8765	0.0234480666101339
1724.4595	0.0244566403292875
1723.0425	0.0239749670435891
1721.6255	0.0241782482302321
1720.2086	0.0245277462646595
1718.7916	0.0247319068442532
1717.3746	0.0252076085917965
1715.9576	0.025646059836934
1714.5407	0.0261557170101562
1713.1237	0.0249920232045567
1711.7067	0.0252377695545508
1710.2897	0.0260294869199909
1708.8728	0.0256798370581588
1707.4558	0.0271165988439541
1706.0388	0.026115501981231
1704.6218	0.0260735256442131
1703.2049	0.0267043650065744
1701.7879	0.0265675817995291
1700.3709	0.0269424961915277
1698.9539	0.0274513697925615
1697.537	0.02737121868783
1696.12	0.0281297067447762
1694.703	0.0275825340169483
1693.286	0.0271572211369832
1691.869	0.0277452711835177
1690.4521	0.0280500254909723
1689.0351	0.0279049566062714
1687.6181	0.0282303186483301
1686.2011	0.0280052486172605
1684.7842	0.0281538145263619
1683.3672	0.0280903775804762
1681.9502	0.0283774888425644
1680.5332	0.0280936335188003
1679.1163	0.0285028964875406
1677.6993	0.0282544402344974
1676.2823	0.0290347170366288
1674.8653	0.028896470030767
1673.4484	0.0293048249598824
1672.0314	0.0291327741280804
1670.6144	0.0295065878892328
1669.1974	0.0294788937090267
1667.7805	0.0293992413594549
1666.3635	0.0303864385640882
1664.9465	0.030129176031622
1663.5295	0.0308419230717317
1662.1126	0.0302997230301661
1660.6956	0.0303672863448375
1659.2786	0.0312747773802901
1657.8616	0.0309202444496624
1656.4447	0.0311583307227548
1655.0277	0.0318017710858322
1653.6107	0.031962766403104
1652.1937	0.0324409847468762
1650.7768	0.033202527102974
1649.3598	0.0330179367972146
1647.9428	0.0333358882267098
1646.5258	0.0336566939188433
1645.1088	0.034745695968045
1643.6919	0.0342752532332952
1642.2749	0.0352691553710986
1640.8579	0.035632962213777
1639.4409	0.0363776694616966
1638.024	0.0368371324167532
1636.607	0.0375402938055554
1635.19	0.0382220870065491
1633.773	0.0382467102795621
1632.3561	0.0390986508035812
1630.9391	0.0387676635528582
1629.5221	0.0400469492478743
1628.1051	0.0403103783283919
1626.6882	0.0405060251183572
1625.2712	0.0411539499894797
1623.8542	0.0417771850929681
1622.4372	0.0416592912067164
1621.0203	0.0421913603194229
1619.6033	0.0422634425731359
1618.1863	0.0420546378979938
1616.7693	0.0429515200308851
1615.3524	0.0432763578408501
1613.9354	0.0434635388337971
1612.5184	0.0438628484356463
1611.1014	0.0441003215292035
1609.6845	0.0440862995076739
1608.2675	0.0447065250658543
1606.8505	0.0458699743819865
1605.4335	0.0467032609516382
1604.0166	0.0468132581094923
1602.5996	0.0467882107192634
1601.1826	0.0467479011892114
1599.7656	0.0472018996572936
1598.3486	0.0472008753863082
1596.9317	0.0479772206062662
1595.5147	0.0468688985338941
1594.0977	0.0461352520578564
1592.6807	0.047197110175961
1591.2638	0.0457792770265214
1589.8468	0.0456727718717969
1588.4298	0.0459519961571513
1587.0128	0.0456794637383597
1585.5959	0.0448918780393837
1584.1789	0.0439258326033921
1582.7619	0.0437771506287649
1581.3449	0.0435045566061083
1579.928	0.0428584553896209
1578.511	0.0418406649611061
1577.094	0.041770621807898
1575.677	0.040794755190977
1574.2601	0.0403114728656196
1572.8431	0.0397484736671503
1571.4261	0.0389299773341037
1570.0091	0.0399823143175008
1568.5922	0.0380741961743499
1567.1752	0.0380234440699399
1565.7582	0.037630705747549
1564.3412	0.0366178219147359
1562.9243	0.0364906736519476
1561.5073	0.0363170693534556
1560.0903	0.0352958989428085
1558.6733	0.0339142246164624
1557.2564	0.0327399432660642
1555.8394	0.0321718084915174
1554.4224	0.0324139667033811
1553.0054	0.0319089127472494
1551.5885	0.031532917522455
1550.1715	0.0316994483707421
1548.7545	0.0312118907872222
1547.3375	0.0307106814521561
1545.9205	0.0303902575451307
1544.5036	0.0298080993054699
1543.0866	0.0293852444073702
1541.6696	0.029542364990997
1540.2526	0.0292437530151541
1538.8357	0.0290586946043773
1537.4187	0.0283273263978059
1536.0017	0.0287278381031594
1534.5847	0.0295692827055476
1533.1678	0.028467647679252
1531.7508	0.0291939556786086
1530.3338	0.0285727066793924
1528.9168	0.0295075310469308
1527.4999	0.0284563629124839
1526.0829	0.029045283077481
1524.6659	0.0294254598854657
1523.2489	0.0302528010589929
1521.832	0.0313151765884085
1520.415	0.0314737533681212
1518.998	0.0322430810934835
1517.581	0.0335831600165039
1516.1641	0.0339529411844458
1514.7471	0.0346353830659512
1513.3301	0.035423956873883
1511.9131	0.0352258075029382
1510.4962	0.0356970447498283
1509.0792	0.0362490628762227
1507.6622	0.0364737980370748
1506.2452	0.036168723440517
1504.8283	0.036541459880718
1503.4113	0.034499033198882
1501.9943	0.0341533307104975
1500.5773	0.0339285059230968
1499.1603	0.0330445448673395
1497.7434	0.0321971483731844
1496.3264	0.0306851022943533
1494.9094	0.0305691952381426
1493.4924	0.0303867996152687
1492.0755	0.0301421812158873
1490.6585	0.0292096215707971
1489.2415	0.030052946900996
1487.8245	0.0303936964555995
1486.4076	0.029516683323031
1484.9906	0.0304478007936982
1483.5736	0.0313070288908034
1482.1566	0.0316342217526798
1480.7397	0.0321926614920671
1479.3227	0.0317229743174015
1477.9057	0.0320233460859201
1476.4887	0.0321030401319879
1475.0718	0.0322717579024332
1473.6548	0.0328506600396637
1472.2378	0.0332095536333495
1470.8208	0.0337541597377604
1469.4039	0.0358171534933257
1467.9869	0.0360487247463791
1466.5699	0.0363600606453833
1465.1529	0.0369874352703741
1463.736	0.0375564219990791
1462.319	0.0390082803397889
1460.902	0.0398147875309078
1459.485	0.0402156928881893
1458.0681	0.0409969139454526
1456.6511	0.0412481825745975
1455.2341	0.0421732835668865
1453.8171	0.0410823359100508
1452.4001	0.0419944503632978
1450.9832	0.0419421023345663
1449.5662	0.0421940645804744
1448.1492	0.0425837514686948
1446.7322	0.0425602982020703
1445.3153	0.0421037188247863
1443.8983	0.0423609485675108
1442.4813	0.0426775828567369
1441.0643	0.0420606477273398
1439.6474	0.0426890823092251
1438.2304	0.0421998846326507
1436.8134	0.0427830447902439
1435.3964	0.0431461078344526
1433.9795	0.0439488980199533
1432.5625	0.0440515251796461
1431.1455	0.0446367090102101
1429.7285	0.0439784890036769
1428.3116	0.0453260754731625
1426.8946	0.0456118709888661
1425.4776	0.0464915202046012
1424.0606	0.046453321904234
1422.6437	0.0471619316187205
1421.2267	0.0473082256254684
1419.8097	0.0477823214313162
1418.3927	0.0473071339331114
1416.9758	0.0477752266219726
1415.5588	0.048499401739658
1414.1418	0.0477904914209972
1412.7248	0.0482985821439454
1411.3079	0.0481994908334964
1409.8909	0.0482168912006788
1408.4739	0.0482051346972626
1407.0569	0.0491021457256424
1405.6399	0.0480995285562836
1404.223	0.0484819356610455
1402.806	0.0490154405628695
1401.389	0.0484006311514876
1399.972	0.0495524041495095
1398.5551	0.049171303447247
1397.1381	0.0493872468220861
1395.7211	0.0489749583374203
1394.3041	0.0493244263193316
1392.8872	0.0500289456130243
1391.4702	0.0501166822989034
1390.0532	0.0509662433409376
1388.6362	0.0505176154245135
1387.2193	0.0515019449701768
1385.8023	0.051765450050669
1384.3853	0.0524973684691314
1382.9683	0.0526542699667379
1381.5514	0.0530121635457155
1380.1344	0.0515501034436115
1378.7174	0.0517558375972347
1377.3004	0.0509249250900699
1375.8835	0.0509167071748885
1374.4665	0.0524091234037543
1373.0495	0.052388698021065
1371.6325	0.0526888533385667
1370.2156	0.0527769203456423
1368.7986	0.0533339520870569
1367.3816	0.0535957698817412
1365.9646	0.0541487891124698
1364.5477	0.0544349604425418
1363.1307	0.0551637149033288
1361.7137	0.0544095134025835
1360.2967	0.0545479669025587
1358.8797	0.054923302314706
1357.4628	0.0546559234554713
1356.0458	0.0538787293126669
1354.6288	0.0526249708092869
1353.2118	0.0522933062339975
1351.7949	0.0523245125763679
1350.3779	0.0508438818795587
1348.9609	0.051990094872778
1347.5439	0.0518492100347016
1346.127	0.0520364447778797
1344.71	0.052850751029358
1343.293	0.0520279967622525
1341.876	0.0526125831416049
1340.4591	0.0531062524118638
1339.0421	0.0536324751206989
1337.6251	0.0527372590647365
1336.2081	0.0529697385110583
1334.7912	0.0525225285734574
1333.3742	0.0527102514886577
1331.9572	0.0519914171693299
1330.5402	0.0522262542403821
1329.1233	0.0522314864517603
1327.7063	0.0525085603265597
1326.2893	0.0514334550023726
1324.8723	0.0510824249735424
1323.4554	0.0500448438410976
1322.0384	0.0500429007693265
1320.6214	0.0492179992791202
1319.2044	0.0491406176679336
1317.7875	0.0484242941699457
1316.3705	0.0480254995229049
1314.9535	0.0475510580148389
1313.5365	0.0478219179417313
1312.1195	0.0470183026349701
1310.7026	0.0471415638717381
1309.2856	0.0467101259785571
1307.8686	0.046875992891404
1306.4516	0.0463621581654555
1305.0347	0.0466199167736559
1303.6177	0.046454434125806
1302.2007	0.0464492814070323
1300.7837	0.0477063818790366
1299.3668	0.0471888899646407
1297.9498	0.0469444825892324
1296.5328	0.0474003039402357
1295.1158	0.0470828122803402
1293.6989	0.0477979638967272
1292.2819	0.0473879590638684
1290.8649	0.0471651002488567
1289.4479	0.0472689687335336
1288.031	0.0471468803915767
1286.614	0.0476933395978292
1285.197	0.0478736753957992
1283.78	0.048102746539533
1282.3631	0.0483341042873601
1280.9461	0.0484543551949041
1279.5291	0.0488765772002937
1278.1121	0.0500690833190044
1276.6952	0.0508442517049712
1275.2782	0.0502148162760299
1273.8612	0.0511577241712633
1272.4442	0.0516025537358027
1271.0273	0.0514530806492719
1269.6103	0.0517571250393974
1268.1933	0.0522013263437364
1266.7763	0.0523626328815038
1265.3593	0.0523577599017944
1263.9424	0.0515916502853055
1262.5254	0.0500163363279688
1261.1084	0.050854331003652
1259.6914	0.0516070413761542
1258.2745	0.0512972281364973
1256.8575	0.051190256361542
1255.4405	0.0519528679211627
1254.0235	0.0512217528504169
1252.6066	0.0507082676450236
1251.1896	0.0510601555970014
1249.7726	0.0511421247074612
1248.3556	0.0506458791278976
1246.9387	0.0501951477695114
1245.5217	0.0495139506781313
1244.1047	0.04962993816536
1242.6877	0.050517623821293
1241.2708	0.0493179153971164
1239.8538	0.0500200876271946
1238.4368	0.0502455209745241
1237.0198	0.0506415358601642
1235.6029	0.0500204490868094
1234.1859	0.050407886145637
1232.7689	0.0501930450888153
1231.3519	0.0498538911175933
1229.935	0.0501507913858838
1228.518	0.0490745118195985
1227.101	0.048689678773824
1225.684	0.0488980600837222
1224.2671	0.0471662131436981
1222.8501	0.046550047190169
1221.4331	0.0464061901880306
1220.0161	0.0447121896528038
1218.5991	0.0447840947346436
1217.1822	0.0449777080136669
1215.7652	0.0437857320669922
1214.3482	0.0434757244560034
1212.9312	0.04456778042239
1211.5143	0.0432711222176717
1210.0973	0.043310756817304
1208.6803	0.0432294548664341
1207.2633	0.0426810424320995
1205.8464	0.0429618264163153
1204.4294	0.0414370129535017
1203.0124	0.0413896587380084
1201.5954	0.0413491190096464
1200.1785	0.0410097653894578
1198.7615	0.0408596734599644
1197.3445	0.0398173970264704
1195.9275	0.0392575250660709
1194.5106	0.039091220142254
1193.0936	0.0380134983000943
1191.6766	0.0379569937539484
1190.2596	0.0373334849929611
1188.8427	0.0372063764744411
1187.4257	0.0360965602322751
1186.0087	0.0362398638421805
1184.5917	0.0359873034889161
1183.1748	0.0353354004975478
1181.7578	0.0363258469323209
1180.3408	0.0357397674869529
1178.9238	0.036593675467294
1177.5069	0.0366400075873908
1176.0899	0.0378116731308272
1174.6729	0.0377927335530966
1173.2559	0.0385728679848237
1171.8389	0.0397021303793039
1170.422	0.0408640776170105
1169.005	0.0426908044394274
1167.588	0.0438020075060919
1166.171	0.0466949416066876
1164.7541	0.0485580309322417
1163.3371	0.0515946355169349
1161.9201	0.0540034512296028
1160.5031	0.0561979620164644
1159.0862	0.0590060927670013
1157.6692	0.0612169441609348
1156.2522	0.0627233036651785
1154.8352	0.0654620209626187
1153.4183	0.0673843950846123
1152.0013	0.0692869362785848
1150.5843	0.0703326510148013
1149.1673	0.070771987144969
1147.7504	0.0708326310875396
1146.3334	0.0711901905807933
1144.9164	0.070192379341099
1143.4994	0.0699675247697837
1142.0825	0.0699732318436813
1140.6655	0.0686335999740269
1139.2485	0.0676172730108218
1137.8315	0.0669246776808113
1136.4146	0.0657430153315148
1134.9976	0.0651929563479099
1133.5806	0.0646969119292794
1132.1636	0.0640212186816719
1130.7467	0.0641366877649764
1129.3297	0.0645723876160519
1127.9127	0.06491338563841
1126.4957	0.0653319233883377
1125.0787	0.0653968766556877
1123.6618	0.0662639613014436
1122.2448	0.0667580483269898
1120.8278	0.0664564060822225
1119.4108	0.067257511304375
1117.9939	0.0668449402925966
1116.5769	0.0666408712347039
1115.1599	0.0678860979305379
1113.7429	0.0680326267950655
1112.326	0.0690574998574316
1110.909	0.0690876280962911
1109.492	0.0691106590667929
1108.075	0.0697247114888196
1106.6581	0.0708837713823881
1105.2411	0.0708450279424598
1103.8241	0.0711132914108118
1102.4071	0.0728332804501566
1100.9902	0.0731132216441664
1099.5732	0.0731018002687982
1098.1562	0.0737489288655358
1096.7392	0.0737723564567351
1095.3223	0.0739509774490982
1093.9053	0.0749252431407683
1092.4883	0.0756195365526045
1091.0713	0.0758405625342325
1089.6544	0.0774455470469081
1088.2374	0.0783625733839648
1086.8204	0.0808359351307671
1085.4034	0.0831508885161466
1083.9865	0.0849184078833413
1082.5695	0.0881452574329937
1081.1525	0.0898091429246223
1079.7355	0.0923803196186807
1078.3185	0.0933904677724189
1076.9016	0.0941638945126313
1075.4846	0.0949075741379729
1074.0676	0.0949902992306282
1072.6506	0.0930473079938314
1071.2337	0.0923182625769545
1069.8167	0.089928666629958
1068.3997	0.0885070590695086
1066.9827	0.0864430313139146
1065.5658	0.0869205434636398
1064.1488	0.0864558048806517
1062.7318	0.0878401980033024
1061.3148	0.0882133538947126
1059.8979	0.0897725159454702
1058.4809	0.0904335658115795
1057.0639	0.0914656702127695
1055.6469	0.0946182584245269
1054.23	0.0949518918227581
1052.813	0.0970002841708346
1051.396	0.0991557758762795
1049.979	0.100786209098623
1048.5621	0.103049062256169
1047.1451	0.104662792818739
1045.7281	0.105642088153351
1044.3111	0.107765854586923
1042.8942	0.109613889712619
1041.4772	0.11120757635025
1040.0602	0.113580434654527
1038.6432	0.115145989225931
1037.2263	0.117061214193701
1035.8093	0.119019389578185
1034.3923	0.119670071881689
1032.9753	0.122483134754403
1031.5583	0.124184275267172
1030.1414	0.126300906219482
1028.7244	0.128582454132814
1027.3074	0.131133829427392
1025.8904	0.132603626526258
1024.4735	0.134880763754111
1023.0565	0.136498676924261
1021.6395	0.138278728844291
1020.2225	0.139723739471059
1018.8056	0.141676748069789
1017.3886	0.143073991436841
1015.9716	0.143757863756832
1014.5546	0.144138726497998
1013.1377	0.144387297516388
1011.7207	0.145859319763728
1010.3037	0.145328698818554
1008.8867	0.145005937670555
1007.4698	0.145167312943083
1006.0528	0.145521993295589
1004.6358	0.145851005101434
1003.2188	0.146332180341322
1001.8019	0.147845637965606
1000.3849	0.148193182332491
998.9679	0.149446660390035
997.5509	0.149219304581659
996.134	0.149819226876017
994.717	0.150342727170039
993.3	0.151554317397697
991.883	0.152010415438474
990.4661	0.152365100187039
989.0491	0.151561839199356
987.6321	0.151058334633744
986.2151	0.149772455111919
984.7981	0.149127634736721
983.3812	0.148241483146916
981.9642	0.144810076770708
980.5472	0.143342575641583
979.1302	0.141074896594675
977.7133	0.139349920236791
976.2963	0.13602673258554
974.8793	0.133446160897539
973.4623	0.131186352182046
972.0454	0.129055250840161
970.6284	0.125257032867437
969.2114	0.122492428313946
967.7944	0.119764968419818
966.3775	0.117392512940834
964.9605	0.114035917250527
963.5435	0.11188135426518
962.1265	0.109633875115846
960.7096	0.107199890826752
959.2926	0.105105049052247
957.8756	0.102164603007367
956.4586	0.0999581499537608
955.0417	0.0983173861928722
953.6247	0.0965803353248235
952.2077	0.0938921556495387
950.7907	0.093853877231174
949.3738	0.0901684176644186
947.9568	0.0891258027465938
946.5398	0.0891287597035366
945.1228	0.0880591159082395
943.7059	0.0875058874510613
942.2889	0.0881155745427345
940.8719	0.0881455590947816
939.4549	0.0885278824222701
938.0379	0.0885116917817679
936.621	0.0891713705741255
935.204	0.089386111434471
933.787	0.0891152093064495
932.37	0.0884352081510242
930.9531	0.0893355828911702
929.5361	0.0896995130556292
928.1191	0.0896527774529911
926.7021	0.0889858113117503
925.2852	0.0893583705181624
923.8682	0.0886825142613561
922.4512	0.0887454799023354
921.0342	0.0879148193448052
919.6173	0.0870921855100351
918.2003	0.0861881110829924
916.7833	0.0863651855089543
915.3663	0.0857653658032398
913.9494	0.0850613968047626
912.5324	0.0847179257007672
911.1154	0.0829143785324218
909.6984	0.0831759189481588
908.2815	0.082335748568984
906.8645	0.0810814694538553
905.4475	0.0802414404200555
904.0305	0.0790814197994831
902.6136	0.0787647742842829
901.1966	0.0772229477162577
899.7796	0.0774037603764087
898.3626	0.0768271950378674
896.9457	0.0756683440717661
895.5287	0.0750165839124642
894.1117	0.0758427372061994
892.6947	0.0746608018299475
891.2777	0.0744062315318109
889.8608	0.0748147561161497
888.4438	0.073186225710345
887.0268	0.0725283288272417
885.6098	0.0714231765242222
884.1929	0.0713953442280903
882.7759	0.0704197191470685
881.3589	0.0694998651184243
879.9419	0.0687253917491262
878.525	0.0684327909425577
877.108	0.068352782150576
875.691	0.0683817241589853
874.274	0.0682961687165798
872.8571	0.068620511077121
871.4401	0.0684732347127507
870.0231	0.069290495112913
868.6061	0.0694853439775907
867.1892	0.0697825729191807
865.7722	0.0706181517801276
864.3552	0.0707959188547224
862.9382	0.0711653629084376
861.5213	0.0718714928471015
860.1043	0.0724405031234433
858.6873	0.0718619126211662
857.2703	0.0724865885119748
855.8534	0.0726847408867371
854.4364	0.0717414812178886
853.0194	0.0728374936752616
851.6024	0.0731228249359255
850.1855	0.0728942963899331
848.7685	0.0725437730550954
847.3515	0.0729705256005429
845.9345	0.0724921107297385
844.5175	0.0721212274581276
843.1006	0.0725556769552222
841.6836	0.0723230248431975
840.2666	0.0721316432495838
838.8496	0.0710500617648696
837.4327	0.0710019133292114
836.0157	0.0704110550105786
834.5987	0.0695819278855092
833.1817	0.0699621963344174
831.7648	0.0685222958860845
830.3478	0.0672720973602732
828.9308	0.067197009962588
827.5138	0.0671817113723654
826.0969	0.0671235067682289
824.6799	0.0668970920993525
823.2629	0.0678050540091419
821.8459	0.0671197523318479
820.429	0.0668908691787757
819.012	0.0662483740495393
817.595	0.0654323189328929
816.178	0.0661970841587136
814.7611	0.0659741752420179
813.3441	0.06504077880648
811.9271	0.0651379601589779
810.5101	0.0653903655584943
809.0932	0.0655944177858403
807.6762	0.0643148880120995
806.2592	0.0651663786407961
804.8422	0.0649431713500004
803.4253	0.0647221002501006
802.0083	0.0651204594564427
800.5913	0.0645647829442298
799.1743	0.0645380392006678
797.7573	0.0645911497614211
796.3404	0.0643398461546878
794.9234	0.0648920226446152
793.5064	0.0644032806488118
792.0894	0.0651660592827082
790.6725	0.0653047480743859
789.2555	0.0651641725865325
787.8385	0.0659773678842825
786.4215	0.0661196233397024
785.0046	0.0664905370881269
783.5876	0.0671030317051313
782.1706	0.0665937008883927
780.7536	0.0680376648266951
779.3367	0.0682480377700441
777.9197	0.0681450891313853
776.5027	0.0692197258581182
775.0857	0.0691417510899677
773.6688	0.0706570641377299
772.2518	0.0713604007090979
770.8348	0.0721848650736647
769.4178	0.0737785873002408
768.0009	0.0746396985806933
766.5839	0.0750541334527187
765.1669	0.0761069647609747
763.7499	0.0760910585415956
762.333	0.0768503852159879
760.916	0.0765847754382003
759.499	0.077118969005794
758.082	0.0767023923552837
756.6651	0.0765696836637973
755.2481	0.0759579977203919
753.8311	0.0757493250588243
752.4141	0.0755740206919939
750.9971	0.0744398211680286
749.5802	0.0741201595342784
748.1632	0.0728152367150906
746.7462	0.0728685370418108
745.3292	0.071645411808922
743.9123	0.0711441141449795
742.4953	0.0713106517995729
741.0783	0.0702003208338956
739.6613	0.0704060290785794
738.2444	0.0700018970284599
736.8274	0.0709953507255362
735.4104	0.0709875619338084
733.9934	0.070676611544848
732.5765	0.0707051583393658
731.1595	0.0706300970117296
729.7425	0.0713719965641802
728.3255	0.0716688767945487
726.9086	0.0720246850861121
725.4916	0.0722874774953207
724.0746	0.0725637829816697
722.6576	0.073009579465191
721.2407	0.0737108493396494
719.8237	0.0744016711563372
718.4067	0.0751673661392681
716.9897	0.0753336161918867
715.5728	0.0766214592739299
714.1558	0.0773197688744246
712.7388	0.0786577537763287
711.3218	0.0785324048594567
709.9049	0.0799285902724055
708.4879	0.0795084535820637
707.0709	0.0811562701464344
705.6539	0.0808149945285685
704.2369	0.081724243365868
702.82	0.0815865056799699
701.403	0.0818960565131714
699.986	0.0810288493707842
698.569	0.0809069843784648
697.1521	0.0805799730700429
695.7351	0.0798700909919487
694.3181	0.0799057081358567
692.9011	0.0796253834828626
691.4842	0.0794858446725481
690.0672	0.0799870541789407
688.6502	0.0796239039293544
687.2332	0.0795656779996956
685.8163	0.0793933154217403
684.3993	0.0802080358244024
682.9823	0.0807893912306865
681.5653	0.0795039748884596
680.1484	0.0803440731239375
678.7314	0.0804798415897162
677.3144	0.0809792769953963
675.8974	0.0810364128632341
674.4805	0.0814729465833919
673.0635	0.0808135577169405
671.6465	0.0812155872678662
670.2295	0.0812033395224534
668.8126	0.0824216684552631
667.3956	0.0825407406311954
665.9786	0.0827212961885271
664.5616	0.0828673101561866
663.1447	0.0833088675338959
661.7277	0.0835012234970815
660.3107	0.083836674313825
658.8937	0.084766594585743
657.4767	0.0846132884846809
656.0598	0.0845483011243072
654.6428	0.084537673565269
653.2258	0.0846947098202073
651.8088	0.0852167221307501
650.3919	0.085346627701835
648.9749	0.0851438651989028
647.5579	0.0864763361055062
646.1409	0.0866022640651652
644.724	0.0870705271023926
643.307	0.0866794725008756
641.89	0.0869906077340073
640.473	0.0865467035575147
639.0561	0.0870150451200403
637.6391	0.0868102429246458
636.2221	0.0875956156793109
634.8051	0.0878784157910345
633.3882	0.0882168613483638
631.9712	0.0882287448147663
630.5542	0.0887779144082819
629.1372	0.088489971089913
627.7203	0.0887647513182659
626.3033	0.0897461108084497
624.8863	0.090958555237934
623.4693	0.0915963905771642
622.0524	0.0929352764332372
620.6354	0.0928669765867909
619.2184	0.0940219344861455
617.8014	0.0942964643756944
616.3845	0.0953171846836981
614.9675	0.0970228576667902
613.5505	0.097455029713509
612.1335	0.0981426237080148
610.7165	0.099253720660568
609.2996	0.100003751020493
607.8826	0.100787710282441
606.4656	0.101403198582454
605.0486	0.101717090451606
603.6317	0.101977443575329
602.2147	0.102646088187088
600.7977	0.103042027581209
599.3807	0.102707279791813
597.9638	0.103197596055064
596.5468	0.102429456283853
595.1298	0.102308664324491
593.7128	0.102567004539305
592.2959	0.1023059106663
590.8789	0.103816924026965
589.4619	0.104008128224291
588.0449	0.104736237827771
586.628	0.10572014814608
585.211	0.10623188891619
583.794	0.1069179581279
582.377	0.108762327669724
580.9601	0.110534493860736
579.5431	0.112343392442847
578.1261	0.113915244689839
576.7091	0.114909840156559
575.2922	0.11654848404945
573.8752	0.117124468199234
572.4582	0.118066179035946
571.0412	0.118522923062272
569.6243	0.118147328386892
568.2073	0.117128116873057
566.7903	0.117589259415354
565.3733	0.117683464299897
563.9563	0.117081217239703
562.5394	0.116896619272668
561.1224	0.116445711968152
559.7054	0.114825869724629
558.2884	0.115197626939178
556.8715	0.113745783325642
555.4545	0.113011853362184
554.0375	0.112778258613943
552.6205	0.113334360307713
551.2036	0.112400788471766
549.7866	0.111909104835824
548.3696	0.112152558034503
546.9526	0.111575067317721
545.5357	0.111658875194999
544.1187	0.111318013332033
542.7017	0.11264331737756
541.2847	0.112320805582295
539.8678	0.113064363082885
538.4508	0.114086967951314
537.0338	0.115397152340585
535.6168	0.116038689679314
534.1999	0.116514468121779
532.7829	0.117944724769629
531.3659	0.118789298707345
529.9489	0.119136806406378
528.532	0.120272734876514
527.115	0.121686682371139
525.698	0.121470266284736
524.281	0.122532017626762
522.8641	0.123236767531964
521.4471	0.123041514732449
520.0301	0.123399246630478
518.6131	0.123420553977828
517.1962	0.123074138672021
515.7792	0.122989518593483
514.3622	0.122280743815475
512.9452	0.122755106406968
511.5282	0.122631999080749
510.1113	0.121677804403742
508.6943	0.12100199081884
507.2773	0.121210395518005
505.8603	0.121581394716184
504.4434	0.121468332060254
503.0264	0.12054621971458
501.6094	0.120604836881395
500.1924	0.120380970655227
498.7755	0.119622995028554
497.3585	0.120305159095966
495.9415	0.120832294587254
494.5245	0.119845445714238
493.1076	0.120907041361174
491.6906	0.120589953909328
490.2736	0.119782429851728
488.8566	0.120550441986088
487.4397	0.12072759500795
486.0227	0.1209222006031
484.6057	0.12026354346762
483.1887	0.120404547937895
481.7718	0.120164920172958
480.3548	0.120318293487337
478.9378	0.120794023013949
477.5208	0.120914889433844
476.1039	0.121760857431724
474.6869	0.120621979537398
473.2699	0.119564531007047
471.8529	0.119835538003778
470.436	0.119722240548405
469.019	0.119182897789286
467.602	0.118851319655492
466.185	0.119430545135718
464.768	0.119491312434924
463.3511	0.119880174272492
461.9341	0.118318157882291
460.5171	0.118470775164656
459.1001	0.11855187709181
457.6832	0.11797735865504
456.2662	0.118649477406548
454.8492	0.119093723996225
453.4322	0.119284354198184
452.0153	0.119489667952481
450.5983	0.119349671453831
449.1813	0.119589997308352
447.7643	0.120246163789091
446.3474	0.121161875340631
444.9304	0.122100408236604
443.5134	0.122064937048249
442.0964	0.122480772861902
440.6795	0.124123017487338
439.2625	0.125744028419133
437.8455	0.126877306823027
436.4285	0.127745245800903
435.0116	0.129109809149787
433.5946	0.128454376623876
432.1776	0.128610144579385
430.7606	0.127420574884039
429.3437	0.126956517906997
427.9267	0.126516515060106
426.5097	0.1268162534469
425.0927	0.12768953334159
423.6758	0.127939507605814
422.2588	0.12791151930329
420.8418	0.128198155746805
419.4248	0.128380003388997
418.0078	0.128842423379151
416.5909	0.130071556689679
415.1739	0.130320969901537
413.7569	0.130816305701792
412.3399	0.130003776958252
410.923	0.130379211626393
409.506	0.13136635249926
408.089	0.13219634596896
406.672	0.132448659367964
405.2551	0.134546309222329
403.8381	0.133944246394583
402.4211	0.133379365388355
401.0041	0.132963625314755
