3994.4546	0.0309680066532053
3993.0377	0.0314234387640972
3991.6207	0.0290310228022883
3990.2037	0.0308154013837202
3988.7867	0.0304129959418843
3987.3698	0.0304343077142134
3985.9528	0.0306847161170591
3984.5358	0.0307480382800732
3983.1188	0.0306892849425281
3981.7019	0.0305293849556985
3980.2849	0.0292849547753293
3978.8679	0.029303643188985
3977.4509	0.0305629811680062
3976.034	0.0306915754775546
3974.617	0.0306921776164995
3973.2	0.0299382305547501
3971.783	0.0301244151908513
3970.3661	0.0315572339387394
3968.9491	0.0303039212406432
3967.5321	0.0301367358684145
3966.1151	0.0299173775039173
3964.6982	0.0301738585455733
3963.2812	0.0306258442811641
3961.8642	0.0307354113986221
3960.4472	0.0288200218149684
3959.0303	0.0301507067970871
3957.6133	0.0302349783495215
3956.1963	0.0301374871322023
3954.7793	0.0304836097262728
3953.3624	0.0298437263923963
3951.9454	0.0294786353232312
3950.5284	0.0294535605529669
3949.1114	0.0298194716576246
3947.6944	0.03019665577581
3946.2775	0.0300375511941034
3944.8605	0.0290175321562831
3943.4435	0.0315174954115664
3942.0265	0.0293773024698638
3940.6096	0.0305560669300654
3939.1926	0.0303840876565398
3937.7756	0.0290244450627562
3936.3586	0.0309344386769975
3934.9417	0.0298616668625741
3933.5247	0.0305965050830408
3932.1077	0.0297194786040718
3930.6907	0.0298051030954212
3929.2738	0.0298929495140614
3927.8568	0.0295043725573229
3926.4398	0.0290955975224617
3925.0228	0.0298763559256215
3923.6059	0.0305782043078973
3922.1889	0.0305729320774745
3920.7719	0.0304986090575295
3919.3549	0.0298538653308829
3917.938	0.0300006653365723
3916.521	0.0296548615214964
3915.104	0.0308168781044398
3913.687	0.0298823514415252
3912.2701	0.0302340004468252
3910.8531	0.0306424836037165
3909.4361	0.0296486052904574
3908.0191	0.0290290402201362
3906.6022	0.029740815341593
3905.1852	0.0294719466539483
3903.7682	0.0298025012367702
3902.3512	0.0291000759708996
3900.9342	0.0304723085065334
3899.5173	0.029997435978767
3898.1003	0.0306786074184829
3896.6833	0.0297233370740559
3895.2663	0.0297243738158479
3893.8494	0.0299997569767004
3892.4324	0.0300373237278758
3891.0154	0.0293925574448556
3889.5984	0.0307700528185104
3888.1815	0.0309944617158714
3886.7645	0.0302879502485337
3885.3475	0.0290228199840417
3883.9305	0.0289074101981752
3882.5136	0.0290334897431927
3881.0966	0.0289415664399502
3879.6796	0.0288118271536015
3878.2626	0.029989157754177
3876.8457	0.0294032216490759
3875.4287	0.0308738341083046
3874.0117	0.0287826509610453
3872.5947	0.0287759171352404
3871.1778	0.0290965107095216
3869.7608	0.0285119892212988
3868.3438	0.029606389252733
3866.9268	0.0295021077187348
3865.5099	0.0293656977572921
3864.0929	0.0298682523371502
3862.6759	0.0295824415954225
3861.2589	0.030286017868589
3859.842	0.0294515461639148
3858.425	0.0297005228359844
3857.008	0.0293358829577835
3855.591	0.0293915651610188
3854.174	0.0287439544435823
3852.7571	0.0294801016122359
3851.3401	0.0292122905992191
3849.9231	0.0292996194714063
3848.5061	0.029879240233733
3847.0892	0.030433058973438
3845.6722	0.0296243147740237
3844.2552	0.0291777741237154
3842.8382	0.0284094576690777
3841.4213	0.0303473823663905
3840.0043	0.029846789676502
3838.5873	0.0291031015968371
3837.1703	0.0296965573765591
3835.7534	0.0303020651502517
3834.3364	0.0297408887138045
3832.9194	0.0297009254158857
3831.5024	0.029361426409145
3830.0855	0.0293897532739035
3828.6685	0.0298926736376116
3827.2515	0.028856565448012
3825.8345	0.0285750926927013
3824.4176	0.0283648308583693
3823.0006	0.0293252640811924
3821.5836	0.0286744576383758
3820.1666	0.0286257813437739
3818.7497	0.0296207642902561
3817.3327	0.0293831526028106
3815.9157	0.0298818256367874
3814.4987	0.0274242543148826
3813.0818	0.0287305378084312
3811.6648	0.0282877552675381
3810.2478	0.0289738824058633
3808.8308	0.0293933414683772
3807.4138	0.0286381384888258
3805.9969	0.0280665478513487
3804.5799	0.0297286768224829
3803.1629	0.0278463923832733
3801.7459	0.0287138469099328
3800.329	0.0298640432012366
3798.912	0.0278368354900796
3797.495	0.0276432154708207
3796.078	0.0280982619733715
3794.6611	0.0279619987700354
3793.2441	0.0290783389061486
3791.8271	0.0279424613977307
3790.4101	0.0282381639557283
3788.9932	0.0278855629527573
3787.5762	0.0295882289146379
3786.1592	0.028275142607866
3784.7422	0.028111962918017
3783.3253	0.0277537397068907
3781.9083	0.0291242856296416
3780.4913	0.0287220415514595
3779.0743	0.0296186527643674
3777.6574	0.0285203077607808
3776.2404	0.0281392736399685
3774.8234	0.028325230323681
3773.4064	0.0291302067074057
3771.9895	0.0279602442493376
3770.5725	0.0282944745679374
3769.1555	0.028400351012465
3767.7385	0.027880711400286
3766.3216	0.0270603433923895
3764.9046	0.0290472612853755
3763.4876	0.0274237614049682
3762.0706	0.028750461322473
3760.6536	0.0281206258571646
3759.2367	0.0286030398585804
3757.8197	0.0285378396310925
3756.4027	0.0287313112127362
3754.9857	0.0273920301306753
3753.5688	0.0276209757529658
3752.1518	0.0270896968470993
3750.7348	0.0286129741302799
3749.3178	0.0272864116865136
3747.9009	0.0293454053298151
3746.4839	0.0283697223641535
3745.0669	0.0281701766581433
3743.6499	0.0285666361536715
3742.233	0.0279737505880008
3740.816	0.0268086288679374
3739.399	0.0273119912713892
3737.982	0.0282561223280507
3736.5651	0.0277352400567862
3735.1481	0.0274811624017111
3733.7311	0.0274089077296036
3732.3141	0.0270117964634018
3730.8972	0.0286447680167802
3729.4802	0.0272650772451867
3728.0632	0.0274238934649302
3726.6462	0.0266119065257029
3725.2293	0.0271264831705242
3723.8123	0.0265690197113608
3722.3953	0.02675968832116
3720.9783	0.0280130372507623
3719.5614	0.0282902954421315
3718.1444	0.0276012239563244
3716.7274	0.0286680042139021
3715.3104	0.0269905529053775
3713.8935	0.0283234534703611
3712.4765	0.0260841971285922
3711.0595	0.027296482938336
3709.6425	0.0276719354268001
3708.2255	0.026537353626604
3706.8086	0.0256094346010847
3705.3916	0.0265556518957351
3703.9746	0.0266522650023993
3702.5576	0.0271467738963264
3701.1407	0.0272138614133891
3699.7237	0.0283600714327022
3698.3067	0.0268779443659396
3696.8897	0.0263046489574444
3695.4728	0.0271036625017222
3694.0558	0.0283094952086909
3692.6388	0.0272368059095573
3691.2218	0.0272858695764649
3689.8049	0.0273852361948056
3688.3879	0.0267415509500907
3686.9709	0.0269446612270982
3685.5539	0.0269162653846073
3684.137	0.0251771809877069
3682.72	0.0259746477747876
3681.303	0.025661506785813
3679.886	0.027448252024397
3678.4691	0.0272761618079949
3677.0521	0.0270284819743619
3675.6351	0.0267119713290597
3674.2181	0.0271089806694391
3672.8012	0.027172397739761
3671.3842	0.0253902022781756
3669.9672	0.0270172636394984
3668.5502	0.0260856628043322
3667.1333	0.0255488827926201
3665.7163	0.0261860898403425
3664.2993	0.0275119623990444
3662.8823	0.0256934779917623
3661.4653	0.027596508989019
3660.0484	0.0266379335512418
3658.6314	0.0262406813400478
3657.2144	0.0277532058045249
3655.7974	0.0279090547703338
3654.3805	0.0264300996999293
3652.9635	0.0279486825809772
3651.5465	0.0275554216539686
3650.1295	0.0277740031019094
3648.7126	0.0277672050254695
3647.2956	0.0269159840722414
3645.8786	0.0269715735777661
3644.4616	0.0271947631276569
3643.0447	0.0276811479904242
3641.6277	0.0288690270276975
3640.2107	0.0276596080346936
3638.7937	0.0267829868211852
3637.3768	0.0270865766086798
3635.9598	0.028331005212695
3634.5428	0.0282494906733701
3633.1258	0.0279219765056646
3631.7089	0.0286915375292955
3630.2919	0.0280595907640792
3628.8749	0.0287148425199657
3627.4579	0.028558535082273
3626.041	0.0294301876415474
3624.624	0.0300182448543245
3623.207	0.0289909125220797
3621.79	0.0300455731334893
3620.3731	0.031174516125701
3618.9561	0.0307870603868659
3617.5391	0.0295549656536237
3616.1221	0.0313886038176438
3614.7051	0.0309035221189534
3613.2882	0.0299080517759572
3611.8712	0.0317568451663203
3610.4542	0.030580012940726
3609.0372	0.0302767063866216
3607.6203	0.0320246877578905
3606.2033	0.0320064584120209
3604.7863	0.0315216303107618
3603.3693	0.0329275037698585
3601.9524	0.0318547508015026
3600.5354	0.0330530496113026
3599.1184	0.0327144391017808
3597.7014	0.0328893950194196
3596.2845	0.0330969564449719
3594.8675	0.0327683188039386
3593.4505	0.0347293910245611
3592.0335	0.0342647804539665
3590.6166	0.0343150541023742
3589.1996	0.0339380821266602
3587.7826	0.0335070634254675
3586.3656	0.0341973340589166
3584.9487	0.0359281552128544
3583.5317	0.0358043099625216
3582.1147	0.0351272707321322
3580.6977	0.0366191589665818
3579.2808	0.0366386199128335
3577.8638	0.0363291194554861
3576.4468	0.0366363047348698
3575.0298	0.0387188455647967
3573.6129	0.0379390379501993
3572.1959	0.0377007443803085
3570.7789	0.038840955156472
3569.3619	0.0371157673959285
3567.9449	0.0377106490528376
3566.528	0.0399194047017045
3565.111	0.0410500637117075
3563.694	0.0417757902272526
3562.277	0.0415969027171141
3560.8601	0.0409481872893059
3559.4431	0.0427351223125231
3558.0261	0.0423019628079399
3556.6091	0.0411304760327289
3555.1922	0.0434648917327577
3553.7752	0.0433902072137094
3552.3582	0.0434466818870502
3550.9412	0.0433729665224186
3549.5243	0.044192658107549
3548.1073	0.0438079536531257
3546.6903	0.0452792196574281
3545.2733	0.0459146667751252
3543.8564	0.0456847465340301
3542.4394	0.0454809997474092
3541.0224	0.0455618672920606
3539.6054	0.0475661912459014
3538.1885	0.0491940938204714
3536.7715	0.0485998906262462
3535.3545	0.0488204082761501
3533.9375	0.0478863317789395
3532.5206	0.0490719738051588
3531.1036	0.0494228935907357
3529.6866	0.0502390449771664
3528.2696	0.0498310416358888
3526.8527	0.0501694861011176
3525.4357	0.0497592032952626
3524.0187	0.0519827935816646
3522.6017	0.0525600248555892
3521.1847	0.0524373100955795
3519.7678	0.0521056036988184
3518.3508	0.0527379643727024
3516.9338	0.0537262006758668
3515.5168	0.0539689426528424
3514.0999	0.0551908140373723
3512.6829	0.0549306874921946
3511.2659	0.0558923777240004
3509.8489	0.0578998165102606
3508.432	0.0575467874753238
3507.015	0.0570012080971208
3505.598	0.0578935631562491
3504.181	0.0579059208628813
3502.7641	0.0584332029431718
3501.3471	0.0584594477153058
3499.9301	0.0589008399750362
3498.5131	0.0588067677480545
3497.0962	0.0593128317524482
3495.6792	0.0610859330201293
3494.2622	0.0609500172435123
3492.8452	0.0608467954216801
3491.4283	0.0617831988802472
3490.0113	0.0615392326381119
3488.5943	0.0620917827968909
3487.1773	0.0625349915976641
3485.7604	0.0644404619891236
3484.3434	0.0644949566330183
3482.9264	0.0640642283440433
3481.5094	0.0650641766247066
3480.0925	0.0650390633514218
3478.6755	0.0653291113947741
3477.2585	0.0658696433855259
3475.8415	0.0662790836467946
3474.4245	0.0672521339418836
3473.0076	0.0686750553764924
3471.5906	0.065954695183897
3470.1736	0.0686103457578825
3468.7566	0.067422626135966
3467.3397	0.0684563641184494
3465.9227	0.0687950159606891
3464.5057	0.0699438524286294
3463.0887	0.0699885575539311
3461.6718	0.0711932280572922
3460.2548	0.071792800483755
3458.8378	0.0722715355223405
3457.4208	0.0726696495578515
3456.0039	0.0716916928711914
3454.5869	0.0716068266075336
3453.1699	0.0728889519206237
3451.7529	0.0735195117741461
3450.336	0.0746172939292994
3448.919	0.0743358994232365
3447.502	0.0753343436165057
3446.085	0.0746192377082226
3444.6681	0.0745651756726924
3443.2511	0.0759504442015912
3441.8341	0.0770523534037872
3440.4171	0.0766533718304586
3439.0002	0.0775325081545459
3437.5832	0.0773169480585178
3436.1662	0.0772463051437798
3434.7492	0.0792386236914876
3433.3323	0.0778700251386707
3431.9153	0.0786184050389738
3430.4983	0.0789232859234621
3429.0813	0.0805558863703457
3427.6643	0.0801154288807385
3426.2474	0.0799731426084155
3424.8304	0.0798915489104553
3423.4134	0.0819700138752741
3421.9964	0.0812094952112393
3420.5795	0.0829898988660524
3419.1625	0.081832896215335
3417.7455	0.0823789212390821
3416.3285	0.0826371630764734
3414.9116	0.0836144785238007
3413.4946	0.0829237462490306
3412.0776	0.0841350506585449
3410.6606	0.0842915023347235
3409.2437	0.0844220792224886
3407.8267	0.0842689572975315
3406.4097	0.086081158892542
3404.9927	0.0849443254814405
3403.5758	0.0844340457482139
3402.1588	0.0869525193619152
3400.7418	0.0864747135395908
3399.3248	0.086738460171992
3397.9079	0.0874722508119843
3396.4909	0.0868877193557834
3395.0739	0.0888841981834115
3393.6569	0.0874913170612429
3392.24	0.0883400732619233
3390.823	0.0893927376044031
3389.406	0.088369448570618
3387.989	0.0899379988521306
3386.5721	0.0898832162009793
3385.1551	0.0899671375561001
3383.7381	0.0904448007982338
3382.3211	0.0903394979434432
3380.9041	0.0905801909019138
3379.4872	0.0914635738342849
3378.0702	0.091014605612964
3376.6532	0.0918681155603276
3375.2362	0.0924821713698363
3373.8193	0.0911778538601642
3372.4023	0.0925517291742604
3370.9853	0.0934615089630543
3369.5683	0.0926406840018685
3368.1514	0.0941074964715608
3366.7344	0.0928790145964094
3365.3174	0.0933859160844294
3363.9004	0.0933237458423068
3362.4835	0.0934152444079639
3361.0665	0.0947528396467842
3359.6495	0.0938308529984587
3358.2325	0.0938782828821316
3356.8156	0.0944773319440116
3355.3986	0.0956224851923001
3353.9816	0.0956758267837703
3352.5646	0.0949315234447669
3351.1477	0.0959090061649953
3349.7307	0.0961575084185067
3348.3137	0.0961972253756615
3346.8967	0.0947040892000721
3345.4798	0.0963810831799663
3344.0628	0.0965289935603414
3342.6458	0.0974204741944397
3341.2288	0.0984299849986716
3339.8119	0.0971245236340245
3338.3949	0.0978865164253334
3336.9779	0.0968032572450144
3335.5609	0.0968233884692655
3334.1439	0.0965958571393992
3332.727	0.097896129576714
3331.31	0.0986760802993398
3329.893	0.0975409867707735
3328.476	0.0985930127256392
3327.0591	0.099514370119867
3325.6421	0.0976533168263197
3324.2251	0.0980448661173643
3322.8081	0.0998169252983504
3321.3912	0.0990018720514264
3319.9742	0.0998988819391916
3318.5572	0.100362571303589
3317.1402	0.0988701321078725
3315.7233	0.0989677399179828
3314.3063	0.0994050202067237
3312.8893	0.0998234286906569
3311.4723	0.0996503421731797
3310.0554	0.101104342201576
3308.6384	0.100975143803279
3307.2214	0.0996634710055701
3305.8044	0.0986365314205345
3304.3875	0.100185712902781
3302.9705	0.10014081803177
3301.5535	0.0993562305003374
3300.1365	0.0996948402002077
3298.7196	0.0999118239997043
3297.3026	0.100148788777542
3295.8856	0.100180311817085
3294.4686	0.0999035930733592
3293.0517	0.101240635891199
3291.6347	0.101219455590013
3290.2177	0.10038755675981
3288.8007	0.101409256224265
3287.3837	0.100638660098693
3285.9668	0.100942863654455
3284.5498	0.101129962761188
3283.1328	0.100093168596932
3281.7158	0.101176832689771
3280.2989	0.0993057164866875
3278.8819	0.0992487363988122
3277.4649	0.100622787396551
3276.0479	0.100369313449574
3274.631	0.102298295294033
3273.214	0.102022369638022
3271.797	0.10129855728336
3270.38	0.100342418499239
3268.9631	0.100846034128587
3267.5461	0.10194323825389
3266.1291	0.10161598979213
3264.7121	0.100788801689774
3263.2952	0.100765391016412
3261.8782	0.100777614737551
3260.4612	0.100855685237688
3259.0442	0.10214265924366
3257.6273	0.101662200256916
3256.2103	0.100937475925178
3254.7933	0.0998775297370797
3253.3763	0.100049587269774
3251.9594	0.101157808559407
3250.5424	0.10010919184413
3249.1254	0.100981813272798
3247.7084	0.0992523351241945
3246.2915	0.0996691633400628
3244.8745	0.099960184207466
3243.4575	0.0999017760708698
3242.0405	0.100057076212656
3240.6235	0.100778720145299
3239.2066	0.101298738802952
3237.7896	0.0995110535605503
3236.3726	0.0977784416824299
3234.9556	0.0995838968675678
3233.5387	0.100775510040708
3232.1217	0.099218186753944
3230.7047	0.0994049318862517
3229.2877	0.0994627039878739
3227.8708	0.0991504991351233
3226.4538	0.0989606414392107
3225.0368	0.100000988089749
3223.6198	0.0987552768899494
3222.2029	0.100187794857172
3220.7859	0.0988655757540194
3219.3689	0.0989386491410981
3217.9519	0.0985628963402628
3216.535	0.099384199695475
3215.118	0.0984976771016708
3213.701	0.0979530345847387
3212.284	0.0975245621493652
3210.8671	0.0975956339544233
3209.4501	0.096351409033352
3208.0331	0.0982326840150413
3206.6161	0.097786144098694
3205.1992	0.0968342146846637
3203.7822	0.096296040781453
3202.3652	0.097145950356743
3200.9482	0.0966085436871711
3199.5313	0.096797026328693
3198.1143	0.0955976529805787
3196.6973	0.0975451421519355
3195.2803	0.0964203199815079
3193.8633	0.0967819292890871
3192.4464	0.096077757686085
3191.0294	0.0958600572061456
3189.6124	0.0950255534341263
3188.1954	0.0938469850735976
3186.7785	0.093692548146867
3185.3615	0.0951442661284769
3183.9445	0.0934820423230838
3182.5275	0.0938032637532999
3181.1106	0.0937679883514161
3179.6936	0.0924693345385838
3178.2766	0.0931524163558474
3176.8596	0.0934475625625276
3175.4427	0.0931921032418886
3174.0257	0.0925880945026871
3172.6087	0.0913978291439099
3171.1917	0.0936062141405129
3169.7748	0.0925087098253292
3168.3578	0.0929427118726086
3166.9408	0.0918554576319787
3165.5238	0.0904225193854576
3164.1069	0.0916500718172077
3162.6899	0.0906681242821294
3161.2729	0.090141946044081
3159.8559	0.0912347967354226
3158.439	0.0905861903159556
3157.022	0.0902622866176916
3155.605	0.0891020723557468
3154.188	0.0905279196287791
3152.7711	0.0894200758825411
3151.3541	0.0899492360373618
3149.9371	0.0888036354452298
3148.5201	0.0889984997297699
3147.1031	0.0892455389535886
3145.6862	0.0886392366262414
3144.2692	0.0872370626118651
3142.8522	0.0865303403908043
3141.4352	0.0867477613843594
3140.0183	0.0877704890605132
3138.6013	0.0875197703362359
3137.1843	0.0856590237089903
3135.7673	0.0861262594784477
3134.3504	0.0866370173135095
3132.9334	0.085292416006375
3131.5164	0.0854951541190559
3130.0994	0.0854614480904178
3128.6825	0.0858655322551952
3127.2655	0.084609573020589
3125.8485	0.0848452063545683
3124.4315	0.0833859980956519
3123.0146	0.0840222439551804
3121.5976	0.0833095585091428
3120.1806	0.084016867208273
3118.7636	0.0824462331585356
3117.3467	0.0828943463019834
3115.9297	0.0823896685691112
3114.5127	0.0820493428648491
3113.0957	0.0815908593654514
3111.6788	0.0816640407042289
3110.2618	0.0808412492415963
3108.8448	0.0814961935083499
3107.4278	0.0802063787853223
3106.0109	0.0812355848661516
3104.5939	0.0816699201449472
3103.1769	0.0805968807410382
3101.7599	0.0807139369993695
3100.3429	0.0796050268151642
3098.926	0.0787500058961826
3097.509	0.0784077676817531
3096.092	0.0769169015341249
3094.675	0.0789980929778851
3093.2581	0.0786061051791812
3091.8411	0.0782359552712073
3090.4241	0.0780876560183379
3089.0071	0.0774055759843608
3087.5902	0.0766176906135784
3086.1732	0.0757711635234822
3084.7562	0.0776387637612731
3083.3392	0.0756481685977248
3081.9223	0.0758187738983738
3080.5053	0.0766536056969264
3079.0883	0.0763947792075121
3077.6713	0.0752209120887435
3076.2544	0.0741680516098857
3074.8374	0.0751590168946068
3073.4204	0.0752676169744369
3072.0034	0.0752769865388987
3070.5865	0.0740830331915153
3069.1695	0.0751920054809867
3067.7525	0.0741147107980265
3066.3355	0.0742752581970857
3064.9186	0.0728813826655968
3063.5016	0.073471310689214
3062.0846	0.0733229287666891
3060.6676	0.0720878571980205
3059.2507	0.0722840963325746
3057.8337	0.07298966539641
3056.4167	0.0709300481566291
3054.9997	0.0707190758135614
3053.5827	0.0704055601568075
3052.1658	0.0703918289827087
3050.7488	0.0705932707715507
3049.3318	0.0708581485284954
3047.9148	0.0697534682542336
3046.4979	0.0691410289513072
3045.0809	0.0702729819911988
3043.6639	0.068860666012805
3042.2469	0.0680109553871801
3040.83	0.0697670309131082
3039.413	0.068309755140811
3037.996	0.0692748241522728
3036.579	0.0687812965236941
3035.1621	0.0671041874083473
3033.7451	0.067828890720882
3032.3281	0.0663842521989836
3030.9111	0.0667202321625646
3029.4942	0.0660225033492529
3028.0772	0.0670743797589534
3026.6602	0.0666766310511417
3025.2432	0.0657164299154526
3023.8263	0.0655005341468695
3022.4093	0.0659466188748063
3020.9923	0.0658239403873937
3019.5753	0.0660047062216135
3018.1584	0.0657074182407145
3016.7414	0.0656690123083503
3015.3244	0.0645787716245582
3013.9074	0.0653749095120097
3012.4905	0.0653553903657683
3011.0735	0.0652881830232346
3009.6565	0.0634955953253078
3008.2395	0.0640381479542369
3006.8225	0.0630102967420569
3005.4056	0.0633340723345774
3003.9886	0.0630788624572992
3002.5716	0.0631053626882838
3001.1546	0.0639966605449173
2999.7377	0.0647743503912666
2998.3207	0.0640346048510176
2996.9037	0.0633178599325027
2995.4867	0.0641105503834559
2994.0698	0.0635163392647251
2992.6528	0.0634069727737934
2991.2358	0.0635155171000343
2989.8188	0.0632831403739066
2988.4019	0.0645740010372654
2986.9849	0.0635454079164951
2985.5679	0.0646712321918123
2984.1509	0.063222855320374
2982.734	0.0634839824030505
2981.317	0.065071333117742
2979.9	0.0650185183179636
2978.483	0.0648113829377532
2977.0661	0.0636210948856619
2975.6491	0.0654178621044449
2974.2321	0.0643577718777275
2972.8151	0.0655544747357514
2971.3982	0.066917856545262
2969.9812	0.0654237453471093
2968.5642	0.0672549182093949
2967.1472	0.0662512261641363
2965.7303	0.0678307461363951
2964.3133	0.0679110998615569
2962.8963	0.067414756089211
2961.4793	0.0676786222258402
2960.0623	0.0685820133903154
2958.6454	0.0688078753993218
2957.2284	0.0684762284267996
2955.8114	0.0703838081959211
2954.3944	0.0711385736875921
2952.9775	0.0698633175911539
2951.5605	0.0710278917803332
2950.1435	0.072190567163996
2948.7265	0.0717092579868288
2947.3096	0.0722015926079062
2945.8926	0.0734306489796264
2944.4756	0.0731918547895087
2943.0586	0.0746435068417405
2941.6417	0.0746198274159186
2940.2247	0.0762097983487447
2938.8077	0.0765026548101253
2937.3907	0.076826081378944
2935.9738	0.0763124548434333
2934.5568	0.0771763468300574
2933.1398	0.0776870786039233
2931.7228	0.0787409180383146
2930.3059	0.0794579538289818
2928.8889	0.0787469674007739
2927.4719	0.0795664450262067
2926.0549	0.0799256812409348
2924.638	0.0790138542282498
2923.221	0.0786454924313016
2921.804	0.078951886786524
2920.387	0.0783912643966698
2918.9701	0.0783641427031417
2917.5531	0.0786128102239707
2916.1361	0.0785706294962046
2914.7191	0.0786120672837758
2913.3021	0.0781140732492798
2911.8852	0.077356434649913
2910.4682	0.0777592814807785
2909.0512	0.0771317443114519
2907.6342	0.0776431539888525
2906.2173	0.0771824208839745
2904.8003	0.0772187693685212
2903.3833	0.077543160255392
2901.9663	0.0773729585817847
2900.5494	0.0770112780274374
2899.1324	0.0777634848837358
2897.7154	0.0763663201946687
2896.2984	0.076070870269914
2894.8815	0.07582001336686
2893.4645	0.0755856044659951
2892.0475	0.0765934422424856
2890.6305	0.0776864136105056
2889.2136	0.0765907431640324
2887.7966	0.0753337911055685
2886.3796	0.0775005841592045
2884.9626	0.0758935473510712
2883.5457	0.0757201570366797
2882.1287	0.0753489274632474
2880.7117	0.0758169943300402
2879.2947	0.0751074664730419
2877.8778	0.0752462594949819
2876.4608	0.0736129475583498
2875.0438	0.0741700300105216
2873.6268	0.0753751181277176
2872.2099	0.0737578295972827
2870.7929	0.0738205362804309
2869.3759	0.0728254792907312
2867.9589	0.0727429834184208
2866.5419	0.072666341369155
2865.125	0.0725170315865684
2863.708	0.0726330417256371
2862.291	0.0719523512061787
2860.874	0.0704872989109018
2859.4571	0.071502266967214
2858.0401	0.0709350406589576
2856.6231	0.0704634250447594
2855.2061	0.0693022913114886
2853.7892	0.071224097637423
2852.3722	0.0693756854609478
2850.9552	0.0685019921562264
2849.5382	0.0704715900856604
2848.1213	0.0694818801456628
2846.7043	0.0685967972820511
2845.2873	0.0674368097274581
2843.8703	0.0678914727065415
2842.4534	0.0681981204104181
2841.0364	0.0674722121453144
2839.6194	0.0669288609937915
2838.2024	0.0663562980590777
2836.7855	0.0656234510512781
2835.3685	0.0668580708518919
2833.9515	0.0666326231488676
2832.5345	0.0658939697891014
2831.1176	0.0655095103151137
2829.7006	0.0650024250070724
2828.2836	0.0646049301061137
2826.8666	0.0636473703115032
2825.4497	0.0644699503818477
2824.0327	0.06439621469556
2822.6157	0.0643246596282148
2821.1987	0.0629917567456777
2819.7817	0.0629180445272329
2818.3648	0.0633738735598331
2816.9478	0.062281595868073
2815.5308	0.063580878224397
2814.1138	0.0641708393919033
2812.6969	0.0619450246980478
2811.2799	0.0621250118938599
2809.8629	0.0628025103599118
2808.4459	0.0623743279792947
2807.029	0.0617946540895806
2805.612	0.0617807669093648
2804.195	0.0611531807470817
2802.778	0.060996642030114
2801.3611	0.0611146211999196
2799.9441	0.0614031068457547
2798.5271	0.0599979265544222
2797.1101	0.0624470921696364
2795.6932	0.0616716923000456
2794.2762	0.0604790946875887
2792.8592	0.0610364792230622
2791.4422	0.0611020254120238
2790.0253	0.0606007123424525
2788.6083	0.0605789076229719
2787.1913	0.0600729404905306
2785.7743	0.0604351944577987
2784.3574	0.0607323210891764
2782.9404	0.059841034599667
2781.5234	0.0603821322889432
2780.1064	0.0583872512368758
2778.6895	0.0606939974800601
2777.2725	0.058356412652752
2775.8555	0.0594320497026352
2774.4385	0.0605677671710672
2773.0215	0.0590762789082928
2771.6046	0.0592255516599078
2770.1876	0.0596876366702249
2768.7706	0.0598595501982074
2767.3536	0.0585249077142397
2765.9367	0.0591490114758799
2764.5197	0.058179453872021
2763.1027	0.0592458921549149
2761.6857	0.0582800695680468
2760.2688	0.0579614283470115
2758.8518	0.0583647075260803
2757.4348	0.0578228686901087
2756.0178	0.0568552629913651
2754.6009	0.057773260698117
2753.1839	0.0581706311525984
2751.7669	0.0573227237011967
2750.3499	0.058402334394659
2748.933	0.0588596144539217
2747.516	0.0590082723529169
2746.099	0.0581876052031951
2744.682	0.0573927469975933
2743.2651	0.0576255843873669
2741.8481	0.0574489857770358
2740.4311	0.0574708199745472
2739.0141	0.0576120633729499
2737.5972	0.0580974856267835
2736.1802	0.0578074122505092
2734.7632	0.0588924741767201
2733.3462	0.057009331162084
2731.9293	0.0571162383353513
2730.5123	0.057927744020865
2729.0953	0.0584575731552194
2727.6783	0.0580940601436781
2726.2613	0.0568927525330732
2724.8444	0.0581315651735887
2723.4274	0.0570533855690144
2722.0104	0.0576256360952647
2720.5934	0.0578362987838088
2719.1765	0.0580757947341684
2717.7595	0.0555978736066766
2716.3425	0.05700644677651
2714.9255	0.0568671069326891
2713.5086	0.0552181374630303
2712.0916	0.056637696259333
2710.6746	0.0573891589595828
2709.2576	0.0569356861007388
2707.8407	0.0565109685407092
2706.4237	0.0567418785192815
2705.0067	0.0567358760291281
2703.5897	0.0549899706854865
2702.1728	0.0561126242242462
2700.7558	0.0558619258321478
2699.3388	0.0563306608437288
2697.9218	0.0558278688659994
2696.5049	0.0552159287585494
2695.0879	0.0559793546176407
2693.6709	0.0556574971131973
2692.2539	0.0558364352537257
2690.837	0.0560819068954443
2689.42	0.0559355071291183
2688.003	0.0558324679091066
2686.586	0.0560799040969867
2685.1691	0.0545789222365275
2683.7521	0.055144061667852
2682.3351	0.0541942983260702
2680.9181	0.0552694802993647
2679.5011	0.0566308598203207
2678.0842	0.0540706132923363
2676.6672	0.0559549128560359
2675.2502	0.0550049195256368
2673.8332	0.0542946792310652
2672.4163	0.0552618569431077
2670.9993	0.0545604880465937
2669.5823	0.0560851142046627
2668.1653	0.0560062823405715
2666.7484	0.0542630177115985
2665.3314	0.0553201631344214
2663.9144	0.0537114652512656
2662.4974	0.0541256666619346
2661.0805	0.0549784658856448
2659.6635	0.0537171555869444
2658.2465	0.0555927801121398
2656.8295	0.0543416619717689
2655.4126	0.0544964685090221
2653.9956	0.0552444735098058
2652.5786	0.0549900627912868
2651.1616	0.0545547312134416
2649.7447	0.0548123880347199
2648.3277	0.053674217932331
2646.9107	0.0538727830720219
2645.4937	0.0530254953573653
2644.0768	0.0542776353603616
2642.6598	0.0542702951355847
2641.2428	0.0521904015285293
2639.8258	0.0543028929678184
2638.4089	0.0534534160259381
2636.9919	0.052755260132197
2635.5749	0.0516638841341413
2634.1579	0.0529869585366534
2632.741	0.0536296646883481
2631.324	0.0532982884706846
2629.907	0.0533563409556896
2628.49	0.0525197617108566
2627.073	0.0523367162247975
2625.6561	0.0519289220307714
2624.2391	0.0541104451238218
2622.8221	0.0528124832133895
2621.4051	0.0515199026870835
2619.9882	0.0518680596669394
2618.5712	0.0519376061022575
2617.1542	0.0526723559851399
2615.7372	0.0518737148632725
2614.3203	0.050525433222509
2612.9033	0.0526765553324798
2611.4863	0.050386909200432
2610.0693	0.0515101763613431
2608.6524	0.0514206525520695
2607.2354	0.0522138710607325
2605.8184	0.0508833822025123
2604.4014	0.0513642459279532
2602.9845	0.0504081607021901
2601.5675	0.0498822670255591
2600.1505	0.051164333059457
2598.7335	0.0499080635901207
2597.3166	0.0509135723380681
2595.8996	0.0508720663534911
2594.4826	0.0513026148459041
2593.0656	0.0505394091603027
2591.6487	0.0513182478500104
2590.2317	0.0501563355904882
2588.8147	0.0518271922042539
2587.3977	0.0500242360666884
2585.9808	0.0481641798861749
2584.5638	0.0491851637185798
2583.1468	0.0488347965786822
2581.7298	0.049965434436778
2580.3128	0.0487593429625459
2578.8959	0.0491407064041058
2577.4789	0.0490732495123752
2576.0619	0.0491539540286432
2574.6449	0.0504339935039232
2573.228	0.0491200121339822
2571.811	0.0485487937557749
2570.394	0.0486238302380096
2568.977	0.048288276848826
2567.5601	0.0497106857293624
2566.1431	0.0496768156453467
2564.7261	0.0492029933860175
2563.3091	0.0496897802642886
2561.8922	0.048425147908839
2560.4752	0.0498937454148234
2559.0582	0.0494400075977342
2557.6412	0.049504247870791
2556.2243	0.0489158507000665
2554.8073	0.0495590970619477
2553.3903	0.0480514048885932
2551.9733	0.0480755760454507
2550.5564	0.049238953534593
2549.1394	0.0498224843587741
2547.7224	0.0487146977057804
2546.3054	0.048821012203048
2544.8885	0.0470439645391272
2543.4715	0.0482389026744752
2542.0545	0.0474060931742155
2540.6375	0.0469421790047243
2539.2206	0.0487709141578375
2537.8036	0.0484356241170274
2536.3866	0.0485323067228083
2534.9696	0.0476790455056489
2533.5526	0.0489577610624312
2532.1357	0.048884778472466
2530.7187	0.0474738599982105
2529.3017	0.0478804057264308
2527.8847	0.0475495765310816
2526.4678	0.0468989715855595
2525.0508	0.0471740015462547
2523.6338	0.0477985817215496
2522.2168	0.0478916183804568
2520.7999	0.0477444344091852
2519.3829	0.0460675091749209
2517.9659	0.0470761210344471
2516.5489	0.0471252210507492
2515.132	0.0462322067192891
2513.715	0.0474249230471207
2512.298	0.0470151393879282
2510.881	0.0475102191481172
2509.4641	0.0463783639410718
2508.0471	0.0481783489990727
2506.6301	0.0468275283984903
2505.2131	0.0472441140144784
2503.7962	0.0464738782632368
2502.3792	0.0469039850457932
2500.9622	0.0460335171758955
2499.5452	0.0467918158889102
2498.1283	0.0465736222328595
2496.7113	0.0477139396681639
2495.2943	0.0467154483779187
2493.8773	0.0460814937950408
2492.4604	0.046868327510053
2491.0434	0.0468647186803128
2489.6264	0.0473483622155103
2488.2094	0.0468359361093062
2486.7924	0.0473525292772324
2485.3755	0.0464900721764869
2483.9585	0.0463241738999126
2482.5415	0.047031808840986
2481.1245	0.04556294622575
2479.7076	0.0460714415934557
2478.2906	0.0464464025727973
2476.8736	0.0460156776829755
2475.4566	0.0458686081712972
2474.0397	0.0457484778765326
2472.6227	0.0457959311447834
2471.2057	0.045761323639167
2469.7887	0.0470811298244586
2468.3718	0.045900291253436
2466.9548	0.0477391881732213
2465.5378	0.0450247260625823
2464.1208	0.0462659812735884
2462.7039	0.0455649817210331
2461.2869	0.0459807656493899
2459.8699	0.0457677395990154
2458.4529	0.0459571798918344
2457.036	0.0456238359061198
2455.619	0.0454852404997196
2454.202	0.0452005420759117
2452.785	0.0445813545376848
2451.3681	0.0445586919535931
2449.9511	0.0461577324113002
2448.5341	0.0452116125880733
2447.1171	0.0451020931210659
2445.7002	0.0445308267627187
2444.2832	0.0450205175867387
2442.8662	0.0444785765524678
2441.4492	0.045340919350134
2440.0322	0.0457679415900578
2438.6153	0.0459132842447223
2437.1983	0.0451425511996683
2435.7813	0.0450581936136536
2434.3643	0.0434387444602706
2432.9474	0.044957929013626
2431.5304	0.0465134429065685
2430.1134	0.0449466882286441
2428.6964	0.0449372590813543
2427.2795	0.0434826390909296
2425.8625	0.0447188040386805
2424.4455	0.0456256864748548
2423.0285	0.0442389651227068
2421.6116	0.0456299758260379
2420.1946	0.0443220249857433
2418.7776	0.043853978421202
2417.3606	0.0455005671934949
2415.9437	0.0437656893494356
2414.5267	0.0447510671222151
2413.1097	0.0440546978589674
2411.6927	0.0451548963273257
2410.2758	0.044570658224619
2408.8588	0.0453401564089259
2407.4418	0.0441520526534229
2406.0248	0.0438000467568184
2404.6079	0.0433672252277471
2403.1909	0.0449755185616486
2401.7739	0.0438644871437525
2400.3569	0.0436253700234428
2398.94	0.0442376966180999
2397.523	0.0438698415108196
2396.106	0.0431541434998852
2394.689	0.0431871000715919
2393.272	0.0433469740800606
2391.8551	0.042882923202596
2390.4381	0.0436447494964053
2389.0211	0.0429444418373694
2387.6041	0.0443327141645366
2386.1872	0.042405475779462
2384.7702	0.0445044442827059
2383.3532	0.0433730909750526
2381.9362	0.0423001743698173
2380.5193	0.0432457431970782
2379.1023	0.0425329162536528
2377.6853	0.0428021127786409
2376.2683	0.0438004174830329
2374.8514	0.0418816818230733
2373.4344	0.0427429079393987
2372.0174	0.0436364371942816
2370.6004	0.0437807655630817
2369.1835	0.043988062649819
2367.7665	0.0440746900094154
2366.3495	0.0429343003602098
2364.9325	0.0423467274754704
2363.5156	0.0419781891478265
2362.0986	0.0418382124321379
2360.6816	0.0435344056578234
2359.2646	0.0437496305512538
2357.8477	0.044407299080218
2356.4307	0.0446117841137911
2355.0137	0.0423473474222417
2353.5967	0.0431179590127638
2352.1798	0.0428575377307605
2350.7628	0.0439898329111888
2349.3458	0.0452818141699258
2347.9288	0.0432452624598713
2346.5118	0.0432310783821741
2345.0949	0.0427445080802626
2343.6779	0.0423532105811423
2342.2609	0.0427733554682521
2340.8439	0.0434933796524734
2339.427	0.0421486964613351
2338.01	0.0438906686895276
2336.593	0.0422875615926517
2335.176	0.0424465055209237
2333.7591	0.0429901362485585
2332.3421	0.043380316252279
2330.9251	0.0431064778459861
2329.5081	0.0435189423180857
2328.0912	0.0431760184041375
2326.6742	0.0431808891352241
2325.2572	0.043305754147699
2323.8402	0.0436495192662942
2322.4233	0.0448139022972678
2321.0063	0.0445127525585295
2319.5893	0.0435321768368393
2318.1723	0.0436466755835052
2316.7554	0.0436131075769391
2315.3384	0.0435311917492678
2313.9214	0.0430602319644484
2312.5044	0.0436131121069767
2311.0875	0.0411365422952052
2309.6705	0.0424574314452704
2308.2535	0.0412829027388542
2306.8365	0.0417919349216547
2305.4196	0.0431153453999176
2304.0026	0.0421011272264156
2302.5856	0.0427979891320596
2301.1686	0.0424924648778399
2299.7516	0.0416109121578428
2298.3347	0.0426158349975634
2296.9177	0.0424254513069486
2295.5007	0.041877294854532
2294.0837	0.0415909504570847
2292.6668	0.0421028883167899
2291.2498	0.0426429476163296
2289.8328	0.0429333069414028
2288.4158	0.0420002146946487
2286.9989	0.0417436701487628
2285.5819	0.0426401019280709
2284.1649	0.041997020308315
2282.7479	0.041466727337817
2281.331	0.0444990222836019
2279.914	0.0409845199509372
2278.497	0.0422731900475553
2277.08	0.0415216286939228
2275.6631	0.0405563527512043
2274.2461	0.0406856623199007
2272.8291	0.0414981156352688
2271.4121	0.0418972086458564
2269.9952	0.0414117625838988
2268.5782	0.041781678462848
2267.1612	0.0399589760707691
2265.7442	0.0411862056983147
2264.3273	0.0414637035594278
2262.9103	0.0400995321375305
2261.4933	0.0412996565546692
2260.0763	0.041431216924105
2258.6594	0.039266380169289
2257.2424	0.0414743377314982
2255.8254	0.0410984848470607
2254.4084	0.039789261853402
2252.9914	0.0416795512791073
2251.5745	0.0393110510952702
2250.1575	0.0396668439679751
2248.7405	0.0399685555525889
2247.3235	0.0397212578826905
2245.9066	0.0392330333634879
2244.4896	0.0409420904758697
2243.0726	0.0400102481777253
2241.6556	0.0392458794104572
2240.2387	0.0394085249308598
2238.8217	0.0382731785567264
2237.4047	0.039572508309349
2235.9877	0.0400187276490048
2234.5708	0.0390619311596703
2233.1538	0.0409432765344207
2231.7368	0.039570035280763
2230.3198	0.0402413792480158
2228.9029	0.0383919821515999
2227.4859	0.0391726073918186
2226.0689	0.0401168879395113
2224.6519	0.0391933798663938
2223.235	0.0392814473904712
2221.818	0.0391415864781499
2220.401	0.0379943284038551
2218.984	0.0387960068369323
2217.5671	0.0379743691311812
2216.1501	0.038556653885562
2214.7331	0.0387371088988148
2213.3161	0.0388425497255
2211.8992	0.0382004594438744
2210.4822	0.0382870111234817
2209.0652	0.0391597948252221
2207.6482	0.039269180816991
2206.2312	0.0391668983099235
2204.8143	0.0404567378579635
2203.3973	0.039937102999644
2201.9803	0.0389749638977838
2200.5633	0.0375207832947134
2199.1464	0.039162962641016
2197.7294	0.0384338778193299
2196.3124	0.0399148212071758
2194.8954	0.0406179035629877
2193.4785	0.0396797038156022
2192.0615	0.0398738640431832
2190.6445	0.0381188019249313
2189.2275	0.0375962284133458
2187.8106	0.03713351670953
2186.3936	0.0372809166583597
2184.9766	0.0373198425768442
2183.5596	0.0374084760308455
2182.1427	0.0365159253397806
2180.7257	0.0383739937009257
2179.3087	0.0382908528447101
2177.8917	0.037177069903634
2176.4748	0.0371041720648596
2175.0578	0.0357320679599039
2173.6408	0.0368338175410522
2172.2238	0.0376465424302303
2170.8069	0.0385812916836352
2169.3899	0.0395387251324279
2167.9729	0.0383863148237179
2166.5559	0.0379584676548487
2165.139	0.0366587439206437
2163.722	0.0385102145019507
2162.305	0.039764868943672
2160.888	0.0384619550679796
2159.471	0.035303493647291
2158.0541	0.0338397186552191
2156.6371	0.032353728332021
2155.2201	0.0320455470825115
2153.8031	0.033002561231058
2152.3862	0.0325437676855584
2150.9692	0.0335260872597398
2149.5522	0.0352346078110625
2148.1352	0.034554307974145
2146.7183	0.0349650652019045
2145.3013	0.0360026040672025
2143.8843	0.0348764123130744
2142.4673	0.0357449020228291
2141.0504	0.035910204063054
2139.6334	0.0363417052501883
2138.2164	0.0359144373724023
2136.7994	0.0361593573415047
2135.3825	0.0370856676540779
2133.9655	0.0370534072645358
2132.5485	0.0357824168500944
2131.1315	0.0349831841042672
2129.7146	0.0358053973260424
2128.2976	0.0376899211707485
2126.8806	0.0378170558964915
2125.4636	0.0375526923478429
2124.0467	0.0379275490937225
2122.6297	0.0391350361837809
2121.2127	0.0382331622704929
2119.7957	0.0385548353390517
2118.3788	0.0380331882283435
2116.9618	0.0386285376778279
2115.5448	0.0390153931897624
2114.1278	0.0386949736397928
2112.7108	0.039036560944861
2111.2939	0.0390835440005571
2109.8769	0.0387635123365327
2108.4599	0.038715269317487
2107.0429	0.0394212997839767
2105.626	0.0387889427987164
2104.209	0.0391805413632311
2102.792	0.0386571434838216
2101.375	0.0380269040054398
2099.9581	0.0376467237808048
2098.5411	0.0379615640471456
2097.1241	0.0381399500188172
2095.7071	0.0380724596753128
2094.2902	0.037404733724579
2092.8732	0.0376217674391307
2091.4562	0.0391923163499785
2090.0392	0.0381978025358687
2088.6223	0.0388029262328113
2087.2053	0.0378069880611123
2085.7883	0.0393842836911185
2084.3713	0.0385078841822332
2082.9544	0.038038038804704
2081.5374	0.0398311290289049
2080.1204	0.0376745747266315
2078.7034	0.0378170557399507
2077.2865	0.0396059915245186
2075.8695	0.0390444847735412
2074.4525	0.0383497739726447
2073.0355	0.0386500142000704
2071.6186	0.0371533726749717
2070.2016	0.0385783543890863
2068.7846	0.0374356782070427
2067.3676	0.036670657482931
2065.9506	0.0372968888478905
2064.5337	0.0361350021472042
2063.1167	0.0362250813186727
2061.6997	0.0370688532153388
2060.2827	0.0373433746758391
2058.8658	0.037611134036076
2057.4488	0.0377891094015401
2056.0318	0.0379300071610953
2054.6148	0.0376852276252711
2053.1979	0.037182117873882
2051.7809	0.0380426390135187
2050.3639	0.037349849852001
2048.9469	0.0376956847875279
2047.53	0.0361396345031785
2046.113	0.0358500902363111
2044.696	0.0356000459796026
2043.279	0.0337969358313433
2041.8621	0.0337541612072333
2040.4451	0.0335679450133978
2039.0281	0.0347045899307412
2037.6111	0.0350327048164809
2036.1942	0.0343880336422973
2034.7772	0.0351972404249691
2033.3602	0.0341255164130065
2031.9432	0.0338437892318384
2030.5263	0.0351115051600581
2029.1093	0.0353525833909533
2027.6923	0.0327265760343333
2026.2753	0.0326077358060461
2024.8584	0.0322306990223391
2023.4414	0.0312239140921686
2022.0244	0.0300357561964789
2020.6074	0.0300797170872904
2019.1904	0.0307491655359525
2017.7735	0.0317737953671017
2016.3565	0.0314677267758638
2014.9395	0.0327583434697023
2013.5225	0.03186512808359
2012.1056	0.0319240149187366
2010.6886	0.0305580319797237
2009.2716	0.030893915138513
2007.8546	0.0308111162930736
2006.4377	0.0322009401450267
2005.0207	0.0314485308389934
2003.6037	0.0308144147859481
2002.1867	0.0315680906744274
2000.7698	0.030380800324228
1999.3528	0.0308630702967856
1997.9358	0.031663223243624
1996.5188	0.0332300638075318
1995.1019	0.0323440103439956
1993.6849	0.0318092187124606
1992.2679	0.0325228198649681
1990.8509	0.0325451979156126
1989.434	0.0311132934233268
1988.017	0.0316512040377605
1986.6	0.0323564205446871
1985.183	0.0327732678698368
1983.7661	0.0333857337536368
1982.3491	0.0340305506273902
1980.9321	0.0337412065446826
1979.5151	0.0322843408104464
1978.0982	0.0321291907177618
1976.6812	0.030667614334644
1975.2642	0.0320450082001755
1973.8472	0.0314850334710756
1972.4302	0.0310394284327219
1971.0133	0.0308510548592969
1969.5963	0.0300527731213375
1968.1793	0.0311064588324453
1966.7623	0.0316372711430934
1965.3454	0.0299887499559878
1963.9284	0.0304566513165937
1962.5114	0.0303630502224806
1961.0944	0.0310212332399468
1959.6775	0.0327154611309278
1958.2605	0.03222723540227
1956.8435	0.030928597368295
1955.4265	0.0320163970770134
1954.0096	0.0318595576769784
1952.5926	0.0332299218548514
1951.1756	0.0322017226610931
1949.7586	0.0326923455132075
1948.3417	0.0316102579026617
1946.9247	0.0327668906687159
1945.5077	0.0338619845623592
1944.0907	0.033937039862564
1942.6738	0.0340098891684555
1941.2568	0.0340707319247518
1939.8398	0.0339136330213188
1938.4228	0.033255020728474
1937.0059	0.0342204101944796
1935.5889	0.0338913115595601
1934.1719	0.0355972180770271
1932.7549	0.0344738388344868
1931.338	0.0343987466628283
1929.921	0.0336063146494145
1928.504	0.0343565487446194
1927.087	0.033470796270427
1925.67	0.0331527243216165
1924.2531	0.0352379192804218
1922.8361	0.0350087417515327
1921.4191	0.0351363457352668
1920.0021	0.0339642616046926
1918.5852	0.0344630827237476
1917.1682	0.0349089853603526
1915.7512	0.0342097231170776
1914.3342	0.035528420978909
1912.9173	0.0342338684057469
1911.5003	0.0357458480884405
1910.0833	0.0341248278609836
1908.6663	0.0348557776326299
1907.2494	0.0343344927346499
1905.8324	0.0364269897343213
1904.4154	0.0351512300610639
1902.9984	0.0344556776329943
1901.5815	0.0358028599152995
1900.1645	0.0347243730583538
1898.7475	0.0355768869889639
1897.3305	0.0338713829416858
1895.9136	0.0356360119421492
1894.4966	0.0347148690381287
1893.0796	0.0345538491833207
1891.6626	0.0342897226459792
1890.2457	0.0350691552199577
1888.8287	0.0343051358633676
1887.4117	0.0344871825552205
1885.9947	0.0348950039363539
1884.5778	0.0359758243393579
1883.1608	0.0364637713474591
1881.7438	0.0338278098973308
1880.3268	0.0343789708380193
1878.9098	0.0340902311852785
1877.4929	0.0337534799182686
1876.0759	0.0344764462969316
1874.6589	0.0351117131810992
1873.2419	0.0335541332048098
1871.825	0.0352305280516291
1870.408	0.0339357567734764
1868.991	0.0360646498122449
1867.574	0.0357549812514112
1866.1571	0.0352492896990527
1864.7401	0.034311802981295
1863.3231	0.0342343470155065
1861.9061	0.034906532231106
1860.4892	0.0348560071219699
1859.0722	0.0345595433154975
1857.6552	0.0344202788691295
1856.2382	0.034646173294741
1854.8213	0.0337672972912319
1853.4043	0.0350249928483747
1851.9873	0.0349628481516318
1850.5703	0.0345846274032724
1849.1534	0.0340944183373432
1847.7364	0.0342644671862547
1846.3194	0.0337896026952219
1844.9024	0.0345321762988602
1843.4855	0.0339193708558482
1842.0685	0.0341125840939
1840.6515	0.0346749274669315
1839.2345	0.0334535168743795
1837.8176	0.034408432483522
1836.4006	0.0350119764837191
1834.9836	0.0342636516195589
1833.5666	0.0352153718332638
1832.1496	0.0347097071768166
1830.7327	0.0336675754941014
1829.3157	0.0348740604973867
1827.8987	0.0353682915912073
1826.4817	0.0350039903235876
1825.0648	0.0349221998127415
1823.6478	0.0345748184739159
1822.2308	0.0346919223338851
1820.8138	0.0346930824891154
1819.3969	0.0345128797819796
1817.9799	0.0344551458698476
1816.5629	0.0339394872211422
1815.1459	0.0339161455379927
1813.729	0.0333089348438648
1812.312	0.0343545916553166
1810.895	0.0352291937162906
1809.478	0.0344609677916536
1808.0611	0.0348446691201217
1806.6441	0.0352181775188727
1805.2271	0.0341443593099981
1803.8101	0.0346329251459386
1802.3932	0.0343698239694299
1800.9762	0.0336414962495525
1799.5592	0.0339118131733619
1798.1422	0.0352909686391198
1796.7253	0.0349929968934068
1795.3083	0.0344526942897513
1793.8913	0.0355067334019413
1792.4743	0.0340503544597045
1791.0574	0.034870856734937
1789.6404	0.0346369430236676
1788.2234	0.0348791636756683
1786.8064	0.0327699946359836
1785.3894	0.0343376053049861
1783.9725	0.0356317678111265
1782.5555	0.0343344857264691
1781.1385	0.0351739721225608
1779.7215	0.034008653259444
1778.3046	0.0353135791266583
1776.8876	0.0339429691330209
1775.4706	0.0349080261410521
1774.0536	0.0348814802527709
1772.6367	0.0354613917403215
1771.2197	0.0348361647226758
1769.8027	0.0365629862961121
1768.3857	0.0348999953409731
1766.9688	0.0344373997897473
1765.5518	0.035618882106727
1764.1348	0.0349914813156417
1762.7178	0.0363229920669492
1761.3009	0.0345539093812971
1759.8839	0.0360627722892652
1758.4669	0.0360825715025461
1757.0499	0.0362591169135367
1755.633	0.0361656466268902
1754.216	0.037196181000363
1752.799	0.0361521545927376
1751.382	0.0371038445552359
1749.9651	0.0370013501288224
1748.5481	0.0368237122624246
1747.1311	0.0378973177139322
1745.7141	0.0384071417087193
1744.2972	0.0383416269678834
1742.8802	0.0387289838374682
1741.4632	0.0397080122409655
1740.0462	0.0378842516131276
1738.6292	0.039639711231447
1737.2123	0.0388742265126969
1735.7953	0.0404908969984208
1734.3783	0.0401147442548282
1732.9613	0.0413685568500277
1731.5444	0.0408117776880658
1730.1274	0.0398290393872086
1728.7104	0.0411135313608697
1727.2934	0.03965890874474
1725.8765	0.0405932740270803
1724.4595	0.0416363573927102
1723.0425	0.0415288348400491
1721.6255	0.0433203509156074
1720.2086	0.0435161331455719
1718.7916	0.0426165975289325
1717.3746	0.0436412654806789
1715.9576	0.0441918466810752
1714.5407	0.0443947103279285
1713.1237	0.0440918796913182
1711.7067	0.046155639053799
1710.2897	0.0459674957917608
1708.8728	0.044937342376705
1707.4558	0.0443617130038755
1706.0388	0.0461033213717254
1704.6218	0.0449878951547447
1703.2049	0.0461513565452118
1701.7879	0.0469347503214643
1700.3709	0.047184095199167
1698.9539	0.0470754820296665
1697.537	0.0478610556590542
1696.12	0.0488718389283533
1694.703	0.0485400787689076
1693.286	0.0480064565147024
1691.869	0.0479740846654988
1690.4521	0.0490935000844079
1689.0351	0.048875231033607
1687.6181	0.0498393540180625
1686.2011	0.049132712846874
1684.7842	0.0487787644685445
1683.3672	0.0490330216845167
1681.9502	0.0494947872954618
1680.5332	0.0503426362586498
1679.1163	0.0500639110357341
1677.6993	0.0493166312655927
1676.2823	0.050974328622325
1674.8653	0.0496835966426398
1673.4484	0.0502939532282275
1672.0314	0.0522982343126415
1670.6144	0.0503014741933081
1669.1974	0.0522159971411058
1667.7805	0.0524644869740841
1666.3635	0.0521832434871951
1664.9465	0.0525766141174425
1663.5295	0.0527004578687164
1662.1126	0.053086323266814
1660.6956	0.0544704579483675
1659.2786	0.0530523037579146
1657.8616	0.0541969456986277
1656.4447	0.0539703406698324
1655.0277	0.0543676863597772
1653.6107	0.0542434213112081
1652.1937	0.0566781610882336
1650.7768	0.0560673529934015
1649.3598	0.0584108788010432
1647.9428	0.0572495793361572
1646.5258	0.0588173025776162
1645.1088	0.0594053983979959
1643.6919	0.0605795626164492
1642.2749	0.0616449483891881
1640.8579	0.062388500270642
1639.4409	0.062720740280034
1638.024	0.0638585461789136
1636.607	0.066126124070966
1635.19	0.0667741299310541
1633.773	0.0677727449845022
1632.3561	0.0672511406435206
1630.9391	0.0692316497402873
1629.5221	0.0699864360103239
1628.1051	0.0697891948984979
1626.6882	0.0695875525949862
1625.2712	0.0710039162263249
1623.8542	0.0721054617661933
1622.4372	0.0723124870449281
1621.0203	0.07319044328318
1619.6033	0.0733258929917181
1618.1863	0.0724636871526566
1616.7693	0.0739985825048735
1615.3524	0.0749081543192916
1613.9354	0.0743555737319247
1612.5184	0.0747605618460788
1611.1014	0.076951615565536
1609.6845	0.0767230288840734
1608.2675	0.0786339211199391
1606.8505	0.0796625606452273
1605.4335	0.081169038660775
1604.0166	0.0811307303252894
1602.5996	0.081035819158492
1601.1826	0.0814449400656205
1599.7656	0.0826327570037576
1598.3486	0.0819231380167543
1596.9317	0.0827276601589815
1595.5147	0.0811359661765331
1594.0977	0.0811418192820585
1592.6807	0.0791527006281448
1591.2638	0.080058530682106
1589.8468	0.0792123490486995
1588.4298	0.0793023083981743
1587.0128	0.0772037060839828
1585.5959	0.0764944087474386
1584.1789	0.0762278374119482
1582.7619	0.0762415653698171
1581.3449	0.0743487610012663
1579.928	0.074244974619844
1578.511	0.073638430602208
1577.094	0.071274715023566
1575.677	0.0714096694172104
1574.2601	0.0699290996906021
1572.8431	0.0688221696904056
1571.4261	0.0690009071099183
1570.0091	0.0689405897724945
1568.5922	0.0685214762906012
1567.1752	0.0670018456527879
1565.7582	0.0654983881300329
1564.3412	0.0644783950343411
1562.9243	0.0634525395018394
1561.5073	0.0625863251562033
1560.0903	0.0604967690515156
1558.6733	0.0595364370662953
1557.2564	0.0599363029210994
1555.8394	0.0567924127753445
1554.4224	0.0563934877040123
1553.0054	0.0557670752004716
1551.5885	0.055382730171316
1550.1715	0.0545819747759889
1548.7545	0.0535391296390407
1547.3375	0.0528608743543285
1545.9205	0.0526423223972021
1544.5036	0.0516721153381014
1543.0866	0.0507744980481066
1541.6696	0.0504929875204478
1540.2526	0.0507579825445963
1538.8357	0.0500529426489781
1537.4187	0.0500796256717527
1536.0017	0.0483586359685122
1534.5847	0.0497862987336681
1533.1678	0.0503087567636427
1531.7508	0.048696737330901
1530.3338	0.0511819911720638
1528.9168	0.0493389386470105
1527.4999	0.0500289710290732
1526.0829	0.0511302346958731
1524.6659	0.0507417921169011
1523.2489	0.0524194485287408
1521.832	0.0517739193608623
1520.415	0.0555647032971951
1518.998	0.0559238702336839
1517.581	0.0584357203087514
1516.1641	0.0600754585398382
1514.7471	0.061407283124429
1513.3301	0.0603587124065832
1511.9131	0.0617964680921278
1510.4962	0.0622594182409666
1509.0792	0.0628267441839691
1507.6622	0.0626352875034022
1506.2452	0.0634481478706796
1504.8283	0.0614069803375265
1503.4113	0.0616297006074614
1501.9943	0.0604827504077794
1500.5773	0.0591009171574956
1499.1603	0.0563464153779498
1497.7434	0.0557411761906897
1496.3264	0.0555071243431909
1494.9094	0.0531314586524848
1493.4924	0.0529733986588968
1492.0755	0.0518161745367809
1490.6585	0.0519661618313601
1489.2415	0.0509448084247987
1487.8245	0.0509884662184322
1486.4076	0.0524831972714454
1484.9906	0.0535824022474349
1483.5736	0.0535805870445301
1482.1566	0.0544675349165921
1480.7397	0.0544917726505229
1479.3227	0.0561707435587611
1477.9057	0.0551253616318111
1476.4887	0.0565058741297315
1475.0718	0.0557383423627594
1473.6548	0.0566321019583444
1472.2378	0.0593702959714649
1470.8208	0.0594153795431259
1469.4039	0.0622402873260048
1467.9869	0.0619219093113203
1466.5699	0.0640900822845174
1465.1529	0.0645083510036712
1463.736	0.0666366558157791
1462.319	0.0671767187638114
1460.902	0.0674003407685454
1459.485	0.0707620331720991
1458.0681	0.0702036267247523
1456.6511	0.0721990407702979
1455.2341	0.072822306052842
1453.8171	0.0721057998830414
1452.4001	0.0729484231311616
1450.9832	0.072819769125088
1449.5662	0.0741570770029049
1448.1492	0.0726596874955336
1446.7322	0.0737790467084813
1445.3153	0.0734579814591878
1443.8983	0.0726413916655254
1442.4813	0.0721042309019143
1441.0643	0.0739095549589552
1439.6474	0.0736812592843417
1438.2304	0.0738560914196986
1436.8134	0.0743890856869283
1435.3964	0.0750129586793046
1433.9795	0.0760832923957418
1432.5625	0.0769518057500327
1431.1455	0.0775481996693728
1429.7285	0.0771872492440811
1428.3116	0.0797900836695475
1426.8946	0.0796535278668739
1425.4776	0.0807922060209716
1424.0606	0.081023235852677
1422.6437	0.0806193405766897
1421.2267	0.0816941666052821
1419.8097	0.0838173234706786
1418.3927	0.082746086326402
1416.9758	0.0835514984835562
1415.5588	0.0845999134389089
1414.1418	0.0839754707590425
1412.7248	0.0835700794547716
1411.3079	0.0833056483513131
1409.8909	0.0838657858755865
1408.4739	0.0836352488294329
1407.0569	0.0848141180225272
1405.6399	0.0841460371187818
1404.223	0.0839379634558634
1402.806	0.0849939293354755
1401.389	0.0838674146913745
1399.972	0.0853733203408857
1398.5551	0.0858730170684979
1397.1381	0.0851241503730376
1395.7211	0.0856726111529909
1394.3041	0.0865625145414843
1392.8872	0.0858070610748081
1391.4702	0.0875473209489814
1390.0532	0.088150433955126
1388.6362	0.0892198912488507
1387.2193	0.0897658866760477
1385.8023	0.0904346640747028
1384.3853	0.0908166432782525
1382.9683	0.0905088192914756
1381.5514	0.0911984241754316
1380.1344	0.0911262354584281
1378.7174	0.0890706536268537
1377.3004	0.0887208442555051
1375.8835	0.0887289573640138
1374.4665	0.0899364099278275
1373.0495	0.0906628248076612
1371.6325	0.0914141758328861
1370.2156	0.0925289533566638
1368.7986	0.0927787808689115
1367.3816	0.0940225048768248
1365.9646	0.0942127113800945
1364.5477	0.0955383700332867
1363.1307	0.0960311610099636
1361.7137	0.0952284490281968
1360.2967	0.0959773092322836
1358.8797	0.0955004515197352
1357.4628	0.0934385382041015
1356.0458	0.0930162003683404
1354.6288	0.0924471802644184
1353.2118	0.0910303204336461
1351.7949	0.0897174312055962
1350.3779	0.0887809762382546
1348.9609	0.0886347990099903
1347.5439	0.0896282967664669
1346.127	0.089477558774607
1344.71	0.0915880705405901
1343.293	0.0911469400846767
1341.876	0.0914706919972205
1340.4591	0.0930913973257112
1339.0421	0.0927394987546989
1337.6251	0.0931877168551979
1336.2081	0.0923616987114582
1334.7912	0.0923657439805856
1333.3742	0.0923484610752387
1331.9572	0.0909280561329803
1330.5402	0.0915624858849932
1329.1233	0.0906877747599632
1327.7063	0.0899237864801881
1326.2893	0.0879630669261142
1324.8723	0.0873113770281508
1323.4554	0.0868858019972269
1322.0384	0.0861938932284618
1320.6214	0.0855953356873317
1319.2044	0.0839550455072774
1317.7875	0.0843887093240887
1316.3705	0.0845476858939686
1314.9535	0.0834456986412875
1313.5365	0.0820990908164466
1312.1195	0.081746786490432
1310.7026	0.0824907936304987
1309.2856	0.0826420437744228
1307.8686	0.0818839833076959
1306.4516	0.081596282441688
1305.0347	0.0813248306646531
1303.6177	0.0814102662065762
1302.2007	0.0821005162740105
1300.7837	0.0818802875975549
1299.3668	0.081498992113935
1297.9498	0.0824636733398944
1296.5328	0.0822141689287406
1295.1158	0.0821601009596685
1293.6989	0.0832900863768607
1292.2819	0.0821952229043258
1290.8649	0.0829300012963365
1289.4479	0.0810881831439282
1288.031	0.0819349814454193
1286.614	0.0816387084754775
1285.197	0.0828710287019006
1283.78	0.0826965274255335
1282.3631	0.0825985129897088
1280.9461	0.0849151554783638
1279.5291	0.084785180094234
1278.1121	0.0850707599112294
1276.6952	0.0871652132521287
1275.2782	0.0882976049041309
1273.8612	0.0884221173955613
1272.4442	0.0883257158991603
1271.0273	0.0896439422457429
1269.6103	0.0901392924934546
1268.1933	0.0907327079709146
1266.7763	0.0898495657428941
1265.3593	0.0895103533097674
1263.9424	0.0885136993859576
1262.5254	0.0881964654827376
1261.1084	0.0879557245394004
1259.6914	0.0892148144217524
1258.2745	0.0868726316559553
1256.8575	0.0891561026080877
1255.4405	0.0896947294941767
1254.0235	0.0886267826531263
1252.6066	0.0877248694047597
1251.1896	0.0884053218360399
1249.7726	0.0879722027703567
1248.3556	0.0869663442209265
1246.9387	0.0863374523153204
1245.5217	0.0850097467969875
1244.1047	0.0853296820323904
1242.6877	0.0851425313010396
1241.2708	0.0863323635160873
1239.8538	0.0851003962793494
1238.4368	0.0858517783567082
1237.0198	0.0872603631810665
1235.6029	0.0873255454757115
1234.1859	0.0877463891833883
1232.7689	0.0873388263621859
1231.3519	0.0879991154413647
1229.935	0.0855322067061516
1228.518	0.0863993543125438
1227.101	0.0829791074488301
1225.684	0.0828429937350035
1224.2671	0.0807309487150912
1222.8501	0.0800372457285297
1221.4331	0.079094110271334
1220.0161	0.0781784089366792
1218.5991	0.0765862675661991
1217.1822	0.0763085452647243
1215.7652	0.0763093962740447
1214.3482	0.0758525457500691
1212.9312	0.0759367889012872
1211.5143	0.0764754810116197
1210.0973	0.0753666060342007
1208.6803	0.0743999021861273
1207.2633	0.0724444221789035
1205.8464	0.0729243253305044
1204.4294	0.0728359155144132
1203.0124	0.0722762479490991
1201.5954	0.0703111437624025
1200.1785	0.0706943184224343
1198.7615	0.0689724534624205
1197.3445	0.0689911579349314
1195.9275	0.0683972446676787
1194.5106	0.0673250584698959
1193.0936	0.0651786682621405
1191.6766	0.0651588932529683
1190.2596	0.0644853060927316
1188.8427	0.0634390086632142
1187.4257	0.0625513566129875
1186.0087	0.0625714296794767
1184.5917	0.0621524140360154
1183.1748	0.0620232372661073
1181.7578	0.0615310421272765
1180.3408	0.0615989146316746
1178.9238	0.0625048521974941
1177.5069	0.0623588317766543
1176.0899	0.0634613659091687
1174.6729	0.0655929477268379
1173.2559	0.0660511828810695
1171.8389	0.0668322196237863
1170.422	0.0710977068100349
1169.005	0.0719730777183645
1167.588	0.0759498355752984
1166.171	0.0798950883734483
1164.7541	0.0852559457380579
1163.3371	0.0870490190321478
1161.9201	0.0927486271971216
1160.5031	0.0969006538089326
1159.0862	0.102171117554625
1157.6692	0.105036945364165
1156.2522	0.109377770742444
1154.8352	0.114428121069797
1153.4183	0.116815398825589
1152.0013	0.118188271437112
1150.5843	0.120633656947032
1149.1673	0.122488923535929
1147.7504	0.122382044859595
1146.3334	0.123913993603792
1144.9164	0.122938030222345
1143.4994	0.122296591383785
1142.0825	0.121571404814441
1140.6655	0.118720450033637
1139.2485	0.117308957839589
1137.8315	0.116407520219635
1136.4146	0.114768650463281
1134.9976	0.11156368392285
1133.5806	0.113214143832009
1132.1636	0.110996138010286
1130.7467	0.111003586240739
1129.3297	0.111042419420366
1127.9127	0.112702116180393
1126.4957	0.114287104777356
1125.0787	0.113248889336506
1123.6618	0.114894015812059
1122.2448	0.113657994289387
1120.8278	0.115539717051165
1119.4108	0.115018105103395
1117.9939	0.117343889644584
1116.5769	0.117071637789218
1115.1599	0.115622126839882
1113.7429	0.118786516724665
1112.326	0.116946930196846
1110.909	0.120251171916786
1109.492	0.118675835321559
1108.075	0.121155018402092
1106.6581	0.121730404574911
1105.2411	0.12356067477861
1103.8241	0.124683949137582
1102.4071	0.125371391029459
1100.9902	0.126824433313159
1099.5732	0.126140844052175
1098.1562	0.12689513680395
1096.7392	0.12798534161738
1095.3223	0.128131968195018
1093.9053	0.129207402258265
1092.4883	0.130864326151798
1091.0713	0.131176553582469
1089.6544	0.133124206491897
1088.2374	0.13673333228155
1086.8204	0.14042680477721
1085.4034	0.143468410701573
1083.9865	0.148288700875184
1082.5695	0.153488662592991
1081.1525	0.155952766868876
1079.7355	0.161120823620934
1078.3185	0.161794317698863
1076.9016	0.164428719942672
1075.4846	0.164655657510571
1074.0676	0.163959146367365
1072.6506	0.163146867963816
1071.2337	0.158866551758766
1069.8167	0.156064124644343
1068.3997	0.152561902259223
1066.9827	0.152514360527625
1065.5658	0.150194142366056
1064.1488	0.149238140178745
1062.7318	0.151807903004564
1061.3148	0.152938462665321
1059.8979	0.155409948408522
1058.4809	0.158233620736129
1057.0639	0.160108064282845
1055.6469	0.16345569313989
1054.23	0.166390312748967
1052.813	0.169177490863863
1051.396	0.172008631046204
1049.979	0.174749366221153
1048.5621	0.178228865325815
1047.1451	0.181065970297807
1045.7281	0.184458126975977
1044.3111	0.188967644478895
1042.8942	0.190992181302977
1041.4772	0.195003424626478
1040.0602	0.197034077395937
1038.6432	0.200115586758445
1037.2263	0.204631994417896
1035.8093	0.207612570724313
1034.3923	0.21096372714967
1032.9753	0.213911134449671
1031.5583	0.216813443411544
1030.1414	0.222060472560806
1028.7244	0.225154184583015
1027.3074	0.229704740744404
1025.8904	0.232983497608562
1024.4735	0.235621161101604
1023.0565	0.239097318377801
1021.6395	0.242713449094931
1020.2225	0.245335134841573
1018.8056	0.248064799374337
1017.3886	0.250361135398952
1015.9716	0.252867521686176
1014.5546	0.255953341751369
1013.1377	0.255301750088931
1011.7207	0.25612654768233
1010.3037	0.254939410923761
1008.8867	0.257092982422975
1007.4698	0.257272303861239
1006.0528	0.256645723719251
1004.6358	0.256015300862995
1003.2188	0.259111674389767
1001.8019	0.259127539896257
1000.3849	0.26118771712483
998.9679	0.26212816979205
997.5509	0.26350761672874
996.134	0.264702521873877
994.717	0.265772013425825
993.3	0.26673640358686
991.883	0.267195888694488
990.4661	0.267387402484433
989.0491	0.268421893464308
987.6321	0.266956976904909
986.2151	0.265108878727827
984.7981	0.262382536763738
983.3812	0.259508194471494
981.9642	0.256688232918605
980.5472	0.253949349157996
979.1302	0.249855641733592
977.7133	0.244758169481653
976.2963	0.240403049747406
974.8793	0.235659100954155
973.4623	0.230251069979758
972.0454	0.226567171088213
970.6284	0.221117177189744
969.2114	0.216923752099703
967.7944	0.210043181125369
966.3775	0.206956381813457
964.9605	0.200520027673247
963.5435	0.196337360928549
962.1265	0.192879757374864
960.7096	0.186995180964036
959.2926	0.184329220266576
957.8756	0.180402258783856
956.4586	0.176368807906416
955.0417	0.172918426678983
953.6247	0.168252706640139
952.2077	0.166565987059805
950.7907	0.16228425932234
949.3738	0.159267888707161
947.9568	0.157726482315808
946.5398	0.155822359949146
945.1228	0.154823936618425
943.7059	0.153730458438859
942.2889	0.154117666320705
940.8719	0.154302784272518
939.4549	0.15471478231955
938.0379	0.154914318449685
936.621	0.156063242647605
935.204	0.155488911221655
933.787	0.156115728606042
932.37	0.156106745858629
930.9531	0.155405835053062
929.5361	0.155861222508648
928.1191	0.156996353798406
926.7021	0.155800365256552
925.2852	0.153992364851403
923.8682	0.15595250253382
922.4512	0.154847776177784
921.0342	0.154216266717174
919.6173	0.153660980707296
918.2003	0.152149604257832
916.7833	0.152239772779319
915.3663	0.151871038996904
913.9494	0.149017379179609
912.5324	0.148660648495802
911.1154	0.147195043054933
909.6984	0.145755505738586
908.2815	0.142711355349908
906.8645	0.14200083757739
905.4475	0.14155528268676
904.0305	0.139022462557984
902.6136	0.138092621385352
901.1966	0.135396835567543
899.7796	0.135057853375044
898.3626	0.133819846948991
896.9457	0.132400154908912
895.5287	0.132259419763316
894.1117	0.132589789060614
892.6947	0.131109869912554
891.2777	0.130270691612641
889.8608	0.129853683191222
888.4438	0.127893673923627
887.0268	0.125221351487871
885.6098	0.124211450748287
884.1929	0.124177337300298
882.7759	0.123205467707022
881.3589	0.12238686449779
879.9419	0.119050253974293
878.525	0.118501152148693
877.108	0.118108850984486
875.691	0.119328540145965
874.274	0.115975727433955
872.8571	0.118737195604479
871.4401	0.119300145082066
870.0231	0.119913617878503
868.6061	0.120295909891682
867.1892	0.121583538607146
865.7722	0.121144877084466
864.3552	0.122330408212473
862.9382	0.123699761680915
861.5213	0.126934826906236
860.1043	0.126321269689767
858.6873	0.126737373243249
857.2703	0.125729590982685
855.8534	0.126881731564672
854.4364	0.126158617676344
853.0194	0.126934110653063
851.6024	0.127885887410841
850.1855	0.126541580966907
848.7685	0.126572718386387
847.3515	0.126618072155862
845.9345	0.126705709968838
844.5175	0.125766926867919
843.1006	0.125269019060132
841.6836	0.125438254881308
840.2666	0.124852447149094
838.8496	0.124416932325037
837.4327	0.123479910887372
836.0157	0.121948415580271
834.5987	0.121085138334237
833.1817	0.121590063737329
831.7648	0.119661173142252
830.3478	0.119534973846993
828.9308	0.118449855246445
827.5138	0.116370714337567
826.0969	0.116269608718164
824.6799	0.11619103658399
823.2629	0.116170355732993
821.8459	0.115414052827607
820.429	0.116497880446384
819.012	0.114937685342234
817.595	0.114986116290236
816.178	0.114050027005965
814.7611	0.114100922251043
813.3441	0.114508702650503
811.9271	0.115012258077083
810.5101	0.115310282039735
809.0932	0.113916023234222
807.6762	0.11297129514853
806.2592	0.112339338205789
804.8422	0.111780060160615
803.4253	0.111555344972894
802.0083	0.11230564882681
800.5913	0.111858337753822
799.1743	0.111809196243706
797.7573	0.11175240540595
796.3404	0.112612961423839
794.9234	0.112706497193701
793.5064	0.111677942854491
792.0894	0.114309359219238
790.6725	0.112301762894078
789.2555	0.113845261296371
787.8385	0.112854880072093
786.4215	0.113794002799206
785.0046	0.113476248489336
783.5876	0.115267287037837
782.1706	0.116840978800363
780.7536	0.116831493959253
779.3367	0.118457139788604
777.9197	0.119525154865987
776.5027	0.121309171953475
775.0857	0.122009567155721
773.6688	0.12212998879204
772.2518	0.124519162569805
770.8348	0.12574338212586
769.4178	0.127319231449719
768.0009	0.12718698850427
766.5839	0.130495896222217
765.1669	0.131502058046145
763.7499	0.132379506773976
762.333	0.132967385661483
760.916	0.134461794549971
759.499	0.132824198620538
758.082	0.132960500965144
756.6651	0.132809379510551
755.2481	0.132080418545835
753.8311	0.132267767836417
752.4141	0.13103661395106
750.9971	0.129497324631925
749.5802	0.128433522385001
748.1632	0.127064160204007
746.7462	0.125647612640159
745.3292	0.123747705592225
743.9123	0.123948154660757
742.4953	0.123649831529762
741.0783	0.12354542771715
739.6613	0.121906889342432
738.2444	0.122099625336126
736.8274	0.121647119597889
735.4104	0.119408837105246
733.9934	0.120989433378626
732.5765	0.122929747467077
731.1595	0.121237492950863
729.7425	0.122714168454344
728.3255	0.122574874683932
726.9086	0.12427216212769
725.4916	0.125774953909066
724.0746	0.126033990543072
722.6576	0.126843955865964
721.2407	0.127371699642659
719.8237	0.128719990912839
718.4067	0.129849851221797
716.9897	0.130545472204871
715.5728	0.133099030435361
714.1558	0.13361198479208
712.7388	0.135393700719196
711.3218	0.136900563014577
709.9049	0.137616178812969
708.4879	0.138865988515383
707.0709	0.138781333687481
705.6539	0.14120064868283
704.2369	0.140920669781936
702.82	0.139422425201265
701.403	0.141070703233206
699.986	0.13972646131777
698.569	0.139778825212959
697.1521	0.138340293790522
695.7351	0.138599628770006
694.3181	0.138066419211236
692.9011	0.138129179811848
691.4842	0.137720205831429
690.0672	0.136795313012994
688.6502	0.136656014822701
687.2332	0.137271214248614
685.8163	0.137385014946203
684.3993	0.137388650818842
682.9823	0.138342131411934
681.5653	0.138594399114692
680.1484	0.138075302126989
678.7314	0.138221355926666
677.3144	0.138731374480324
675.8974	0.138941039755765
674.4805	0.139515220775118
673.0635	0.141064452889584
671.6465	0.140526338817281
670.2295	0.142993800208731
668.8126	0.141160322501659
667.3956	0.141612830924042
665.9786	0.143095101750884
664.5616	0.144588009935642
663.1447	0.142562671318624
661.7277	0.1435451289375
660.3107	0.144912247149701
658.8937	0.143714183329019
657.4767	0.145991816167147
656.0598	0.145511378528089
654.6428	0.145986768816078
653.2258	0.146176610863781
651.8088	0.147233197213246
650.3919	0.146929470049966
648.9749	0.147565651622097
647.5579	0.147659730342266
646.1409	0.149847040199999
644.724	0.14969508496756
643.307	0.150404692227784
641.89	0.149805215276174
640.473	0.149713775672428
639.0561	0.150146065297357
637.6391	0.15082246235189
636.2221	0.150998996044561
634.8051	0.152826677313557
633.3882	0.151747966432748
631.9712	0.152465615922001
630.5542	0.152040549012323
629.1372	0.152568596816986
627.7203	0.153665132258525
626.3033	0.15428809780947
624.8863	0.156563652342079
623.4693	0.157323505133596
622.0524	0.158662435733768
620.6354	0.15958879271186
619.2184	0.162157187428558
617.8014	0.163016942233581
616.3845	0.165580731346204
614.9675	0.16698389730426
613.5505	0.168219075812365
612.1335	0.169895934947375
610.7165	0.17151219465469
609.2996	0.172482095909427
607.8826	0.172505289695683
606.4656	0.173742228487856
605.0486	0.175268737875047
603.6317	0.174918576498234
602.2147	0.175005863530005
600.7977	0.175513317501488
599.3807	0.175321302886475
597.9638	0.176082686775153
596.5468	0.176088262377355
595.1298	0.175894467972641
593.7128	0.176582500964425
592.2959	0.177328861676538
590.8789	0.179091863752152
589.4619	0.178660807565398
588.0449	0.180963908877533
586.628	0.181575519412276
585.211	0.182727459027337
583.794	0.183413692306974
582.377	0.186648588221408
580.9601	0.188132158207134
579.5431	0.192706932303231
578.1261	0.19390191193279
576.7091	0.198328345533111
575.2922	0.199158208674536
573.8752	0.200468497711376
572.4582	0.202418447269949
571.0412	0.201244454451235
569.6243	0.20258270016423
568.2073	0.201393799042634
566.7903	0.201831324650278
565.3733	0.201076997231118
563.9563	0.202139317340384
562.5394	0.201546091680926
561.1224	0.19988585079015
559.7054	0.198692146159947
558.2884	0.196931049623197
556.8715	0.196175713633701
555.4545	0.195994130570601
554.0375	0.194330394721296
552.6205	0.192950058171271
551.2036	0.1929269750655
549.7866	0.193932053774054
548.3696	0.192819298559174
546.9526	0.191372761660027
545.5357	0.19317609799906
544.1187	0.191374666825485
542.7017	0.19130661646114
541.2847	0.191995881645797
539.8678	0.193548330584754
538.4508	0.194330370088859
537.0338	0.196170074479693
535.6168	0.19600546889114
534.1999	0.199183682206484
532.7829	0.201870632971823
531.3659	0.20423921359497
529.9489	0.205038531083305
528.532	0.207712905833024
527.115	0.207998071723692
525.698	0.210388686973728
524.281	0.209794900583394
522.8641	0.21048323847664
521.4471	0.21034141310041
520.0301	0.210324254720379
518.6131	0.21165144178847
517.1962	0.210417517110803
515.7792	0.210929360322277
514.3622	0.209516893263157
512.9452	0.20972978394615
511.5282	0.209245538694138
510.1113	0.209026917483778
508.6943	0.208474981917165
507.2773	0.206602258119658
505.8603	0.207473594782531
504.4434	0.206222591184256
503.0264	0.205836085212704
501.6094	0.204152066666287
500.1924	0.206038911730137
498.7755	0.205913605911012
497.3585	0.206381415692501
495.9415	0.207296104001188
494.5245	0.205521615383894
493.1076	0.204733692625084
491.6906	0.203258182541918
490.2736	0.203078032508695
488.8566	0.205481527888918
487.4397	0.204516249093487
486.0227	0.205279663977932
484.6057	0.205098107094645
483.1887	0.203997368722581
481.7718	0.205803387081975
480.3548	0.206097932479029
478.9378	0.207573595740096
477.5208	0.207854435492835
476.1039	0.208165527844623
474.6869	0.205345047661361
473.2699	0.20582043993936
471.8529	0.204844753076224
470.436	0.204337615708195
469.019	0.204712081728742
467.602	0.204053259829118
466.185	0.203736106172151
464.768	0.203304760297133
463.3511	0.202620518295408
461.9341	0.201031315343861
460.5171	0.201761870920094
459.1001	0.202388386654548
457.6832	0.201569703204939
456.2662	0.201436173719908
454.8492	0.202165222716253
453.4322	0.202607618140589
452.0153	0.200944870746148
450.5983	0.201497354675318
449.1813	0.203123929882305
447.7643	0.204520577901904
446.3474	0.204649103159163
444.9304	0.205378291236104
443.5134	0.205780994199701
442.0964	0.207420656740635
440.6795	0.209475421024546
439.2625	0.211172873433042
437.8455	0.214022791544973
436.4285	0.216490033931942
435.0116	0.217119713910276
433.5946	0.217235419355352
432.1776	0.217526214637452
430.7606	0.215162280637907
429.3437	0.21550781221285
427.9267	0.216288633551869
426.5097	0.216375943329285
425.0927	0.216781269625484
423.6758	0.217523919307471
422.2588	0.218761214087769
420.8418	0.218586178588196
419.4248	0.218347564307595
418.0078	0.217107787290147
416.5909	0.216335931686695
415.1739	0.216633250607858
413.7569	0.217519193608943
412.3399	0.217078676642489
410.923	0.219775116312278
409.506	0.221241023906299
408.089	0.221074904948803
406.672	0.221375704684798
405.2551	0.222367056343692
403.8381	0.222222371544193
402.4211	0.22464776806182
401.0041	0.223014159492281
