3994.4546	0.0145303896978147
3993.0377	0.0142116241728887
3991.6207	0.0147293949908751
3990.2037	0.0145530189887045
3988.7867	0.0147834240095406
3987.3698	0.0152893106139521
3985.9528	0.0148324883249758
3984.5358	0.0149739381090382
3983.1188	0.0143447834775222
3981.7019	0.0148600894662068
3980.2849	0.0151323308684856
3978.8679	0.0152967465716724
3977.4509	0.0150681467422381
3976.034	0.0141263640600233
3974.617	0.0145165917820533
3973.2	0.0140367136417811
3971.783	0.0146172456552169
3970.3661	0.0143117256753887
3968.9491	0.0144301850069715
3967.5321	0.0144547755486952
3966.1151	0.0144665077609324
3964.6982	0.0141718643538818
3963.2812	0.014766728393191
3961.8642	0.0142760761731109
3960.4472	0.0148044306278163
3959.0303	0.0141855051978005
3957.6133	0.0149746114973404
3956.1963	0.0149322548127093
3954.7793	0.0147636930285255
3953.3624	0.0146941808954463
3951.9454	0.0146005791616286
3950.5284	0.0142658536233345
3949.1114	0.0145429264429713
3947.6944	0.0143442239190198
3946.2775	0.0137324975957557
3944.8605	0.014287354415951
3943.4435	0.0145471701596785
3942.0265	0.0144369115350444
3940.6096	0.0146642304408388
3939.1926	0.0142770276113801
3937.7756	0.0146927806022498
3936.3586	0.0142368858204124
3934.9417	0.0141431489979694
3933.5247	0.014098822202398
3932.1077	0.0141905994746955
3930.6907	0.0151466481713666
3929.2738	0.0136742077243572
3927.8568	0.0145095866626373
3926.4398	0.0140268050593161
3925.0228	0.0141499055184003
3923.6059	0.0144493110326757
3922.1889	0.0142587478217908
3920.7719	0.0140146543744725
3919.3549	0.0139034823428494
3917.938	0.0149664659939233
3916.521	0.0144124353801277
3915.104	0.0143686895513356
3913.687	0.0145070832043428
3912.2701	0.0146721358542669
3910.8531	0.0146010857535272
3909.4361	0.0144761785308056
3908.0191	0.014261807622029
3906.6022	0.0141999694728472
3905.1852	0.0144355739267222
3903.7682	0.0143222265816307
3902.3512	0.0137786175246713
3900.9342	0.0141039699646849
3899.5173	0.0150732851535109
3898.1003	0.0149468061240048
3896.6833	0.0145714365714115
3895.2663	0.0141345939100711
3893.8494	0.0142966594691691
3892.4324	0.0139289790341859
3891.0154	0.0141275509870637
3889.5984	0.0141821577904031
3888.1815	0.0143145668624381
3886.7645	0.0148508480897341
3885.3475	0.0143926165173458
3883.9305	0.0142660051672168
3882.5136	0.0144183086738771
3881.0966	0.0143438672977188
3879.6796	0.0145740299365272
3878.2626	0.014009436305385
3876.8457	0.0136833660550647
3875.4287	0.0141672436391747
3874.0117	0.0144833038241357
3872.5947	0.0143791709024733
3871.1778	0.0147675699701471
3869.7608	0.0138734353817027
3868.3438	0.014633756765199
3866.9268	0.0143573236277886
3865.5099	0.0138857694457377
3864.0929	0.014441388101956
3862.6759	0.0146219331864837
3861.2589	0.0144015617152087
3859.842	0.0144703724098124
3858.425	0.0141424833879909
3857.008	0.0142332238005076
3855.591	0.0140890451504858
3854.174	0.0139285543892473
3852.7571	0.0144292811017921
3851.3401	0.01396976763249
3849.9231	0.0140535483008951
3848.5061	0.013780914418955
3847.0892	0.0134915511114528
3845.6722	0.0135274511685479
3844.2552	0.0141579284995702
3842.8382	0.0136507992685556
3841.4213	0.0142658464643663
3840.0043	0.0140500188213677
3838.5873	0.0141607179987802
3837.1703	0.0136138450263583
3835.7534	0.0139339305225881
3834.3364	0.0140151080258072
3832.9194	0.0138749193564905
3831.5024	0.0139024781126998
3830.0855	0.0148652781297686
3828.6685	0.0143143110823126
3827.2515	0.0138643966351288
3825.8345	0.0136897401259109
3824.4176	0.0138737729114306
3823.0006	0.0133502511263205
3821.5836	0.0141166776246396
3820.1666	0.0130916318428514
3818.7497	0.014106923855518
3817.3327	0.0140167657311956
3815.9157	0.0135227035550192
3814.4987	0.0139985956421197
3813.0818	0.0135576311895517
3811.6648	0.0141120155039415
3810.2478	0.0140185710022054
3808.8308	0.0134089648871835
3807.4138	0.0135900426811155
3805.9969	0.0131318439507074
3804.5799	0.013442151611789
3803.1629	0.013863143553971
3801.7459	0.0145862135876329
3800.329	0.0138622706158011
3798.912	0.0140735505397563
3797.495	0.0142434899524111
3796.078	0.0132689003076831
3794.6611	0.0136557383661873
3793.2441	0.0133032154821675
3791.8271	0.0136998375347293
3790.4101	0.0133512260873509
3788.9932	0.0130272204318653
3787.5762	0.0138814846819414
3786.1592	0.01394643219854
3784.7422	0.013579094705653
3783.3253	0.0136739154613089
3781.9083	0.0138336224225938
3780.4913	0.0131829923976236
3779.0743	0.0136986126954139
3777.6574	0.0128694763276698
3776.2404	0.0132421490482436
3774.8234	0.0135473365169418
3773.4064	0.014146285467165
3771.9895	0.0129883109451463
3770.5725	0.01337436408286
3769.1555	0.0131492199705235
3767.7385	0.0128135366688516
3766.3216	0.013157569176808
3764.9046	0.013488637417799
3763.4876	0.0131770448891717
3762.0706	0.0140584277049142
3760.6536	0.0135879765970085
3759.2367	0.0135219752952306
3757.8197	0.0135798410727636
3756.4027	0.0139170795890855
3754.9857	0.0130787384320064
3753.5688	0.0130933686440562
3752.1518	0.0133208098822118
3750.7348	0.013015611372406
3749.3178	0.013746345879088
3747.9009	0.0131540255485652
3746.4839	0.0128456174071117
3745.0669	0.0132875569996138
3743.6499	0.0145706243931172
3742.233	0.0133583025997029
3740.816	0.013412186198409
3739.399	0.0129527785089663
3737.982	0.0132547968081387
3736.5651	0.0130483750863063
3735.1481	0.0132220211263235
3733.7311	0.0135469907189498
3732.3141	0.0131145115896713
3730.8972	0.0135196711113517
3729.4802	0.013194671258588
3728.0632	0.012948308448266
3726.6462	0.0131672996541106
3725.2293	0.0127837844441337
3723.8123	0.0131064386165678
3722.3953	0.0128383949546766
3720.9783	0.0131235824491856
3719.5614	0.0135744586368903
3718.1444	0.0128798418177945
3716.7274	0.0129526091057006
3715.3104	0.0130364007642945
3713.8935	0.0124426513992617
3712.4765	0.0127098694189609
3711.0595	0.013194561467405
3709.6425	0.0126034887448718
3708.2255	0.0132196911513473
3706.8086	0.0130037326267823
3705.3916	0.0133650404496916
3703.9746	0.0128219388673698
3702.5576	0.0131921802960294
3701.1407	0.0126326672856598
3699.7237	0.0130381011039307
3698.3067	0.0127101131067944
3696.8897	0.0129913386702011
3695.4728	0.0129650864099528
3694.0558	0.0123884959380971
3692.6388	0.0131394161077077
3691.2218	0.0127638432560375
3689.8049	0.0127983184277876
3688.3879	0.0127822443065305
3686.9709	0.0132072907056936
3685.5539	0.0130112169982241
3684.137	0.012652939398784
3682.72	0.0123744842363023
3681.303	0.0127593759961932
3679.886	0.0122121235645075
3678.4691	0.0131552105142083
3677.0521	0.0124665453929455
3675.6351	0.0125647654338536
3674.2181	0.0126625835578064
3672.8012	0.0127394290240985
3671.3842	0.0127784255013316
3669.9672	0.0126094606562099
3668.5502	0.0133177737968753
3667.1333	0.0125820837213085
3665.7163	0.0125350187303653
3664.2993	0.013308186502341
3662.8823	0.0131626849835661
3661.4653	0.0127346691006964
3660.0484	0.0131088853901928
3658.6314	0.0127255263864717
3657.2144	0.0130458844421916
3655.7974	0.0137933790319257
3654.3805	0.0124609906962287
3652.9635	0.0126983254782511
3651.5465	0.0132032985421912
3650.1295	0.013160952518386
3648.7126	0.0129986226109112
3647.2956	0.0128805494230559
3645.8786	0.0135584487733496
3644.4616	0.012812681536972
3643.0447	0.0129032885697135
3641.6277	0.0131140185488588
3640.2107	0.0128107751405307
3638.7937	0.0138826840416613
3637.3768	0.0131127484446933
3635.9598	0.0133429828157932
3634.5428	0.0138000934246173
3633.1258	0.0140367387912676
3631.7089	0.0134719053484451
3630.2919	0.0133012561508132
3628.8749	0.0143464860152534
3627.4579	0.0134109437745257
3626.041	0.014015381007797
3624.624	0.0138211454012988
3623.207	0.0143116005204615
3621.79	0.0142462951131596
3620.3731	0.0129713097066076
3618.9561	0.0138541583358586
3617.5391	0.0144586022960312
3616.1221	0.0148116611009598
3614.7051	0.0141537882154753
3613.2882	0.0146576844045926
3611.8712	0.0144532628873514
3610.4542	0.0149050454194762
3609.0372	0.0153812541809843
3607.6203	0.0146651647036852
3606.2033	0.0150775991107617
3604.7863	0.014595483351391
3603.3693	0.015305400069727
3601.9524	0.0157598874237293
3600.5354	0.0152236900358568
3599.1184	0.0159504719604661
3597.7014	0.0159076712255481
3596.2845	0.0159717272998462
3594.8675	0.0160287924685755
3593.4505	0.0161495992509991
3592.0335	0.0164966384552493
3590.6166	0.0166183347421802
3589.1996	0.0165341359302127
3587.7826	0.0160712405004785
3586.3656	0.0169632817843276
3584.9487	0.0167074729288403
3583.5317	0.0168141142638957
3582.1147	0.017208252053291
3580.6977	0.0172990489446968
3579.2808	0.0171905503538488
3577.8638	0.0175875906779888
3576.4468	0.0176500140033878
3575.0298	0.018174620378522
3573.6129	0.017839829479188
3572.1959	0.0179691018498896
3570.7789	0.0182850738393168
3569.3619	0.019145901290328
3567.9449	0.0186982011552879
3566.528	0.0192386696277651
3565.111	0.0193825761686725
3563.694	0.0190550537282424
3562.277	0.0192029487885137
3560.8601	0.0205294196970692
3559.4431	0.0201654018709491
3558.0261	0.0198961679687072
3556.6091	0.0207193146104719
3555.1922	0.0203759526478903
3553.7752	0.0205621634703182
3552.3582	0.0208181570603278
3550.9412	0.0209241084007432
3549.5243	0.0209687270806141
3548.1073	0.0208944507479069
3546.6903	0.0211561555169464
3545.2733	0.0216064965449142
3543.8564	0.0220286830934835
3542.4394	0.0220083114421271
3541.0224	0.0228356115538527
3539.6054	0.0232476493675177
3538.1885	0.0237484692571719
3536.7715	0.0228205001000312
3535.3545	0.0231415596682961
3533.9375	0.0238618413776988
3532.5206	0.0241853055292608
3531.1036	0.0239350158948851
3529.6866	0.0243693746827752
3528.2696	0.0242586115020229
3526.8527	0.0245020372354506
3525.4357	0.0248797631277582
3524.0187	0.0252142305507322
3522.6017	0.0258761913525372
3521.1847	0.0254444113184082
3519.7678	0.0257045241352846
3518.3508	0.0253289296011057
3516.9338	0.0263481042625288
3515.5168	0.025770962700203
3514.0999	0.0265647903908187
3512.6829	0.026216631026828
3511.2659	0.0271037701572941
3509.8489	0.0271145210089546
3508.432	0.0276739661995477
3507.015	0.0272713502509447
3505.598	0.0282218314152025
3504.181	0.0274261129081037
3502.7641	0.0284710578728704
3501.3471	0.0282270873842543
3499.9301	0.0288064163078119
3498.5131	0.0282430603147028
3497.0962	0.0291280818233751
3495.6792	0.0291386986159063
3494.2622	0.0292785711332793
3492.8452	0.0296229780309768
3491.4283	0.0299397685196271
3490.0113	0.0296670362614785
3488.5943	0.0303102905481727
3487.1773	0.030396631970981
3485.7604	0.0308321437032723
3484.3434	0.0312846271940713
3482.9264	0.031352169719658
3481.5094	0.0313015658655373
3480.0925	0.031396062503937
3478.6755	0.0316895423550596
3477.2585	0.0323781921963541
3475.8415	0.0322038663585711
3474.4245	0.0326198548498292
3473.0076	0.0318670984030321
3471.5906	0.0329413241725365
3470.1736	0.0325803967775758
3468.7566	0.03305239118738
3467.3397	0.0330371966803509
3465.9227	0.0332942928590198
3464.5057	0.0338610774762081
3463.0887	0.0338472627743457
3461.6718	0.034705427132849
3460.2548	0.033720867643012
3458.8378	0.0345442885831939
3457.4208	0.0344438020787252
3456.0039	0.034640713964966
3454.5869	0.0346256387304664
3453.1699	0.0352510196575075
3451.7529	0.0355480061847144
3450.336	0.0348123778877392
3448.919	0.0355648028733391
3447.502	0.0358144370015448
3446.085	0.0362091220663646
3444.6681	0.0359851156244636
3443.2511	0.0367238732339418
3441.8341	0.0370136115306336
3440.4171	0.0370000784820277
3439.0002	0.0369941385528167
3437.5832	0.0370660293814159
3436.1662	0.0380437247112826
3434.7492	0.0386445320876623
3433.3323	0.0378345316359794
3431.9153	0.0384250336397207
3430.4983	0.0386506621380266
3429.0813	0.0383508505019749
3427.6643	0.0384446411648041
3426.2474	0.0390787228513317
3424.8304	0.0394533167837055
3423.4134	0.0394303005502604
3421.9964	0.0390254691688348
3420.5795	0.0392152761907355
3419.1625	0.0395496772555003
3417.7455	0.0399186976928138
3416.3285	0.0398100414062607
3414.9116	0.0405487973061322
3413.4946	0.0402816435688867
3412.0776	0.0401928885056027
3410.6606	0.041221172137857
3409.2437	0.0405872517570278
3407.8267	0.041169675200147
3406.4097	0.0420993383679463
3404.9927	0.041210946292759
3403.5758	0.0414931292798697
3402.1588	0.0419694554277189
3400.7418	0.042454236858546
3399.3248	0.042208112943065
3397.9079	0.0418385449053153
3396.4909	0.0418312238001878
3395.0739	0.042401686620285
3393.6569	0.0430708390507377
3392.24	0.0428350344272531
3390.823	0.0430826524199733
3389.406	0.0431237748783976
3387.989	0.0438381620584496
3386.5721	0.043424494409701
3385.1551	0.0440378279956229
3383.7381	0.0435210199902586
3382.3211	0.044709759879488
3380.9041	0.0440506451038627
3379.4872	0.0440144995951874
3378.0702	0.0442464835210383
3376.6532	0.044477575739864
3375.2362	0.0442610466830662
3373.8193	0.0442118082218968
3372.4023	0.0442572813113072
3370.9853	0.0450452774970072
3369.5683	0.0447276415099285
3368.1514	0.0450118544903158
3366.7344	0.0447781953928208
3365.3174	0.045489864321815
3363.9004	0.0452129153114022
3362.4835	0.0455468304864826
3361.0665	0.0457872339559583
3359.6495	0.0460289594718359
3358.2325	0.0458034284596345
3356.8156	0.0464027960237255
3355.3986	0.0461940317713163
3353.9816	0.0457490360856452
3352.5646	0.0460975733915666
3351.1477	0.0463158832448665
3349.7307	0.0467289891348539
3348.3137	0.0458390783412809
3346.8967	0.0464597257111589
3345.4798	0.0474086935895264
3344.0628	0.0469655257033849
3342.6458	0.0476536210190573
3341.2288	0.0475856417152336
3339.8119	0.0471133208638134
3338.3949	0.0470499573011015
3336.9779	0.0468039045689385
3335.5609	0.0473535507993952
3334.1439	0.0479289987475466
3332.727	0.047013016907148
3331.31	0.0473789680613259
3329.893	0.0479942360398594
3328.476	0.0476746923591998
3327.0591	0.0480577293691317
3325.6421	0.0477087308166151
3324.2251	0.0476669485455807
3322.8081	0.0479778550373307
3321.3912	0.0475411547813766
3319.9742	0.0484618973086078
3318.5572	0.0480902980184366
3317.1402	0.0478695989750267
3315.7233	0.0473997764721814
3314.3063	0.0483417683614607
3312.8893	0.0477119675512325
3311.4723	0.0482446045007346
3310.0554	0.0485639105437536
3308.6384	0.0485171417056306
3307.2214	0.0486224667917464
3305.8044	0.0487210729352557
3304.3875	0.0487134422434184
3302.9705	0.0477346646830444
3301.5535	0.0485583779200698
3300.1365	0.0485492587175795
3298.7196	0.0482629446014125
3297.3026	0.0488019313013399
3295.8856	0.0488294259081548
3294.4686	0.0483203751039986
3293.0517	0.0494533736200008
3291.6347	0.0491367504534728
3290.2177	0.0482841286383894
3288.8007	0.0488071266094343
3287.3837	0.0485021900252356
3285.9668	0.0484380764450697
3284.5498	0.0479021540198374
3283.1328	0.0484913926335638
3281.7158	0.0485494894617827
3280.2989	0.0489155708324806
3278.8819	0.0484577889663052
3277.4649	0.0485914490168592
3276.0479	0.0486596187639532
3274.631	0.0490295978721147
3273.214	0.0487967395071552
3271.797	0.0486878416641759
3270.38	0.0482550710369743
3268.9631	0.0490156328731346
3267.5461	0.0494784720764531
3266.1291	0.0489282326216562
3264.7121	0.0488533931882416
3263.2952	0.0489871432209671
3261.8782	0.04846942703659
3260.4612	0.0487289341237759
3259.0442	0.049423633552091
3257.6273	0.0486060372341713
3256.2103	0.0488421865782046
3254.7933	0.0490304361592318
3253.3763	0.0491160167245551
3251.9594	0.0489530604081286
3250.5424	0.0490673409372399
3249.1254	0.0485184144168809
3247.7084	0.0482502868792258
3246.2915	0.0483133348470667
3244.8745	0.0486510874827717
3243.4575	0.0484966420711521
3242.0405	0.0487022587100189
3240.6235	0.0487548226076001
3239.2066	0.0481821163625227
3237.7896	0.048959110110857
3236.3726	0.0485342049505612
3234.9556	0.0487275172471754
3233.5387	0.048447601902349
3232.1217	0.0483300380185278
3230.7047	0.0480642336036174
3229.2877	0.0486276988769495
3227.8708	0.0475886169602954
3226.4538	0.0484630639942572
3225.0368	0.0477529527508714
3223.6198	0.0477851726747988
3222.2029	0.0475671431615155
3220.7859	0.0486105811273244
3219.3689	0.0478166720168686
3217.9519	0.0471710643505265
3216.535	0.0475245158734209
3215.118	0.0472395408054102
3213.701	0.0479046648182076
3212.284	0.0475922077995342
3210.8671	0.0470037476580486
3209.4501	0.047781157983032
3208.0331	0.0469327071648362
3206.6161	0.047469701643857
3205.1992	0.0472683032807091
3203.7822	0.0464663758288369
3202.3652	0.0466041279042231
3200.9482	0.0465924971686098
3199.5313	0.0467486125320615
3198.1143	0.0463157512303731
3196.6973	0.045859290274314
3195.2803	0.0466093543901178
3193.8633	0.0463192711801114
3192.4464	0.0459686605473227
3191.0294	0.0459810813710806
3189.6124	0.0457858622159892
3188.1954	0.0451920317900785
3186.7785	0.0458840257357138
3185.3615	0.04548774679649
3183.9445	0.0458540337353789
3182.5275	0.0458858534149971
3181.1106	0.0454997401326929
3179.6936	0.0453881448773615
3178.2766	0.044840835721924
3176.8596	0.0447002972191026
3175.4427	0.0452233113407654
3174.0257	0.0444957167017264
3172.6087	0.0444695262244763
3171.1917	0.0446696217621598
3169.7748	0.0442509301874558
3168.3578	0.0445849398676851
3166.9408	0.0432118279590539
3165.5238	0.0442734356636257
3164.1069	0.0439941987605092
3162.6899	0.0438973156384932
3161.2729	0.0438627198474054
3159.8559	0.0437193642637295
3158.439	0.0436055507243739
3157.022	0.0430984016437428
3155.605	0.0430174850707042
3154.188	0.0426054196157068
3152.7711	0.0428842061999594
3151.3541	0.0425474659268007
3149.9371	0.0424882421350022
3148.5201	0.0430993433175982
3147.1031	0.0425443032795582
3145.6862	0.0423379481669738
3144.2692	0.0425119659595792
3142.8522	0.0423326422956044
3141.4352	0.0417282603058829
3140.0183	0.0423865584160542
3138.6013	0.0421466738469321
3137.1843	0.0420694991995148
3135.7673	0.0411368460028412
3134.3504	0.0419377124774286
3132.9334	0.0412582288640293
3131.5164	0.0408616958112034
3130.0994	0.0412017106091016
3128.6825	0.0412126803552909
3127.2655	0.0412728348477022
3125.8485	0.0407604834125536
3124.4315	0.0408813445917972
3123.0146	0.0402575954354234
3121.5976	0.0400169638658248
3120.1806	0.0401430774229745
3118.7636	0.0401276761107481
3117.3467	0.0402196079066772
3115.9297	0.0393281421107261
3114.5127	0.0398355546707598
3113.0957	0.0390158819030745
3111.6788	0.0398422747310809
3110.2618	0.0396241224299688
3108.8448	0.0394022214039371
3107.4278	0.0391885612217215
3106.0109	0.0393663169460777
3104.5939	0.039080263735583
3103.1769	0.0385238405721052
3101.7599	0.0386245540724794
3100.3429	0.0377957274571577
3098.926	0.0381103360206026
3097.509	0.0377692602627889
3096.092	0.0380734775582148
3094.675	0.0381644204850793
3093.2581	0.037277947089243
3091.8411	0.0375657980924434
3090.4241	0.0368702453996908
3089.0071	0.0372772378742953
3087.5902	0.0366158003883889
3086.1732	0.037189156148144
3084.7562	0.0375621421937088
3083.3392	0.0367811670373934
3081.9223	0.0367505847473703
3080.5053	0.0368387563471587
3079.0883	0.0371360677077188
3077.6713	0.0363354654186944
3076.2544	0.03637131806118
3074.8374	0.0359664389305108
3073.4204	0.0360785905826029
3072.0034	0.0359738832770304
3070.5865	0.036295518743145
3069.1695	0.0362858543333311
3067.7525	0.0360293224763753
3066.3355	0.0358015452232096
3064.9186	0.036049680517061
3063.5016	0.0350831059991378
3062.0846	0.0348806698171662
3060.6676	0.0343497069594713
3059.2507	0.0343278674364789
3057.8337	0.0347375827688178
3056.4167	0.0343455663579865
3054.9997	0.0346213889571701
3053.5827	0.0341773469070036
3052.1658	0.034448812013821
3050.7488	0.0339396792789502
3049.3318	0.0341117301656237
3047.9148	0.0340314377034346
3046.4979	0.033716425796069
3045.0809	0.0328154654701584
3043.6639	0.0342062990470723
3042.2469	0.0329870768821452
3040.83	0.0334904031936568
3039.413	0.0330916106434878
3037.996	0.0332091693348047
3036.579	0.0328665157876492
3035.1621	0.0325373883939628
3033.7451	0.0327635132206354
3032.3281	0.0330362706324489
3030.9111	0.0328658403657549
3029.4942	0.0321062654554879
3028.0772	0.0323747984575397
3026.6602	0.0323039326342951
3025.2432	0.0319260531920822
3023.8263	0.032220185167844
3022.4093	0.0326479797904369
3020.9923	0.0323408356306094
3019.5753	0.0314493981869051
3018.1584	0.032102361901873
3016.7414	0.0320465781432994
3015.3244	0.0316485793379529
3013.9074	0.031726690343991
3012.4905	0.0314812430461846
3011.0735	0.0317343061961345
3009.6565	0.0317037416827533
3008.2395	0.031461645405067
3006.8225	0.0308615798917899
3005.4056	0.0316691537395973
3003.9886	0.0316405725002178
3002.5716	0.0314941082596153
3001.1546	0.0310268948836185
2999.7377	0.03100544930256
2998.3207	0.0310821988497947
2996.9037	0.0311232895769505
2995.4867	0.0308894376032373
2994.0698	0.0312124373325163
2992.6528	0.0307504414331905
2991.2358	0.0315536243131
2989.8188	0.0307698249355726
2988.4019	0.0307549445385136
2986.9849	0.0309769282887509
2985.5679	0.0310349879205509
2984.1509	0.0308863030329857
2982.734	0.0311818486039694
2981.317	0.0314089230955359
2979.9	0.0314682301561174
2978.483	0.0316343047431627
2977.0661	0.0310798016641456
2975.6491	0.0311339963107751
2974.2321	0.0315756296553274
2972.8151	0.031809048046809
2971.3982	0.0318312796751332
2969.9812	0.0318170574380271
2968.5642	0.0317378818974197
2967.1472	0.0323677760655471
2965.7303	0.0325688594121084
2964.3133	0.0332243471596732
2962.8963	0.0328548847176105
2961.4793	0.033251217913523
2960.0623	0.0330480743759129
2958.6454	0.033347884381751
2957.2284	0.0332833075779741
2955.8114	0.0342192102675141
2954.3944	0.0332337438005117
2952.9775	0.0342443935364179
2951.5605	0.033727133689525
2950.1435	0.0346892075263499
2948.7265	0.034666059359155
2947.3096	0.0345123257801455
2945.8926	0.0349791875698279
2944.4756	0.0356799617074844
2943.0586	0.0370684397557574
2941.6417	0.0360367553933198
2940.2247	0.0364640356593269
2938.8077	0.0369768350479049
2937.3907	0.0369733466995238
2935.9738	0.037310383403126
2934.5568	0.0371487066893523
2933.1398	0.0376387962014912
2931.7228	0.0379944539762479
2930.3059	0.0380818195206114
2928.8889	0.0388036278741506
2927.4719	0.0380572838429856
2926.0549	0.0387710260527421
2924.638	0.0395092951429434
2923.221	0.0389836535776091
2921.804	0.0388275942399297
2920.387	0.0390378925577819
2918.9701	0.0390326284733981
2917.5531	0.038263336703709
2916.1361	0.0388470337504316
2914.7191	0.038616780281092
2913.3021	0.0386771543009332
2911.8852	0.0383026144437072
2910.4682	0.0379476949053933
2909.0512	0.0374074801670221
2907.6342	0.0383208282302316
2906.2173	0.0377405915394294
2904.8003	0.0376972251418618
2903.3833	0.0372900534903408
2901.9663	0.0376545853064045
2900.5494	0.0377638021722721
2899.1324	0.0374839234458752
2897.7154	0.0375931871560214
2896.2984	0.0373930059733643
2894.8815	0.0373487597417836
2893.4645	0.0371003829325452
2892.0475	0.0370815608569349
2890.6305	0.0375276328529221
2889.2136	0.0369900470793283
2887.7966	0.0369025780183259
2886.3796	0.037157042487328
2884.9626	0.0372463098862647
2883.5457	0.037642177397066
2882.1287	0.0366676223915429
2880.7117	0.0372977933023424
2879.2947	0.0359462982440417
2877.8778	0.0360725368952281
2876.4608	0.0362730576048953
2875.0438	0.0366270130001849
2873.6268	0.0360318980869484
2872.2099	0.0368001521154752
2870.7929	0.0358077510274258
2869.3759	0.0353835804914477
2867.9589	0.0353759297665136
2866.5419	0.0354042320086008
2865.125	0.0356594040842587
2863.708	0.0350097274941255
2862.291	0.0351178331545232
2860.874	0.0348801902788633
2859.4571	0.0348635629324623
2858.0401	0.03482542128684
2856.6231	0.0347157680570168
2855.2061	0.0346764842006795
2853.7892	0.0343850055500328
2852.3722	0.0338206046675608
2850.9552	0.033937193052239
2849.5382	0.0339537816594952
2848.1213	0.0337187934604272
2846.7043	0.0338361152980899
2845.2873	0.0335538558521153
2843.8703	0.0326394813522265
2842.4534	0.033586627789099
2841.0364	0.0323896216744546
2839.6194	0.0328975291147459
2838.2024	0.0329526313487172
2836.7855	0.0328525026700665
2835.3685	0.0328162935650909
2833.9515	0.0324113199550349
2832.5345	0.0317100330493796
2831.1176	0.0318705275207974
2829.7006	0.0322115478356924
2828.2836	0.0319124555729678
2826.8666	0.0322221429980294
2825.4497	0.0311104271969034
2824.0327	0.0314810699908302
2822.6157	0.0313377161423684
2821.1987	0.030830524737722
2819.7817	0.030645383332525
2818.3648	0.0314827094239317
2816.9478	0.0307053984716799
2815.5308	0.0306792560344616
2814.1138	0.0308328496866572
2812.6969	0.0305489616013193
2811.2799	0.0306071015817859
2809.8629	0.0301203018168295
2808.4459	0.0301313635302066
2807.029	0.0305351483331967
2805.612	0.0303903558445755
2804.195	0.0303224313340371
2802.778	0.0304211586403918
2801.3611	0.0307287421198624
2799.9441	0.0303100047570769
2798.5271	0.0296240186614339
2797.1101	0.0300324512565083
2795.6932	0.0297159236050606
2794.2762	0.0298150174347715
2792.8592	0.030388331774288
2791.4422	0.0293530252805142
2790.0253	0.0299069312883793
2788.6083	0.0296497624221607
2787.1913	0.0294416826741093
2785.7743	0.0293602966443455
2784.3574	0.0292113660423502
2782.9404	0.0290589761374437
2781.5234	0.0294301896479638
2780.1064	0.0294801434643049
2778.6895	0.0286547676229672
2777.2725	0.0291786039877421
2775.8555	0.0294179612699703
2774.4385	0.0290101509221798
2773.0215	0.0290579658370814
2771.6046	0.0289537241793164
2770.1876	0.0286488643728863
2768.7706	0.029041214114914
2767.3536	0.0291872508949222
2765.9367	0.0283389034747642
2764.5197	0.0284178771381554
2763.1027	0.0286586382260373
2761.6857	0.0283116380409069
2760.2688	0.0284750492351627
2758.8518	0.0276105020271453
2757.4348	0.0281830507714535
2756.0178	0.0286092270380713
2754.6009	0.0283037410790444
2753.1839	0.0286453269124
2751.7669	0.0282541832571197
2750.3499	0.0285179999242694
2748.933	0.0287711084114384
2747.516	0.0285931485767515
2746.099	0.029151095520808
2744.682	0.0281748740578809
2743.2651	0.0281034649604576
2741.8481	0.0284423136750995
2740.4311	0.0283162918942617
2739.0141	0.0279679311530982
2737.5972	0.0284078998794672
2736.1802	0.0283935301915621
2734.7632	0.0284080434283569
2733.3462	0.028140869267332
2731.9293	0.0282890380879687
2730.5123	0.027868846364891
2729.0953	0.0279027934208257
2727.6783	0.0279037581269097
2726.2613	0.0279479626260818
2724.8444	0.0281702203853751
2723.4274	0.0275380295582636
2722.0104	0.0276786565083562
2720.5934	0.0280450675262045
2719.1765	0.0284092549973275
2717.7595	0.0276963911338217
2716.3425	0.0275885915012188
2714.9255	0.0274889885254988
2713.5086	0.0278764371788484
2712.0916	0.027807613861851
2710.6746	0.027880789349268
2709.2576	0.0279198289018184
2707.8407	0.0277521574939894
2706.4237	0.0273962772437332
2705.0067	0.0278360657403726
2703.5897	0.0267752914339524
2702.1728	0.0280090610206137
2700.7558	0.0274975567861716
2699.3388	0.0278829557712644
2697.9218	0.0273547234844244
2696.5049	0.0271155916822219
2695.0879	0.0268786605512323
2693.6709	0.0278989003150101
2692.2539	0.0284113833848583
2690.837	0.0277408400987311
2689.42	0.0273310556942124
2688.003	0.0273278651049642
2686.586	0.027079862030955
2685.1691	0.0280320075752592
2683.7521	0.0271995894936518
2682.3351	0.0269768723837765
2680.9181	0.0268726655188463
2679.5011	0.0272907141968524
2678.0842	0.0272354097781603
2676.6672	0.0270325560728598
2675.2502	0.0269563309049996
2673.8332	0.0267214195909725
2672.4163	0.0268486727019046
2670.9993	0.0269811017474161
2669.5823	0.0264032923840566
2668.1653	0.0265511794060347
2666.7484	0.0272010540001009
2665.3314	0.0265195485239054
2663.9144	0.0265374322301006
2662.4974	0.0274267902643161
2661.0805	0.0268817504779284
2659.6635	0.0274140055145212
2658.2465	0.0269671982156474
2656.8295	0.0266224425618655
2655.4126	0.0265773685528079
2653.9956	0.0268895214366128
2652.5786	0.0267049906528416
2651.1616	0.0269202827828719
2649.7447	0.0265440563356052
2648.3277	0.0268396926380756
2646.9107	0.0263613431431904
2645.4937	0.026018356785562
2644.0768	0.0260205203907748
2642.6598	0.0268226300311466
2641.2428	0.0267825650525908
2639.8258	0.026640533954677
2638.4089	0.0260300920195141
2636.9919	0.0254885867658697
2635.5749	0.0261438259474516
2634.1579	0.0260461726180161
2632.741	0.0259770862078567
2631.324	0.0259279098826402
2629.907	0.0258829341249738
2628.49	0.0257247197210078
2627.073	0.0259130155880943
2625.6561	0.0259102651985306
2624.2391	0.0256307284477456
2622.8221	0.0255331861109429
2621.4051	0.0251098446545834
2619.9882	0.0257024235543032
2618.5712	0.0256233157246313
2617.1542	0.0253290584615858
2615.7372	0.0254906995584222
2614.3203	0.0246449532712919
2612.9033	0.0252792046605089
2611.4863	0.0248167015950382
2610.0693	0.0249912124860086
2608.6524	0.025016495114944
2607.2354	0.0252752387829146
2605.8184	0.0257952946330499
2604.4014	0.0249401496753603
2602.9845	0.0253499975869231
2601.5675	0.0252623266357824
2600.1505	0.0249403897178352
2598.7335	0.0251301009036553
2597.3166	0.0247093908541359
2595.8996	0.0249493975426892
2594.4826	0.0243907720908066
2593.0656	0.0248475707765953
2591.6487	0.0248013130115956
2590.2317	0.0244285665934022
2588.8147	0.0248255695766832
2587.3977	0.0244094839219793
2585.9808	0.0237216206771906
2584.5638	0.0245557443840391
2583.1468	0.0249102086570388
2581.7298	0.024495984162702
2580.3128	0.0244513221514163
2578.8959	0.0243771937875106
2577.4789	0.0252916197585812
2576.0619	0.0251388028301075
2574.6449	0.0243983809438296
2573.228	0.024639061779966
2571.811	0.024002777489721
2570.394	0.024053149876773
2568.977	0.0247789078064185
2567.5601	0.0240225607739025
2566.1431	0.0242735630816259
2564.7261	0.0239865545583904
2563.3091	0.024737202443589
2561.8922	0.023935120032864
2560.4752	0.0240081014294758
2559.0582	0.0239533249026766
2557.6412	0.024138258872674
2556.2243	0.0239483285510692
2554.8073	0.0237632413693239
2553.3903	0.0236892900820506
2551.9733	0.0236748523920084
2550.5564	0.0232747695192909
2549.1394	0.0238038489312142
2547.7224	0.0235738040599759
2546.3054	0.023835915270763
2544.8885	0.0242690953962735
2543.4715	0.0241544788017437
2542.0545	0.0240930612603454
2540.6375	0.0233139838617497
2539.2206	0.0229937154279103
2537.8036	0.0233173976258308
2536.3866	0.0238316302175168
2534.9696	0.0233021515677116
2533.5526	0.023451518586875
2532.1357	0.0239264917991323
2530.7187	0.0236550119245238
2529.3017	0.0235284720753566
2527.8847	0.0233018092476894
2526.4678	0.0232666831500733
2525.0508	0.0235137720118123
2523.6338	0.0234547763926823
2522.2168	0.023498743337995
2520.7999	0.0233346066780893
2519.3829	0.0230867855865127
2517.9659	0.0233371398388966
2516.5489	0.0232037428101858
2515.132	0.023059877370373
2513.715	0.0234752519875304
2512.298	0.0232547380379574
2510.881	0.0236305116200067
2509.4641	0.0233555540679341
2508.0471	0.0233645052209111
2506.6301	0.0226215058942537
2505.2131	0.0233456735848056
2503.7962	0.0227370756132983
2502.3792	0.0231767205968272
2500.9622	0.0228027063007069
2499.5452	0.0234916487500635
2498.1283	0.0230919166484294
2496.7113	0.0233000831720903
2495.2943	0.0231082015877204
2493.8773	0.0224987326799089
2492.4604	0.0229949429785791
2491.0434	0.0232708510360753
2489.6264	0.023001824655451
2488.2094	0.0227778223340054
2486.7924	0.0224075152821177
2485.3755	0.0231367981712319
2483.9585	0.0227633428900639
2482.5415	0.0230805011275441
2481.1245	0.0223981395058121
2479.7076	0.0226411698411163
2478.2906	0.0227934457433787
2476.8736	0.0225870635734925
2475.4566	0.0227005248123538
2474.0397	0.0218999158391976
2472.6227	0.0225701544432281
2471.2057	0.022545063371646
2469.7887	0.0219537359866824
2468.3718	0.0234251470935914
2466.9548	0.0225958135822366
2465.5378	0.0226252781175433
2464.1208	0.0231217670634619
2462.7039	0.0222524484098131
2461.2869	0.0228066673818852
2459.8699	0.0226530373306329
2458.4529	0.022815188298978
2457.036	0.0225455569395526
2455.619	0.0224434579694146
2454.202	0.0230764377187991
2452.785	0.0228304355691299
2451.3681	0.0227106386361666
2449.9511	0.0223321817675593
2448.5341	0.0220754658586453
2447.1171	0.0220718037930222
2445.7002	0.0223179671107868
2444.2832	0.0221879907800545
2442.8662	0.0212065799809453
2441.4492	0.0226383515906268
2440.0322	0.0227717013150437
2438.6153	0.0220469763909994
2437.1983	0.0219356433864882
2435.7813	0.0220072375066471
2434.3643	0.022280355937401
2432.9474	0.0223252544671801
2431.5304	0.0222517356716797
2430.1134	0.0222984358526643
2428.6964	0.0221584053244981
2427.2795	0.0224928669629734
2425.8625	0.0222319835148951
2424.4455	0.0219072138308364
2423.0285	0.0218822143031409
2421.6116	0.0211503218838248
2420.1946	0.0220121586386516
2418.7776	0.0217761532087547
2417.3606	0.0216251839818851
2415.9437	0.0216174811667539
2414.5267	0.021924399786413
2413.1097	0.0218218453159978
2411.6927	0.0215572059826378
2410.2758	0.0212963526565039
2408.8588	0.0222421180316469
2407.4418	0.0213371770716375
2406.0248	0.0219920321747079
2404.6079	0.0216694547224969
2403.1909	0.0219108930791716
2401.7739	0.0213016385395349
2400.3569	0.0215816830570767
2398.94	0.0217877582356778
2397.523	0.021970742891669
2396.106	0.021792805765789
2394.689	0.0211747731388884
2393.272	0.0213184416663084
2391.8551	0.0213175693683717
2390.4381	0.0217594808321572
2389.0211	0.0209891778935085
2387.6041	0.021459984119143
2386.1872	0.0216541459457448
2384.7702	0.0213264644520153
2383.3532	0.0216310658481348
2381.9362	0.021108823089683
2380.5193	0.0212934475188893
2379.1023	0.0212701151770546
2377.6853	0.0224493882663812
2376.2683	0.0212132089541071
2374.8514	0.0215921921428974
2373.4344	0.0216596572383976
2372.0174	0.021587951053588
2370.6004	0.0212634947252771
2369.1835	0.0207240606642248
2367.7665	0.0213128114069254
2366.3495	0.0212966476253942
2364.9325	0.0207164179182048
2363.5156	0.0216502436409236
2362.0986	0.021195101675841
2360.6816	0.0209819550382804
2359.2646	0.0210341910796803
2357.8477	0.0212986754654438
2356.4307	0.0215868353258999
2355.0137	0.0217575461269237
2353.5967	0.0215253193173736
2352.1798	0.0211151530669526
2350.7628	0.0216895846511049
2349.3458	0.0204588447614171
2347.9288	0.0213642607423367
2346.5118	0.0215463454379719
2345.0949	0.0215556828404331
2343.6779	0.020953586889194
2342.2609	0.0208025197197849
2340.8439	0.0210884076736132
2339.427	0.0209162289652886
2338.01	0.020879356934463
2336.593	0.0208996411272562
2335.176	0.0209947284507055
2333.7591	0.0211502325250724
2332.3421	0.0217599446964438
2330.9251	0.0214441090338788
2329.5081	0.0211920563059281
2328.0912	0.0209570386661725
2326.6742	0.0210507486725959
2325.2572	0.0217556418898887
2323.8402	0.0214692475461438
2322.4233	0.0215434523031428
2321.0063	0.0219614458107542
2319.5893	0.0215700871072679
2318.1723	0.0216310330459629
2316.7554	0.0211269193696754
2315.3384	0.0209106776691387
2313.9214	0.0206680465425723
2312.5044	0.0211668521263206
2311.0875	0.0214193324691145
2309.6705	0.0212730160369297
2308.2535	0.0213021219794478
2306.8365	0.0215731555797025
2305.4196	0.0213396242421457
2304.0026	0.0208405046822688
2302.5856	0.021095958233844
2301.1686	0.0209625828026252
2299.7516	0.021188202844012
2298.3347	0.0207450406244483
2296.9177	0.0210018515950146
2295.5007	0.0211434062631267
2294.0837	0.0210018157511
2292.6668	0.0210171663734516
2291.2498	0.0207240013018592
2289.8328	0.0214026538349922
2288.4158	0.0208497642990582
2286.9989	0.0216024794633227
2285.5819	0.0216251134985033
2284.1649	0.0213924741075265
2282.7479	0.0211033129831059
2281.331	0.0207840471305229
2279.914	0.0207487163834102
2278.497	0.0206741077948745
2277.08	0.0208536228139116
2275.6631	0.0204974827065859
2274.2461	0.0201758896449275
2272.8291	0.0205314958577276
2271.4121	0.0204697556101011
2269.9952	0.0208583277651347
2268.5782	0.020740349714873
2267.1612	0.0203149821240311
2265.7442	0.0198929968638357
2264.3273	0.019961752977579
2262.9103	0.0202984267153275
2261.4933	0.0196253290817709
2260.0763	0.0206742093388355
2258.6594	0.0196756166419075
2257.2424	0.0210001147729866
2255.8254	0.0209695397609799
2254.4084	0.0209234455772365
2252.9914	0.0205753110176955
2251.5745	0.0200924045184621
2250.1575	0.0193374898255086
2248.7405	0.0197586125423066
2247.3235	0.0196543194017708
2245.9066	0.0204880451954827
2244.4896	0.0196776079068809
2243.0726	0.0203748188122888
2241.6556	0.0202693365891615
2240.2387	0.0194184876408696
2238.8217	0.019517834805381
2237.4047	0.0194559364284082
2235.9877	0.0201901607874196
2234.5708	0.0201456032009005
2233.1538	0.0194883013234686
2231.7368	0.019239035578209
2230.3198	0.0195170811895712
2228.9029	0.0197609256967489
2227.4859	0.0198337079411886
2226.0689	0.019520888536933
2224.6519	0.0198203740140746
2223.235	0.0198433376690558
2221.818	0.0197374427493299
2220.401	0.0199131576265247
2218.984	0.0197549595014025
2217.5671	0.0194134837705977
2216.1501	0.0197346874264434
2214.7331	0.0197875858423525
2213.3161	0.019718425430167
2211.8992	0.01958171226195
2210.4822	0.0199608503382584
2209.0652	0.0200235105629371
2207.6482	0.0201949137943973
2206.2312	0.019383428192673
2204.8143	0.0192741509707915
2203.3973	0.0196368881779172
2201.9803	0.0196503961515122
2200.5633	0.0195634052524834
2199.1464	0.0196629078418691
2197.7294	0.0195021948908531
2196.3124	0.0191494804408503
2194.8954	0.019702706468598
2193.4785	0.0199039429382309
2192.0615	0.0197035248832578
2190.6445	0.0189393351828209
2189.2275	0.018995284886199
2187.8106	0.0192713478173689
2186.3936	0.0196489129630532
2184.9766	0.0197444205912159
2183.5596	0.0193356547974729
2182.1427	0.0197270049594361
2180.7257	0.0192723773759014
2179.3087	0.0188177097826683
2177.8917	0.0187979494607503
2176.4748	0.0193055443206575
2175.0578	0.0194233562189149
2173.6408	0.0198712411663797
2172.2238	0.0193720973758408
2170.8069	0.0199629151507072
2169.3899	0.0190635701781319
2167.9729	0.0194613191413949
2166.5559	0.0193459004222429
2165.139	0.0195098773238286
2163.722	0.0197773167227152
2162.305	0.0196542541287053
2160.888	0.0192427128900565
2159.471	0.0181443262952767
2158.0541	0.0167752452230575
2156.6371	0.0167286098115562
2155.2201	0.0172502635806725
2153.8031	0.017268382327641
2152.3862	0.0181579145085179
2150.9692	0.0178489637556159
2149.5522	0.0186180654487637
2148.1352	0.0187087918782551
2146.7183	0.0181878061858009
2145.3013	0.0183976661908215
2143.8843	0.0186186878809786
2142.4673	0.018571774127922
2141.0504	0.0184254735078758
2139.6334	0.0187447947766686
2138.2164	0.0181511171734096
2136.7994	0.018354703878972
2135.3825	0.0174817784529621
2133.9655	0.0180990848679541
2132.5485	0.0175280184174051
2131.1315	0.0184018443135833
2129.7146	0.0179369315044021
2128.2976	0.0185368333816513
2126.8806	0.0180330586004396
2125.4636	0.0183893623829613
2124.0467	0.0188961129772358
2122.6297	0.019200319914463
2121.2127	0.0193704540789446
2119.7957	0.0189341532552261
2118.3788	0.0189165592487721
2116.9618	0.0194177764212952
2115.5448	0.0195603426879379
2114.1278	0.0194590282774835
2112.7108	0.019365397169371
2111.2939	0.0192710176112366
2109.8769	0.0193132203278114
2108.4599	0.019253212232009
2107.0429	0.0187569599075767
2105.626	0.0193405808698478
2104.209	0.018835218219129
2102.792	0.0195520977947101
2101.375	0.0196457272492321
2099.9581	0.018875789334535
2098.5411	0.0188061623629045
2097.1241	0.0190907326751165
2095.7071	0.0186200380051497
2094.2902	0.0186967171041012
2092.8732	0.0189320553734791
2091.4562	0.0185724575458754
2090.0392	0.0187917613566163
2088.6223	0.0189142911079234
2087.2053	0.019111650051072
2085.7883	0.018831399064941
2084.3713	0.0191774243128099
2082.9544	0.0185302757783222
2081.5374	0.019156739727954
2080.1204	0.0192411234924012
2078.7034	0.0194832589037926
2077.2865	0.0190329395821417
2075.8695	0.0187847763031967
2074.4525	0.0192107799378296
2073.0355	0.0187569284242992
2071.6186	0.0191522617069988
2070.2016	0.0186997660851305
2068.7846	0.0189771821892674
2067.3676	0.0182816907589855
2065.9506	0.0188319761623396
2064.5337	0.0187282001521003
2063.1167	0.0189824047495027
2061.6997	0.0184900156804297
2060.2827	0.018176934448025
2058.8658	0.0181884945291856
2057.4488	0.0184875151148322
2056.0318	0.0179586283541026
2054.6148	0.0184622117478107
2053.1979	0.0187554460748031
2051.7809	0.0186439340880663
2050.3639	0.0186104235548885
2048.9469	0.0178732751685732
2047.53	0.0186092604134421
2046.113	0.0178620290157879
2044.696	0.0177968152833174
2043.279	0.0178122584456728
2041.8621	0.0174754530262231
2040.4451	0.0182635381155161
2039.0281	0.017373412749701
2037.6111	0.0178817379628215
2036.1942	0.0178367412044373
2034.7772	0.0177423593513477
2033.3602	0.0181323227916563
2031.9432	0.0176328508553746
2030.5263	0.0174457396950136
2029.1093	0.0175005124638162
2027.6923	0.0173306214711587
2026.2753	0.0161686372985991
2024.8584	0.0171782560702737
2023.4414	0.0170100997593309
2022.0244	0.0163177487184047
2020.6074	0.0166111722757522
2019.1904	0.0164157666878802
2017.7735	0.0162931128191608
2016.3565	0.0162004348693332
2014.9395	0.0162066063615343
2013.5225	0.0162767641272979
2012.1056	0.0153819355043742
2010.6886	0.0150634980489823
2009.2716	0.0158512382788697
2007.8546	0.0156321459777654
2006.4377	0.0159432156514137
2005.0207	0.0157551901728738
2003.6037	0.0161606655958647
2002.1867	0.0160354441952949
2000.7698	0.0158210095126545
1999.3528	0.0162891126073748
1997.9358	0.0156410768846149
1996.5188	0.0164722394207742
1995.1019	0.0168822267783857
1993.6849	0.0168789884520642
1992.2679	0.0166005355268163
1990.8509	0.0168771860225645
1989.434	0.0167080526574783
1988.017	0.0165046746522297
1986.6	0.0168243649963092
1985.183	0.017313814752676
1983.7661	0.0166820527897339
1982.3491	0.0176778427610218
1980.9321	0.017702825705925
1979.5151	0.0166411885863779
1978.0982	0.0159861915831408
1976.6812	0.0158025227675295
1975.2642	0.0153887615740044
1973.8472	0.0156004080835119
1972.4302	0.0157399081578305
1971.0133	0.0157533250683729
1969.5963	0.0157003381798282
1968.1793	0.0162869413618334
1966.7623	0.0166485152088882
1965.3454	0.0166304744955862
1963.9284	0.0163140368437971
1962.5114	0.0166749429152331
1961.0944	0.0162280124030352
1959.6775	0.016332977024111
1958.2605	0.0159478109047272
1956.8435	0.0162855888330017
1955.4265	0.0158347725284303
1954.0096	0.0160304312222535
1952.5926	0.0161159793291936
1951.1756	0.0164666037445095
1949.7586	0.0164941284859906
1948.3417	0.0164394493065983
1946.9247	0.0169541178845572
1945.5077	0.0165528859899947
1944.0907	0.0167110840838801
1942.6738	0.0167513470907283
1941.2568	0.0167491982958991
1939.8398	0.0169059501242905
1938.4228	0.0174584867908903
1937.0059	0.0167432682367892
1935.5889	0.0168235514230331
1934.1719	0.0170419999609857
1932.7549	0.0165729921836911
1931.338	0.0162172369904407
1929.921	0.0171393412448234
1928.504	0.0163129977512189
1927.087	0.0164035273043785
1925.67	0.0164193529180784
1924.2531	0.0170348542163486
1922.8361	0.0170819882610415
1921.4191	0.0171815878760954
1920.0021	0.0178087707372514
1918.5852	0.0176351556942998
1917.1682	0.0175567460462757
1915.7512	0.0174816338749918
1914.3342	0.0172569586798652
1912.9173	0.0171262673869765
1911.5003	0.0169369609690136
1910.0833	0.0169942247844554
1908.6663	0.0177795938140497
1907.2494	0.0176882885894933
1905.8324	0.017387982528473
1904.4154	0.0178117123939289
1902.9984	0.0180111868404028
1901.5815	0.0172821935916401
1900.1645	0.0178203052792221
1898.7475	0.0176596687044086
1897.3305	0.0175094984626338
1895.9136	0.0180421745629011
1894.4966	0.0174053849629714
1893.0796	0.0177024598845771
1891.6626	0.0178208107899207
1890.2457	0.017810732530098
1888.8287	0.0171965601501351
1887.4117	0.0172819758198985
1885.9947	0.0178151793654039
1884.5778	0.0172332458220625
1883.1608	0.0180272966372431
1881.7438	0.0172840082192421
1880.3268	0.0176022749172752
1878.9098	0.0172110639513344
1877.4929	0.0171838794380623
1876.0759	0.017148173540725
1874.6589	0.016814780342931
1873.2419	0.0173312724451667
1871.825	0.017628965860051
1870.408	0.0179869501772036
1868.991	0.0175729265196009
1867.574	0.0177528660413646
1866.1571	0.0175146913381761
1864.7401	0.0182017499677384
1863.3231	0.0170308691721196
1861.9061	0.0180028208988241
1860.4892	0.0171407652442946
1859.0722	0.0169938904399571
1857.6552	0.0175149369383332
1856.2382	0.0168445081886194
1854.8213	0.0170105142779869
1853.4043	0.0174661327205758
1851.9873	0.0174430747055706
1850.5703	0.0172433859947907
1849.1534	0.017046786799825
1847.7364	0.0173970274390104
1846.3194	0.017288546240638
1844.9024	0.0169108398951413
1843.4855	0.0180678222792094
1842.0685	0.0179060806068317
1840.6515	0.0173038412408946
1839.2345	0.0171070371169367
1837.8176	0.0161045163801851
1836.4006	0.0170585823272479
1834.9836	0.0170574944236897
1833.5666	0.0169705704306851
1832.1496	0.0176534805540718
1830.7327	0.0173576262532784
1829.3157	0.0174093731133264
1827.8987	0.0169872131692141
1826.4817	0.0171421144196435
1825.0648	0.017820474012158
1823.6478	0.0173811515465793
1822.2308	0.0160920832229701
1820.8138	0.0178540512359323
1819.3969	0.0169065229378567
1817.9799	0.0166771921599682
1816.5629	0.0164226144961563
1815.1459	0.0168407516781753
1813.729	0.0171889594910582
1812.312	0.0167104461710976
1810.895	0.0171968014685185
1809.478	0.0168909822928468
1808.0611	0.0170364214718773
1806.6441	0.0176366755956655
1805.2271	0.0171597764574766
1803.8101	0.0169762764696321
1802.3932	0.0172691479326231
1800.9762	0.0166567399234281
1799.5592	0.0168692377364536
1798.1422	0.0168576456440203
1796.7253	0.0174581028431672
1795.3083	0.0164853191249414
1793.8913	0.0169660516964099
1792.4743	0.0176935267684685
1791.0574	0.0172932194962363
1789.6404	0.017860765984837
1788.2234	0.0174518419482044
1786.8064	0.0170485422641846
1785.3894	0.0176231442732739
1783.9725	0.0170972872781542
1782.5555	0.0172332356291861
1781.1385	0.0172300366529151
1779.7215	0.0171380508379242
1778.3046	0.0179110991431367
1776.8876	0.017525382801782
1775.4706	0.0173308625136878
1774.0536	0.0167682613023503
1772.6367	0.0171828007926184
1771.2197	0.0171556843209716
1769.8027	0.017430726339514
1768.3857	0.0171201648967793
1766.9688	0.0173642061821591
1765.5518	0.0175846135106849
1764.1348	0.0176647726161712
1762.7178	0.0178702164576455
1761.3009	0.017789972481291
1759.8839	0.0177878783031224
1758.4669	0.0183209872859965
1757.0499	0.0185286628879203
1755.633	0.0182659024007062
1754.216	0.0180702789944633
1752.799	0.0175684596017625
1751.382	0.0182085928491548
1749.9651	0.0186641734841304
1748.5481	0.0181485334802578
1747.1311	0.0181011801087585
1745.7141	0.0181567513714595
1744.2972	0.0187946895310135
1742.8802	0.0188532606304339
1741.4632	0.0191209696989213
1740.0462	0.0187033117259148
1738.6292	0.0195771122385347
1737.2123	0.0191091536620633
1735.7953	0.019673629721735
1734.3783	0.0200326009249029
1732.9613	0.0201946989470105
1731.5444	0.0198614282425162
1730.1274	0.0206894932878355
1728.7104	0.0205808102826615
1727.2934	0.0206171136559382
1725.8765	0.0209473451678464
1724.4595	0.0211951388670851
1723.0425	0.0206315951182231
1721.6255	0.0208545295476365
1720.2086	0.0212331998774926
1718.7916	0.0205637636768536
1717.3746	0.0214697146549968
1715.9576	0.0221894653839458
1714.5407	0.0221827379938268
1713.1237	0.0217834350227796
1711.7067	0.022692181748598
1710.2897	0.0225807610710823
1708.8728	0.0222930735979951
1707.4558	0.0230697552111914
1706.0388	0.0232342913229051
1704.6218	0.0229431475809056
1703.2049	0.0232298343819214
1701.7879	0.0237044815246767
1700.3709	0.0234075914823202
1698.9539	0.0234359026978118
1697.537	0.023282205988821
1696.12	0.0237569938521858
1694.703	0.0240946054052366
1693.286	0.0242822001938323
1691.869	0.0234236943687341
1690.4521	0.0241037835288463
1689.0351	0.0236048852682381
1687.6181	0.0243594536414804
1686.2011	0.0242099071168223
1684.7842	0.0239378775346501
1683.3672	0.0247744521615602
1681.9502	0.0251141767938186
1680.5332	0.0245344476344331
1679.1163	0.024326419923294
1677.6993	0.0241549375374926
1676.2823	0.0247478379420737
1674.8653	0.0249819358498793
1673.4484	0.024585115932114
1672.0314	0.0246429680071572
1670.6144	0.025050098167679
1669.1974	0.0251205535247457
1667.7805	0.0256068641088929
1666.3635	0.0260260130926678
1664.9465	0.0255264258578042
1663.5295	0.0257519245682835
1662.1126	0.026417753506336
1660.6956	0.0259772155815107
1659.2786	0.0264414307453372
1657.8616	0.0263871360320268
1656.4447	0.0267450684964374
1655.0277	0.0269050333428558
1653.6107	0.0273342714237784
1652.1937	0.0278962276316191
1650.7768	0.0284579493301236
1649.3598	0.0279013446408652
1647.9428	0.0284344501365061
1646.5258	0.0292333560390302
1645.1088	0.0291193906356306
1643.6919	0.0298692233457772
1642.2749	0.0298972322704962
1640.8579	0.0314890661692693
1639.4409	0.0310166154241112
1638.024	0.0317086715375085
1636.607	0.0319675665646673
1635.19	0.033014580507002
1633.773	0.0332150614555355
1632.3561	0.0335923389428883
1630.9391	0.0335885738511358
1629.5221	0.0341801994934721
1628.1051	0.0338581235616321
1626.6882	0.0349276103818057
1625.2712	0.0346799405937875
1623.8542	0.0349966774657377
1622.4372	0.0358845239120554
1621.0203	0.0357963043502194
1619.6033	0.0354980732149496
1618.1863	0.03643669394826
1616.7693	0.0362274369751042
1615.3524	0.0369514620210005
1613.9354	0.0367974502922561
1612.5184	0.037043397692095
1611.1014	0.0374994407851441
1609.6845	0.0380438866249541
1608.2675	0.0378123870132734
1606.8505	0.0384662619379477
1605.4335	0.0388702798468769
1604.0166	0.039266683779687
1602.5996	0.03976270064128
1601.1826	0.0400827632858118
1599.7656	0.0400905863055352
1598.3486	0.0394363193906394
1596.9317	0.0395080167676892
1595.5147	0.0396711826530129
1594.0977	0.0401720215879413
1592.6807	0.0400500414237166
1591.2638	0.038975063736781
1589.8468	0.0389902145955791
1588.4298	0.0387147922709029
1587.0128	0.0380942150861365
1585.5959	0.0379772742815918
1584.1789	0.038190415853876
1582.7619	0.036865381639382
1581.3449	0.0363088972192775
1579.928	0.0362560622507003
1578.511	0.0363966738428926
1577.094	0.0358675506450484
1575.677	0.0353604711089398
1574.2601	0.0338410713184774
1572.8431	0.0337552364518788
1571.4261	0.0334430211010974
1570.0091	0.0335161575540399
1568.5922	0.0328662218084275
1567.1752	0.0326407312178271
1565.7582	0.031948075427158
1564.3412	0.0317890420941826
1562.9243	0.0312181872502272
1561.5073	0.0308839175424742
1560.0903	0.0304389853304365
1558.6733	0.0293875986332794
1557.2564	0.0289718073295292
1555.8394	0.0283154212060781
1554.4224	0.0273735915658163
1553.0054	0.0284908182249819
1551.5885	0.0276714686690719
1550.1715	0.0265758076872463
1548.7545	0.0263246027902891
1547.3375	0.0265905758092057
1545.9205	0.0257787782452347
1544.5036	0.0247229640710813
1543.0866	0.0253643123903481
1541.6696	0.0255408577744469
1540.2526	0.0253410612445386
1538.8357	0.0248492014117066
1537.4187	0.0241844802304826
1536.0017	0.0246032248549952
1534.5847	0.0245482237242995
1533.1678	0.0242867687925062
1531.7508	0.024406275583374
1530.3338	0.0248299718298501
1528.9168	0.0246563415084829
1527.4999	0.0251131133916116
1526.0829	0.0247959431851737
1524.6659	0.0253769107288325
1523.2489	0.0256311855915228
1521.832	0.0263118381974423
1520.415	0.026752513222998
1518.998	0.0277207014820496
1517.581	0.0284094503002495
1516.1641	0.0289424563735533
1514.7471	0.0295307739044838
1513.3301	0.0304684515148753
1511.9131	0.0298399676447032
1510.4962	0.0304065842700919
1509.0792	0.0308867948836345
1507.6622	0.0307876246010808
1506.2452	0.031558508531186
1504.8283	0.0313037499164106
1503.4113	0.0300654801221344
1501.9943	0.0292632368080142
1500.5773	0.0289489961214098
1499.1603	0.0285644566050326
1497.7434	0.0279600039431862
1496.3264	0.0264068267701877
1494.9094	0.025811159224532
1493.4924	0.0256502797953201
1492.0755	0.0257559504372191
1490.6585	0.0253179117480073
1489.2415	0.0257518161083564
1487.8245	0.0253786625229781
1486.4076	0.0259062984360233
1484.9906	0.0267486978663732
1483.5736	0.0273906204753592
1482.1566	0.0268251054282822
1480.7397	0.0278560413759133
1479.3227	0.0270544066414504
1477.9057	0.0274209213460104
1476.4887	0.0276819602827867
1475.0718	0.0277299306613713
1473.6548	0.0280545126407669
1472.2378	0.0286440783826472
1470.8208	0.029552270881856
1469.4039	0.0304005694106469
1467.9869	0.0307970580887007
1466.5699	0.0312809714570732
1465.1529	0.0317931558519912
1463.736	0.0329952993394554
1462.319	0.0331951656272965
1460.902	0.0337463981836274
1459.485	0.0336996952664473
1458.0681	0.0344931911434234
1456.6511	0.035657395081531
1455.2341	0.0355814676292649
1453.8171	0.036091816324993
1452.4001	0.0362299361841812
1450.9832	0.0364890677675483
1449.5662	0.036385378343175
1448.1492	0.0365081104601796
1446.7322	0.0363956050677408
1445.3153	0.0365898057551454
1443.8983	0.0358660455252345
1442.4813	0.0365285193234987
1441.0643	0.0361943678183989
1439.6474	0.0359640478671351
1438.2304	0.0360622293780875
1436.8134	0.0367683839847458
1435.3964	0.03696586291073
1433.9795	0.0377464223181317
1432.5625	0.0378619122553273
1431.1455	0.0377860369681015
1429.7285	0.0384729925298852
1428.3116	0.0392964355251513
1426.8946	0.0392261272933812
1425.4776	0.0395244198604039
1424.0606	0.0393550056552573
1422.6437	0.0402977160335915
1421.2267	0.0407053162245722
1419.8097	0.0401841837311211
1418.3927	0.0411259499352525
1416.9758	0.0413549022930172
1415.5588	0.041170374632308
1414.1418	0.0418407327219325
1412.7248	0.0416416620809366
1411.3079	0.0413864836199948
1409.8909	0.0417256556134609
1408.4739	0.0410459831384778
1407.0569	0.0412533651791807
1405.6399	0.0418348755927705
1404.223	0.0416494804791795
1402.806	0.0412889205187036
1401.389	0.0417929463396235
1399.972	0.0413152352156724
1398.5551	0.0420560099507063
1397.1381	0.0422293707123738
1395.7211	0.0425463172691454
1394.3041	0.0416045369346883
1392.8872	0.0424116668606382
1391.4702	0.0421204004215032
1390.0532	0.0435138571295169
1388.6362	0.0437169290689212
1387.2193	0.0436857404868376
1385.8023	0.0445139667126989
1384.3853	0.0443410051132071
1382.9683	0.0452681517317233
1381.5514	0.0442868387706494
1380.1344	0.0447182945662611
1378.7174	0.0446952902605961
1377.3004	0.0442669179329318
1375.8835	0.0442167788835816
1374.4665	0.0445215843604627
1373.0495	0.0450250727585026
1371.6325	0.0449859212518366
1370.2156	0.0454668800793937
1368.7986	0.0460922414632203
1367.3816	0.0465862609063008
1365.9646	0.0469897075778091
1364.5477	0.0470436797269046
1363.1307	0.0472158269911563
1361.7137	0.0467135105087879
1360.2967	0.047234234473598
1358.8797	0.0467124446574603
1357.4628	0.0462809269954151
1356.0458	0.0457361347143206
1354.6288	0.0457271370115909
1353.2118	0.0455572868455286
1351.7949	0.0447929680432658
1350.3779	0.0442467730436404
1348.9609	0.0447497353890278
1347.5439	0.0444681373982879
1346.127	0.0445933866093531
1344.71	0.045152126935894
1343.293	0.0450920068422216
1341.876	0.0454994378113632
1340.4591	0.045508809091276
1339.0421	0.0453367125198662
1337.6251	0.0460738489617721
1336.2081	0.0457649489502006
1334.7912	0.0450656768663255
1333.3742	0.0450471785000177
1331.9572	0.0456894940239098
1330.5402	0.0451733974991178
1329.1233	0.0443999691416658
1327.7063	0.0444169122728083
1326.2893	0.0442482067418221
1324.8723	0.0430981931205071
1323.4554	0.042897785133676
1322.0384	0.0422730512004168
1320.6214	0.0427136800720469
1319.2044	0.041790032301094
1317.7875	0.0408093330859758
1316.3705	0.0421483403427687
1314.9535	0.0405638320130177
1313.5365	0.0405248634676454
1312.1195	0.0401902923347455
1310.7026	0.0400710059349966
1309.2856	0.0397825310417285
1307.8686	0.0404952002707006
1306.4516	0.0400860790476617
1305.0347	0.040403572625624
1303.6177	0.0408147476570311
1302.2007	0.0405534546160533
1300.7837	0.0401918198200692
1299.3668	0.0405632172366763
1297.9498	0.0402310142528403
1296.5328	0.0404360002948645
1295.1158	0.040434325071931
1293.6989	0.0404072591295217
1292.2819	0.0404286930449405
1290.8649	0.0406491876023643
1289.4479	0.0401899269795214
1288.031	0.0410257468722189
1286.614	0.0405928788120979
1285.197	0.0409591437228284
1283.78	0.0414491252422244
1282.3631	0.0408369910754449
1280.9461	0.0416118597804172
1279.5291	0.0416525573305447
1278.1121	0.0421940815151197
1276.6952	0.0425582015077355
1275.2782	0.0430147997479075
1273.8612	0.0438021443352762
1272.4442	0.0443939442145854
1271.0273	0.0435698609145988
1269.6103	0.0440505571415903
1268.1933	0.0435675338356048
1266.7763	0.0432613137771397
1265.3593	0.0442283888558959
1263.9424	0.0433179274998116
1262.5254	0.0432353440576727
1261.1084	0.0433441115183148
1259.6914	0.0435514789400223
1258.2745	0.0436722345964184
1256.8575	0.0436521356965277
1255.4405	0.0433819842419802
1254.0235	0.0435569867134964
1252.6066	0.0429105218079399
1251.1896	0.0429340828761826
1249.7726	0.0431557178332329
1248.3556	0.0426612078515394
1246.9387	0.0422151805683255
1245.5217	0.0423215930802282
1244.1047	0.0421842320552519
1242.6877	0.0424856246294781
1241.2708	0.0418667014754768
1239.8538	0.0425879246016168
1238.4368	0.0424214678292716
1237.0198	0.0426835469072143
1235.6029	0.0428232721509766
1234.1859	0.0423293273247115
1232.7689	0.0430229053554398
1231.3519	0.042645483271232
1229.935	0.0418113965876695
1228.518	0.0418879544078444
1227.101	0.0410947360427201
1225.684	0.0405554975073638
1224.2671	0.0397606743700223
1222.8501	0.0398304612170267
1221.4331	0.0389602438233297
1220.0161	0.0387424647940228
1218.5991	0.0374988727631721
1217.1822	0.0376475429909388
1215.7652	0.0376560753032259
1214.3482	0.0372434808405347
1212.9312	0.0368912942186057
1211.5143	0.0367354956603767
1210.0973	0.0364290305757349
1208.6803	0.0357626039488722
1207.2633	0.0356427680482853
1205.8464	0.0358917934789015
1204.4294	0.0350435404934243
1203.0124	0.0349796890412183
1201.5954	0.0346413930425264
1200.1785	0.0347778396353561
1198.7615	0.0343374458836711
1197.3445	0.0339480361097109
1195.9275	0.0330910839454707
1194.5106	0.0334042040789951
1193.0936	0.0329509417970535
1191.6766	0.0322847430270257
1190.2596	0.03248466307084
1188.8427	0.0310451818373157
1187.4257	0.0307725398355316
1186.0087	0.0302733834522255
1184.5917	0.030033552630197
1183.1748	0.0299154228031981
1181.7578	0.0298567103673881
1180.3408	0.030228886824357
1178.9238	0.030040854593779
1177.5069	0.0310485653894831
1176.0899	0.0310760609922324
1174.6729	0.0311402295413459
1173.2559	0.0325189496824711
1171.8389	0.0331327238678921
1170.422	0.0344716884744875
1169.005	0.0355566299223549
1167.588	0.0374079271184612
1166.171	0.0390075165692405
1164.7541	0.0413264539068933
1163.3371	0.0428899821444206
1161.9201	0.0452546502288851
1160.5031	0.048403088390924
1159.0862	0.0500043765064379
1157.6692	0.0513520226579098
1156.2522	0.0541714698385919
1154.8352	0.0558640999434752
1153.4183	0.0580410862501411
1152.0013	0.0583552717451943
1150.5843	0.0597080239720523
1149.1673	0.0605063068852881
1147.7504	0.0601562313536044
1146.3334	0.061133287435142
1144.9164	0.0610608226410958
1143.4994	0.0604630010789102
1142.0825	0.059631773101965
1140.6655	0.0592463231574309
1139.2485	0.0581512974170874
1137.8315	0.0566524697123951
1136.4146	0.0561629445338978
1134.9976	0.0553977778618663
1133.5806	0.0552122330416301
1132.1636	0.0542015948833165
1130.7467	0.0554867914224944
1129.3297	0.0547018164719847
1127.9127	0.0564159040131044
1126.4957	0.0554805831026635
1125.0787	0.0550924738252195
1123.6618	0.0564824564467567
1122.2448	0.056065625856474
1120.8278	0.0570611521039667
1119.4108	0.0572373610564484
1117.9939	0.0569854189875201
1116.5769	0.0574866247793903
1115.1599	0.0574284831214099
1113.7429	0.0573666071329047
1112.326	0.0577959227253353
1110.909	0.0585545234983497
1109.492	0.0592063677694891
1108.075	0.0590386377468355
1106.6581	0.0596558513858384
1105.2411	0.0607141724338686
1103.8241	0.0618775081228657
1102.4071	0.0622732533710494
1100.9902	0.0628531237880469
1099.5732	0.0626395062295689
1098.1562	0.062886346098446
1096.7392	0.0627913512562478
1095.3223	0.0634472385528249
1093.9053	0.0631866512087719
1092.4883	0.063463358121371
1091.0713	0.0643608306050046
1089.6544	0.0656875843420755
1088.2374	0.0678923329382339
1086.8204	0.0693086540352208
1085.4034	0.0710123624629489
1083.9865	0.0731800966824725
1082.5695	0.075240714221116
1081.1525	0.0773469386854639
1079.7355	0.0795058050717208
1078.3185	0.0806738267883377
1076.9016	0.0815215983413108
1075.4846	0.0817050586189637
1074.0676	0.080750353217898
1072.6506	0.0800665155745863
1071.2337	0.078221133038672
1069.8167	0.0764819912134319
1068.3997	0.0756096289787498
1066.9827	0.0744687139206581
1065.5658	0.0737617318318489
1064.1488	0.0743181016980107
1062.7318	0.0749390413238678
1061.3148	0.0755749824474619
1059.8979	0.076476708800413
1058.4809	0.0776569897853841
1057.0639	0.0783467919883095
1055.6469	0.0801338451306125
1054.23	0.0822256673970971
1052.813	0.0828733203518913
1051.396	0.0844839853303463
1049.979	0.0867692215968709
1048.5621	0.0883982582314676
1047.1451	0.0895981081925683
1045.7281	0.090647325238111
1044.3111	0.0930799487682675
1042.8942	0.094233879127151
1041.4772	0.0962030830207383
1040.0602	0.0977070926015527
1038.6432	0.0987814747068829
1037.2263	0.100739939806178
1035.8093	0.102275914597963
1034.3923	0.103603979256835
1032.9753	0.105751132188806
1031.5583	0.107506030932967
1030.1414	0.108774320495788
1028.7244	0.110590175357635
1027.3074	0.112598450498871
1025.8904	0.11381529250971
1024.4735	0.115970607836296
1023.0565	0.118333194301247
1021.6395	0.119653652861225
1020.2225	0.120635243984752
1018.8056	0.123352247133064
1017.3886	0.12341813724616
1015.9716	0.124064074425129
1014.5546	0.124642496034019
1013.1377	0.124577613039997
1011.7207	0.124759540954399
1010.3037	0.125881115995756
1008.8867	0.125359819721361
1007.4698	0.125466719189789
1006.0528	0.125960515885711
1004.6358	0.126690535778214
1003.2188	0.126871824527353
1001.8019	0.126563572029152
1000.3849	0.127951007863386
998.9679	0.128646913943644
997.5509	0.129326518223323
996.134	0.129911229534782
994.717	0.130888792435814
993.3	0.131372734101126
991.883	0.131761300288422
990.4661	0.131739227892516
989.0491	0.131304318055372
987.6321	0.1314228734781
986.2151	0.130143136544908
984.7981	0.128987102378207
983.3812	0.127905720935623
981.9642	0.126192615611032
980.5472	0.12524735751278
979.1302	0.123387805680941
977.7133	0.121282580968645
976.2963	0.119015191332752
974.8793	0.117063806227593
973.4623	0.114672432596997
972.0454	0.112339219180449
970.6284	0.109253086560374
969.2114	0.107588141115951
967.7944	0.105549574272138
966.3775	0.102487647495005
964.9605	0.0998163905577042
963.5435	0.098334425444689
962.1265	0.095382556655032
960.7096	0.0935124876441113
959.2926	0.0913830234480898
957.8756	0.0896357598168033
956.4586	0.0881745719046736
955.0417	0.0857459527896442
953.6247	0.0841965903326228
952.2077	0.0819728126944806
950.7907	0.0813893548555942
949.3738	0.0793946087059847
947.9568	0.0791552593628381
946.5398	0.0774226945633652
945.1228	0.0774000745394159
943.7059	0.0768401095151028
942.2889	0.0773727220873666
940.8719	0.0773108650068358
939.4549	0.0771867622799944
938.0379	0.0774072004098279
936.621	0.077467044315675
935.204	0.0775162298344869
933.787	0.0781239099929576
932.37	0.0776186219196465
930.9531	0.0782246391054595
929.5361	0.0778183465425913
928.1191	0.078221855178652
926.7021	0.0781104679747133
925.2852	0.0782142809328036
923.8682	0.0777837885907725
922.4512	0.0767231349694946
921.0342	0.0766711650094287
919.6173	0.0772017944710001
918.2003	0.0760455933803231
916.7833	0.076680535037701
915.3663	0.0755916090655823
913.9494	0.0748274279875819
912.5324	0.0745949004365272
911.1154	0.073891655363355
909.6984	0.0726244944326501
908.2815	0.0720385671118545
906.8645	0.0715632599720886
905.4475	0.0705854245778726
904.0305	0.0698763920565225
902.6136	0.0689583942668071
901.1966	0.0680989713474863
899.7796	0.0673926018975595
898.3626	0.0677360131605505
896.9457	0.0672278654744883
895.5287	0.0665493658411703
894.1117	0.0659030908772488
892.6947	0.0661301579082074
891.2777	0.0653096410080491
889.8608	0.065290559957535
888.4438	0.0639631753156593
887.0268	0.0628552518095705
885.6098	0.0629524369747501
884.1929	0.0627925063612712
882.7759	0.061447619594284
881.3589	0.0614617983473087
879.9419	0.0606740651790025
878.525	0.0597482611697421
877.108	0.059646706705886
875.691	0.0594542766253334
874.274	0.0588945344232651
872.8571	0.059710366353738
871.4401	0.0599540859472345
870.0231	0.0610152462305188
868.6061	0.0615029447826636
867.1892	0.0609077206662726
865.7722	0.0615491520297149
864.3552	0.0623633977219354
862.9382	0.0614238685885173
861.5213	0.0625312696850121
860.1043	0.0629265598371119
858.6873	0.0632757033200919
857.2703	0.0632829181565264
855.8534	0.0628834346978566
854.4364	0.0634553917820635
853.0194	0.0633890482478259
851.6024	0.0635114645331542
850.1855	0.0631678528553387
848.7685	0.0640315086368585
847.3515	0.0634744010390177
845.9345	0.0632714405293869
844.5175	0.0635089352447416
843.1006	0.0634260728574817
841.6836	0.0629913301256972
840.2666	0.0622363640566133
838.8496	0.0621173302671169
837.4327	0.0627194592778264
836.0157	0.061681817172259
834.5987	0.0612152164515174
833.1817	0.0606934684775388
831.7648	0.0599422407575078
830.3478	0.0606907241980983
828.9308	0.0586078245873012
827.5138	0.0594152586113271
826.0969	0.0595564056787558
824.6799	0.0587467239143642
823.2629	0.0590110227899461
821.8459	0.0583058763807976
820.429	0.0580663900431841
819.012	0.0575754211121635
817.595	0.0570735847210117
816.178	0.0576414519125143
814.7611	0.0573038669058282
813.3441	0.0564077466577318
811.9271	0.0572732175653126
810.5101	0.0567035619189766
809.0932	0.0572484784972074
807.6762	0.0563523335010215
806.2592	0.0559459487846891
804.8422	0.055995671452815
803.4253	0.0555058372702886
802.0083	0.0561705964002245
800.5913	0.0564548310831144
799.1743	0.056288463941039
797.7573	0.0565528800241797
796.3404	0.0560393378234957
794.9234	0.0565774728506005
793.5064	0.0562989504427792
792.0894	0.0568177154212976
790.6725	0.0564574301146633
789.2555	0.0566354901547395
787.8385	0.0575292289360387
786.4215	0.0577759426424993
785.0046	0.0578215637718371
783.5876	0.0581430212325061
782.1706	0.0582287032346786
780.7536	0.0584714769540193
779.3367	0.0593601513418777
777.9197	0.0597856798285096
776.5027	0.0595714889765543
775.0857	0.0606126953279946
773.6688	0.0607598331614422
772.2518	0.0619690548012465
770.8348	0.0628751626306304
769.4178	0.0637351246797686
768.0009	0.0642538311530444
766.5839	0.065434497493703
765.1669	0.0654469961199573
763.7499	0.0658172268975891
762.333	0.0661249345692417
760.916	0.0667713153384539
759.499	0.0668998896180263
758.082	0.0669422194565336
756.6651	0.0668387608566992
755.2481	0.0672372762888445
753.8311	0.0667088412400472
752.4141	0.0658805152727693
750.9971	0.0656115117732027
749.5802	0.0643767482304275
748.1632	0.0641076107513261
746.7462	0.0629151592578309
745.3292	0.0627052550156092
743.9123	0.0623216430037237
742.4953	0.0628795831189252
741.0783	0.0617608686418659
739.6613	0.0616140750529697
738.2444	0.0612952831398204
736.8274	0.0610666381127153
735.4104	0.0611401378837991
733.9934	0.0599002530219841
732.5765	0.0608680353755697
731.1595	0.061075076530971
729.7425	0.0611554797042813
728.3255	0.0621573735743876
726.9086	0.0628509373588233
725.4916	0.0625285873775683
724.0746	0.0630308915924788
722.6576	0.0631957112403309
721.2407	0.064266783811096
719.8237	0.064630659341532
718.4067	0.065360415564904
716.9897	0.0667834459161627
715.5728	0.0671737427402368
714.1558	0.0668481311848913
712.7388	0.0676484695148612
711.3218	0.0695722185295139
709.9049	0.0688392102982942
708.4879	0.0695239809038474
707.0709	0.070126939597665
705.6539	0.0708265102386231
704.2369	0.0707410084470429
702.82	0.0707705877555046
701.403	0.0707734697470046
699.986	0.0701167138790926
698.569	0.0705442199112485
697.1521	0.0702553680822009
695.7351	0.0698012614645017
694.3181	0.0695723481935658
692.9011	0.06941505644566
691.4842	0.0691401999114282
690.0672	0.0698355525692821
688.6502	0.0690919102402347
687.2332	0.069224172816819
685.8163	0.0692872490627074
684.3993	0.0695245449115017
682.9823	0.0695085999189211
681.5653	0.0697995979838015
680.1484	0.0693940532917497
678.7314	0.0695288651640905
677.3144	0.069429244253727
675.8974	0.0696672127045844
674.4805	0.0697853019424004
673.0635	0.0695643579253631
671.6465	0.07021036837543
670.2295	0.0702732134605944
668.8126	0.0708787980173569
667.3956	0.0715182740720262
665.9786	0.0723958313733169
664.5616	0.0713366555290434
663.1447	0.0719427342889616
661.7277	0.0722115227847129
660.3107	0.0719503850404722
658.8937	0.0734046843204325
657.4767	0.0736793823438858
656.0598	0.0727831528947673
654.6428	0.0740115620929334
653.2258	0.0738658572226603
651.8088	0.0732696717152066
650.3919	0.0738670882595735
648.9749	0.0743256295863719
647.5579	0.0742857018840206
646.1409	0.0741423539326402
644.724	0.0752055784902062
643.307	0.0746233251838187
641.89	0.0750727924214327
640.473	0.0752267487847947
639.0561	0.0754181128994297
637.6391	0.0753562537025563
636.2221	0.0754412847001301
634.8051	0.0758730390870691
633.3882	0.0752633083121901
631.9712	0.0767376791962873
630.5542	0.0771575050761435
629.1372	0.0770851409755099
627.7203	0.077278530972206
626.3033	0.0781697413642363
624.8863	0.0783351809713417
623.4693	0.0794342419631185
622.0524	0.0803272921253076
620.6354	0.0811172464704186
619.2184	0.0815547154359017
617.8014	0.0822800814944436
616.3845	0.0830207513924664
614.9675	0.0836287852073813
613.5505	0.085180364317244
612.1335	0.0857204481820813
610.7165	0.086879758962295
609.2996	0.0874867970137908
607.8826	0.0875406485761753
606.4656	0.0873709104415104
605.0486	0.0873961377335784
603.6317	0.0879384062248621
602.2147	0.0878781862286983
600.7977	0.0877112553176448
599.3807	0.0885093680767527
597.9638	0.0882131051523428
596.5468	0.0884350453796928
595.1298	0.0893507721941419
593.7128	0.0880469898480498
592.2959	0.0891225218673877
590.8789	0.0885706970725867
589.4619	0.0896594013553608
588.0449	0.0900817229345514
586.628	0.0906641601376768
585.211	0.0909852864362653
583.794	0.092698368829744
582.377	0.0934410745492306
580.9601	0.0947623164466898
579.5431	0.0959440058422935
578.1261	0.0977624841433909
576.7091	0.0993986771526604
575.2922	0.10024365363191
573.8752	0.101087778855796
572.4582	0.101303743538523
571.0412	0.100666583311519
569.6243	0.100434881631672
568.2073	0.100560503464238
566.7903	0.101056399564691
565.3733	0.10001487384944
563.9563	0.0998337004719176
562.5394	0.100736606342604
561.1224	0.0999319594314103
559.7054	0.098926757175398
558.2884	0.0983816576846618
556.8715	0.0985908613765144
555.4545	0.0987126452491344
554.0375	0.097380638070613
552.6205	0.0973683689747623
551.2036	0.0969975461291037
549.7866	0.0980743513390986
548.3696	0.097106707812545
546.9526	0.0959884821156689
545.5357	0.0959429492868129
544.1187	0.096431484613699
542.7017	0.0957164144265562
541.2847	0.0971956509845352
539.8678	0.0968697896828927
538.4508	0.0981074277025461
537.0338	0.0981428216485558
535.6168	0.0992463451801609
534.1999	0.0999862133232426
532.7829	0.101154735881375
531.3659	0.101766002141111
529.9489	0.102661019820736
528.532	0.103444649526976
527.115	0.104494879923549
525.698	0.104290137871337
524.281	0.10505704440975
522.8641	0.105115337863452
521.4471	0.105983889994006
520.0301	0.105495155228276
518.6131	0.105677257337049
517.1962	0.105324925274432
515.7792	0.10633258109194
514.3622	0.106587532073496
512.9452	0.105914540533875
511.5282	0.106256874070304
510.1113	0.106779098213211
508.6943	0.105502746557229
507.2773	0.105766896102916
505.8603	0.104856700654998
504.4434	0.104891330359932
503.0264	0.104439748123283
501.6094	0.104151790269094
500.1924	0.103674463263226
498.7755	0.104588205406226
497.3585	0.103565912536049
495.9415	0.103850102314441
494.5245	0.104187925039401
493.1076	0.103937914846244
491.6906	0.103572648492447
490.2736	0.104021322047181
488.8566	0.10411338141697
487.4397	0.104608705306942
486.0227	0.104574236197707
484.6057	0.104663425084376
483.1887	0.103625569180325
481.7718	0.104961001068498
480.3548	0.104559169436176
478.9378	0.105295425350132
477.5208	0.104993094722316
476.1039	0.104933829282122
474.6869	0.105061327318273
473.2699	0.104086097892864
471.8529	0.105493688183177
470.436	0.103815500867531
469.019	0.104701685375851
467.602	0.104509516554294
466.185	0.104649382310072
464.768	0.104214114751125
463.3511	0.1033880864822
461.9341	0.103215953430466
460.5171	0.103500576667841
459.1001	0.103485628185318
457.6832	0.103222442882422
456.2662	0.102806295906632
454.8492	0.102374743371668
453.4322	0.103476633834628
452.0153	0.102780368158334
450.5983	0.103162354615776
449.1813	0.103430078810278
447.7643	0.104255128748163
446.3474	0.104500527708106
444.9304	0.106158165307889
443.5134	0.106570226730528
442.0964	0.107355795725219
440.6795	0.107881371380751
439.2625	0.10880788364619
437.8455	0.109402266217847
436.4285	0.109594614207737
435.0116	0.109332964985036
433.5946	0.110602866881822
432.1776	0.11012211669945
430.7606	0.109112346090446
429.3437	0.109089449824562
427.9267	0.10889935486065
426.5097	0.109194305478415
425.0927	0.110100063356043
423.6758	0.109491841311204
422.2588	0.109006494929756
420.8418	0.109274024806121
419.4248	0.108884074043256
418.0078	0.110418659895515
416.5909	0.1111405654582
415.1739	0.111348184171897
413.7569	0.112506515315668
412.3399	0.112827018267762
410.923	0.112599174171314
409.506	0.111821937124657
408.089	0.111287356481128
406.672	0.112253191036186
405.2551	0.112167445621564
403.8381	0.112356635686636
402.4211	0.113521608395621
401.0041	0.113620093716648
