3994.4546	0.0177243096913965
3993.0377	0.0182965032108702
3991.6207	0.0187514433750819
3990.2037	0.0180456310928691
3988.7867	0.018469633882161
3987.3698	0.0184342171647852
3985.9528	0.0181358289723119
3984.5358	0.0188494025138503
3983.1188	0.0189554657430577
3981.7019	0.0183376852554104
3980.2849	0.0183141928896287
3978.8679	0.0184057754623927
3977.4509	0.0178358002685947
3976.034	0.0186119120282616
3974.617	0.0176388243236429
3973.2	0.0187375446439294
3971.783	0.018910803972445
3970.3661	0.0180454052948753
3968.9491	0.0179949438313981
3967.5321	0.018705225884352
3966.1151	0.0184572825065162
3964.6982	0.0187534502149516
3963.2812	0.0186027954056087
3961.8642	0.0180005901494644
3960.4472	0.0176047859770333
3959.0303	0.01797278711051
3957.6133	0.0173915681894904
3956.1963	0.0178865572575535
3954.7793	0.0183748056735675
3953.3624	0.0175514539974456
3951.9454	0.0190326750660319
3950.5284	0.0175203751442523
3949.1114	0.0182231484184859
3947.6944	0.0177670093763876
3946.2775	0.0180650178274964
3944.8605	0.0174699770796606
3943.4435	0.0181265067977152
3942.0265	0.0181534612558621
3940.6096	0.0187391140962549
3939.1926	0.0186937379879109
3937.7756	0.0187861819088196
3936.3586	0.0178269312503283
3934.9417	0.0185320874009154
3933.5247	0.0185940149708669
3932.1077	0.018597192131051
3930.6907	0.018375241972264
3929.2738	0.0184336676057442
3927.8568	0.0179137452823537
3926.4398	0.0178890985212655
3925.0228	0.0188128479560314
3923.6059	0.017586269551121
3922.1889	0.0187990238447034
3920.7719	0.0178583391542717
3919.3549	0.0175300670891398
3917.938	0.0175030310302693
3916.521	0.0187562818954926
3915.104	0.0178439440460278
3913.687	0.0177755894599079
3912.2701	0.0181481959015553
3910.8531	0.0182133985915481
3909.4361	0.0181292463339957
3908.0191	0.0173126189303051
3906.6022	0.0178404205200929
3905.1852	0.0178938884699179
3903.7682	0.0176490115617096
3902.3512	0.0188240360948923
3900.9342	0.0178602883096408
3899.5173	0.0169955802327859
3898.1003	0.0172960630932279
3896.6833	0.0176543323840646
3895.2663	0.0176823031336498
3893.8494	0.0185957029055996
3892.4324	0.0183685279430749
3891.0154	0.0180352573719461
3889.5984	0.0182687864276974
3888.1815	0.0180112879485214
3886.7645	0.0179206469579002
3885.3475	0.0181407096794831
3883.9305	0.0173367251113566
3882.5136	0.0183741029475935
3881.0966	0.0183147725007758
3879.6796	0.0180236139810913
3878.2626	0.0168670101145744
3876.8457	0.016991166715618
3875.4287	0.0176087098995836
3874.0117	0.0168752033502272
3872.5947	0.0173788246710281
3871.1778	0.0169247203725346
3869.7608	0.0183782497476117
3868.3438	0.0180174098781747
3866.9268	0.0180493191335741
3865.5099	0.0181488992526244
3864.0929	0.0187929280946415
3862.6759	0.0176434651162889
3861.2589	0.017682745644124
3859.842	0.0174845667947969
3858.425	0.0178066015262448
3857.008	0.0179080513738809
3855.591	0.0172357448861435
3854.174	0.0179034157475025
3852.7571	0.0179132400093675
3851.3401	0.0178032254359821
3849.9231	0.0180895244870576
3848.5061	0.0178834013361969
3847.0892	0.0165509923322201
3845.6722	0.0178893287704918
3844.2552	0.0184157372079758
3842.8382	0.0172779773883502
3841.4213	0.0173119286342432
3840.0043	0.0174085858411826
3838.5873	0.017366272445632
3837.1703	0.0172330534211834
3835.7534	0.0172627712252501
3834.3364	0.017672216081675
3832.9194	0.0183488840729896
3831.5024	0.0175649389082771
3830.0855	0.0173370146250962
3828.6685	0.0170750442912969
3827.2515	0.0171190496025775
3825.8345	0.0170906290151741
3824.4176	0.0177149515492871
3823.0006	0.0167841867739522
3821.5836	0.0179771217542674
3820.1666	0.0178704640762015
3818.7497	0.0171836461599166
3817.3327	0.0169755127514254
3815.9157	0.0170939711471933
3814.4987	0.0175290013237342
3813.0818	0.0174220682245645
3811.6648	0.0173702933519524
3810.2478	0.0172591372093634
3808.8308	0.01781753682256
3807.4138	0.0170848882538557
3805.9969	0.0166273224191572
3804.5799	0.0182568249821129
3803.1629	0.0166825760146947
3801.7459	0.0174613211880854
3800.329	0.0174925805292953
3798.912	0.017412528020595
3797.495	0.0169909896981325
3796.078	0.0171799663508946
3794.6611	0.0167885135535815
3793.2441	0.0170809606407297
3791.8271	0.0173230631255308
3790.4101	0.0166591163033369
3788.9932	0.0181649787493296
3787.5762	0.0167366445762602
3786.1592	0.0166159839775862
3784.7422	0.0169817293337303
3783.3253	0.0168987126522548
3781.9083	0.0173412840002862
3780.4913	0.0171948011384305
3779.0743	0.0173632513293623
3777.6574	0.0170295872129937
3776.2404	0.0168294398799471
3774.8234	0.0175559301609465
3773.4064	0.0165944075791218
3771.9895	0.0167600075303555
3770.5725	0.0166773171443673
3769.1555	0.0168604602331517
3767.7385	0.016283089274275
3766.3216	0.0172485047585248
3764.9046	0.0167605162497873
3763.4876	0.0163612749159053
3762.0706	0.0169739585293463
3760.6536	0.0172329851868679
3759.2367	0.0169101311976696
3757.8197	0.0174695492280638
3756.4027	0.0165900427747912
3754.9857	0.0172387223595925
3753.5688	0.0173742556842137
3752.1518	0.018126092266884
3750.7348	0.0179332298394397
3749.3178	0.0176753170313632
3747.9009	0.0171125020682497
3746.4839	0.0172148482016646
3745.0669	0.0172589821385378
3743.6499	0.0170709319844287
3742.233	0.0164298183037234
3740.816	0.0163447040730686
3739.399	0.0164227285366776
3737.982	0.0162522799035584
3736.5651	0.017139757647013
3735.1481	0.016908313227514
3733.7311	0.0167590641064486
3732.3141	0.0165372352974472
3730.8972	0.0169250081816624
3729.4802	0.0161265377765172
3728.0632	0.0168805462066269
3726.6462	0.0163944786600248
3725.2293	0.0158914492668744
3723.8123	0.017112520435763
3722.3953	0.0165610635451225
3720.9783	0.0157872764686638
3719.5614	0.0167315733109805
3718.1444	0.0159975905595158
3716.7274	0.0166003813803815
3715.3104	0.016050614168174
3713.8935	0.0160648825832703
3712.4765	0.0152311583417317
3711.0595	0.0162705897870473
3709.6425	0.0167184749917779
3708.2255	0.0152440549145781
3706.8086	0.0164296872255722
3705.3916	0.0164607418635192
3703.9746	0.0158014444163383
3702.5576	0.0158522623990937
3701.1407	0.0152322550971918
3699.7237	0.0165121678299784
3698.3067	0.0163409986213118
3696.8897	0.0162645975534879
3695.4728	0.0170597550683669
3694.0558	0.0158953583333611
3692.6388	0.016351761180178
3691.2218	0.016863327746879
3689.8049	0.0160682529735006
3688.3879	0.0159033017624257
3686.9709	0.0150130640619098
3685.5539	0.0163359757214646
3684.137	0.0155799187944944
3682.72	0.0160573562479512
3681.303	0.0166262223058364
3679.886	0.0157964146756051
3678.4691	0.015195433825598
3677.0521	0.0155855843472553
3675.6351	0.0156802419373467
3674.2181	0.01589168428558
3672.8012	0.01510464581284
3671.3842	0.0170214304798002
3669.9672	0.016696189846118
3668.5502	0.0166229819401978
3667.1333	0.0158162080755107
3665.7163	0.0168258584687371
3664.2993	0.0160450072204381
3662.8823	0.0157952914552918
3661.4653	0.0163978321888957
3660.0484	0.0164548026687804
3658.6314	0.0166974779286806
3657.2144	0.0161566039964211
3655.7974	0.0165040283376002
3654.3805	0.0169524456303588
3652.9635	0.0163766295045528
3651.5465	0.0163022070472155
3650.1295	0.0163897853584667
3648.7126	0.0159122917032977
3647.2956	0.0163693850976338
3645.8786	0.0167494936283243
3644.4616	0.01637508150522
3643.0447	0.0170258792184959
3641.6277	0.0162133324042146
3640.2107	0.0168319664568065
3638.7937	0.0170760634783181
3637.3768	0.0172149418570417
3635.9598	0.0172551954633344
3634.5428	0.0176846732492659
3633.1258	0.0175494582468952
3631.7089	0.0172098295054708
3630.2919	0.0165567156331687
3628.8749	0.0175848913710419
3627.4579	0.017803522997866
3626.041	0.0169825792385156
3624.624	0.0175813950174462
3623.207	0.0169557510995351
3621.79	0.0177544478507881
3620.3731	0.0181838534488204
3618.9561	0.0180823291580365
3617.5391	0.0180674418550957
3616.1221	0.0179889322570269
3614.7051	0.0186203150952377
3613.2882	0.0185851376055895
3611.8712	0.0184217931229611
3610.4542	0.0194168610948987
3609.0372	0.0187636652423994
3607.6203	0.0187629533340404
3606.2033	0.0191110356952072
3604.7863	0.0189486105621425
3603.3693	0.0188552712980383
3601.9524	0.0191604470769709
3600.5354	0.0190841459788708
3599.1184	0.0196620585292639
3597.7014	0.0191448177772495
3596.2845	0.0202359992994592
3594.8675	0.0203769566573099
3593.4505	0.0209755814785442
3592.0335	0.02094513114543
3590.6166	0.0200790139038459
3589.1996	0.0203885907470923
3587.7826	0.0210665015433813
3586.3656	0.0204924995020025
3584.9487	0.0213152256418586
3583.5317	0.0209559723592303
3582.1147	0.021477595749688
3580.6977	0.0211831814967142
3579.2808	0.0217961248236505
3577.8638	0.021805029712719
3576.4468	0.0230603913736515
3575.0298	0.0228943908112855
3573.6129	0.0220064807755135
3572.1959	0.022857909454498
3570.7789	0.0236104710610284
3569.3619	0.023146353720523
3567.9449	0.0234808996551628
3566.528	0.0237282498253169
3565.111	0.0238054280242971
3563.694	0.0238366886939117
3562.277	0.0241339333411519
3560.8601	0.02414052156304
3559.4431	0.0248485537629843
3558.0261	0.0248948797089051
3556.6091	0.0246500727764566
3555.1922	0.0257066796997149
3553.7752	0.0258935923483387
3552.3582	0.0263697509272195
3550.9412	0.0260116898786956
3549.5243	0.0255363426568329
3548.1073	0.0256718533369351
3546.6903	0.0271933519534967
3545.2733	0.027413947212533
3543.8564	0.0275919229047408
3542.4394	0.0272876456181817
3541.0224	0.0275765902086946
3539.6054	0.0265562228939719
3538.1885	0.0285831013802124
3536.7715	0.0290079490120639
3535.3545	0.0295204999600752
3533.9375	0.029309026353504
3532.5206	0.0294336926485857
3531.1036	0.0293423358887913
3529.6866	0.0295889203903055
3528.2696	0.0308994512090413
3526.8527	0.030407162253921
3525.4357	0.0304047301447616
3524.0187	0.0306169479314619
3522.6017	0.0308631811046196
3521.1847	0.031192289795076
3519.7678	0.0313558314333654
3518.3508	0.0319796031210129
3516.9338	0.0321197801768611
3515.5168	0.0325824114311713
3514.0999	0.0326882374309434
3512.6829	0.0334173519434059
3511.2659	0.0325490200427803
3509.8489	0.0332101869797538
3508.432	0.0331896203033864
3507.015	0.033708112935987
3505.598	0.0339087160438504
3504.181	0.034720520900323
3502.7641	0.0346541236112108
3501.3471	0.0349087243988665
3499.9301	0.035149029272162
3498.5131	0.0354046903216595
3497.0962	0.0355941785088971
3495.6792	0.0359771430562266
3494.2622	0.0360548880587822
3492.8452	0.0365992076146183
3491.4283	0.0368253828681374
3490.0113	0.0364878025391998
3488.5943	0.0371207372605471
3487.1773	0.0383548337542487
3485.7604	0.0382178800043551
3484.3434	0.0375362708198866
3482.9264	0.0383369186328525
3481.5094	0.0382954793022972
3480.0925	0.0390922913985284
3478.6755	0.0398843837088716
3477.2585	0.0398534425033013
3475.8415	0.0399955504984049
3474.4245	0.0402698757393862
3473.0076	0.0394713408352471
3471.5906	0.0404411945909381
3470.1736	0.0407123044950178
3468.7566	0.0405975380122065
3467.3397	0.0407895671268594
3465.9227	0.0416632866959759
3464.5057	0.0414808500921582
3463.0887	0.0416433569432222
3461.6718	0.0421376056063305
3460.2548	0.0425086574808991
3458.8378	0.0423234984670373
3457.4208	0.0426333686842161
3456.0039	0.043219714298807
3454.5869	0.0431479518112123
3453.1699	0.0438893232466105
3451.7529	0.0436293536209762
3450.336	0.0435265687156521
3448.919	0.0439903457077702
3447.502	0.0442969507344438
3446.085	0.0446417504943751
3444.6681	0.044925759410164
3443.2511	0.0450728713899187
3441.8341	0.0449446045756051
3440.4171	0.0459967335345021
3439.0002	0.0461961175843697
3437.5832	0.0451804222467059
3436.1662	0.0463269405740509
3434.7492	0.0469642698922892
3433.3323	0.046487110370584
3431.9153	0.0471932294583199
3430.4983	0.0467565541945527
3429.0813	0.0474574040480796
3427.6643	0.0473339744465547
3426.2474	0.0474320096064848
3424.8304	0.047791917015969
3423.4134	0.0476566834592851
3421.9964	0.0482802547974347
3420.5795	0.0487148122391194
3419.1625	0.0486634568185571
3417.7455	0.0495012650807774
3416.3285	0.048868246450354
3414.9116	0.0499854001183943
3413.4946	0.0498645988703501
3412.0776	0.0507395320626918
3410.6606	0.0496056241357577
3409.2437	0.0503090802761058
3407.8267	0.0499709079876496
3406.4097	0.0508641421331611
3404.9927	0.0508111557650768
3403.5758	0.0510225122324892
3402.1588	0.0508925910480625
3400.7418	0.051455379269643
3399.3248	0.0510590893626587
3397.9079	0.0529075397002735
3396.4909	0.0521806410229592
3395.0739	0.0523758948585576
3393.6569	0.052307562185258
3392.24	0.0525222087514154
3390.823	0.0526882892209458
3389.406	0.0532555525744507
3387.989	0.0531809537238084
3386.5721	0.0530770269346145
3385.1551	0.0534387182827321
3383.7381	0.0533855862643217
3382.3211	0.0531181361195894
3380.9041	0.053579162391652
3379.4872	0.0538529452549798
3378.0702	0.0543503288894738
3376.6532	0.0552836670530613
3375.2362	0.0547240114762759
3373.8193	0.0547685915555991
3372.4023	0.0554000517396032
3370.9853	0.0555195237993159
3369.5683	0.0550406130017015
3368.1514	0.0558243091120962
3366.7344	0.0563250734817669
3365.3174	0.055253852592864
3363.9004	0.0561055862446658
3362.4835	0.0558774201932353
3361.0665	0.0562334374207509
3359.6495	0.0561473665250417
3358.2325	0.0556421014632677
3356.8156	0.0566967966679996
3355.3986	0.0564252858748448
3353.9816	0.0569638715901231
3352.5646	0.0572511310440307
3351.1477	0.0569746576123081
3349.7307	0.0566927590485058
3348.3137	0.0576938427377919
3346.8967	0.0579124627055771
3345.4798	0.058026258489161
3344.0628	0.0584867306601238
3342.6458	0.058225795696769
3341.2288	0.0582063756110269
3339.8119	0.0583292303879999
3338.3949	0.0582839390725972
3336.9779	0.0578536696591798
3335.5609	0.0576264685558396
3334.1439	0.0585569741422776
3332.727	0.0580877587376966
3331.31	0.0586359541389268
3329.893	0.058489474048618
3328.476	0.0590326490394094
3327.0591	0.0592194262712787
3325.6421	0.0586882230097922
3324.2251	0.0587840372249715
3322.8081	0.0593160623857211
3321.3912	0.059347428441556
3319.9742	0.0588468776766998
3318.5572	0.0595682145557155
3317.1402	0.0593994920061226
3315.7233	0.0591328364717066
3314.3063	0.0598709095664171
3312.8893	0.0591604948583795
3311.4723	0.0588805266811896
3310.0554	0.0585135252624565
3308.6384	0.0596377419360711
3307.2214	0.0596095566724621
3305.8044	0.0597149449831806
3304.3875	0.0593624003054275
3302.9705	0.0594907283447194
3301.5535	0.05987031589748
3300.1365	0.0600219285696969
3298.7196	0.0595706336460169
3297.3026	0.0589743291640443
3295.8856	0.0594957547315003
3294.4686	0.0599221942296585
3293.0517	0.0602373434133796
3291.6347	0.059756268788675
3290.2177	0.0601936873800891
3288.8007	0.0604384990018632
3287.3837	0.0591883659850448
3285.9668	0.0600306273752254
3284.5498	0.0598118685034893
3283.1328	0.0605875869915904
3281.7158	0.0600834907953434
3280.2989	0.0604284777864968
3278.8819	0.0594039667362375
3277.4649	0.0598209583874782
3276.0479	0.059568177038155
3274.631	0.0600560333467701
3273.214	0.0603342263276308
3271.797	0.0601804788094462
3270.38	0.0597849305325025
3268.9631	0.0602078859377548
3267.5461	0.0605057881937225
3266.1291	0.0596642108909622
3264.7121	0.0603105970703262
3263.2952	0.06065829165012
3261.8782	0.0599539618699172
3260.4612	0.0603059384351471
3259.0442	0.060184224262046
3257.6273	0.0602919916690032
3256.2103	0.0599738095546852
3254.7933	0.0595778541772341
3253.3763	0.0586812265403826
3251.9594	0.0603082110650337
3250.5424	0.0596075801480596
3249.1254	0.0598020189180139
3247.7084	0.0600002915658557
3246.2915	0.0600841603355392
3244.8745	0.0599807241729756
3243.4575	0.060182988049124
3242.0405	0.0596273774116753
3240.6235	0.0602768105099201
3239.2066	0.0596671564753182
3237.7896	0.0599294772295459
3236.3726	0.0593289111062516
3234.9556	0.0598901292324059
3233.5387	0.0589190171183882
3232.1217	0.0593582802457854
3230.7047	0.059568878233652
3229.2877	0.0585915136898028
3227.8708	0.05900113858331
3226.4538	0.0592475272186373
3225.0368	0.0589936225987169
3223.6198	0.0584836081447545
3222.2029	0.0591018055026076
3220.7859	0.0589822927514744
3219.3689	0.0591066272379755
3217.9519	0.0588585985433133
3216.535	0.0593143731153549
3215.118	0.0588483506308106
3213.701	0.0587287740126055
3212.284	0.0579598245338589
3210.8671	0.0586214577508549
3209.4501	0.0581564383119332
3208.0331	0.0587501355710202
3206.6161	0.0587539169179509
3205.1992	0.0582293076758538
3203.7822	0.0573419774035077
3202.3652	0.0584039216316613
3200.9482	0.0573618954288834
3199.5313	0.0574415149896471
3198.1143	0.0575739677142018
3196.6973	0.0574786213149209
3195.2803	0.0573332730617117
3193.8633	0.0569450442541859
3192.4464	0.0571758418901881
3191.0294	0.0565641623381779
3189.6124	0.0574531956543699
3188.1954	0.0576147229554921
3186.7785	0.0564553614366776
3185.3615	0.0568233665261109
3183.9445	0.0560876193426915
3182.5275	0.0552088603822318
3181.1106	0.0552434688379251
3179.6936	0.0559796250948265
3178.2766	0.0559106384702771
3176.8596	0.0557168083232665
3175.4427	0.0558738057509368
3174.0257	0.0556284061992996
3172.6087	0.055453441116939
3171.1917	0.0553692379043105
3169.7748	0.0547038486035771
3168.3578	0.0555151316963574
3166.9408	0.0547821805576503
3165.5238	0.0549942857064008
3164.1069	0.0540344930661808
3162.6899	0.0542365891194788
3161.2729	0.0550340833887405
3159.8559	0.05459613030646
3158.439	0.0538882293067017
3157.022	0.0535676400237921
3155.605	0.0528124361574053
3154.188	0.0532453985290316
3152.7711	0.0538319322227805
3151.3541	0.0531848447419164
3149.9371	0.053298549464976
3148.5201	0.053042380458537
3147.1031	0.0527551780040779
3145.6862	0.0525012714692508
3144.2692	0.0516253867804758
3142.8522	0.0526199864556318
3141.4352	0.0516824450500643
3140.0183	0.0517372737843148
3138.6013	0.0513314384138596
3137.1843	0.0514022674412602
3135.7673	0.0510602514225897
3134.3504	0.05040997401702
3132.9334	0.0515965428015377
3131.5164	0.0511903950336913
3130.0994	0.0514116972424837
3128.6825	0.0508376176598123
3127.2655	0.0504157578454017
3125.8485	0.0497787579387642
3124.4315	0.0503950436991203
3123.0146	0.0508489648266353
3121.5976	0.0499565095113439
3120.1806	0.0495164548973107
3118.7636	0.0488854193863679
3117.3467	0.0497486220708303
3115.9297	0.0490988979078608
3114.5127	0.0489864621104289
3113.0957	0.0494828446628143
3111.6788	0.0494426898962451
3110.2618	0.0487831923862416
3108.8448	0.0487189449491325
3107.4278	0.0488111670732696
3106.0109	0.0483710500084916
3104.5939	0.0486334230355563
3103.1769	0.0485798579077173
3101.7599	0.0480688676186651
3100.3429	0.0469573126014963
3098.926	0.047341921128667
3097.509	0.0474134981121528
3096.092	0.0478035053490896
3094.675	0.0467445645225664
3093.2581	0.0469117056491047
3091.8411	0.0469380314995662
3090.4241	0.0472466570438881
3089.0071	0.0468595114106869
3087.5902	0.0455156669381119
3086.1732	0.0455034962378467
3084.7562	0.0462782760379051
3083.3392	0.0453995407528219
3081.9223	0.045036096193762
3080.5053	0.0457471802784798
3079.0883	0.0456543602454334
3077.6713	0.0446279660246967
3076.2544	0.0449635695870692
3074.8374	0.0451186164701152
3073.4204	0.044559992498675
3072.0034	0.0441227967899579
3070.5865	0.0446911003814237
3069.1695	0.0447763670268565
3067.7525	0.0438024953697759
3066.3355	0.0438148478985439
3064.9186	0.0444249790641353
3063.5016	0.0440672801723805
3062.0846	0.0437035277585823
3060.6676	0.0436265004244669
3059.2507	0.0438572193834615
3057.8337	0.0432979652495489
3056.4167	0.0425436961993508
3054.9997	0.0423686847244909
3053.5827	0.0424764196932354
3052.1658	0.0430100304159199
3050.7488	0.0424448952476993
3049.3318	0.0419262572073758
3047.9148	0.0425073591987965
3046.4979	0.0421014910333311
3045.0809	0.0426065354191446
3043.6639	0.0413161270430805
3042.2469	0.0421564359474044
3040.83	0.0413987034612031
3039.413	0.0417607455405157
3037.996	0.0408602184495352
3036.579	0.0410960885942356
3035.1621	0.040738445997209
3033.7451	0.0419347139968545
3032.3281	0.0404256862835
3030.9111	0.041002704643209
3029.4942	0.0401145419092352
3028.0772	0.0397363171741429
3026.6602	0.040098173689408
3025.2432	0.0399209524355679
3023.8263	0.0401271921332343
3022.4093	0.0394471429796258
3020.9923	0.039213401423938
3019.5753	0.0404125353543541
3018.1584	0.0401619151824831
3016.7414	0.0399907049826334
3015.3244	0.0394367852903312
3013.9074	0.0400312350116679
3012.4905	0.0401072851931982
3011.0735	0.0398682662141238
3009.6565	0.0388569419822131
3008.2395	0.0392483505148341
3006.8225	0.0382449640247419
3005.4056	0.0381676632959537
3003.9886	0.0388359504891908
3002.5716	0.0376957834725498
3001.1546	0.0386494227635166
2999.7377	0.0381523119641075
2998.3207	0.0383232342959427
2996.9037	0.0384982535618003
2995.4867	0.0385862638995963
2994.0698	0.0375786720769287
2992.6528	0.0386509406705652
2991.2358	0.0380489011282216
2989.8188	0.0383071624964183
2988.4019	0.038125999032428
2986.9849	0.038279890313303
2985.5679	0.0379899205138774
2984.1509	0.0377932480432924
2982.734	0.0379061852581054
2981.317	0.0387841890944541
2979.9	0.0390277461470582
2978.483	0.03822196097097
2977.0661	0.0384405070980018
2975.6491	0.0395699082055276
2974.2321	0.0396223233394297
2972.8151	0.0391530838413361
2971.3982	0.0396348432565888
2969.9812	0.0394701491498376
2968.5642	0.0399262293734794
2967.1472	0.0398786192559437
2965.7303	0.0404175402577976
2964.3133	0.0403302907373788
2962.8963	0.0407673319352293
2961.4793	0.0402966081985745
2960.0623	0.0408245047917183
2958.6454	0.0407962783886983
2957.2284	0.0417890635223078
2955.8114	0.0413957954045239
2954.3944	0.0411584585766119
2952.9775	0.042246778843387
2951.5605	0.0420543055451654
2950.1435	0.0425461608269207
2948.7265	0.0430720088377761
2947.3096	0.0430128279816343
2945.8926	0.043152450620235
2944.4756	0.0447744016889476
2943.0586	0.0436605316132733
2941.6417	0.0445547182938733
2940.2247	0.0456193279549763
2938.8077	0.0449967430551776
2937.3907	0.0453415703819566
2935.9738	0.0451233680257815
2934.5568	0.0452022086250201
2933.1398	0.04591783174525
2931.7228	0.0469076109430348
2930.3059	0.0467449881400892
2928.8889	0.046716315216315
2927.4719	0.0468775836407909
2926.0549	0.0463669710415876
2924.638	0.0472890695346578
2923.221	0.0473294582313706
2921.804	0.0466631426209066
2920.387	0.0468865384029108
2918.9701	0.0464873734047461
2917.5531	0.0464378148149369
2916.1361	0.0464543991814106
2914.7191	0.0464963998848586
2913.3021	0.0464900883904383
2911.8852	0.04614070912134
2910.4682	0.0468669535666872
2909.0512	0.0464407028481369
2907.6342	0.0461605606375724
2906.2173	0.0460440233549328
2904.8003	0.0465006872051579
2903.3833	0.0459246554657434
2901.9663	0.0456069356199701
2900.5494	0.0463097272273063
2899.1324	0.04633978056908
2897.7154	0.0458702559654823
2896.2984	0.0457893208085807
2894.8815	0.0459486829756884
2893.4645	0.0459502605792217
2892.0475	0.0461342219042276
2890.6305	0.0464866969882556
2889.2136	0.0459095025348383
2887.7966	0.0456129395731906
2886.3796	0.0453278535018264
2884.9626	0.0449236175982363
2883.5457	0.0458151255457244
2882.1287	0.0448538853022199
2880.7117	0.0459197520779292
2879.2947	0.044876970728945
2877.8778	0.0449371153554439
2876.4608	0.0439662483977479
2875.0438	0.0442872145977489
2873.6268	0.0444104554525766
2872.2099	0.0436304004941567
2870.7929	0.0439185311241863
2869.3759	0.0437503280587886
2867.9589	0.0441542812349419
2866.5419	0.0435672313766944
2865.125	0.0430072981454858
2863.708	0.043262247068403
2862.291	0.0430532704019273
2860.874	0.042879434653048
2859.4571	0.0430030820836198
2858.0401	0.0413131884185827
2856.6231	0.0419549528501042
2855.2061	0.0420905191855587
2853.7892	0.0417012762978067
2852.3722	0.0417057296361715
2850.9552	0.0421304549985559
2849.5382	0.0418623150697996
2848.1213	0.0412495808891112
2846.7043	0.0413652248516199
2845.2873	0.0411586314652565
2843.8703	0.0403853965886934
2842.4534	0.0408389757995064
2841.0364	0.0407119444930021
2839.6194	0.0402945057160354
2838.2024	0.0409603391647431
2836.7855	0.0396361364142627
2835.3685	0.0402779016521457
2833.9515	0.0396601983948567
2832.5345	0.0392045164409063
2831.1176	0.0401407861722906
2829.7006	0.0395724176614569
2828.2836	0.0390766894187375
2826.8666	0.0382711760231447
2825.4497	0.037920263524078
2824.0327	0.0393947282888684
2822.6157	0.0385550601275538
2821.1987	0.0393928684494041
2819.7817	0.0385298032129791
2818.3648	0.0385680028728924
2816.9478	0.0381579413392297
2815.5308	0.0387861355071895
2814.1138	0.0378916590363993
2812.6969	0.0377991522759627
2811.2799	0.0378268585313218
2809.8629	0.0380409197915659
2808.4459	0.0381602997008223
2807.029	0.0375017191054096
2805.612	0.0369327137286435
2804.195	0.0377249368689893
2802.778	0.0374831016539194
2801.3611	0.0382831122531638
2799.9441	0.0374507454925478
2798.5271	0.0372069373451608
2797.1101	0.0374416436927287
2795.6932	0.0360818262597582
2794.2762	0.0372547214360812
2792.8592	0.0361813233267352
2791.4422	0.0362639876698366
2790.0253	0.0367464346390024
2788.6083	0.036206641841174
2787.1913	0.0364401739320975
2785.7743	0.0364426021971019
2784.3574	0.0367104964325358
2782.9404	0.0365142277918571
2781.5234	0.0362985227502429
2780.1064	0.0361501341103047
2778.6895	0.035918601928574
2777.2725	0.0363327722078694
2775.8555	0.0365261844330444
2774.4385	0.0359061914089149
2773.0215	0.036282373891068
2771.6046	0.0358268290087037
2770.1876	0.035881760860055
2768.7706	0.0358336986674387
2767.3536	0.036119812074294
2765.9367	0.0360417536695821
2764.5197	0.035438804690629
2763.1027	0.0352757418080986
2761.6857	0.0355338671881484
2760.2688	0.0351748609723311
2758.8518	0.0357610290170617
2757.4348	0.0353211254039565
2756.0178	0.036153948224431
2754.6009	0.0364277356331902
2753.1839	0.0358058163533868
2751.7669	0.0355446350879957
2750.3499	0.0347550902711977
2748.933	0.0351430207346644
2747.516	0.0355481203084307
2746.099	0.0343633524221984
2744.682	0.0350108930131442
2743.2651	0.0348816672913968
2741.8481	0.0351809850696129
2740.4311	0.0351314784638486
2739.0141	0.035382062004688
2737.5972	0.0349722321949921
2736.1802	0.0348003972451629
2734.7632	0.0344648386384672
2733.3462	0.0346160503155865
2731.9293	0.0353792768666267
2730.5123	0.0357337556866973
2729.0953	0.0349922179110236
2727.6783	0.0349474619886157
2726.2613	0.0347219998778747
2724.8444	0.0349777978471374
2723.4274	0.0350160879613295
2722.0104	0.0344416986051286
2720.5934	0.0351408542737806
2719.1765	0.0348893227574389
2717.7595	0.034447269991127
2716.3425	0.0341975064995462
2714.9255	0.0356611790905019
2713.5086	0.0341542833437373
2712.0916	0.0339727781741705
2710.6746	0.0347099747971177
2709.2576	0.0343072100596773
2707.8407	0.0342930811638191
2706.4237	0.0351094378287706
2705.0067	0.0342979048411239
2703.5897	0.033532149355257
2702.1728	0.0346630454828471
2700.7558	0.0341657494196828
2699.3388	0.0338995242035697
2697.9218	0.0339946862113285
2696.5049	0.0341975612456468
2695.0879	0.033832609419239
2693.6709	0.0333449280976505
2692.2539	0.0336585692690079
2690.837	0.0344309220759907
2689.42	0.0341389274683953
2688.003	0.033725714507595
2686.586	0.0340177761009388
2685.1691	0.0338734647819326
2683.7521	0.0339159344569298
2682.3351	0.0338158034054665
2680.9181	0.0339954897888844
2679.5011	0.033836266752379
2678.0842	0.0337955041387849
2676.6672	0.0331747273954745
2675.2502	0.0331753614109558
2673.8332	0.0332548264151374
2672.4163	0.0335947026668534
2670.9993	0.0336357498626782
2669.5823	0.0332862654618907
2668.1653	0.0332668179776846
2666.7484	0.0333824997495068
2665.3314	0.0336586028924119
2663.9144	0.0335023090965936
2662.4974	0.0338849237779107
2661.0805	0.0340173987220562
2659.6635	0.033203562793713
2658.2465	0.0338613612769356
2656.8295	0.0327802022748135
2655.4126	0.0337289399333152
2653.9956	0.0335631914918482
2652.5786	0.0332684717194487
2651.1616	0.0333623533256885
2649.7447	0.0329259908316071
2648.3277	0.0327190902713702
2646.9107	0.0331614678587441
2645.4937	0.0323475949766122
2644.0768	0.032962037079073
2642.6598	0.0332204345379138
2641.2428	0.032280180280293
2639.8258	0.033192527115675
2638.4089	0.0336275000349744
2636.9919	0.0328539150299852
2635.5749	0.0318555081534304
2634.1579	0.0327284724781827
2632.741	0.0320806673431454
2631.324	0.0328894109422542
2629.907	0.0319676226004938
2628.49	0.0326623950342543
2627.073	0.0327263193303057
2625.6561	0.0315161181121706
2624.2391	0.0316812573124401
2622.8221	0.0323974328940988
2621.4051	0.0320669085888985
2619.9882	0.0322336785011737
2618.5712	0.0322716703022581
2617.1542	0.0324104476151774
2615.7372	0.0316675328129847
2614.3203	0.0318285806419727
2612.9033	0.0311200290949378
2611.4863	0.0308741309053737
2610.0693	0.0311309719362295
2608.6524	0.0314366984293561
2607.2354	0.0315887419461716
2605.8184	0.0305859653191696
2604.4014	0.0306828731296402
2602.9845	0.0315275259697447
2601.5675	0.0309281595885633
2600.1505	0.0311624733913911
2598.7335	0.0316585831782522
2597.3166	0.0300222338104724
2595.8996	0.0307883696881871
2594.4826	0.03066075916522
2593.0656	0.0308386026600875
2591.6487	0.0317609026547886
2590.2317	0.0310417184640448
2588.8147	0.0309245342912175
2587.3977	0.0313190810746163
2585.9808	0.0302065693169501
2584.5638	0.0311757091490348
2583.1468	0.0314560978004213
2581.7298	0.0313653508535016
2580.3128	0.0310766769299845
2578.8959	0.0305820517200934
2577.4789	0.0313541825868452
2576.0619	0.0302008308973686
2574.6449	0.0300078837996436
2573.228	0.030626931924517
2571.811	0.0305060316654291
2570.394	0.0301634566488774
2568.977	0.0304902307039455
2567.5601	0.0302866992549442
2566.1431	0.0303401800816823
2564.7261	0.0293556500727908
2563.3091	0.0301139785072695
2561.8922	0.0302946196971621
2560.4752	0.0297660221431853
2559.0582	0.0304106220069304
2557.6412	0.0302794012428904
2556.2243	0.0309369775363812
2554.8073	0.0304961250615911
2553.3903	0.030439547593029
2551.9733	0.0297172197298866
2550.5564	0.0302858372696702
2549.1394	0.0296969676465099
2547.7224	0.0301449422266758
2546.3054	0.0285648879796104
2544.8885	0.029293442249712
2543.4715	0.029417765615785
2542.0545	0.0295794020234411
2540.6375	0.0299197644935243
2539.2206	0.0299166807423806
2537.8036	0.0295839412260417
2536.3866	0.0295845409837157
2534.9696	0.0299693928785541
2533.5526	0.0297150040268029
2532.1357	0.0305728098506731
2530.7187	0.0294876477039073
2529.3017	0.0294905873591183
2527.8847	0.0295441864650566
2526.4678	0.0288484666892684
2525.0508	0.028381271025865
2523.6338	0.0292914990737711
2522.2168	0.0292930341871889
2520.7999	0.0292892974441763
2519.3829	0.0292504900622275
2517.9659	0.0291523769424569
2516.5489	0.0296397213907782
2515.132	0.0298146428380975
2513.715	0.0295303374422559
2512.298	0.0292977810212253
2510.881	0.0295806586908752
2509.4641	0.0291170102481625
2508.0471	0.0289611590234256
2506.6301	0.0286993449183595
2505.2131	0.029349613633072
2503.7962	0.0289281266506128
2502.3792	0.0288780515554077
2500.9622	0.0284880888484776
2499.5452	0.0292357484761235
2498.1283	0.0291494437265469
2496.7113	0.0293981975012377
2495.2943	0.0282601494581721
2493.8773	0.0283864263973749
2492.4604	0.028353631544698
2491.0434	0.0292739416230714
2489.6264	0.0292484502633213
2488.2094	0.0289333484511948
2486.7924	0.0288351462359378
2485.3755	0.0286045953528741
2483.9585	0.0290527329520212
2482.5415	0.0282910572329974
2481.1245	0.0288243871613473
2479.7076	0.0289451971884472
2478.2906	0.0286017795532757
2476.8736	0.0290580204386147
2475.4566	0.0289007428922211
2474.0397	0.0282450708648299
2472.6227	0.0283915762881047
2471.2057	0.0276227580779704
2469.7887	0.0282963194563342
2468.3718	0.0284718879033394
2466.9548	0.0279539107277853
2465.5378	0.0284495163789184
2464.1208	0.0294870197929778
2462.7039	0.0280343017995791
2461.2869	0.0274164113632409
2459.8699	0.0279185201821187
2458.4529	0.0282661048652645
2457.036	0.0283544303592096
2455.619	0.0280013454396017
2454.202	0.028175118959582
2452.785	0.028254087711259
2451.3681	0.0283878970551397
2449.9511	0.0280365317848144
2448.5341	0.0281114757627403
2447.1171	0.0287086474423594
2445.7002	0.0276840833540675
2444.2832	0.0283746424798699
2442.8662	0.0272311812728872
2441.4492	0.0288406441866286
2440.0322	0.0277852171838429
2438.6153	0.0271629777169317
2437.1983	0.0276456357120503
2435.7813	0.0277599178739963
2434.3643	0.0279487306412048
2432.9474	0.0277270799069371
2431.5304	0.0274642218654725
2430.1134	0.0281516076973284
2428.6964	0.0278684449511974
2427.2795	0.0280870411281723
2425.8625	0.0279347484478882
2424.4455	0.0277287490389528
2423.0285	0.0279184702463217
2421.6116	0.027392976299747
2420.1946	0.0269009861156294
2418.7776	0.0273593769921195
2417.3606	0.0270883926672101
2415.9437	0.0267552627040513
2414.5267	0.0267897156583893
2413.1097	0.0274708449144607
2411.6927	0.0278712235656096
2410.2758	0.0264611589188837
2408.8588	0.0273945698419763
2407.4418	0.0272124759022998
2406.0248	0.026805598763566
2404.6079	0.026739312794933
2403.1909	0.0268843747893555
2401.7739	0.0271630349912367
2400.3569	0.0271759476584741
2398.94	0.0272807323327505
2397.523	0.0276173346556842
2396.106	0.0273547897403246
2394.689	0.0268404778640293
2393.272	0.0269224792059321
2391.8551	0.0263112879818891
2390.4381	0.0267322024963623
2389.0211	0.0264820591473662
2387.6041	0.0269494565921202
2386.1872	0.0264822427761474
2384.7702	0.0272233322165144
2383.3532	0.0265217490356634
2381.9362	0.0266603615021104
2380.5193	0.0269615520006451
2379.1023	0.0265783678531159
2377.6853	0.0270239894884538
2376.2683	0.0275118406215105
2374.8514	0.0273646457798022
2373.4344	0.0270745920853656
2372.0174	0.0265569706258381
2370.6004	0.0263983367010363
2369.1835	0.0263289435440409
2367.7665	0.026289401481867
2366.3495	0.0266786493989283
2364.9325	0.026576801076419
2363.5156	0.0268799227937498
2362.0986	0.0269320283849281
2360.6816	0.0270824430461932
2359.2646	0.0267953711284083
2357.8477	0.0273488661867534
2356.4307	0.0270763900074531
2355.0137	0.0272361070557376
2353.5967	0.0270906861574487
2352.1798	0.0266525148780153
2350.7628	0.0261276128352661
2349.3458	0.0263529740352887
2347.9288	0.0264778673612004
2346.5118	0.0278071036483459
2345.0949	0.0268731090871615
2343.6779	0.0270800549210384
2342.2609	0.0274076803866018
2340.8439	0.0269215789197751
2339.427	0.0267141362972758
2338.01	0.02623240389608
2336.593	0.0266288944501647
2335.176	0.026731832516925
2333.7591	0.0259729772448036
2332.3421	0.0261837040707641
2330.9251	0.0270115292416815
2329.5081	0.0268709778108365
2328.0912	0.0268167549701963
2326.6742	0.0271663296747654
2325.2572	0.0268052322624183
2323.8402	0.0276985814595222
2322.4233	0.027115726172608
2321.0063	0.0270933810555444
2319.5893	0.0268804371426071
2318.1723	0.0269141045094253
2316.7554	0.0261779593804344
2315.3384	0.0264879104216095
2313.9214	0.0271108222890531
2312.5044	0.0256683023374381
2311.0875	0.0267325041655871
2309.6705	0.0258038114689279
2308.2535	0.026544375829671
2306.8365	0.0269901021583841
2305.4196	0.0263420590195551
2304.0026	0.0265754390962957
2302.5856	0.0267857968960395
2301.1686	0.02694291465686
2299.7516	0.0265557809474453
2298.3347	0.0264014012086754
2296.9177	0.0268322157489795
2295.5007	0.0262600697877848
2294.0837	0.0265108343712836
2292.6668	0.0262832704973913
2291.2498	0.0259985879647188
2289.8328	0.0260409747613677
2288.4158	0.026502685477667
2286.9989	0.0271069445282637
2285.5819	0.0255610003896588
2284.1649	0.0255923516074368
2282.7479	0.0253974439238364
2281.331	0.0257550340112965
2279.914	0.0261675644857716
2278.497	0.026695304814597
2277.08	0.0257759717129423
2275.6631	0.0260073186330194
2274.2461	0.0256886265252066
2272.8291	0.0261756591551276
2271.4121	0.0252256062993077
2269.9952	0.0262657603340889
2268.5782	0.025766919086018
2267.1612	0.0254492425525538
2265.7442	0.0257440391471515
2264.3273	0.025611190941681
2262.9103	0.0253884462661159
2261.4933	0.0247778069893027
2260.0763	0.0258388887241382
2258.6594	0.0253107370075677
2257.2424	0.025861924277808
2255.8254	0.0260864436569142
2254.4084	0.0258121880237811
2252.9914	0.0254583476671425
2251.5745	0.0246586595000202
2250.1575	0.0258654716808016
2248.7405	0.0249869500177352
2247.3235	0.0250615424903147
2245.9066	0.0253842208152412
2244.4896	0.0247706109006219
2243.0726	0.0250522853579463
2241.6556	0.0252345473247301
2240.2387	0.0245079702176135
2238.8217	0.0246700433582102
2237.4047	0.0250139810159963
2235.9877	0.0250046683401981
2234.5708	0.0252730126427202
2233.1538	0.0249194339731616
2231.7368	0.0250970898807782
2230.3198	0.0248975972432051
2228.9029	0.0252964917539044
2227.4859	0.0257942107852313
2226.0689	0.0251883713879229
2224.6519	0.025264960384793
2223.235	0.0265456685528187
2221.818	0.0256683024173685
2220.401	0.0246609960830775
2218.984	0.0249013187882017
2217.5671	0.0246308397172521
2216.1501	0.0254768121352627
2214.7331	0.0248578167300514
2213.3161	0.0251382640375167
2211.8992	0.0250046757376744
2210.4822	0.0245632052000063
2209.0652	0.0253059365818885
2207.6482	0.0262191952229296
2206.2312	0.0248480088169516
2204.8143	0.0250871397742634
2203.3973	0.0251893443365852
2201.9803	0.024471310662652
2200.5633	0.0249112205228747
2199.1464	0.0252221952692214
2197.7294	0.0246792844496139
2196.3124	0.0249860069381995
2194.8954	0.0253950428298679
2193.4785	0.0260253249045206
2192.0615	0.0260470128922802
2190.6445	0.0252875551183203
2189.2275	0.0264401146237993
2187.8106	0.0262780375758395
2186.3936	0.0257035713298842
2184.9766	0.0240303822107892
2183.5596	0.0250878962477883
2182.1427	0.0245802661706292
2180.7257	0.0242437656254532
2179.3087	0.0243875168180133
2177.8917	0.0236959021465062
2176.4748	0.0239475680724619
2175.0578	0.0230514433037414
2173.6408	0.0244188443401936
2172.2238	0.02525794921046
2170.8069	0.0255776814680344
2169.3899	0.0246099074640585
2167.9729	0.0254736824465237
2166.5559	0.0256609194524643
2165.139	0.0246963845070641
2163.722	0.0258294100841132
2162.305	0.0262470107312967
2160.888	0.0241408556797613
2159.471	0.0245930565624952
2158.0541	0.0231142409920244
2156.6371	0.0223701825708396
2155.2201	0.0217633981594916
2153.8031	0.0227737056153061
2152.3862	0.0217104427663456
2150.9692	0.0229405642998277
2149.5522	0.0230638136791634
2148.1352	0.0230343183296763
2146.7183	0.0232523727985988
2145.3013	0.0238513951431865
2143.8843	0.0239639173121612
2142.4673	0.0235565572589811
2141.0504	0.0236338189527887
2139.6334	0.0237332283335123
2138.2164	0.0238894830362064
2136.7994	0.0244983438002959
2135.3825	0.0236684380588518
2133.9655	0.0226236457475781
2132.5485	0.0227097206066068
2131.1315	0.022636280757008
2129.7146	0.0223542389483077
2128.2976	0.0233945361876457
2126.8806	0.0238969298586873
2125.4636	0.0240015393149832
2124.0467	0.0242580370032603
2122.6297	0.0248136648196722
2121.2127	0.0242738020947699
2119.7957	0.0244223443049054
2118.3788	0.0249238204002002
2116.9618	0.0247795195014969
2115.5448	0.0249307008730537
2114.1278	0.0241186612178396
2112.7108	0.02483595539205
2111.2939	0.0239010856375042
2109.8769	0.0246596354203459
2108.4599	0.0237589897095246
2107.0429	0.0243594825835138
2105.626	0.0241635762113005
2104.209	0.0250977985234554
2102.792	0.0246271271493437
2101.375	0.0248981485342326
2099.9581	0.0251394336273839
2098.5411	0.0245769264710097
2097.1241	0.0239241971344305
2095.7071	0.0246575959718098
2094.2902	0.0241855941363369
2092.8732	0.0235611825019556
2091.4562	0.0245340133992594
2090.0392	0.0235046197501539
2088.6223	0.024421044929337
2087.2053	0.0240656916359791
2085.7883	0.0241446469296689
2084.3713	0.0242390820139305
2082.9544	0.0234778907071918
2081.5374	0.0243692227812125
2080.1204	0.0240473389914935
2078.7034	0.0246871682658157
2077.2865	0.02454596444369
2075.8695	0.0242539868364868
2074.4525	0.0249980472684512
2073.0355	0.0245563172198944
2071.6186	0.0241291718345618
2070.2016	0.0231371145712675
2068.7846	0.023698658622939
2067.3676	0.0245901219560222
2065.9506	0.023926772506753
2064.5337	0.0244600969425942
2063.1167	0.024130508294953
2061.6997	0.0247627243814138
2060.2827	0.0235987507617617
2058.8658	0.0242606122870053
2057.4488	0.0243201409529622
2056.0318	0.0236640951231877
2054.6148	0.0238033079852781
2053.1979	0.0239925449433097
2051.7809	0.0240445990810283
2050.3639	0.0228377226313569
2048.9469	0.0230606487366914
2047.53	0.0224634522120989
2046.113	0.0227583979404662
2044.696	0.0220503555424787
2043.279	0.0229265966849276
2041.8621	0.0234250289355326
2040.4451	0.0228630317283372
2039.0281	0.0223766957133534
2037.6111	0.0234473841527267
2036.1942	0.0233635488150302
2034.7772	0.0231109049332972
2033.3602	0.0230067366639359
2031.9432	0.0230559478564686
2030.5263	0.0227230968658102
2029.1093	0.0219230898867141
2027.6923	0.0223706402977541
2026.2753	0.0213256571761216
2024.8584	0.0205281041275798
2023.4414	0.0212419681211855
2022.0244	0.0213971988990481
2020.6074	0.0215103738718917
2019.1904	0.0215638630620622
2017.7735	0.0216121739753799
2016.3565	0.0229105902715724
2014.9395	0.0214728772141345
2013.5225	0.0215942395685857
2012.1056	0.0213116650857372
2010.6886	0.0210545679537758
2009.2716	0.0208585803014
2007.8546	0.0208133559521503
2006.4377	0.0211900680872553
2005.0207	0.0216106717279998
2003.6037	0.0216789643890864
2002.1867	0.0217780293949379
2000.7698	0.0214781843801361
1999.3528	0.0221434324312606
1997.9358	0.021561816856469
1996.5188	0.0222428591252804
1995.1019	0.0215962659363675
1993.6849	0.0213037769243263
1992.2679	0.0217446558893986
1990.8509	0.0217998248847512
1989.434	0.0221046103193635
1988.017	0.0220296131172714
1986.6	0.022257958044301
1985.183	0.0228186270780964
1983.7661	0.0231534041365086
1982.3491	0.0229225818746379
1980.9321	0.022548792406701
1979.5151	0.0219267916882065
1978.0982	0.0221955041243696
1976.6812	0.0210769553516474
1975.2642	0.0207353373145815
1973.8472	0.0212345302381256
1972.4302	0.0214976135831768
1971.0133	0.0210408650881729
1969.5963	0.0206563281982438
1968.1793	0.0210292946361611
1966.7623	0.0206008925076627
1965.3454	0.0207878176097839
1963.9284	0.0210345797296564
1962.5114	0.0214448748257853
1961.0944	0.0224870034174251
1959.6775	0.0216154897102761
1958.2605	0.0217230067730836
1956.8435	0.0204927075166875
1955.4265	0.021242459462485
1954.0096	0.0218383416112384
1952.5926	0.0218771337963106
1951.1756	0.0221105144519044
1949.7586	0.0215266444484813
1948.3417	0.0211022914318146
1946.9247	0.0210100591838485
1945.5077	0.021151758923246
1944.0907	0.0210289983041322
1942.6738	0.0217078434993017
1941.2568	0.0218733605842862
1939.8398	0.0221053051044307
1938.4228	0.0228066989155392
1937.0059	0.0225292685163393
1935.5889	0.0221368629453099
1934.1719	0.0218015934881619
1932.7549	0.0221299674063367
1931.338	0.0220942683505622
1929.921	0.0219190713798694
1928.504	0.0217691830137022
1927.087	0.0216891644260825
1925.67	0.0225214641815109
1924.2531	0.023111540743629
1922.8361	0.022568511441555
1921.4191	0.0234455322016709
1920.0021	0.022987814282275
1918.5852	0.0226661125900611
1917.1682	0.02305669101753
1915.7512	0.0222435227512888
1914.3342	0.0223567176833191
1912.9173	0.0218988718132327
1911.5003	0.0219927048262337
1910.0833	0.0218660804499749
1908.6663	0.0226598904211504
1907.2494	0.022889411343796
1905.8324	0.0223189385292732
1904.4154	0.0223380669390637
1902.9984	0.0231484345022255
1901.5815	0.0212992592857418
1900.1645	0.0213976854965958
1898.7475	0.0224184202380359
1897.3305	0.0221612510669821
1895.9136	0.0224037730553965
1894.4966	0.0224419441378293
1893.0796	0.0220688660690878
1891.6626	0.0220855629171799
1890.2457	0.022448927109398
1888.8287	0.0222597919762522
1887.4117	0.0219242654533814
1885.9947	0.0222084416618501
1884.5778	0.0223811286436608
1883.1608	0.0225480726338593
1881.7438	0.0212644070739242
1880.3268	0.0217078622089712
1878.9098	0.0221917724297271
1877.4929	0.0217278136706681
1876.0759	0.0223080597299686
1874.6589	0.0215927380254522
1873.2419	0.0215293399915808
1871.825	0.0227959559292684
1870.408	0.0220770522989642
1868.991	0.022600130206072
1867.574	0.0226122913747623
1866.1571	0.0224084365716302
1864.7401	0.0219161620119038
1863.3231	0.0226128947549878
1861.9061	0.0222731055908901
1860.4892	0.0220845912937653
1859.0722	0.0223412114140549
1857.6552	0.0215615757708442
1856.2382	0.021670134432383
1854.8213	0.0216126186746829
1853.4043	0.0223229799395182
1851.9873	0.0218579260669938
1850.5703	0.0219681998551798
1849.1534	0.0224189592355049
1847.7364	0.022066417226715
1846.3194	0.0224579281744506
1844.9024	0.0216282439536553
1843.4855	0.0215160771947754
1842.0685	0.0224780274239295
1840.6515	0.0220010415972547
1839.2345	0.0214747268545566
1837.8176	0.0221968625241343
1836.4006	0.0217101751340077
1834.9836	0.0214549875465926
1833.5666	0.0218276186729765
1832.1496	0.0210272240516702
1830.7327	0.0219564250068591
1829.3157	0.0209641331693626
1827.8987	0.0215608896848097
1826.4817	0.0219168778387084
1825.0648	0.0221618985882501
1823.6478	0.0220159506249474
1822.2308	0.0219154799836382
1820.8138	0.0223077462512939
1819.3969	0.0218934843123037
1817.9799	0.0212250626904566
1816.5629	0.0217605134203024
1815.1459	0.0214100969150508
1813.729	0.0213394897396182
1812.312	0.0212805904840193
1810.895	0.0215922399739842
1809.478	0.02162840046519
1808.0611	0.0215717619915764
1806.6441	0.0216358512196005
1805.2271	0.0219867083824149
1803.8101	0.0212426964676216
1802.3932	0.0211585272587172
1800.9762	0.021838163450681
1799.5592	0.0221107551668027
1798.1422	0.0212383049654478
1796.7253	0.0214886406289117
1795.3083	0.0214831108235171
1793.8913	0.0215502699223589
1792.4743	0.0212610225478646
1791.0574	0.0218412687281398
1789.6404	0.021377921675665
1788.2234	0.0220408986661903
1786.8064	0.0218636021412376
1785.3894	0.0216591003297967
1783.9725	0.0219150130080688
1782.5555	0.0214304175601272
1781.1385	0.0218554878942064
1779.7215	0.0213834050080194
1778.3046	0.0218830160726182
1776.8876	0.0215522506794165
1775.4706	0.0211159700136394
1774.0536	0.0221186627720558
1772.6367	0.0218968668452221
1771.2197	0.0218192010029657
1769.8027	0.0223343858185422
1768.3857	0.0221514468759847
1766.9688	0.0219816408687258
1765.5518	0.0213630016776428
1764.1348	0.0220551605361165
1762.7178	0.0215626118276713
1761.3009	0.0220343222362004
1759.8839	0.0224543428705961
1758.4669	0.022242688198979
1757.0499	0.0223989609936898
1755.633	0.0223962169187275
1754.216	0.0227644278479657
1752.799	0.0226953150634389
1751.382	0.0223526503117519
1749.9651	0.0228263189904087
1748.5481	0.0234038575358029
1747.1311	0.023510023879955
1745.7141	0.0240440318841073
1744.2972	0.0226137297371593
1742.8802	0.0234067932144405
1741.4632	0.0236231980531005
1740.0462	0.0238136030934487
1738.6292	0.0237185822042202
1737.2123	0.0246466780664155
1735.7953	0.024622434138802
1734.3783	0.024229621304859
1732.9613	0.0244913775516802
1731.5444	0.0253879518871595
1730.1274	0.0248584662525475
1728.7104	0.0255331913317366
1727.2934	0.0262252698621715
1725.8765	0.025512860166885
1724.4595	0.0257467440571189
1723.0425	0.0256552480988535
1721.6255	0.0266009076325782
1720.2086	0.0263545140671778
1718.7916	0.0261650737905344
1717.3746	0.0271965478159589
1715.9576	0.0273727504081237
1714.5407	0.0278002257848585
1713.1237	0.0279308095101474
1711.7067	0.0284480726962162
1710.2897	0.0276937237384024
1708.8728	0.0275727651750498
1707.4558	0.0284130187011306
1706.0388	0.0281309309138171
1704.6218	0.0288567944685211
1703.2049	0.0291169547021496
1701.7879	0.0285080063525902
1700.3709	0.0292418236069114
1698.9539	0.0292941272334141
1697.537	0.0296571450029294
1696.12	0.0295445559481116
1694.703	0.0302968141350774
1693.286	0.0294069767021739
1691.869	0.0297126106832371
1690.4521	0.0297212179023897
1689.0351	0.030416040064755
1687.6181	0.0304406974331363
1686.2011	0.0294316424449723
1684.7842	0.0306524865667982
1683.3672	0.0312421234914037
1681.9502	0.0300253963126857
1680.5332	0.0306846012040997
1679.1163	0.0309455461393674
1677.6993	0.0298670974092591
1676.2823	0.0312180330351052
1674.8653	0.0309255954134535
1673.4484	0.0308858849733043
1672.0314	0.0310757027108336
1670.6144	0.0314755827261232
1669.1974	0.0318655374002378
1667.7805	0.0325175722363193
1666.3635	0.0320182038511004
1664.9465	0.0321284471918235
1663.5295	0.0327843327043321
1662.1126	0.0321151830740156
1660.6956	0.0331408760251953
1659.2786	0.033015579461836
1657.8616	0.0331140678931978
1656.4447	0.0336942397342467
1655.0277	0.0339240849829116
1653.6107	0.0341761040648909
1652.1937	0.0340531228435176
1650.7768	0.0345661349327498
1649.3598	0.0350002178637602
1647.9428	0.0347382428968319
1646.5258	0.0361555231829729
1645.1088	0.0367713248068168
1643.6919	0.0369673255537534
1642.2749	0.036140848776353
1640.8579	0.0380253336608722
1639.4409	0.0382907349490805
1638.024	0.0391178044143822
1636.607	0.0397924169190274
1635.19	0.040269348347807
1633.773	0.0411684777108392
1632.3561	0.0416973822058258
1630.9391	0.0415116159313713
1629.5221	0.0417312538845642
1628.1051	0.0426178111621993
1626.6882	0.0432203625964449
1625.2712	0.043299020246148
1623.8542	0.0444317430289601
1622.4372	0.0437320560856833
1621.0203	0.0449318768333745
1619.6033	0.0446027038147937
1618.1863	0.0449761045682707
1616.7693	0.0452790290449794
1615.3524	0.0460739932607025
1613.9354	0.0470217356081779
1612.5184	0.0464924064475341
1611.1014	0.046879588960496
1609.6845	0.0472679612496045
1608.2675	0.0478102258332671
1606.8505	0.0491139272499205
1605.4335	0.0491487007615726
1604.0166	0.0507964875683211
1602.5996	0.0499043628973588
1601.1826	0.0506774319569734
1599.7656	0.0506159090609196
1598.3486	0.0503443842041185
1596.9317	0.050130601767106
1595.5147	0.0504024494426038
1594.0977	0.0496133291701137
1592.6807	0.0500489997117344
1591.2638	0.0486570044252276
1589.8468	0.0484380451715033
1588.4298	0.0489874534161892
1587.0128	0.0484407325989186
1585.5959	0.0477450346414235
1584.1789	0.0471207778356853
1582.7619	0.0468467175572303
1581.3449	0.0464820614445318
1579.928	0.0457256133155514
1578.511	0.045106515520754
1577.094	0.0446009523635053
1575.677	0.0432217471251928
1574.2601	0.0428008783526222
1572.8431	0.0426598402865919
1571.4261	0.0419573783684081
1570.0091	0.0419231821911544
1568.5922	0.04208473023925
1567.1752	0.0417310761324149
1565.7582	0.0411906638704754
1564.3412	0.0394552272680968
1562.9243	0.0391875054168832
1561.5073	0.0386334086172044
1560.0903	0.0369073692884426
1558.6733	0.0367661638003146
1557.2564	0.0361479765502561
1555.8394	0.0357983542001854
1554.4224	0.0343378390152799
1553.0054	0.0343318089438211
1551.5885	0.0343256339607178
1550.1715	0.0340402983485104
1548.7545	0.033850669240592
1547.3375	0.0331837434886651
1545.9205	0.0320139923843546
1544.5036	0.0329922410578918
1543.0866	0.0320926761585232
1541.6696	0.0309796897132134
1540.2526	0.0314288482000168
1538.8357	0.0309715351796646
1537.4187	0.0307939403063655
1536.0017	0.031157548042558
1534.5847	0.031123042719075
1533.1678	0.0308702885912771
1531.7508	0.0309831134951402
1530.3338	0.0303083389280103
1528.9168	0.0303413693840596
1527.4999	0.0309460814229735
1526.0829	0.031271687860615
1524.6659	0.0312452737044206
1523.2489	0.0322952047299779
1521.832	0.0333372433046429
1520.415	0.0337604183812864
1518.998	0.035658868093727
1517.581	0.0360421867312828
1516.1641	0.036793273983492
1514.7471	0.0377680415787858
1513.3301	0.0375072356777767
1511.9131	0.038906392856369
1510.4962	0.038852254878665
1509.0792	0.0382435484797039
1507.6622	0.0392080732106764
1506.2452	0.0395751575017952
1504.8283	0.0385193240729021
1503.4113	0.0381554122577736
1501.9943	0.0367522708202739
1500.5773	0.0369336286721739
1499.1603	0.0353818554540855
1497.7434	0.0349926888862071
1496.3264	0.0336753323788984
1494.9094	0.0331203757765675
1493.4924	0.0325346573931715
1492.0755	0.0322569275460308
1490.6585	0.0326337840688449
1489.2415	0.0317362263252567
1487.8245	0.0312022572016636
1486.4076	0.0323916511553591
1484.9906	0.0318510413694563
1483.5736	0.0335546343898728
1482.1566	0.0340304908058134
1480.7397	0.0340607458157448
1479.3227	0.0336597231091308
1477.9057	0.03452330640187
1476.4887	0.0333647601480638
1475.0718	0.0339796983961316
1473.6548	0.0349240373445535
1472.2378	0.0351668019987214
1470.8208	0.0367480652608412
1469.4039	0.0366490431246765
1467.9869	0.0368671194138515
1466.5699	0.0382357975681881
1465.1529	0.0396485750025913
1463.736	0.0396629794214654
1462.319	0.0415393543835866
1460.902	0.0417463299980298
1459.485	0.0421742672823208
1458.0681	0.0434154019807815
1456.6511	0.0433679013828061
1455.2341	0.0446343348337544
1453.8171	0.0445786671801789
1452.4001	0.0451415305958299
1450.9832	0.0442858049169053
1449.5662	0.0441456550092835
1448.1492	0.0440859145086566
1446.7322	0.0449701367700139
1445.3153	0.0451087626757777
1443.8983	0.0452167226725147
1442.4813	0.0444422944787584
1441.0643	0.0442138025457305
1439.6474	0.0449683303740616
1438.2304	0.0448210407346348
1436.8134	0.0452514594190506
1435.3964	0.0460207709234519
1433.9795	0.0463797601430501
1432.5625	0.0465847253828671
1431.1455	0.0469029712791856
1429.7285	0.0485661530914906
1428.3116	0.0485813226732338
1426.8946	0.0484075060946586
1425.4776	0.0488801218678892
1424.0606	0.0495608363860341
1422.6437	0.0497166048955391
1421.2267	0.049109183114918
1419.8097	0.0500973915687704
1418.3927	0.0507788037738306
1416.9758	0.0510234331947529
1415.5588	0.0503410897761521
1414.1418	0.0512553645537353
1412.7248	0.0507933442447755
1411.3079	0.0512780536250683
1409.8909	0.0508493490542526
1408.4739	0.0511119409432406
1407.0569	0.051427214827277
1405.6399	0.0510469307061356
1404.223	0.0506807363784814
1402.806	0.0515857253615668
1401.389	0.0510977587573616
1399.972	0.0516218468374315
1398.5551	0.0519484869032422
1397.1381	0.0518825922677433
1395.7211	0.0521933138374977
1394.3041	0.0520976918652351
1392.8872	0.052366108819714
1391.4702	0.0527932308754324
1390.0532	0.0537172949371586
1388.6362	0.0548838157362876
1387.2193	0.0546342128182884
1385.8023	0.0552457592275457
1384.3853	0.0554557803135083
1382.9683	0.0553139017943759
1381.5514	0.055137930581581
1380.1344	0.0546999119614705
1378.7174	0.0551704456646564
1377.3004	0.0545624360127699
1375.8835	0.055062164208099
1374.4665	0.0556716823203922
1373.0495	0.0548302010994587
1371.6325	0.0563426410475233
1370.2156	0.0568707074415685
1368.7986	0.0565114373828725
1367.3816	0.0575893639864609
1365.9646	0.0575734450276537
1364.5477	0.0581203622991705
1363.1307	0.0580293421218053
1361.7137	0.0586861370400077
1360.2967	0.0587816328172304
1358.8797	0.0579046517171689
1357.4628	0.05691297026924
1356.0458	0.0567992553544314
1354.6288	0.0560636469635424
1353.2118	0.0552870456542713
1351.7949	0.0551254254480822
1350.3779	0.0542515658311237
1348.9609	0.054457234824046
1347.5439	0.0546811958626467
1346.127	0.055569260207166
1344.71	0.0555775267257932
1343.293	0.0559710960663908
1341.876	0.0560439353736891
1340.4591	0.055782648319614
1339.0421	0.0564334320477423
1337.6251	0.0557894799764563
1336.2081	0.0567952095088519
1334.7912	0.0557038244342799
1333.3742	0.0558539731229226
1331.9572	0.0561344847400167
1330.5402	0.0561754161217962
1329.1233	0.0554898094744942
1327.7063	0.0544962495631816
1326.2893	0.0541117780788689
1324.8723	0.0533262176567044
1323.4554	0.0535669139678483
1322.0384	0.0522399744224675
1320.6214	0.0531230312534793
1319.2044	0.0521511082161204
1317.7875	0.0512015854629618
1316.3705	0.0516049682903613
1314.9535	0.0504625225437075
1313.5365	0.0503451120513771
1312.1195	0.0509061646862372
1310.7026	0.0505325603190118
1309.2856	0.0502045038240092
1307.8686	0.0497440135808776
1306.4516	0.0496648009571766
1305.0347	0.0493365629608032
1303.6177	0.0497527919204854
1302.2007	0.0493082365071867
1300.7837	0.0507570799339829
1299.3668	0.0497857754424639
1297.9498	0.0498562181735114
1296.5328	0.0496625014416971
1295.1158	0.0508992620979961
1293.6989	0.0498741123010646
1292.2819	0.0506531467653592
1290.8649	0.050314071783697
1289.4479	0.0498343550226505
1288.031	0.0497272109465072
1286.614	0.0497901327619861
1285.197	0.0500385877012258
1283.78	0.0505443204417189
1282.3631	0.0506366879438714
1280.9461	0.0509149927672534
1279.5291	0.0517830561070054
1278.1121	0.0526155399937587
1276.6952	0.053395242336388
1275.2782	0.0538224076754976
1273.8612	0.0544393082025756
1272.4442	0.0546995447437519
1271.0273	0.0546803918705665
1269.6103	0.0552472947548545
1268.1933	0.0546850366501078
1266.7763	0.0554556094107371
1265.3593	0.0544485704518795
1263.9424	0.0546429171143824
1262.5254	0.0540412023694032
1261.1084	0.0537549455161899
1259.6914	0.0542140105986492
1258.2745	0.0536932315695437
1256.8575	0.0536864788316322
1255.4405	0.0545406655067272
1254.0235	0.0546214153918645
1252.6066	0.053975758295963
1251.1896	0.0535418876871699
1249.7726	0.0535748331981258
1248.3556	0.0538205917271999
1246.9387	0.0533715271880068
1245.5217	0.053624224071712
1244.1047	0.0527826033688932
1242.6877	0.0528621835417948
1241.2708	0.0529243045361529
1239.8538	0.0513241504082647
1238.4368	0.0529704081239821
1237.0198	0.0529864573661244
1235.6029	0.0535059725150083
1234.1859	0.0538277526704284
1232.7689	0.0539715576366291
1231.3519	0.0529046589134495
1229.935	0.0527431534291894
1228.518	0.0518434188914214
1227.101	0.0515021171695466
1225.684	0.0502420856199432
1224.2671	0.0500283234091748
1222.8501	0.0490558375358707
1221.4331	0.0486427265376779
1220.0161	0.0478694822804525
1218.5991	0.047022482827484
1217.1822	0.0470073990410849
1215.7652	0.047071705382913
1214.3482	0.0462157360675149
1212.9312	0.0460989782503791
1211.5143	0.0462248733343794
1210.0973	0.0462195968486981
1208.6803	0.0454855271623665
1207.2633	0.0443534139407334
1205.8464	0.0441497227237649
1204.4294	0.0444375622411667
1203.0124	0.0438666241196528
1201.5954	0.0436466808073564
1200.1785	0.0436400693366923
1198.7615	0.0423495706338165
1197.3445	0.0423453402242887
1195.9275	0.0417206972775942
1194.5106	0.0410103848158635
1193.0936	0.0409629555173355
1191.6766	0.0404876169487836
1190.2596	0.0395580957497065
1188.8427	0.03913076212664
1187.4257	0.0383960627555833
1186.0087	0.0384357457603429
1184.5917	0.0378658392463933
1183.1748	0.0379197024699013
1181.7578	0.0375665075264672
1180.3408	0.0369065067671848
1178.9238	0.0377905016296903
1177.5069	0.0375554509817666
1176.0899	0.0388444901277
1174.6729	0.0395912852273351
1173.2559	0.0405117905454668
1171.8389	0.0410311199750078
1170.422	0.0422468736358146
1169.005	0.0444236732347286
1167.588	0.0462580524554947
1166.171	0.047603599571674
1164.7541	0.0506618074588435
1163.3371	0.0530952738625661
1161.9201	0.0563648570644943
1160.5031	0.058409909319992
1159.0862	0.0615945210666918
1157.6692	0.0640848910115923
1156.2522	0.0668177616351299
1154.8352	0.0679565605332167
1153.4183	0.0703755576105009
1152.0013	0.0718601749933541
1150.5843	0.0733519774095029
1149.1673	0.0734711210313067
1147.7504	0.0739644272496817
1146.3334	0.0745240378461163
1144.9164	0.0749858670194429
1143.4994	0.0736036707945304
1142.0825	0.0730121864161829
1140.6655	0.0720686631017538
1139.2485	0.0710344282283857
1137.8315	0.069933160528064
1136.4146	0.0691189178190391
1134.9976	0.0683705837851871
1133.5806	0.0675313526861739
1132.1636	0.067309409427262
1130.7467	0.0674497565511672
1129.3297	0.0677402538328921
1127.9127	0.0677252269132604
1126.4957	0.068640655930588
1125.0787	0.0690628109776063
1123.6618	0.0693403766665092
1122.2448	0.070109301951423
1120.8278	0.0693053768372156
1119.4108	0.0699485433494917
1117.9939	0.0695937586842289
1116.5769	0.0706158852445673
1115.1599	0.071048733763765
1113.7429	0.0708487654508554
1112.326	0.0709295962130942
1110.909	0.0721391089551564
1109.492	0.0723434982692864
1108.075	0.0732476640018443
1106.6581	0.0738345327918251
1105.2411	0.0750538639146781
1103.8241	0.0741235114097102
1102.4071	0.0756115062271776
1100.9902	0.0764030389998027
1099.5732	0.0773623995455486
1098.1562	0.0775838967271326
1096.7392	0.0778771317582095
1095.3223	0.0771064718909105
1093.9053	0.0773851411034054
1092.4883	0.0773180061149194
1091.0713	0.0790002937072071
1089.6544	0.0805439907590906
1088.2374	0.0821627615011633
1086.8204	0.0844089956231383
1085.4034	0.0868503274835377
1083.9865	0.0895489662969166
1082.5695	0.0930483665591336
1081.1525	0.0945000205677796
1079.7355	0.0971454090644457
1078.3185	0.0980045390304545
1076.9016	0.099919295962851
1075.4846	0.0994889967981892
1074.0676	0.0992796708465018
1072.6506	0.0981313517657431
1071.2337	0.0967116237443637
1069.8167	0.0941651568414668
1068.3997	0.0928597773564717
1066.9827	0.0917928872648932
1065.5658	0.0903958654113613
1064.1488	0.0900078645434497
1062.7318	0.0912095638983868
1061.3148	0.0922755111536733
1059.8979	0.0943628859388888
1058.4809	0.0951764366003555
1057.0639	0.0968621284963347
1055.6469	0.0980689738077259
1054.23	0.0994947610278353
1052.813	0.101926732223531
1051.396	0.103469142861241
1049.979	0.105108011214829
1048.5621	0.107925271375685
1047.1451	0.110655788225371
1045.7281	0.111746778334787
1044.3111	0.113877009784192
1042.8942	0.115233880547154
1041.4772	0.117803825804437
1040.0602	0.118939835565813
1038.6432	0.120964870878483
1037.2263	0.123237928108999
1035.8093	0.123826586376841
1034.3923	0.126682135163876
1032.9753	0.129038475230615
1031.5583	0.13133887357808
1030.1414	0.132612540717656
1028.7244	0.134440954496314
1027.3074	0.137430314624309
1025.8904	0.139327339153429
1024.4735	0.141719672852212
1023.0565	0.143611499601129
1021.6395	0.145338675557269
1020.2225	0.147168946401033
1018.8056	0.149412739831622
1017.3886	0.150363655852802
1015.9716	0.151485879245683
1014.5546	0.151622276054637
1013.1377	0.153525497632082
1011.7207	0.152755330103515
1010.3037	0.152503400026167
1008.8867	0.151805246660859
1007.4698	0.152932539605385
1006.0528	0.152779715949844
1004.6358	0.153998866873106
1003.2188	0.154352738390416
1001.8019	0.155267889355761
1000.3849	0.155575668876157
998.9679	0.157391390799343
997.5509	0.15744619462511
996.134	0.158760304343324
994.717	0.15953894114031
993.3	0.159092271860356
991.883	0.160235276047287
990.4661	0.160702536243543
989.0491	0.160049471271486
987.6321	0.159167002680789
986.2151	0.158575525086225
984.7981	0.156997597186981
983.3812	0.155410583149898
981.9642	0.154048601984341
980.5472	0.151882571719437
979.1302	0.148941988045917
977.7133	0.146379877273337
976.2963	0.144806558812173
974.8793	0.141637660028146
973.4623	0.138356167673176
972.0454	0.136404232805486
970.6284	0.132919694157622
969.2114	0.130261489207888
967.7944	0.127043269527172
966.3775	0.124079140495328
964.9605	0.121288325782182
963.5435	0.118660272237673
962.1265	0.115888491380728
960.7096	0.113911772465031
959.2926	0.111711772080939
957.8756	0.109386101610171
956.4586	0.106556765951909
955.0417	0.104974713629722
953.6247	0.102386133617198
952.2077	0.100271316889106
950.7907	0.0980082742339297
949.3738	0.0977599649957222
947.9568	0.0958143348318863
946.5398	0.0949805943513234
945.1228	0.0939814666352376
943.7059	0.0932633282380241
942.2889	0.0932844680860126
940.8719	0.0940262370792626
939.4549	0.093820032678009
938.0379	0.0944442983993396
936.621	0.0952827935951264
935.204	0.094382586903542
933.787	0.0952402149481586
932.37	0.0950129467114786
930.9531	0.0942870058283222
929.5361	0.0936283798458942
928.1191	0.0945216617635586
926.7021	0.0944693530481632
925.2852	0.0953627582995387
923.8682	0.0944184809607945
922.4512	0.0941213511390035
921.0342	0.0934896837691462
919.6173	0.093259264169263
918.2003	0.0924525015586277
916.7833	0.0916325472975952
915.3663	0.0925080067556028
913.9494	0.0909556233002033
912.5324	0.0903775661183222
911.1154	0.0894318509194663
909.6984	0.0894036074909439
908.2815	0.0873166404310977
906.8645	0.0870157766654072
905.4475	0.0848024280378012
904.0305	0.0854645271163331
902.6136	0.0838973087970114
901.1966	0.0834814622896626
899.7796	0.083376458170287
898.3626	0.0823333407158656
896.9457	0.0816802340508261
895.5287	0.0809423820576446
894.1117	0.0804829843546926
892.6947	0.0807154556945359
891.2777	0.0793563066470976
889.8608	0.0788783068710001
888.4438	0.0783374742847469
887.0268	0.0774163206023312
885.6098	0.0765803782353965
884.1929	0.0759030657430592
882.7759	0.0751977824697928
881.3589	0.0742939098771477
879.9419	0.0745782579209944
878.525	0.0729637644678143
877.108	0.0724750700956672
875.691	0.0727286475446992
874.274	0.0736733098989702
872.8571	0.0737151222102458
871.4401	0.0735380182176576
870.0231	0.074003645848448
868.6061	0.0740878484810127
867.1892	0.0753683652199659
865.7722	0.0745501498715441
864.3552	0.0760275232317692
862.9382	0.0757005414258643
861.5213	0.0761311336256923
860.1043	0.0771084751074302
858.6873	0.0774814212608738
857.2703	0.0771490090192544
855.8534	0.077457180833455
854.4364	0.0779495280617708
853.0194	0.076901433091746
851.6024	0.0771102060897664
850.1855	0.0781572182483907
848.7685	0.0786260856016064
847.3515	0.078019717576654
845.9345	0.0781036388598343
844.5175	0.0777678608378253
843.1006	0.0774667853206777
841.6836	0.0763391434316385
840.2666	0.076102822629392
838.8496	0.0760944132413069
837.4327	0.0756002094224437
836.0157	0.0752803553621335
834.5987	0.0743045241664961
833.1817	0.0748552682038108
831.7648	0.0735605924900961
830.3478	0.0731686320881483
828.9308	0.0724110129630246
827.5138	0.0718257146460389
826.0969	0.0715907764124387
824.6799	0.071327125191635
823.2629	0.0715720430243748
821.8459	0.0723531400990261
820.429	0.0707199015715888
819.012	0.0709079890091595
817.595	0.0711919493311756
816.178	0.0710444190982134
814.7611	0.0702886847341933
813.3441	0.070608781235661
811.9271	0.0697991901431292
810.5101	0.0699031104770034
809.0932	0.0700017729624258
807.6762	0.0699829056476482
806.2592	0.0689453679286995
804.8422	0.0688541040715669
803.4253	0.0689588585797942
802.0083	0.0682019755575489
800.5913	0.0683779622440096
799.1743	0.068093769573575
797.7573	0.0685640100525704
796.3404	0.0689211697161699
794.9234	0.0685217810015312
793.5064	0.068894669191348
792.0894	0.069571845026537
790.6725	0.0686013225404201
789.2555	0.0695534293902618
787.8385	0.069507908971377
786.4215	0.0701754630334738
785.0046	0.0715312776496209
783.5876	0.0711942135075376
782.1706	0.0720605756861376
780.7536	0.0714006025657146
779.3367	0.0724621646940072
777.9197	0.072718900830884
776.5027	0.0732199492711273
775.0857	0.0740188765585613
773.6688	0.0755584998315598
772.2518	0.0762907242832146
770.8348	0.0769437339372736
769.4178	0.0783673165643029
768.0009	0.0792964014159631
766.5839	0.0791330016034301
765.1669	0.0800943616036476
763.7499	0.0813853831380934
762.333	0.0808542368128689
760.916	0.081756874542492
759.499	0.0821080911708908
758.082	0.08236738587077
756.6651	0.0817657629798814
755.2481	0.0813906222689547
753.8311	0.0804685818313219
752.4141	0.0800990750475943
750.9971	0.078941756168041
749.5802	0.0784379074840864
748.1632	0.0774678999648027
746.7462	0.076721341245612
745.3292	0.076185154304778
743.9123	0.0757205239688268
742.4953	0.0752670948452549
741.0783	0.0756179074996259
739.6613	0.0750340335342035
738.2444	0.0753951274639712
736.8274	0.0742012116028841
735.4104	0.0747528627874004
733.9934	0.0749110500380629
732.5765	0.0748264395945209
731.1595	0.0758437943096055
729.7425	0.0758437451971536
728.3255	0.0752339245687416
726.9086	0.0764115582608307
725.4916	0.0760362497799851
724.0746	0.0766007667262722
722.6576	0.0764417324644544
721.2407	0.0774575991403926
719.8237	0.0788641199681272
718.4067	0.079794006982296
716.9897	0.0800615152247253
715.5728	0.0807367700830864
714.1558	0.0813511261871201
712.7388	0.0830757631782369
711.3218	0.0833478937076557
709.9049	0.0839991140271902
708.4879	0.0849164611938257
707.0709	0.0855880684145382
705.6539	0.0857574478449061
704.2369	0.0861094390008296
702.82	0.0862236849753857
701.403	0.086216814444287
699.986	0.0855279931117929
698.569	0.0855041704209552
697.1521	0.0857499307102747
695.7351	0.0851227695886599
694.3181	0.084456453758163
692.9011	0.0847296721800709
691.4842	0.0854660719931268
690.0672	0.0842616375256958
688.6502	0.0851911402271073
687.2332	0.0852379196451361
685.8163	0.0842756006375641
684.3993	0.0852632627049005
682.9823	0.0849283393261529
681.5653	0.0850579445975104
680.1484	0.0848329078748365
678.7314	0.0848186722220926
677.3144	0.0854278920230864
675.8974	0.0862349339469275
674.4805	0.0863157510804436
673.0635	0.0858764792873227
671.6465	0.0863091978353078
670.2295	0.086545531387349
668.8126	0.0875489551490289
667.3956	0.0874493927167591
665.9786	0.0877146420721231
664.5616	0.0877112562370399
663.1447	0.0888520305795116
661.7277	0.0884919734521822
660.3107	0.0881747014098628
658.8937	0.089110078429111
657.4767	0.0894255259932821
656.0598	0.0901996669429074
654.6428	0.0900976187221566
653.2258	0.089865640479876
651.8088	0.0902906752821475
650.3919	0.0896185491994642
648.9749	0.0898379735176398
647.5579	0.0905259242047373
646.1409	0.0905454909803586
644.724	0.0910602621592363
643.307	0.0912001181569333
641.89	0.0917091115541373
640.473	0.0919982901191875
639.0561	0.091947138981582
637.6391	0.0911771681312571
636.2221	0.0924314210722949
634.8051	0.0926447675070278
633.3882	0.0931617364260132
631.9712	0.0942312080061882
630.5542	0.0929842465159638
629.1372	0.0936774361984588
627.7203	0.0938645332884004
626.3033	0.0943705286250123
624.8863	0.094913790401833
623.4693	0.0958795399631328
622.0524	0.0965698231515605
620.6354	0.0980055374705499
619.2184	0.0990500378867709
617.8014	0.100453343028889
616.3845	0.101075337481585
614.9675	0.101473654949001
613.5505	0.102622074877068
612.1335	0.104161582441915
610.7165	0.104011312544139
609.2996	0.105361514093275
607.8826	0.106310118426673
606.4656	0.106779507623361
605.0486	0.107008131554189
603.6317	0.107059983039968
602.2147	0.106898074818091
600.7977	0.107667138402887
599.3807	0.108096649467937
597.9638	0.107885752301776
596.5468	0.108137089216513
595.1298	0.108115254139222
593.7128	0.10827934300637
592.2959	0.108345931615096
590.8789	0.108230843603707
589.4619	0.108755000389407
588.0449	0.109278022047154
586.628	0.110719805845485
585.211	0.111896921068656
583.794	0.11282127046283
582.377	0.11460488127069
580.9601	0.116286604177754
579.5431	0.118407626734591
578.1261	0.11913783835242
576.7091	0.120988318628769
575.2922	0.122093902313699
573.8752	0.123545408061526
572.4582	0.123313512891025
571.0412	0.123321160166367
569.6243	0.122843085095106
568.2073	0.122880859168653
566.7903	0.123911531414185
565.3733	0.122619475100238
563.9563	0.123027099920544
562.5394	0.122194876615972
561.1224	0.121238960569297
559.7054	0.12079411036299
558.2884	0.11918839628491
556.8715	0.119379434146319
555.4545	0.119428886777814
554.0375	0.119295819315771
552.6205	0.11981001467823
551.2036	0.118926190225156
549.7866	0.118478668155369
548.3696	0.116580882104643
546.9526	0.117374460310291
545.5357	0.117336164062201
544.1187	0.11796385312649
542.7017	0.117429716605283
541.2847	0.117554185623562
539.8678	0.118198740030467
538.4508	0.119131869881481
537.0338	0.120228930607027
535.6168	0.121736271327784
534.1999	0.122190318101609
532.7829	0.123463092358804
531.3659	0.124801442769255
529.9489	0.125456435047545
528.532	0.125801917404573
527.115	0.127091057060808
525.698	0.127657015746172
524.281	0.128724289751528
522.8641	0.128852763834315
521.4471	0.129381139748264
520.0301	0.128969325639857
518.6131	0.12962119133172
517.1962	0.128783272052556
515.7792	0.12893611828875
514.3622	0.129362906443538
512.9452	0.1285959654031
511.5282	0.129050550466438
510.1113	0.129089514891051
508.6943	0.12838632203581
507.2773	0.129332221176781
505.8603	0.128151909024957
504.4434	0.12871184843374
503.0264	0.128270030454838
501.6094	0.126699014340592
500.1924	0.126965615932051
498.7755	0.126872213246574
497.3585	0.126901733803428
495.9415	0.127933473979899
494.5245	0.127036834513522
493.1076	0.126158789169695
491.6906	0.127359047913348
490.2736	0.127420000890302
488.8566	0.127219969410326
487.4397	0.127167699270304
486.0227	0.12713775916646
484.6057	0.128659094812322
483.1887	0.1277496654336
481.7718	0.127786504942762
480.3548	0.127185984586197
478.9378	0.127554612154081
477.5208	0.127282339758627
476.1039	0.12684933975903
474.6869	0.127112637172022
473.2699	0.127462867217504
471.8529	0.127007495749614
470.436	0.126703619282619
469.019	0.126223832361646
467.602	0.126479350895164
466.185	0.125676436107346
464.768	0.125555381173075
463.3511	0.125704546927775
461.9341	0.125717796525047
460.5171	0.125633941834714
459.1001	0.125433229486429
457.6832	0.126311391793738
456.2662	0.125181034325306
454.8492	0.124880693021619
453.4322	0.125573500641171
452.0153	0.126093403813
450.5983	0.125897389623393
449.1813	0.126893243929855
447.7643	0.127496396711098
446.3474	0.12840273081019
444.9304	0.128922540824986
443.5134	0.130976434645836
442.0964	0.131177697585694
440.6795	0.132573342026826
439.2625	0.133480790425139
437.8455	0.133547595520315
436.4285	0.13355829051232
435.0116	0.134084187580395
433.5946	0.135451987327199
432.1776	0.136651860303871
430.7606	0.136707110160277
429.3437	0.137016754854139
427.9267	0.137572040136457
426.5097	0.137750395033012
425.0927	0.138752576350453
423.6758	0.138499686809543
422.2588	0.13974102377927
420.8418	0.139649816973018
419.4248	0.139762576312679
418.0078	0.139171275417251
416.5909	0.139970006901716
415.1739	0.138650670584387
413.7569	0.139204916089967
412.3399	0.1393878743763
410.923	0.140549111743216
409.506	0.141433537714983
408.089	0.143373510792386
406.672	0.14191485925131
405.2551	0.143678724756177
403.8381	0.143214947885486
402.4211	0.14476874452396
401.0041	0.144478235183103
