3994.4546	0.0179444197568836
3993.0377	0.0177184948015585
3991.6207	0.0180499698229625
3990.2037	0.0177696149156299
3988.7867	0.0178741547604952
3987.3698	0.0173680843888204
3985.9528	0.0181844963873368
3984.5358	0.017398031528932
3983.1188	0.0182783454603931
3981.7019	0.0165498323338402
3980.2849	0.0181217702944245
3978.8679	0.017705764712482
3977.4509	0.0176327019208354
3976.034	0.0179769917430511
3974.617	0.0172379284480748
3973.2	0.0183037909400837
3971.783	0.0177109644009168
3970.3661	0.0181297200989912
3968.9491	0.0178014469958358
3967.5321	0.0179675893345427
3966.1151	0.017812004227317
3964.6982	0.0169068641620844
3963.2812	0.0171741621096323
3961.8642	0.0173861149766843
3960.4472	0.0171524817245966
3959.0303	0.0178149424737997
3957.6133	0.0172754589967753
3956.1963	0.0175325241208101
3954.7793	0.0173607837204466
3953.3624	0.0171121810739605
3951.9454	0.0170682484741465
3950.5284	0.0174187458069622
3949.1114	0.0179822875104657
3947.6944	0.0171056411409956
3946.2775	0.0174976431257431
3944.8605	0.0173245345623217
3943.4435	0.0172180199067868
3942.0265	0.0170373497107671
3940.6096	0.017255246315649
3939.1926	0.0175980751355052
3937.7756	0.0167629018813848
3936.3586	0.0169306051440326
3934.9417	0.0177164259242125
3933.5247	0.0178073498530775
3932.1077	0.0184215456733404
3930.6907	0.01706398057325
3929.2738	0.0175069156650159
3927.8568	0.0174905258592699
3926.4398	0.0180861516117781
3925.0228	0.0172459635277734
3923.6059	0.0174227148309371
3922.1889	0.0168453735453447
3920.7719	0.0175531678855786
3919.3549	0.0176330170653919
3917.938	0.0179241343373049
3916.521	0.0170456788250519
3915.104	0.0182208028589136
3913.687	0.0178789188498454
3912.2701	0.0175086710620683
3910.8531	0.0174712297444189
3909.4361	0.0174649395168309
3908.0191	0.0172741442303343
3906.6022	0.0165826550238359
3905.1852	0.0173897685994041
3903.7682	0.0176252204158345
3902.3512	0.0175262822303312
3900.9342	0.0170755669392974
3899.5173	0.0169663489639102
3898.1003	0.0169413580222034
3896.6833	0.0171651859239319
3895.2663	0.0173721244804965
3893.8494	0.0171689542141931
3892.4324	0.0173156771556838
3891.0154	0.0175211729818603
3889.5984	0.0165120607719257
3888.1815	0.0170289844282455
3886.7645	0.0169727856543916
3885.3475	0.0165675054507163
3883.9305	0.0172248462719952
3882.5136	0.0172525643179271
3881.0966	0.0174572694271565
3879.6796	0.0179482935585411
3878.2626	0.017909316787555
3876.8457	0.0179315577072672
3875.4287	0.016910653629282
3874.0117	0.016933395390071
3872.5947	0.0173955991689976
3871.1778	0.0175891871192994
3869.7608	0.0170793906635792
3868.3438	0.0174499067159532
3866.9268	0.017514016344983
3865.5099	0.0172404368115042
3864.0929	0.0169256502768391
3862.6759	0.0172485172555917
3861.2589	0.0170948093999654
3859.842	0.0165250184778824
3858.425	0.0171871481658582
3857.008	0.0170419036700783
3855.591	0.0164199608455055
3854.174	0.0169723400441181
3852.7571	0.0169408584007205
3851.3401	0.0167448384134283
3849.9231	0.0171271897992019
3848.5061	0.0172769062714296
3847.0892	0.0174285680956476
3845.6722	0.0176347359464588
3844.2552	0.0164805345135546
3842.8382	0.0162121926875046
3841.4213	0.0172688892493792
3840.0043	0.0168502116260992
3838.5873	0.0167432091670451
3837.1703	0.0162363850399568
3835.7534	0.0162402520147605
3834.3364	0.0173076549041487
3832.9194	0.0165105796283668
3831.5024	0.0175222523700367
3830.0855	0.0172212126047367
3828.6685	0.0172849094662062
3827.2515	0.0171827409543857
3825.8345	0.01691042483815
3824.4176	0.0176040272747435
3823.0006	0.016300010791156
3821.5836	0.0156348310544871
3820.1666	0.0174462840789687
3818.7497	0.0171538606432119
3817.3327	0.0169633457785397
3815.9157	0.0171674877529379
3814.4987	0.0172193212720772
3813.0818	0.017218607324653
3811.6648	0.0180340623361777
3810.2478	0.0171051481585013
3808.8308	0.0169956811448641
3807.4138	0.0168493567803439
3805.9969	0.0164535229839408
3804.5799	0.0167546278157224
3803.1629	0.0170633044150064
3801.7459	0.0169048431089844
3800.329	0.0170247031891906
3798.912	0.0174527314880264
3797.495	0.0177778721921145
3796.078	0.0177531390265339
3794.6611	0.0173143877605955
3793.2441	0.0162863174075006
3791.8271	0.0164382542413563
3790.4101	0.0165870866912386
3788.9932	0.0167113340346231
3787.5762	0.0169307028717559
3786.1592	0.016558522573346
3784.7422	0.0164752509354847
3783.3253	0.0162832859654577
3781.9083	0.0162137654352
3780.4913	0.0158097768328398
3779.0743	0.0164749060444672
3777.6574	0.0160165552622798
3776.2404	0.0165302564879065
3774.8234	0.0161772708103112
3773.4064	0.0159503653688236
3771.9895	0.0150841562438514
3770.5725	0.0160955587727909
3769.1555	0.0166085463034896
3767.7385	0.015990094744184
3766.3216	0.0165776323604233
3764.9046	0.0160592550398843
3763.4876	0.0169147441705971
3762.0706	0.0160053064301464
3760.6536	0.0164111849606105
3759.2367	0.0167864324711092
3757.8197	0.0157121903552399
3756.4027	0.0165655751446085
3754.9857	0.0154983001721466
3753.5688	0.0159230632958075
3752.1518	0.0159011355774017
3750.7348	0.0158160147133942
3749.3178	0.0162639020759176
3747.9009	0.0163920615128333
3746.4839	0.0156134595683961
3745.0669	0.0163124670886162
3743.6499	0.0165165905890842
3742.233	0.0164275163832608
3740.816	0.0160496383576945
3739.399	0.0153693317959228
3737.982	0.0150434846070084
3736.5651	0.0155597319110593
3735.1481	0.0152094690613769
3733.7311	0.0156426412217385
3732.3141	0.0160084692836655
3730.8972	0.0155752847305452
3729.4802	0.0153647799524279
3728.0632	0.0165016096121149
3726.6462	0.0163856428157155
3725.2293	0.0169718794997897
3723.8123	0.0162706208398457
3722.3953	0.0157031008433387
3720.9783	0.0158777575502671
3719.5614	0.0158540823670345
3718.1444	0.0157539807066187
3716.7274	0.0162582644293347
3715.3104	0.0151332247900685
3713.8935	0.0151077496684138
3712.4765	0.0158430530345919
3711.0595	0.0150517181595538
3709.6425	0.0157592124791482
3708.2255	0.0158118983157543
3706.8086	0.015550745482683
3705.3916	0.0157860320094209
3703.9746	0.0151493788423064
3702.5576	0.0152935715638087
3701.1407	0.0157844445292291
3699.7237	0.0159534551013846
3698.3067	0.0156007421599507
3696.8897	0.0153644546654215
3695.4728	0.0158372232209068
3694.0558	0.0156544042133228
3692.6388	0.0158579709939523
3691.2218	0.0155006417132085
3689.8049	0.0156924104197137
3688.3879	0.0153782113420809
3686.9709	0.016528151803129
3685.5539	0.0150445653036302
3684.137	0.0158522613416126
3682.72	0.0147861254108212
3681.303	0.0155300453079577
3679.886	0.0154271146546993
3678.4691	0.0159978973192296
3677.0521	0.0154799832060167
3675.6351	0.0153970724213948
3674.2181	0.0150884952512266
3672.8012	0.0148801622691315
3671.3842	0.0148243445075545
3669.9672	0.0158873969054442
3668.5502	0.0150544986586513
3667.1333	0.0158500874986283
3665.7163	0.0154321144560689
3664.2993	0.0160046231725295
3662.8823	0.0155020297958726
3661.4653	0.0155461437347717
3660.0484	0.0157207506135071
3658.6314	0.0156809006364267
3657.2144	0.0152354757809883
3655.7974	0.0154601021084989
3654.3805	0.0160810834360443
3652.9635	0.0151703639259756
3651.5465	0.0157358199812758
3650.1295	0.0153243847733615
3648.7126	0.0157656561881327
3647.2956	0.0159942862394661
3645.8786	0.0159469064495002
3644.4616	0.0157194009160162
3643.0447	0.0159060218456871
3641.6277	0.0162051147814616
3640.2107	0.0158157436637024
3638.7937	0.0160943020841441
3637.3768	0.0156893066765043
3635.9598	0.0162602342095271
3634.5428	0.016494400319605
3633.1258	0.0162052477939036
3631.7089	0.0154943613236528
3630.2919	0.0165497875715995
3628.8749	0.0167750659294937
3627.4579	0.0159397386098321
3626.041	0.0170961217737648
3624.624	0.017165080856886
3623.207	0.0168490759269086
3621.79	0.0173552460421441
3620.3731	0.0169875911725865
3618.9561	0.0170659644170725
3617.5391	0.0178699964874124
3616.1221	0.0176085797550655
3614.7051	0.0178647235790965
3613.2882	0.0175203046816965
3611.8712	0.018192213218235
3610.4542	0.0179395565987081
3609.0372	0.0186157993500365
3607.6203	0.0180433349558728
3606.2033	0.0182593645937909
3604.7863	0.0177884679933847
3603.3693	0.0180913964853457
3601.9524	0.0187837911813343
3600.5354	0.018721747719551
3599.1184	0.0185318853812157
3597.7014	0.0186400962181745
3596.2845	0.0191251288589656
3594.8675	0.0194784408619169
3593.4505	0.0187630936490066
3592.0335	0.0201518604723286
3590.6166	0.0190937952852289
3589.1996	0.0199048639486566
3587.7826	0.0202328096231179
3586.3656	0.0204146190063144
3584.9487	0.0204983788387297
3583.5317	0.0210851170752177
3582.1147	0.0214168705627139
3580.6977	0.0213118994794831
3579.2808	0.0213399606486387
3577.8638	0.0214298109711062
3576.4468	0.021470061349919
3575.0298	0.0211285506779356
3573.6129	0.0217013145880665
3572.1959	0.0223534880147198
3570.7789	0.0216194825732587
3569.3619	0.0227225448881472
3567.9449	0.0222096089006676
3566.528	0.0233162289653202
3565.111	0.0229485190574783
3563.694	0.0238799187206817
3562.277	0.0241396042143345
3560.8601	0.0241787687410215
3559.4431	0.0246751066630775
3558.0261	0.0243676481722768
3556.6091	0.0232160665810153
3555.1922	0.0244743912646937
3553.7752	0.024032885020321
3552.3582	0.025822854045049
3550.9412	0.0246632315123584
3549.5243	0.0260754938580407
3548.1073	0.0258844663274393
3546.6903	0.0260470544849748
3545.2733	0.0262409483287858
3543.8564	0.0261333665587645
3542.4394	0.027079314331424
3541.0224	0.0267751695930593
3539.6054	0.027702213017707
3538.1885	0.0275058305952519
3536.7715	0.0275294065740386
3535.3545	0.0282290040372958
3533.9375	0.0280267544581604
3532.5206	0.0286413911468452
3531.1036	0.0290203638791982
3529.6866	0.0294028148358541
3528.2696	0.0292290262870174
3526.8527	0.0306165975691105
3525.4357	0.0302858468943579
3524.0187	0.0302863093763366
3522.6017	0.0305962237695817
3521.1847	0.0319443797587638
3519.7678	0.0314080108729382
3518.3508	0.0316074741572671
3516.9338	0.0324073822672073
3515.5168	0.0321272582774966
3514.0999	0.0318077851213416
3512.6829	0.0326697315705179
3511.2659	0.032082540429504
3509.8489	0.0330640479621831
3508.432	0.0327438008076793
3507.015	0.0326974515997435
3505.598	0.0329727915484301
3504.181	0.0331058542142949
3502.7641	0.0342969146363331
3501.3471	0.034704199267462
3499.9301	0.0337959624590773
3498.5131	0.034888342140601
3497.0962	0.0350678330473353
3495.6792	0.0360385213427357
3494.2622	0.0357617235006736
3492.8452	0.0356286531438395
3491.4283	0.0365845341380173
3490.0113	0.0368171254420903
3488.5943	0.0373905711735784
3487.1773	0.0369836248388765
3485.7604	0.0374974350144048
3484.3434	0.0376494691105811
3482.9264	0.0375858344833655
3481.5094	0.0380793436535489
3480.0925	0.039228181499145
3478.6755	0.0392328685699668
3477.2585	0.0385052062896324
3475.8415	0.0390854883448866
3474.4245	0.0390423900645611
3473.0076	0.0386514511410056
3471.5906	0.0397261792009494
3470.1736	0.0406410311197265
3468.7566	0.0399163613250334
3467.3397	0.0403009647553806
3465.9227	0.0403324450532969
3464.5057	0.0412680181161526
3463.0887	0.0410799769979158
3461.6718	0.0411317935811975
3460.2548	0.0417308541346504
3458.8378	0.0419067659080989
3457.4208	0.0423678755252593
3456.0039	0.0419029612214083
3454.5869	0.0427014387249305
3453.1699	0.0434514861951478
3451.7529	0.0432131019315485
3450.336	0.0440589643917685
3448.919	0.0430928460146936
3447.502	0.0442785608494828
3446.085	0.044249541585451
3444.6681	0.0447758448236638
3443.2511	0.04450485756367
3441.8341	0.0446603915796966
3440.4171	0.0445989653601105
3439.0002	0.0446754699371342
3437.5832	0.045475755398252
3436.1662	0.0454613407994534
3434.7492	0.0455771790872624
3433.3323	0.0467539343084499
3431.9153	0.0476179097617432
3430.4983	0.0467573832397457
3429.0813	0.0469700555862411
3427.6643	0.0472581790266358
3426.2474	0.0480782813938083
3424.8304	0.0474900779091543
3423.4134	0.0486052204183995
3421.9964	0.048024330293158
3420.5795	0.0485489895337795
3419.1625	0.0484259499653013
3417.7455	0.0490902782641616
3416.3285	0.0485229428633547
3414.9116	0.0496790749433223
3413.4946	0.0484659844468817
3412.0776	0.0498655959608696
3410.6606	0.0502297686690455
3409.2437	0.0507626585001964
3407.8267	0.0504245041611129
3406.4097	0.051063436203264
3404.9927	0.0504943167430219
3403.5758	0.0514880997757371
3402.1588	0.0510326977424394
3400.7418	0.0517958331156895
3399.3248	0.0515920811716146
3397.9079	0.0518070481745638
3396.4909	0.051595692169157
3395.0739	0.0515696380197583
3393.6569	0.0518140190160681
3392.24	0.0522716461808376
3390.823	0.0524221891524636
3389.406	0.052187110934995
3387.989	0.0521420718385861
3386.5721	0.0530387095695587
3385.1551	0.0526900612405513
3383.7381	0.0528489773007617
3382.3211	0.0541758375885356
3380.9041	0.054310360387368
3379.4872	0.0537635044416714
3378.0702	0.0535477657404615
3376.6532	0.0549858922803265
3375.2362	0.0541764157421952
3373.8193	0.0542750528009508
3372.4023	0.0543744437961484
3370.9853	0.0547145510602042
3369.5683	0.054941663326326
3368.1514	0.0547660672825821
3366.7344	0.0548084715441352
3365.3174	0.0551094568320549
3363.9004	0.0551377032721256
3362.4835	0.0560889227552066
3361.0665	0.0553434198483032
3359.6495	0.05562938913147
3358.2325	0.0552671471944608
3356.8156	0.0565070018602852
3355.3986	0.0560792060243788
3353.9816	0.0563771786006565
3352.5646	0.0561239869789352
3351.1477	0.0566663181620288
3349.7307	0.0569424062158246
3348.3137	0.0564573059414121
3346.8967	0.0575525648175234
3345.4798	0.0572495977943125
3344.0628	0.0572977417613466
3342.6458	0.0567573517702265
3341.2288	0.0573260153443295
3339.8119	0.0577943504227234
3338.3949	0.0575961269416299
3336.9779	0.0571829968648998
3335.5609	0.0570541813355821
3334.1439	0.0575686953311735
3332.727	0.0573324160989135
3331.31	0.0580630158859012
3329.893	0.0577663219296946
3328.476	0.0575589151609277
3327.0591	0.0576921002560224
3325.6421	0.0583145794833702
3324.2251	0.0582444934610814
3322.8081	0.0583219908378279
3321.3912	0.0586208276900598
3319.9742	0.0583840726546084
3318.5572	0.0586341674593415
3317.1402	0.0580384035611742
3315.7233	0.0588054747045094
3314.3063	0.058614696269657
3312.8893	0.0582664701203986
3311.4723	0.0582593822883485
3310.0554	0.0593948884368954
3308.6384	0.0588837365623958
3307.2214	0.0583670441792601
3305.8044	0.0585663438591049
3304.3875	0.0588201707312453
3302.9705	0.059112469496228
3301.5535	0.0590928012728597
3300.1365	0.0589255635351269
3298.7196	0.059212151046031
3297.3026	0.0595352604445219
3295.8856	0.0588609606368494
3294.4686	0.0588977244365409
3293.0517	0.0590768042644521
3291.6347	0.0576667864254974
3290.2177	0.0593367079876553
3288.8007	0.0595097946586467
3287.3837	0.0589490332131804
3285.9668	0.0587261476552388
3284.5498	0.0588005622779813
3283.1328	0.0593014380878734
3281.7158	0.0599357498994154
3280.2989	0.0593230968378636
3278.8819	0.0591245513048493
3277.4649	0.0595531521584783
3276.0479	0.0588158973251241
3274.631	0.0592635233307419
3273.214	0.0591030460326214
3271.797	0.0590459224088289
3270.38	0.0590301169744388
3268.9631	0.0586920078190792
3267.5461	0.0590806207132715
3266.1291	0.0592466401744106
3264.7121	0.0598228885405361
3263.2952	0.059586573350797
3261.8782	0.058812417033059
3260.4612	0.0589042406656888
3259.0442	0.0596327225763657
3257.6273	0.0592885189275231
3256.2103	0.0589589319474651
3254.7933	0.0589183892473706
3253.3763	0.0586315184593661
3251.9594	0.0592848139185851
3250.5424	0.0591644020022627
3249.1254	0.0588779955687246
3247.7084	0.0588917327844113
3246.2915	0.0588342373487372
3244.8745	0.0592952772517989
3243.4575	0.0596721044666031
3242.0405	0.0595509734703649
3240.6235	0.0588873409729636
3239.2066	0.0590257035244679
3237.7896	0.0585483160123936
3236.3726	0.0581805724018886
3234.9556	0.0582495348169401
3233.5387	0.0578820926910316
3232.1217	0.0579356621167467
3230.7047	0.0584807834366342
3229.2877	0.0582694730338874
3227.8708	0.0579165941031225
3226.4538	0.0575434508766622
3225.0368	0.0586698340809805
3223.6198	0.0585634253734184
3222.2029	0.0581518028199534
3220.7859	0.0577558506757618
3219.3689	0.057490036728747
3217.9519	0.0576445495392907
3216.535	0.0576795562985427
3215.118	0.0570967878893756
3213.701	0.0571968275273191
3212.284	0.0576244202922631
3210.8671	0.0569083522302884
3209.4501	0.0566117144940921
3208.0331	0.056358892364679
3206.6161	0.0566484361126528
3205.1992	0.056703336832
3203.7822	0.0561973684921491
3202.3652	0.0566847753199397
3200.9482	0.0557085121644706
3199.5313	0.056251090947202
3198.1143	0.0560365995879484
3196.6973	0.0563068859047629
3195.2803	0.05602314315689
3193.8633	0.0568027912390343
3192.4464	0.0562376863630961
3191.0294	0.056427996387146
3189.6124	0.0559768473628774
3188.1954	0.055507649040861
3186.7785	0.0561229850785334
3185.3615	0.056465547743826
3183.9445	0.0558989802064609
3182.5275	0.0550019030409807
3181.1106	0.0553018108578167
3179.6936	0.0555371913084559
3178.2766	0.0544391312885043
3176.8596	0.0551271074656122
3175.4427	0.0543646398943503
3174.0257	0.053558328426093
3172.6087	0.0540314399731973
3171.1917	0.0535053635848146
3169.7748	0.0539971665650837
3168.3578	0.0533420692615423
3166.9408	0.0539894643997391
3165.5238	0.0529355998904023
3164.1069	0.0530708492221143
3162.6899	0.0525132765806065
3161.2729	0.0530961743728854
3159.8559	0.0530673266159611
3158.439	0.0532675492948953
3157.022	0.0537553278588621
3155.605	0.0525583060726556
3154.188	0.0518974793912465
3152.7711	0.0529456855316138
3151.3541	0.0520320015737757
3149.9371	0.0518609120533794
3148.5201	0.0520739790262303
3147.1031	0.0521864874873732
3145.6862	0.0518272334132945
3144.2692	0.0510350499035201
3142.8522	0.0514710817482525
3141.4352	0.0505515317281362
3140.0183	0.0515798370994291
3138.6013	0.0504830710025375
3137.1843	0.0503488790359973
3135.7673	0.0507856068763194
3134.3504	0.0499015539673861
3132.9334	0.04993276877029
3131.5164	0.0497245654217013
3130.0994	0.0503917069429679
3128.6825	0.0509584554865986
3127.2655	0.0489611125614781
3125.8485	0.0495924839176876
3124.4315	0.0494243534490519
3123.0146	0.049440989711146
3121.5976	0.0485335793014765
3120.1806	0.0487172152802223
3118.7636	0.0485461530798637
3117.3467	0.0484882295126241
3115.9297	0.0485993242005069
3114.5127	0.0482153289801553
3113.0957	0.0475092759286471
3111.6788	0.0485835584752879
3110.2618	0.0479497424235671
3108.8448	0.0471382219601072
3107.4278	0.0477363535242964
3106.0109	0.0473653566622426
3104.5939	0.0476709104822422
3103.1769	0.0467895486084884
3101.7599	0.0462201212397436
3100.3429	0.0462186589059767
3098.926	0.045935704281752
3097.509	0.0453393817058773
3096.092	0.0459818753714836
3094.675	0.0454433052391948
3093.2581	0.0454748108596809
3091.8411	0.0448253635903531
3090.4241	0.0457145361151816
3089.0071	0.0447163626287647
3087.5902	0.0454666363800956
3086.1732	0.0455625205460345
3084.7562	0.0449849982298328
3083.3392	0.0438350950803511
3081.9223	0.0447629844582091
3080.5053	0.0449534603792583
3079.0883	0.0451722255852127
3077.6713	0.043884978177497
3076.2544	0.044445876408149
3074.8374	0.0440492342035644
3073.4204	0.043949975535794
3072.0034	0.0433055565356912
3070.5865	0.0440160663438136
3069.1695	0.0428768695145732
3067.7525	0.0433743877713184
3066.3355	0.0435452140754865
3064.9186	0.0433853882923567
3063.5016	0.0426728191301544
3062.0846	0.0425089340727503
3060.6676	0.0423284324988697
3059.2507	0.0429124906543295
3057.8337	0.0420767612438976
3056.4167	0.042529396635601
3054.9997	0.0421233295876998
3053.5827	0.04142939321572
3052.1658	0.0417455085877404
3050.7488	0.0420845539637807
3049.3318	0.0419972549146889
3047.9148	0.0407121694412849
3046.4979	0.0409031743829601
3045.0809	0.0409458145071114
3043.6639	0.0413998441731573
3042.2469	0.0410333061613989
3040.83	0.0409307675300488
3039.413	0.0408694151744972
3037.996	0.0398852060772437
3036.579	0.0405983461677362
3035.1621	0.04052110707057
3033.7451	0.039666065839056
3032.3281	0.0396752016796583
3030.9111	0.0393724346031548
3029.4942	0.0396227720500292
3028.0772	0.0390411554267063
3026.6602	0.0391296794030182
3025.2432	0.0391209403844468
3023.8263	0.0387785336196065
3022.4093	0.0391486109245616
3020.9923	0.0391474556680807
3019.5753	0.0393745741740679
3018.1584	0.0386681838464058
3016.7414	0.0387042666131538
3015.3244	0.0381496365389585
3013.9074	0.0381060479928574
3012.4905	0.0381038203573887
3011.0735	0.0378024550199889
3009.6565	0.0377114884751607
3008.2395	0.0385848627991385
3006.8225	0.0385792492828594
3005.4056	0.0377163738913081
3003.9886	0.0381240660697564
3002.5716	0.0379389830467994
3001.1546	0.0372121980028519
2999.7377	0.0371869628850916
2998.3207	0.0370123339319244
2996.9037	0.0381079382559692
2995.4867	0.0383407145330824
2994.0698	0.0376614901947738
2992.6528	0.0372026887774532
2991.2358	0.0380897444364981
2989.8188	0.0374515739265082
2988.4019	0.037708081651566
2986.9849	0.0370089741995983
2985.5679	0.0383335024986687
2984.1509	0.0374913844903338
2982.734	0.0374654198238553
2981.317	0.0372524246843599
2979.9	0.0385424125278634
2978.483	0.0392924762296798
2977.0661	0.0383761822894327
2975.6491	0.0387932662165708
2974.2321	0.0383450258054973
2972.8151	0.0386144508674734
2971.3982	0.0395157862105353
2969.9812	0.0391732600089271
2968.5642	0.0396132358973463
2967.1472	0.0396271722172991
2965.7303	0.0389009838108663
2964.3133	0.0386769870609371
2962.8963	0.0393335774163085
2961.4793	0.0398993710382488
2960.0623	0.0406113154182796
2958.6454	0.0405914745542606
2957.2284	0.0408840113219412
2955.8114	0.0409190405294439
2954.3944	0.0412695261373524
2952.9775	0.0409397275460111
2951.5605	0.0414047407895474
2950.1435	0.042113317009713
2948.7265	0.0423880967772714
2947.3096	0.0424767480718005
2945.8926	0.0434052623729962
2944.4756	0.0431208620788921
2943.0586	0.0435442124067262
2941.6417	0.0446466637074392
2940.2247	0.0442468398365685
2938.8077	0.0443286861343553
2937.3907	0.0451776432795158
2935.9738	0.0444991642578751
2934.5568	0.0447766217777775
2933.1398	0.0452079625158824
2931.7228	0.0463675924066731
2930.3059	0.0455623826297399
2928.8889	0.0462726797275543
2927.4719	0.0461566152759225
2926.0549	0.0468515822312421
2924.638	0.0463862163049279
2923.221	0.0464347114398644
2921.804	0.045965954896314
2920.387	0.0464257767701076
2918.9701	0.0460498579947999
2917.5531	0.0467750984171194
2916.1361	0.0467802856472508
2914.7191	0.0459095197347802
2913.3021	0.0466206705236529
2911.8852	0.0456211909519104
2910.4682	0.0452841491615
2909.0512	0.0456579314676607
2907.6342	0.0452700708261514
2906.2173	0.0456386714906917
2904.8003	0.0457416691317729
2903.3833	0.0460075720893242
2901.9663	0.0455510507709942
2900.5494	0.0458663631201639
2899.1324	0.045098707159217
2897.7154	0.0448257827145601
2896.2984	0.0454693132503114
2894.8815	0.0453626288842245
2893.4645	0.0450314247796424
2892.0475	0.0446551284945019
2890.6305	0.045499199933339
2889.2136	0.0454265054440425
2887.7966	0.0447530428975323
2886.3796	0.0451866721471629
2884.9626	0.0450956499898329
2883.5457	0.0454170744814331
2882.1287	0.0440404486898732
2880.7117	0.0444102423275639
2879.2947	0.0442574639290906
2877.8778	0.0446107132124736
2876.4608	0.043955599383847
2875.0438	0.0438812026065432
2873.6268	0.0444971021794738
2872.2099	0.0427618744278021
2870.7929	0.0441087816955644
2869.3759	0.0426204364097551
2867.9589	0.0429318827421746
2866.5419	0.0423073800639097
2865.125	0.0421615597024154
2863.708	0.0425894057744891
2862.291	0.0426860046782145
2860.874	0.0419347156590015
2859.4571	0.040933862572529
2858.0401	0.0418828081286081
2856.6231	0.041629270094428
2855.2061	0.0412966611523809
2853.7892	0.0413014729190727
2852.3722	0.0406373708119206
2850.9552	0.040347363619519
2849.5382	0.0413259657519048
2848.1213	0.0409636322761511
2846.7043	0.04148236670867
2845.2873	0.0404216201753939
2843.8703	0.0407328666105491
2842.4534	0.0405327559318496
2841.0364	0.0406745524160252
2839.6194	0.0404044940123597
2838.2024	0.0403163236970262
2836.7855	0.0398893403423015
2835.3685	0.039543741477472
2833.9515	0.0395461165600917
2832.5345	0.0397270762676364
2831.1176	0.0392244238990169
2829.7006	0.0390785514986567
2828.2836	0.0391231553046534
2826.8666	0.0384920342049747
2825.4497	0.038818133892051
2824.0327	0.0384601685149419
2822.6157	0.0388854414353236
2821.1987	0.0375113227491679
2819.7817	0.0381651400902586
2818.3648	0.0379854790812868
2816.9478	0.0379393799445082
2815.5308	0.0369807376493133
2814.1138	0.03722582080634
2812.6969	0.0373990551524575
2811.2799	0.0367590252769596
2809.8629	0.0370670790761251
2808.4459	0.0369286478257657
2807.029	0.0371085373122837
2805.612	0.0364548267775656
2804.195	0.0365306860147771
2802.778	0.0359569791093939
2801.3611	0.0363192865555268
2799.9441	0.0356655904814044
2798.5271	0.0361134478883095
2797.1101	0.03601422842427
2795.6932	0.0363683103659238
2794.2762	0.0363782842811493
2792.8592	0.0362665012356913
2791.4422	0.0357832573764521
2790.0253	0.0357916999351992
2788.6083	0.0360405095433368
2787.1913	0.0356083945296692
2785.7743	0.0356577704231926
2784.3574	0.0362544285582856
2782.9404	0.0352912932107099
2781.5234	0.0354787336023977
2780.1064	0.0354832443708351
2778.6895	0.0359528890582637
2777.2725	0.0361151258740002
2775.8555	0.0362141692825428
2774.4385	0.0350875486127831
2773.0215	0.0352499850607665
2771.6046	0.0351299541356348
2770.1876	0.0351798703013534
2768.7706	0.0349393363788677
2767.3536	0.0348415959537507
2765.9367	0.0348646582223013
2764.5197	0.0354545900437668
2763.1027	0.0355586622252607
2761.6857	0.0353620625621685
2760.2688	0.0348446581485455
2758.8518	0.0343901594255834
2757.4348	0.0348218051917626
2756.0178	0.0346189720954928
2754.6009	0.0345859020785027
2753.1839	0.0349124924058614
2751.7669	0.0346250363655822
2750.3499	0.0352420473308848
2748.933	0.0349462513147784
2747.516	0.034487100220079
2746.099	0.0343544352552552
2744.682	0.0344243913819457
2743.2651	0.0339761701578834
2741.8481	0.0347011772367358
2740.4311	0.033965783795362
2739.0141	0.0339749428704688
2737.5972	0.0338207171610544
2736.1802	0.0349716158641896
2734.7632	0.0338322606669314
2733.3462	0.0342567275517948
2731.9293	0.0345989450405957
2730.5123	0.0340852720892094
2729.0953	0.0337510361776724
2727.6783	0.0344340107659589
2726.2613	0.034147497755235
2724.8444	0.0337610733031136
2723.4274	0.0339048493582598
2722.0104	0.033449542655604
2720.5934	0.0344929057702665
2719.1765	0.0339917019912241
2717.7595	0.0336571392048163
2716.3425	0.0340117896789169
2714.9255	0.0336104218823661
2713.5086	0.0339302121980211
2712.0916	0.0336597999423017
2710.6746	0.0338932520387336
2709.2576	0.0336897055501748
2707.8407	0.0341403589646439
2706.4237	0.0342492875167318
2705.0067	0.0331906985222134
2703.5897	0.0338867706717778
2702.1728	0.0334854640547557
2700.7558	0.0338122483138261
2699.3388	0.0341355010560375
2697.9218	0.034252523869425
2696.5049	0.033769554796666
2695.0879	0.0326865776363485
2693.6709	0.0334598192492284
2692.2539	0.0340872689633104
2690.837	0.033269414568496
2689.42	0.0330254405591895
2688.003	0.0331029878729409
2686.586	0.0326408431306892
2685.1691	0.0331922250013226
2683.7521	0.0334420521517174
2682.3351	0.0336740610283824
2680.9181	0.0330835401851496
2679.5011	0.0332212477894164
2678.0842	0.0334864702679403
2676.6672	0.0332399904103152
2675.2502	0.0320788112586377
2673.8332	0.0329823126051665
2672.4163	0.0325236921577326
2670.9993	0.0323992025605718
2669.5823	0.0324819935529102
2668.1653	0.032506583854818
2666.7484	0.0333965065855549
2665.3314	0.0327153428445567
2663.9144	0.0325048965394119
2662.4974	0.03323766754515
2661.0805	0.0324500174894907
2659.6635	0.0323130643362587
2658.2465	0.0327568505552668
2656.8295	0.0326557985220649
2655.4126	0.0325425545236135
2653.9956	0.0319488386142048
2652.5786	0.0325536531104119
2651.1616	0.0327577877770574
2649.7447	0.0329481042777651
2648.3277	0.0326407331493382
2646.9107	0.0327732698079754
2645.4937	0.0325576841572907
2644.0768	0.032460999695718
2642.6598	0.0318566814466861
2641.2428	0.0321768427964833
2639.8258	0.0321344017016516
2638.4089	0.0319644325595213
2636.9919	0.0312360938047822
2635.5749	0.0323557451697377
2634.1579	0.031943018206225
2632.741	0.0314566678554534
2631.324	0.0317207070455073
2629.907	0.0316234600824941
2628.49	0.0315016910621875
2627.073	0.0317451310840064
2625.6561	0.0312725320993402
2624.2391	0.0316643938082213
2622.8221	0.0314464530061239
2621.4051	0.0315942694151831
2619.9882	0.0311698539596033
2618.5712	0.0310764831278631
2617.1542	0.0305881569063311
2615.7372	0.0312920209169892
2614.3203	0.0304937495808753
2612.9033	0.0309198623169861
2611.4863	0.0305159197006509
2610.0693	0.0302603168110993
2608.6524	0.0308030375280393
2607.2354	0.0300997405077317
2605.8184	0.0310437240233488
2604.4014	0.0302208122379003
2602.9845	0.0305129208760303
2601.5675	0.0302776968342264
2600.1505	0.0309205381663913
2598.7335	0.0304443680732805
2597.3166	0.0299651471825339
2595.8996	0.0301077833168604
2594.4826	0.0305001412334562
2593.0656	0.0302422135974131
2591.6487	0.0306091448923348
2590.2317	0.0308627722399662
2588.8147	0.030451641165016
2587.3977	0.0299257595942626
2585.9808	0.0297836747977721
2584.5638	0.0301177637834609
2583.1468	0.0295102589704921
2581.7298	0.0299345411587806
2580.3128	0.0299967238392349
2578.8959	0.0299936445356858
2577.4789	0.0303096153241563
2576.0619	0.0297448190059159
2574.6449	0.0299962828950955
2573.228	0.0295000096060418
2571.811	0.029993427714008
2570.394	0.029552190453884
2568.977	0.0288886100402101
2567.5601	0.0297046313322523
2566.1431	0.0289093299481471
2564.7261	0.0294952046002528
2563.3091	0.0300764011256765
2561.8922	0.0283936524264428
2560.4752	0.0293633013378449
2559.0582	0.029485503405165
2557.6412	0.0287886244683866
2556.2243	0.029238173344442
2554.8073	0.0283998133111562
2553.3903	0.0296113050339196
2551.9733	0.0287173654934922
2550.5564	0.0289080525877109
2549.1394	0.0281720788569663
2547.7224	0.0291975921739279
2546.3054	0.0294746114516119
2544.8885	0.0290825937443095
2543.4715	0.0285738534295274
2542.0545	0.0288232109869068
2540.6375	0.0292783097359611
2539.2206	0.0282146283521802
2537.8036	0.0281662740541424
2536.3866	0.0286445211142439
2534.9696	0.0290155248561147
2533.5526	0.0278041255860156
2532.1357	0.0285956936998815
2530.7187	0.0282452806599121
2529.3017	0.0286000037600875
2527.8847	0.0284741767556963
2526.4678	0.0283461907552872
2525.0508	0.0291224527150688
2523.6338	0.0288694754248598
2522.2168	0.0280447861860616
2520.7999	0.0289667619562569
2519.3829	0.0277762782023574
2517.9659	0.0273380719857844
2516.5489	0.0280040712748924
2515.132	0.0282302506943783
2513.715	0.0287144054896983
2512.298	0.0281491511060218
2510.881	0.0282827717833669
2509.4641	0.0278940840084644
2508.0471	0.0281792354116822
2506.6301	0.0281379578384603
2505.2131	0.0279876612221734
2503.7962	0.0277498779980375
2502.3792	0.0278174134168581
2500.9622	0.0281220073617511
2499.5452	0.0286869570742101
2498.1283	0.0275768273311012
2496.7113	0.0278249265258023
2495.2943	0.0281968930308052
2493.8773	0.0278632858615896
2492.4604	0.0277078576676319
2491.0434	0.0279139333470671
2489.6264	0.027794756208924
2488.2094	0.0281130543158472
2486.7924	0.0277766868564451
2485.3755	0.0281013440115044
2483.9585	0.027410933556728
2482.5415	0.0279618337431714
2481.1245	0.0277642524914838
2479.7076	0.0278786785830034
2478.2906	0.0283283131045635
2476.8736	0.0278935481908058
2475.4566	0.0275731026632952
2474.0397	0.0273666041307555
2472.6227	0.0272867024937241
2471.2057	0.0273346354486119
2469.7887	0.0278252082579181
2468.3718	0.0272596314858991
2466.9548	0.0273932427883746
2465.5378	0.0284289426768276
2464.1208	0.0272167098410314
2462.7039	0.027774858282414
2461.2869	0.0274616625622367
2459.8699	0.0273087742804921
2458.4529	0.0274487661247917
2457.036	0.027655340904713
2455.619	0.0273920426649593
2454.202	0.027429814684386
2452.785	0.0274456009430539
2451.3681	0.0266334913336083
2449.9511	0.0271814005911994
2448.5341	0.0273363254296284
2447.1171	0.0277765004004668
2445.7002	0.0272955494665375
2444.2832	0.0272343499590497
2442.8662	0.0271540589486095
2441.4492	0.0273993643062642
2440.0322	0.0277049810165172
2438.6153	0.027655827461769
2437.1983	0.027027022928405
2435.7813	0.0269034015470036
2434.3643	0.0272996675223702
2432.9474	0.0271732936281888
2431.5304	0.0269818327287774
2430.1134	0.0269530702212005
2428.6964	0.0272330006933699
2427.2795	0.0270816113143606
2425.8625	0.0266754523842202
2424.4455	0.0262333875993599
2423.0285	0.0272108775758767
2421.6116	0.0268053850899502
2420.1946	0.0260157433140514
2418.7776	0.0261483228942531
2417.3606	0.0258862987695709
2415.9437	0.0264782593518667
2414.5267	0.0262869879632194
2413.1097	0.0258280731661528
2411.6927	0.0262824773450069
2410.2758	0.0266952311000818
2408.8588	0.0269762035082241
2407.4418	0.0265529543333773
2406.0248	0.0267152080390987
2404.6079	0.0263239384526285
2403.1909	0.0262049366598976
2401.7739	0.0264450729983398
2400.3569	0.0270128320786901
2398.94	0.0265169696633542
2397.523	0.026492858409189
2396.106	0.0264697371398011
2394.689	0.0264121347905925
2393.272	0.0254201725514327
2391.8551	0.0244502474062139
2390.4381	0.0259333417310412
2389.0211	0.0259087943971212
2387.6041	0.0256603526669933
2386.1872	0.0259759928012251
2384.7702	0.0255796284793645
2383.3532	0.0255227158225155
2381.9362	0.0257529538265948
2380.5193	0.0260724901354176
2379.1023	0.0260253158370679
2377.6853	0.0262406231517441
2376.2683	0.0262762127551657
2374.8514	0.0266720165498675
2373.4344	0.0262213580834624
2372.0174	0.0263199922912629
2370.6004	0.0255517262496203
2369.1835	0.0256970707943532
2367.7665	0.0252756032631907
2366.3495	0.0259738543552581
2364.9325	0.0257277012970314
2363.5156	0.0262978713899175
2362.0986	0.0261536439386094
2360.6816	0.0269243539764541
2359.2646	0.0263962302814912
2357.8477	0.026990314498024
2356.4307	0.0262360399921294
2355.0137	0.0264334021069856
2353.5967	0.0265640101210436
2352.1798	0.0258558620928101
2350.7628	0.0263108130525055
2349.3458	0.025607090248857
2347.9288	0.0264886087149248
2346.5118	0.0256375120352786
2345.0949	0.0262022660785558
2343.6779	0.0257699128904046
2342.2609	0.0261716123500037
2340.8439	0.0258945908405286
2339.427	0.0252829948321463
2338.01	0.0263802704687184
2336.593	0.0265194611659947
2335.176	0.025632117945989
2333.7591	0.0252825925283944
2332.3421	0.0259494888002905
2330.9251	0.0263939052964415
2329.5081	0.0265883813591476
2328.0912	0.0258088722280872
2326.6742	0.0263759522169088
2325.2572	0.026747783938938
2323.8402	0.0260038202874842
2322.4233	0.0263301421726692
2321.0063	0.0260925567125665
2319.5893	0.0256368414983832
2318.1723	0.0266124407615624
2316.7554	0.0260818212663869
2315.3384	0.0262457600902144
2313.9214	0.0260784284357213
2312.5044	0.0246693184977141
2311.0875	0.0248529236232014
2309.6705	0.0245375059490549
2308.2535	0.0263223547304128
2306.8365	0.0256002111588647
2305.4196	0.0257365234314216
2304.0026	0.0260689154722183
2302.5856	0.0252480501233218
2301.1686	0.0257526483937218
2299.7516	0.025871826667239
2298.3347	0.0258080328597911
2296.9177	0.0248758632418306
2295.5007	0.0253343765008816
2294.0837	0.0256866977205335
2292.6668	0.0254882556184102
2291.2498	0.0263137760790278
2289.8328	0.0253004684385132
2288.4158	0.0252412794391758
2286.9989	0.0253515800032269
2285.5819	0.0260271696100804
2284.1649	0.0248294682110828
2282.7479	0.0265314637050981
2281.331	0.0253522103522917
2279.914	0.0249222568654778
2278.497	0.0252751087157528
2277.08	0.0249430987252915
2275.6631	0.0250887584739562
2274.2461	0.0245810260649914
2272.8291	0.0254100510018466
2271.4121	0.0254988966168643
2269.9952	0.0251893725610394
2268.5782	0.0253976269119228
2267.1612	0.0251443646117912
2265.7442	0.0253473978031066
2264.3273	0.0245375092550979
2262.9103	0.0245351787458926
2261.4933	0.0246634153528632
2260.0763	0.0247844810029188
2258.6594	0.0245915952148443
2257.2424	0.0250008284254763
2255.8254	0.0246365415722487
2254.4084	0.0242381713091948
2252.9914	0.0241173823670445
2251.5745	0.0246060846669801
2250.1575	0.0247541631088057
2248.7405	0.0256856648448078
2247.3235	0.0251458305955154
2245.9066	0.0242717427525333
2244.4896	0.0244928411451795
2243.0726	0.0248153168803669
2241.6556	0.0239142893178187
2240.2387	0.0251498616336618
2238.8217	0.0241838565455768
2237.4047	0.0242505020737815
2235.9877	0.0245446032451052
2234.5708	0.0245056967268496
2233.1538	0.0244378438330881
2231.7368	0.0246029305989749
2230.3198	0.0235973101059965
2228.9029	0.0244945602859844
2227.4859	0.0242799576093975
2226.0689	0.0240179742882131
2224.6519	0.0235477597308593
2223.235	0.0240555382123981
2221.818	0.0238249340397661
2220.401	0.0237911078412759
2218.984	0.0241407338184875
2217.5671	0.0237222721685335
2216.1501	0.0234562048233775
2214.7331	0.0236381834912819
2213.3161	0.0241659156317327
2211.8992	0.0237846333756346
2210.4822	0.0239258587772602
2209.0652	0.0234742631354129
2207.6482	0.0237918788958361
2206.2312	0.0237291360863876
2204.8143	0.0244285849136196
2203.3973	0.0233879352337727
2201.9803	0.024251879426273
2200.5633	0.0237660279843484
2199.1464	0.0245633211040972
2197.7294	0.0243151192027271
2196.3124	0.0244316093830958
2194.8954	0.025137702577146
2193.4785	0.0248163435220633
2192.0615	0.0237088394559941
2190.6445	0.0244005460485347
2189.2275	0.023840698747467
2187.8106	0.0234686812446679
2186.3936	0.0238297624075273
2184.9766	0.0227456938024806
2183.5596	0.0226201985574024
2182.1427	0.0233498441656559
2180.7257	0.0235808477359045
2179.3087	0.0232327093176607
2177.8917	0.0234952508217709
2176.4748	0.0240592736011791
2175.0578	0.0243957056723871
2173.6408	0.0238987350606893
2172.2238	0.0239142482585829
2170.8069	0.0233682512042834
2169.3899	0.0236184920076133
2167.9729	0.0233370980042394
2166.5559	0.023335260765114
2165.139	0.0234375212748676
2163.722	0.0236357433689094
2162.305	0.0237333273980286
2160.888	0.0238333761419557
2159.471	0.0220487560022189
2158.0541	0.020935121335772
2156.6371	0.0212050452459893
2155.2201	0.0219017038049519
2153.8031	0.0216383501935616
2152.3862	0.0220762056408362
2150.9692	0.0231246708927199
2149.5522	0.0230801651946363
2148.1352	0.0230301418217779
2146.7183	0.0222499462963592
2145.3013	0.0223034720825677
2143.8843	0.0226651818454668
2142.4673	0.0225212090852334
2141.0504	0.0221478234163699
2139.6334	0.0223451644623492
2138.2164	0.0220539698053746
2136.7994	0.0211494316116026
2135.3825	0.0217796032262934
2133.9655	0.0217582315386617
2132.5485	0.0226388866957492
2131.1315	0.0226620207354827
2129.7146	0.0227559730974444
2128.2976	0.0229419092459138
2126.8806	0.0234491626943129
2125.4636	0.0235865071523263
2124.0467	0.0238956960399228
2122.6297	0.0225577697869518
2121.2127	0.023012136382339
2119.7957	0.0237994595683157
2118.3788	0.0229557116148588
2116.9618	0.0241881181684716
2115.5448	0.0237318803870357
2114.1278	0.0240110948207847
2112.7108	0.023970086582531
2111.2939	0.0235345666706333
2109.8769	0.023823824525533
2108.4599	0.0243183056383562
2107.0429	0.0236349339108765
2105.626	0.0227225079617706
2104.209	0.0229745487234074
2102.792	0.023777734091326
2101.375	0.0231209591613026
2099.9581	0.0237318693037445
2098.5411	0.0230055041478281
2097.1241	0.0227749670157442
2095.7071	0.0230311028026072
2094.2902	0.02355360304463
2092.8732	0.0228293154019852
2091.4562	0.02308825395469
2090.0392	0.023004268196986
2088.6223	0.0229889977070323
2087.2053	0.0234848680045088
2085.7883	0.0229800566110998
2084.3713	0.023148082169715
2082.9544	0.0229502735278541
2081.5374	0.0234334619705131
2080.1204	0.0237294919704575
2078.7034	0.0233860461260075
2077.2865	0.0242664848829681
2075.8695	0.0234067164235966
2074.4525	0.0233750927364607
2073.0355	0.0232475612878127
2071.6186	0.0233881289253299
2070.2016	0.0231649263968682
2068.7846	0.0223556718467289
2067.3676	0.0227079326871776
2065.9506	0.0229680490771992
2064.5337	0.0229374358175379
2063.1167	0.0225542142336202
2061.6997	0.0228848826677294
2060.2827	0.0220160733866063
2058.8658	0.0227183729439863
2057.4488	0.0224512820597368
2056.0318	0.0231989118142585
2054.6148	0.0227982534075131
2053.1979	0.0235392658252497
2051.7809	0.0234744109105474
2050.3639	0.0237423837435508
2048.9469	0.0231894092117609
2047.53	0.023010677886657
2046.113	0.0220877205655031
2044.696	0.0218060998784549
2043.279	0.0226936715251309
2041.8621	0.0219436425717119
2040.4451	0.0224938530272536
2039.0281	0.022019255284579
2037.6111	0.0221511958967265
2036.1942	0.0212426050698109
2034.7772	0.0219368619543119
2033.3602	0.020830045382545
2031.9432	0.0209732199049661
2030.5263	0.0217868541645304
2029.1093	0.0215120543492315
2027.6923	0.0206788883434752
2026.2753	0.0206602334413155
2024.8584	0.020992326513135
2023.4414	0.0205341507843929
2022.0244	0.0202436028225168
2020.6074	0.0196889992491439
2019.1904	0.0206663348827458
2017.7735	0.0198108760485315
2016.3565	0.0202624945310268
2014.9395	0.0211547546805996
2013.5225	0.0203583846123581
2012.1056	0.0202946983754133
2010.6886	0.0205031776440155
2009.2716	0.019262916307871
2007.8546	0.0202186851472853
2006.4377	0.0195619847579262
2005.0207	0.0203743273504705
2003.6037	0.0212519098269787
2002.1867	0.0208811373622276
2000.7698	0.02213590320028
1999.3528	0.0207420879552392
1997.9358	0.0206639413318568
1996.5188	0.0201879603061365
1995.1019	0.0199476673373316
1993.6849	0.0195225948808554
1992.2679	0.0208643280728523
1990.8509	0.0209373389477153
1989.434	0.0211153834098577
1988.017	0.0212010522577187
1986.6	0.0215705960609014
1985.183	0.0206708917348641
1983.7661	0.0217403490831103
1982.3491	0.0217945857283639
1980.9321	0.0215961629753866
1979.5151	0.02135655272182
1978.0982	0.0212683323009207
1976.6812	0.0205821426028471
1975.2642	0.0205336355601171
1973.8472	0.0197438818620326
1972.4302	0.0198401609315093
1971.0133	0.0199852418217483
1969.5963	0.020058654008911
1968.1793	0.0191562862217036
1966.7623	0.0196597577632955
1965.3454	0.020324671150007
1963.9284	0.0204468675737159
1962.5114	0.0205530843328667
1961.0944	0.0197034752145797
1959.6775	0.020373552142473
1958.2605	0.0200514899958883
1956.8435	0.0203816533290804
1955.4265	0.0209059050579203
1954.0096	0.021295055173453
1952.5926	0.0195933527696281
1951.1756	0.021167200037215
1949.7586	0.0206893713548847
1948.3417	0.0208794818539737
1946.9247	0.0198179059905251
1945.5077	0.0205775954247146
1944.0907	0.0205694161001272
1942.6738	0.0208024646318056
1941.2568	0.0205465654930874
1939.8398	0.0206254459837446
1938.4228	0.020779796560274
1937.0059	0.0215686384970491
1935.5889	0.0213304006254795
1934.1719	0.0211270478590387
1932.7549	0.0215321506698666
1931.338	0.0209183414661934
1929.921	0.0215189171127082
1928.504	0.0208415348710688
1927.087	0.0208937055568621
1925.67	0.0212758232980539
1924.2531	0.0209803111919018
1922.8361	0.020599995945422
1921.4191	0.0204820176658206
1920.0021	0.0211766701992902
1918.5852	0.0214130089385092
1917.1682	0.0211626197662146
1915.7512	0.0209684241877956
1914.3342	0.0213581165502766
1912.9173	0.021955116143454
1911.5003	0.0207157903086538
1910.0833	0.0218127073747199
1908.6663	0.0212044828175362
1907.2494	0.0216379642680186
1905.8324	0.0211138227073965
1904.4154	0.021796489494326
1902.9984	0.0210403176343601
1901.5815	0.0221229900500761
1900.1645	0.0212677035724238
1898.7475	0.0218436948515214
1897.3305	0.0211428960754352
1895.9136	0.0222299642536075
1894.4966	0.0204340432098745
1893.0796	0.0215900062213567
1891.6626	0.0210005928069912
1890.2457	0.0216624094452163
1888.8287	0.0213501732679447
1887.4117	0.0218300600933305
1885.9947	0.021502525564043
1884.5778	0.0212045095445403
1883.1608	0.0215047340649088
1881.7438	0.0209653833324367
1880.3268	0.0211917674786136
1878.9098	0.0207259755231688
1877.4929	0.0206145467544588
1876.0759	0.0213295842339487
1874.6589	0.0204710602049734
1873.2419	0.0213368816842723
1871.825	0.0215273766106971
1870.408	0.0215657123992228
1868.991	0.0207280306615009
1867.574	0.020759121514094
1866.1571	0.0211514994424945
1864.7401	0.020868648386503
1863.3231	0.0206469891270925
1861.9061	0.0208929304363321
1860.4892	0.0206515710017375
1859.0722	0.0209204113050938
1857.6552	0.0210205976267181
1856.2382	0.0210870459350876
1854.8213	0.0210481215413973
1853.4043	0.0205680753747087
1851.9873	0.0213657517877451
1850.5703	0.0209228985270583
1849.1534	0.0208724124475773
1847.7364	0.0218604597141214
1846.3194	0.0212069459199438
1844.9024	0.0207518426400619
1843.4855	0.0206247933481677
1842.0685	0.0213571209242708
1840.6515	0.0208567686127781
1839.2345	0.0209724731936397
1837.8176	0.0206356559682286
1836.4006	0.0204567739498935
1834.9836	0.0217366394362094
1833.5666	0.0212843789361054
1832.1496	0.0213831397945415
1830.7327	0.0212621846790632
1829.3157	0.020789674363661
1827.8987	0.0203200190358491
1826.4817	0.0197618370777655
1825.0648	0.0205781022400166
1823.6478	0.0209634614352479
1822.2308	0.020291121365872
1820.8138	0.0209941458258976
1819.3969	0.0207362795805323
1817.9799	0.0212909889083148
1816.5629	0.0205457528926002
1815.1459	0.0201070110276437
1813.729	0.0202460961191492
1812.312	0.0204255308049277
1810.895	0.0197860173565383
1809.478	0.0206065193451492
1808.0611	0.0198779209534925
1806.6441	0.0207261132084959
1805.2271	0.0206183999804853
1803.8101	0.0203912733777625
1802.3932	0.021413472479241
1800.9762	0.0206944657583934
1799.5592	0.0203114555884786
1798.1422	0.0207619826240544
1796.7253	0.0205146159802214
1795.3083	0.0204787571156046
1793.8913	0.0211252973113969
1792.4743	0.0209972369787351
1791.0574	0.0211581196394424
1789.6404	0.0211545842023038
1788.2234	0.0210063253442167
1786.8064	0.0216238558180158
1785.3894	0.0207998583413519
1783.9725	0.0206700970780068
1782.5555	0.0207678184876981
1781.1385	0.0208769073725887
1779.7215	0.020659048677928
1778.3046	0.0207893891174863
1776.8876	0.0203141576408033
1775.4706	0.0217885210923627
1774.0536	0.0210314257936338
1772.6367	0.0201470678465174
1771.2197	0.0210053395440855
1769.8027	0.0214152371122824
1768.3857	0.0215624411715378
1766.9688	0.0216062136016986
1765.5518	0.0217558398728775
1764.1348	0.0212313369694331
1762.7178	0.0210575034178142
1761.3009	0.0216338967247686
1759.8839	0.0217343296096653
1758.4669	0.0205332434806277
1757.0499	0.0218648690235502
1755.633	0.021627788526778
1754.216	0.0220199051151906
1752.799	0.0216014897981089
1751.382	0.0227167554289104
1749.9651	0.0219542837138991
1748.5481	0.0217702649443834
1747.1311	0.0221653462255794
1745.7141	0.0230439105499046
1744.2972	0.0223298822978176
1742.8802	0.0222299085621075
1741.4632	0.0225611704970185
1740.0462	0.0239432516225904
1738.6292	0.0227852088686413
1737.2123	0.0240896432429157
1735.7953	0.0236206046565028
1734.3783	0.0240478091315762
1732.9613	0.0234892562118131
1731.5444	0.0247813846459665
1730.1274	0.0249641426320775
1728.7104	0.0247981254300598
1727.2934	0.0243546269162506
1725.8765	0.0251047746181142
1724.4595	0.024628933243813
1723.0425	0.0254430404646914
1721.6255	0.0253541978637587
1720.2086	0.0258784306445915
1718.7916	0.0261145895576072
1717.3746	0.0261999789258725
1715.9576	0.0265570022074334
1714.5407	0.0264384160744992
1713.1237	0.0270647161032877
1711.7067	0.0266924653091836
1710.2897	0.0272784690641132
1708.8728	0.0278615068887734
1707.4558	0.0273524120392842
1706.0388	0.0274491474126331
1704.6218	0.0282750221442735
1703.2049	0.0278667757418056
1701.7879	0.0283710206202108
1700.3709	0.0278022176195891
1698.9539	0.0288812862494726
1697.537	0.0278047764599775
1696.12	0.0289822681364784
1694.703	0.0293333234172126
1693.286	0.0289790370390537
1691.869	0.0289081802288409
1690.4521	0.0290787373799272
1689.0351	0.0294505410708188
1687.6181	0.0288696632650022
1686.2011	0.0291860764520172
1684.7842	0.0285914377768495
1683.3672	0.0296040294986452
1681.9502	0.0299356882146762
1680.5332	0.0295478608640631
1679.1163	0.0305525607532334
1677.6993	0.0296584597395468
1676.2823	0.0296511267937748
1674.8653	0.0305159833311385
1673.4484	0.0304829104814838
1672.0314	0.0312961043102611
1670.6144	0.0308604210830403
1669.1974	0.0320860073085407
1667.7805	0.0317304289728326
1666.3635	0.0310499778930887
1664.9465	0.031904890473778
1663.5295	0.0312781350340639
1662.1126	0.0322447661228238
1660.6956	0.0323051179093466
1659.2786	0.0325037518245097
1657.8616	0.0325524797279738
1656.4447	0.0324929277427547
1655.0277	0.0330078948723193
1653.6107	0.0334219078145253
1652.1937	0.0336078614503007
1650.7768	0.0341968666908698
1649.3598	0.0337194036021942
1647.9428	0.0345422889249446
1646.5258	0.0351516682942019
1645.1088	0.0356862795372186
1643.6919	0.0372424391987412
1642.2749	0.0371794923590295
1640.8579	0.037707131395011
1639.4409	0.0378704924319641
1638.024	0.0377599385682041
1636.607	0.0389438538575337
1635.19	0.0401110712839725
1633.773	0.0407415530649172
1632.3561	0.0407112142198893
1630.9391	0.0412890361594605
1629.5221	0.0412370261378679
1628.1051	0.0416178353843428
1626.6882	0.0424028956295224
1625.2712	0.0431452584437889
1623.8542	0.0429411247758066
1622.4372	0.0439521677561529
1621.0203	0.0431099712126585
1619.6033	0.0442078248428138
1618.1863	0.0440386434542742
1616.7693	0.0448536288850842
1615.3524	0.0447137872932948
1613.9354	0.0452657590663929
1612.5184	0.0458269841337854
1611.1014	0.045392577005656
1609.6845	0.0463073839764291
1608.2675	0.0476060093714563
1606.8505	0.0478616236618452
1605.4335	0.0475942031131387
1604.0166	0.0483625715837154
1602.5996	0.0487039845629664
1601.1826	0.049395163572982
1599.7656	0.0496706122480953
1598.3486	0.0498111961214225
1596.9317	0.0489925739615498
1595.5147	0.0494268073239682
1594.0977	0.0487968902304908
1592.6807	0.0483004218284735
1591.2638	0.0480754600140699
1589.8468	0.0475930861210463
1588.4298	0.0480262437330155
1587.0128	0.0482841963216306
1585.5959	0.047155795716055
1584.1789	0.0466732233542923
1582.7619	0.0455480802253268
1581.3449	0.045282609874913
1579.928	0.0439508006203686
1578.511	0.0434782682654118
1577.094	0.0432217174516459
1575.677	0.0427469545113036
1574.2601	0.0423118429791356
1572.8431	0.0417464832192405
1571.4261	0.0412910894652136
1570.0091	0.0413827334807331
1568.5922	0.0407150861768469
1567.1752	0.0400331865584303
1565.7582	0.0389854330824461
1564.3412	0.0389386286729976
1562.9243	0.0383100236147841
1561.5073	0.0382892523113769
1560.0903	0.0369490990153575
1558.6733	0.0354342349373572
1557.2564	0.0344607828394313
1555.8394	0.0348594576613589
1554.4224	0.0342496937831397
1553.0054	0.0335210749654075
1551.5885	0.0336131807367451
1550.1715	0.0328056409790449
1548.7545	0.0324316491550371
1547.3375	0.0331132082269381
1545.9205	0.0318798628838273
1544.5036	0.0315066440481379
1543.0866	0.0306383476849473
1541.6696	0.0317269320722302
1540.2526	0.0314049228509129
1538.8357	0.0305730266229124
1537.4187	0.0297747784023286
1536.0017	0.0308297354744172
1534.5847	0.0293859976008432
1533.1678	0.0299719224584009
1531.7508	0.0293299847836572
1530.3338	0.0305075946917925
1528.9168	0.0301012349577251
1527.4999	0.0307391454622291
1526.0829	0.0303585509319663
1524.6659	0.0308211207496763
1523.2489	0.0309162192962288
1521.832	0.032107628837046
1520.415	0.0324899814647467
1518.998	0.0343786831255626
1517.581	0.0346595914596887
1516.1641	0.0356806137549861
1514.7471	0.0366956300823191
1513.3301	0.0370969859633033
1511.9131	0.0374046496982205
1510.4962	0.038347653028448
1509.0792	0.0377139411146484
1507.6622	0.038844296337395
1506.2452	0.0389811793863555
1504.8283	0.0384398527139825
1503.4113	0.0372278690006972
1501.9943	0.0368930399629034
1500.5773	0.0350777114058116
1499.1603	0.0341388792047028
1497.7434	0.0337570357606518
1496.3264	0.033175545893291
1494.9094	0.0322855639043173
1493.4924	0.0320422237018197
1492.0755	0.0321856212550957
1490.6585	0.0313151543955715
1489.2415	0.03165841878833
1487.8245	0.0320631140656525
1486.4076	0.0312861850365159
1484.9906	0.0330773230196284
1483.5736	0.0328783117016885
1482.1566	0.0334316335192439
1480.7397	0.0337873652051942
1479.3227	0.0335570197372868
1477.9057	0.0334969547432015
1476.4887	0.0341201366380917
1475.0718	0.0340270720007977
1473.6548	0.0340948608734283
1472.2378	0.0357019891484649
1470.8208	0.036423328672781
1469.4039	0.0365935000887551
1467.9869	0.0370248736843807
1466.5699	0.0385907885272626
1465.1529	0.0390808657728944
1463.736	0.0404667374634008
1462.319	0.0403879196691854
1460.902	0.0419257017317077
1459.485	0.0418880790236858
1458.0681	0.0423225543885535
1456.6511	0.0436402009029791
1455.2341	0.0438753047908393
1453.8171	0.0441011103156221
1452.4001	0.0446519179789306
1450.9832	0.0441670376474497
1449.5662	0.0444239798379811
1448.1492	0.0448585383897572
1446.7322	0.0439486449140514
1445.3153	0.0433737899166091
1443.8983	0.0446793563647715
1442.4813	0.0441108768650927
1441.0643	0.0446324174387243
1439.6474	0.0455310330523346
1438.2304	0.0446337370018407
1436.8134	0.0452817891031322
1435.3964	0.0452989146903345
1433.9795	0.0460854471086697
1432.5625	0.0461175541472878
1431.1455	0.046888617858261
1429.7285	0.0482585336023464
1428.3116	0.0480619319939822
1426.8946	0.0483923486030383
1425.4776	0.0490319470278059
1424.0606	0.0490231239169953
1422.6437	0.0500665556658271
1421.2267	0.0501771112787059
1419.8097	0.0507013810233253
1418.3927	0.0502151596540614
1416.9758	0.0512744597392068
1415.5588	0.0507973620621967
1414.1418	0.0516444680334239
1412.7248	0.0515010973794641
1411.3079	0.0507860785074685
1409.8909	0.0513594679738011
1408.4739	0.0510188436175266
1407.0569	0.051822027474623
1405.6399	0.0508302700812298
1404.223	0.0513431268139442
1402.806	0.051004898529154
1401.389	0.051394229499105
1399.972	0.0514770689783699
1398.5551	0.0516149874120995
1397.1381	0.051463932289836
1395.7211	0.0520704961775211
1394.3041	0.0522531252745772
1392.8872	0.0525072012799636
1391.4702	0.0530913982330103
1390.0532	0.0540394852810634
1388.6362	0.0540324022295386
1387.2193	0.0537991522722102
1385.8023	0.0556533442578142
1384.3853	0.0554517476959117
1382.9683	0.0551905880254901
1381.5514	0.0559717473420193
1380.1344	0.0550954814175049
1378.7174	0.0549485982197942
1377.3004	0.0547760116666513
1375.8835	0.0540953554144172
1374.4665	0.0549976600401631
1373.0495	0.0547798592208243
1371.6325	0.0558925563695135
1370.2156	0.0556788278747671
1368.7986	0.0562480146670122
1367.3816	0.0563187240619777
1365.9646	0.057298678285196
1364.5477	0.057869482148526
1363.1307	0.0590154614693354
1361.7137	0.059307939711433
1360.2967	0.0583230796084781
1358.8797	0.0574279411497189
1357.4628	0.0580210663010754
1356.0458	0.055953967724164
1354.6288	0.0562944881366591
1353.2118	0.0548735194148876
1351.7949	0.0546311031990491
1350.3779	0.0552182463233406
1348.9609	0.0539780696554354
1347.5439	0.0546963136223054
1346.127	0.0546093041628378
1344.71	0.0547541859436892
1343.293	0.055299059141749
1341.876	0.055382310565088
1340.4591	0.0564487940581245
1339.0421	0.055355128586605
1337.6251	0.0556888026735202
1336.2081	0.0561689708692702
1334.7912	0.0557703541933775
1333.3742	0.0554977763393385
1331.9572	0.0564810060086493
1330.5402	0.0554076952443439
1329.1233	0.0551021164551424
1327.7063	0.054701370270306
1326.2893	0.0543314871327159
1324.8723	0.0530297588319785
1323.4554	0.0530351393203175
1322.0384	0.0528622212815864
1320.6214	0.0524074905185341
1319.2044	0.0514934733565013
1317.7875	0.0518897110505487
1316.3705	0.0507081112697573
1314.9535	0.0508317686649991
1313.5365	0.0498822725549054
1312.1195	0.050040350618574
1310.7026	0.0492669413324867
1309.2856	0.0496327120502618
1307.8686	0.0496329157497031
1306.4516	0.0496357032511525
1305.0347	0.0496534565084456
1303.6177	0.0496192828184859
1302.2007	0.0494982351858757
1300.7837	0.0505300308939901
1299.3668	0.0496870525365826
1297.9498	0.0511489029086218
1296.5328	0.0498808612687888
1295.1158	0.0499599339765228
1293.6989	0.0493948006833557
1292.2819	0.0491287435771788
1290.8649	0.0500936180729552
1289.4479	0.0492495235908014
1288.031	0.0492804919309631
1286.614	0.0494099279601385
1285.197	0.0498716483612875
1283.78	0.0506921946884488
1282.3631	0.0509688929273161
1280.9461	0.0506966264129738
1279.5291	0.0522478219870289
1278.1121	0.0518108258977617
1276.6952	0.0526429790778375
1275.2782	0.0534842831038465
1273.8612	0.0538226255991789
1272.4442	0.0544902201449086
1271.0273	0.0551057708170038
1269.6103	0.0542366372429714
1268.1933	0.0551100253078084
1266.7763	0.054821758397323
1265.3593	0.0543666258968519
1263.9424	0.0547310739760604
1262.5254	0.0534997882201409
1261.1084	0.0535672530618637
1259.6914	0.0536387988559558
1258.2745	0.0536544918741572
1256.8575	0.0539194603718809
1255.4405	0.0538649630393812
1254.0235	0.0545607636225756
1252.6066	0.0536282853786996
1251.1896	0.0537706503308675
1249.7726	0.0528880139408296
1248.3556	0.0536493905302544
1246.9387	0.0530949222238767
1245.5217	0.0533779351500185
1244.1047	0.0523587727188748
1242.6877	0.0525932317912639
1241.2708	0.0522357829103348
1239.8538	0.0526771110516607
1238.4368	0.0528760703210942
1237.0198	0.0524584410853749
1235.6029	0.0535244994097222
1234.1859	0.0532157059327384
1232.7689	0.0529682514360261
1231.3519	0.0522752743233564
1229.935	0.0518101489194273
1228.518	0.052023124164571
1227.101	0.0512427698390135
1225.684	0.0502795902356725
1224.2671	0.0495619615288003
1222.8501	0.0481786673098708
1221.4331	0.0485333284076444
1220.0161	0.0476419544298475
1218.5991	0.0474978025962983
1217.1822	0.0465457185171365
1215.7652	0.0472413970797142
1214.3482	0.046406438824437
1212.9312	0.0465573838610018
1211.5143	0.0459477658501119
1210.0973	0.0450202925741009
1208.6803	0.0458886069493126
1207.2633	0.0449496304390315
1205.8464	0.0441433432926095
1204.4294	0.0440039491933501
1203.0124	0.044023443097363
1201.5954	0.0435111616356201
1200.1785	0.0430756058930424
1198.7615	0.0423943015723622
1197.3445	0.0412954142101309
1195.9275	0.0415142240168505
1194.5106	0.0412444518108753
1193.0936	0.0400165732486976
1191.6766	0.0393508488183487
1190.2596	0.0389274919374509
1188.8427	0.0389902768997501
1187.4257	0.0378927012917087
1186.0087	0.0372408389244941
1184.5917	0.0378627597651508
1183.1748	0.0373708039159435
1181.7578	0.0371494149806173
1180.3408	0.0376922921278556
1178.9238	0.038221667438216
1177.5069	0.0376852025860452
1176.0899	0.0393690058015546
1174.6729	0.0391028182519675
1173.2559	0.0406795642078722
1171.8389	0.0406345769696344
1170.422	0.0416579353094584
1169.005	0.0446726372917865
1167.588	0.045847736099468
1166.171	0.0484437812843396
1164.7541	0.050005205345156
1163.3371	0.0531978312411082
1161.9201	0.0553837975047805
1160.5031	0.0588469732667937
1159.0862	0.0617912180607342
1157.6692	0.0644550229383449
1156.2522	0.0665179369173553
1154.8352	0.0690023203940619
1153.4183	0.070009186937273
1152.0013	0.0723037344812099
1150.5843	0.0723385998720576
1149.1673	0.0745363210534975
1147.7504	0.0748866539644921
1146.3334	0.0749146641423429
1144.9164	0.0748173890625564
1143.4994	0.0736657239363714
1142.0825	0.0733930222466677
1140.6655	0.0724228194320484
1139.2485	0.0714228322302391
1137.8315	0.070773319550542
1136.4146	0.0688057301913559
1134.9976	0.0679682992458352
1133.5806	0.066938029306292
1132.1636	0.0676537377223093
1130.7467	0.0667347146795739
1129.3297	0.0671606238853613
1127.9127	0.0676597273344095
1126.4957	0.0682985051720046
1125.0787	0.0687339967421482
1123.6618	0.0693681494254774
1122.2448	0.0689916345754256
1120.8278	0.0699166562346804
1119.4108	0.0696968926564673
1117.9939	0.0701136830145372
1116.5769	0.0705635213213378
1115.1599	0.069851900700219
1113.7429	0.0705283559048678
1112.326	0.0721911564368032
1110.909	0.0716596232942786
1109.492	0.0719785138419524
1108.075	0.07342686143085
1106.6581	0.0737609431526054
1105.2411	0.074285832463739
1103.8241	0.0760453249533854
1102.4071	0.0765984343566222
1100.9902	0.0773082676746075
1099.5732	0.07680072784056
1098.1562	0.0773425308908923
1096.7392	0.0774449236351561
1095.3223	0.0773493892410667
1093.9053	0.0779553511319672
1092.4883	0.079175278759097
1091.0713	0.0795834908622604
1089.6544	0.0806597661031349
1088.2374	0.0833168167688884
1086.8204	0.0853189902768419
1085.4034	0.0875755088876648
1083.9865	0.0898695928809187
1082.5695	0.0925733918917398
1081.1525	0.0946513743984655
1079.7355	0.0970581566856697
1078.3185	0.098910956143344
1076.9016	0.0996311815899732
1075.4846	0.100015470602986
1074.0676	0.0995124386474864
1072.6506	0.0978096445833735
1071.2337	0.0971504983375693
1069.8167	0.09476548955511
1068.3997	0.0929849370919826
1066.9827	0.0926898025901124
1065.5658	0.091339268158272
1064.1488	0.0915900758670057
1062.7318	0.0917043109815853
1061.3148	0.0924545443614454
1059.8979	0.0943088497599879
1058.4809	0.0957172973193294
1057.0639	0.0971778192433937
1055.6469	0.0986004353909336
1054.23	0.0999999571742375
1052.813	0.10241769885542
1051.396	0.103880445657451
1049.979	0.106556120078781
1048.5621	0.107924683141666
1047.1451	0.110097719732831
1045.7281	0.112089245036738
1044.3111	0.113528885409057
1042.8942	0.115799228433442
1041.4772	0.11785789711071
1040.0602	0.119369967475434
1038.6432	0.121718118741162
1037.2263	0.123599735807448
1035.8093	0.124983348533515
1034.3923	0.127199372306112
1032.9753	0.129737978505554
1031.5583	0.131306141516128
1030.1414	0.133471384956712
1028.7244	0.135105446848646
1027.3074	0.137799492595307
1025.8904	0.139326591931154
1024.4735	0.14192089849701
1023.0565	0.143685437733155
1021.6395	0.145371273918153
1020.2225	0.148360481589764
1018.8056	0.149429990548403
1017.3886	0.150044573755809
1015.9716	0.151247730860159
1014.5546	0.15279362017897
1013.1377	0.152371010919066
1011.7207	0.151166407154383
1010.3037	0.153703426041021
1008.8867	0.152158353982334
1007.4698	0.152951107908986
1006.0528	0.153015498003415
1004.6358	0.154897157673854
1003.2188	0.15449685886125
1001.8019	0.154985826000675
1000.3849	0.155669975130131
998.9679	0.157236966104397
997.5509	0.157777031143972
996.134	0.158923112386823
994.717	0.158778691103649
993.3	0.159500993593777
991.883	0.159738501353084
990.4661	0.159752652130359
989.0491	0.159249455203535
987.6321	0.158560368813354
986.2151	0.158175976312579
984.7981	0.156612398355355
983.3812	0.155477284482113
981.9642	0.153291605004736
980.5472	0.151176973341725
979.1302	0.149654319450176
977.7133	0.14695854784031
976.2963	0.143004697457605
974.8793	0.141048790527651
973.4623	0.138080305064838
972.0454	0.134621070778785
970.6284	0.132182505120438
969.2114	0.129665690838425
967.7944	0.126403723023619
966.3775	0.123999175869586
964.9605	0.121734228561055
963.5435	0.117975803762153
962.1265	0.115805799967607
960.7096	0.11417072422109
959.2926	0.111229466073471
957.8756	0.107987964023213
956.4586	0.106555606533287
955.0417	0.104770089535502
953.6247	0.102491096539435
952.2077	0.0998938546086489
950.7907	0.0985126292218766
949.3738	0.0977144275627222
947.9568	0.095443337134471
946.5398	0.0945054580957548
945.1228	0.0945703804488377
943.7059	0.0940152838065841
942.2889	0.0938955547436412
940.8719	0.0935928896770391
939.4549	0.0941953161697216
938.0379	0.0945189671601206
936.621	0.0939853870298955
935.204	0.0951557110646781
933.787	0.0948113192218649
932.37	0.09401498498728
930.9531	0.0949118001104968
929.5361	0.0943660387447722
928.1191	0.0944518471183824
926.7021	0.0956813430259137
925.2852	0.0952805338494425
923.8682	0.0947935395311559
922.4512	0.0939860975679045
921.0342	0.0939306695879697
919.6173	0.0939373603851583
918.2003	0.0931909182887467
916.7833	0.091936162779078
915.3663	0.0916360412160359
913.9494	0.0911133659768083
912.5324	0.0904539281638866
911.1154	0.0902980361764582
909.6984	0.0886633504952164
908.2815	0.0878484454625311
906.8645	0.0868789849453034
905.4475	0.0856358260663118
904.0305	0.0847441038849815
902.6136	0.0842987338920182
901.1966	0.0836019434061111
899.7796	0.0829723126429861
898.3626	0.0822257783909249
896.9457	0.0821557452445074
895.5287	0.0816737513849116
894.1117	0.08076665946572
892.6947	0.0806505405059647
891.2777	0.0789516758755216
889.8608	0.0797448610230515
888.4438	0.0791118421967169
887.0268	0.0777439268992927
885.6098	0.0765486413862348
884.1929	0.0765670451801227
882.7759	0.0752647237104075
881.3589	0.075095144372735
879.9419	0.0741046971227717
878.525	0.073308526444056
877.108	0.0730160436202931
875.691	0.073518694846764
874.274	0.0727858587798276
872.8571	0.0727107867294751
871.4401	0.0733936542037409
870.0231	0.0738669804051172
868.6061	0.0738615784155942
867.1892	0.0746493149503314
865.7722	0.0754298732613128
864.3552	0.0759643571024409
862.9382	0.0766960547797553
861.5213	0.0767810104959253
860.1043	0.0767014333760835
858.6873	0.0772128389466258
857.2703	0.077487029898786
855.8534	0.077518684838672
854.4364	0.0774941805816696
853.0194	0.0771556898162293
851.6024	0.077145089115207
850.1855	0.0767380421741817
848.7685	0.0777849702708331
847.3515	0.0774342492726555
845.9345	0.077155585444381
844.5175	0.0777420972336607
843.1006	0.0778146534192256
841.6836	0.0777473033465556
840.2666	0.0757964533200352
838.8496	0.0756715257043296
837.4327	0.0761438983931479
836.0157	0.0753780923549099
834.5987	0.0744905495711632
833.1817	0.0743949403035563
831.7648	0.073664488048611
830.3478	0.0732988414466319
828.9308	0.0728722718640685
827.5138	0.0727059897350222
826.0969	0.0713182041671327
824.6799	0.072096129429749
823.2629	0.0721248922251059
821.8459	0.0721823699706279
820.429	0.0723255651322568
819.012	0.0716740158446439
817.595	0.0713752907835272
816.178	0.0721085790398017
814.7611	0.0707848556633863
813.3441	0.070522672307979
811.9271	0.0707773898711888
810.5101	0.0701416376495672
809.0932	0.0696947410088126
807.6762	0.0690161830082356
806.2592	0.0684663992437222
804.8422	0.0688851072336148
803.4253	0.0686374838885452
802.0083	0.0684821617029352
800.5913	0.0686275405704515
799.1743	0.0692485335422395
797.7573	0.0683320923035203
796.3404	0.0682302108730446
794.9234	0.0686331687511247
793.5064	0.0686328140526321
792.0894	0.0697298995984709
790.6725	0.0693065995576403
789.2555	0.0698025888096819
787.8385	0.0705943548425684
786.4215	0.0701171679158351
785.0046	0.0708469882792268
783.5876	0.070978964690995
782.1706	0.0716424194682932
780.7536	0.0722526611318597
779.3367	0.0730975904906537
777.9197	0.0730282518118144
776.5027	0.0744670623458555
775.0857	0.0741186794116231
773.6688	0.0756709366292681
772.2518	0.0763251147706248
770.8348	0.0768426470089731
769.4178	0.0783900731038395
768.0009	0.0792842786921027
766.5839	0.0795135596054185
765.1669	0.0807169963755386
763.7499	0.0811054147284555
762.333	0.0822710763478429
760.916	0.0814712040790161
759.499	0.0820172896026542
758.082	0.0814567253764222
756.6651	0.0819154461886127
755.2481	0.0821229075337472
753.8311	0.0809470731577945
752.4141	0.0799867559209165
750.9971	0.0797880117141813
749.5802	0.0795484704757911
748.1632	0.0783037979225347
746.7462	0.0775862468281091
745.3292	0.0769475642586363
743.9123	0.0752961926973769
742.4953	0.0761629411937871
741.0783	0.0751255615762463
739.6613	0.0754465710856587
738.2444	0.0745064360198939
736.8274	0.0752182217545996
735.4104	0.0748199178219642
733.9934	0.0742534510243883
732.5765	0.074181041981179
731.1595	0.0742026192364545
729.7425	0.0760051171539779
728.3255	0.0751572284791525
726.9086	0.0770401273768957
725.4916	0.0767824392405152
724.0746	0.0772407003020786
722.6576	0.0776801225739598
721.2407	0.0785149171711738
719.8237	0.0788607422047142
718.4067	0.0804505961098488
716.9897	0.0802116787570293
715.5728	0.081432722563838
714.1558	0.0827816468218375
712.7388	0.083124783373046
711.3218	0.0839368853510813
709.9049	0.0850928247996166
708.4879	0.0851106947902151
707.0709	0.0858011033115442
705.6539	0.0851900040837258
704.2369	0.0864713379664565
702.82	0.0861785687959515
701.403	0.0858382436260851
699.986	0.086129475853496
698.569	0.0862368129400522
697.1521	0.086189491299391
695.7351	0.0867371123172973
694.3181	0.0849373366706958
692.9011	0.0850228750726632
691.4842	0.0850058212936661
690.0672	0.085057895520655
688.6502	0.0846378807478317
687.2332	0.0844043376550651
685.8163	0.0843349914164175
684.3993	0.08369502071992
682.9823	0.0848004811167318
681.5653	0.0852665256222763
680.1484	0.0851924082766635
678.7314	0.0858661712268666
677.3144	0.0864575248935227
675.8974	0.086393554379902
674.4805	0.0859077264799219
673.0635	0.0860386877775914
671.6465	0.0859161470006518
670.2295	0.0858166964989488
668.8126	0.0873715471361939
667.3956	0.0881044794780335
665.9786	0.0887233003240434
664.5616	0.0883455599426177
663.1447	0.0876929273208234
661.7277	0.088094824805429
660.3107	0.0891441419532096
658.8937	0.088900447424431
657.4767	0.0898638255518875
656.0598	0.0897070243614065
654.6428	0.0897525242399361
653.2258	0.0907002579184036
651.8088	0.0907374880575606
650.3919	0.0899732467444563
648.9749	0.0898563681640482
647.5579	0.0916725108299597
646.1409	0.0915280740042906
644.724	0.0914060192813115
643.307	0.0913783686510251
641.89	0.090930717263517
640.473	0.0919310017086661
639.0561	0.0920077524246515
637.6391	0.0924163246445851
636.2221	0.0923734210713325
634.8051	0.0927569710849414
633.3882	0.0935204558056882
631.9712	0.0939263112705068
630.5542	0.094913882834345
629.1372	0.0943000635863486
627.7203	0.0950480695454157
626.3033	0.0955382420589908
624.8863	0.0958446140399268
623.4693	0.0969817878004568
622.0524	0.0973377236657114
620.6354	0.0986134728810876
619.2184	0.0994609801095894
617.8014	0.100798804519472
616.3845	0.101931360924794
614.9675	0.103011144114794
613.5505	0.103408127156775
612.1335	0.104641145918438
610.7165	0.105810987929558
609.2996	0.106631624429398
607.8826	0.107175840038032
606.4656	0.107431808703453
605.0486	0.107106554794399
603.6317	0.107861131542653
602.2147	0.108745031149544
600.7977	0.108363930239705
599.3807	0.108097887189444
597.9638	0.107892245252748
596.5468	0.108582029257918
595.1298	0.108928499880555
593.7128	0.108039874605743
592.2959	0.108701130145022
590.8789	0.108856752786527
589.4619	0.109269959259139
588.0449	0.109664282231174
586.628	0.110179779881395
585.211	0.111576980721083
583.794	0.112711069628222
582.377	0.113387408776796
580.9601	0.115145402397058
579.5431	0.117498136922406
578.1261	0.118320623700583
576.7091	0.119983552399181
575.2922	0.121449758446617
573.8752	0.123170145540788
572.4582	0.123039319293845
571.0412	0.123341146379358
569.6243	0.123340609923834
568.2073	0.124084194631504
566.7903	0.1230654097306
565.3733	0.123191283208273
563.9563	0.121910406808908
562.5394	0.120830869587265
561.1224	0.121013590455301
559.7054	0.120147004344352
558.2884	0.119807001998531
556.8715	0.119347082206682
555.4545	0.119158191724125
554.0375	0.119965824294318
552.6205	0.118475902723712
551.2036	0.117706598481815
549.7866	0.11844523181932
548.3696	0.11845438997024
546.9526	0.118133485819403
545.5357	0.117393744487327
544.1187	0.118022096640823
542.7017	0.117701167977621
541.2847	0.118339404431489
539.8678	0.11899351711177
538.4508	0.118882190653117
537.0338	0.119340207884061
535.6168	0.120398930783896
534.1999	0.121327315565969
532.7829	0.123293243759294
531.3659	0.12379696446861
529.9489	0.125106939179757
528.532	0.126548566684658
527.115	0.126961652562569
525.698	0.12813706159783
524.281	0.128353292928121
522.8641	0.129115203796772
521.4471	0.129630420930367
520.0301	0.128941469610871
518.6131	0.128922081416384
517.1962	0.130155156954057
515.7792	0.129748304467315
514.3622	0.129927273548858
512.9452	0.129737354983117
511.5282	0.129829760971802
510.1113	0.129721975218805
508.6943	0.129191174895731
507.2773	0.129022180425607
505.8603	0.128539813894215
504.4434	0.127941770222352
503.0264	0.128115231367066
501.6094	0.127602938163995
500.1924	0.126747384682728
498.7755	0.127843987394514
497.3585	0.126446626667223
495.9415	0.126505938551018
494.5245	0.12691826544108
493.1076	0.126111543593299
491.6906	0.125221939095736
490.2736	0.125523289021982
488.8566	0.125675822607727
487.4397	0.125621871126025
486.0227	0.126863869954814
484.6057	0.127617677304049
483.1887	0.128010656720623
481.7718	0.127826368755366
480.3548	0.128811186784211
478.9378	0.12836179551266
477.5208	0.128258321752749
476.1039	0.128441796398368
474.6869	0.128012251320826
473.2699	0.127909314335136
471.8529	0.126934660325174
470.436	0.127813137281357
469.019	0.128227722698989
467.602	0.12857506410471
466.185	0.127654914119525
464.768	0.127090253636776
463.3511	0.126874504592695
461.9341	0.125951885853416
460.5171	0.125951640288916
459.1001	0.12546709677824
457.6832	0.125286961028895
456.2662	0.124743847130146
454.8492	0.124165374013995
453.4322	0.124552859348517
452.0153	0.124289967722308
450.5983	0.125020093119518
449.1813	0.124909880536323
447.7643	0.125161024438113
446.3474	0.126511871023973
444.9304	0.128178647407748
443.5134	0.130021167643352
442.0964	0.130738682070547
440.6795	0.131724220561451
439.2625	0.133241716300359
437.8455	0.134559378237782
436.4285	0.135080278054106
435.0116	0.134649527286162
433.5946	0.134893186872376
432.1776	0.134554753359709
430.7606	0.135610696736177
429.3437	0.136100455364206
427.9267	0.136397524126127
426.5097	0.135055332444084
425.0927	0.134819714176163
423.6758	0.133434224077226
422.2588	0.133860496783238
420.8418	0.132976171347448
419.4248	0.133089857336937
418.0078	0.134164005199859
416.5909	0.135534932295428
415.1739	0.137238614757964
413.7569	0.138329546667357
412.3399	0.138904851372259
410.923	0.140101050063186
409.506	0.139593236049776
408.089	0.139591479056255
406.672	0.138744960767642
405.2551	0.138088993972963
403.8381	0.137111696484369
402.4211	0.136079947074089
401.0041	0.136739483797074
