3994.4546	0.017479428926156
3993.0377	0.0172466270990201
3991.6207	0.0171391282778583
3990.2037	0.0170068194970019
3988.7867	0.0171140104306602
3987.3698	0.0170790373650163
3985.9528	0.016276271501481
3984.5358	0.0168615406488652
3983.1188	0.0172596433916524
3981.7019	0.0177005316532886
3980.2849	0.0178835390864849
3978.8679	0.0168683003886949
3977.4509	0.0173178487598296
3976.034	0.0175172055515984
3974.617	0.0167089007273602
3973.2	0.0168642534920254
3971.783	0.0170019495745523
3970.3661	0.0173394162230855
3968.9491	0.0169445981211284
3967.5321	0.0166034187517682
3966.1151	0.0167038340451418
3964.6982	0.0165313539139768
3963.2812	0.0166837535678958
3961.8642	0.0167324560037549
3960.4472	0.0168647983070666
3959.0303	0.0165925862819676
3957.6133	0.017015212284255
3956.1963	0.0163112284913396
3954.7793	0.0163259565542924
3953.3624	0.0172982874637871
3951.9454	0.0167485508417597
3950.5284	0.0159325044489066
3949.1114	0.0163673117555114
3947.6944	0.0170708421590382
3946.2775	0.0165177074480935
3944.8605	0.0170490140107959
3943.4435	0.0160536767955831
3942.0265	0.0171964314798519
3940.6096	0.0161768151840808
3939.1926	0.0170036179391483
3937.7756	0.0159620831448259
3936.3586	0.0161965297906814
3934.9417	0.0173064528680162
3933.5247	0.0169374943791027
3932.1077	0.0166653667374369
3930.6907	0.0171502447468734
3929.2738	0.0177432572356027
3927.8568	0.0168119101520063
3926.4398	0.0171572440247824
3925.0228	0.0167528281037641
3923.6059	0.0166323412600569
3922.1889	0.0173806124749292
3920.7719	0.0166701027144764
3919.3549	0.0166556878598755
3917.938	0.0165807845375543
3916.521	0.0169606800805723
3915.104	0.0171479698345159
3913.687	0.0171095680093269
3912.2701	0.0165596017634444
3910.8531	0.0166874299022882
3909.4361	0.0164923623011573
3908.0191	0.016884291860376
3906.6022	0.0166789995601903
3905.1852	0.0170725638904748
3903.7682	0.0170816374945085
3902.3512	0.0167495313951968
3900.9342	0.016387446655975
3899.5173	0.0170427423189089
3898.1003	0.0168382179613127
3896.6833	0.0168990107207793
3895.2663	0.0162770994965289
3893.8494	0.0163370355507217
3892.4324	0.0162973197305833
3891.0154	0.0167197662860813
3889.5984	0.0165558667280409
3888.1815	0.0168627677486932
3886.7645	0.0162876976815996
3885.3475	0.0162767198215682
3883.9305	0.016531637251384
3882.5136	0.0164988903384141
3881.0966	0.0157103906147759
3879.6796	0.0165776182689836
3878.2626	0.0170692533406602
3876.8457	0.0164261224305463
3875.4287	0.0172798982916609
3874.0117	0.016913224745812
3872.5947	0.0168519280968883
3871.1778	0.0163123165841689
3869.7608	0.0170074462408598
3868.3438	0.0165116184894982
3866.9268	0.0169711219951474
3865.5099	0.0173192078080397
3864.0929	0.0174516735287131
3862.6759	0.0167425447044796
3861.2589	0.0164732822083105
3859.842	0.016426782088311
3858.425	0.0157638489057375
3857.008	0.0165251752050363
3855.591	0.0161722014060825
3854.174	0.0158407035715158
3852.7571	0.0163548079616391
3851.3401	0.0162997682872404
3849.9231	0.0158493751212472
3848.5061	0.0162093034205521
3847.0892	0.0164491883246797
3845.6722	0.015946231290818
3844.2552	0.016681713093585
3842.8382	0.0164343512475634
3841.4213	0.0166474297785753
3840.0043	0.016161087278409
3838.5873	0.0165023026271185
3837.1703	0.0163658835644418
3835.7534	0.0164043538892111
3834.3364	0.0162771340286666
3832.9194	0.0160731747533352
3831.5024	0.0172418952657031
3830.0855	0.0158752901973868
3828.6685	0.0162373408917944
3827.2515	0.0159930931394768
3825.8345	0.0157751175493439
3824.4176	0.0167542285999334
3823.0006	0.0165225686667179
3821.5836	0.0166435685868097
3820.1666	0.0159115343086363
3818.7497	0.0160890250743433
3817.3327	0.0167809581157019
3815.9157	0.0161603911780614
3814.4987	0.0163165079098873
3813.0818	0.0160737614359244
3811.6648	0.0167046425947596
3810.2478	0.0164777520231779
3808.8308	0.015742444884207
3807.4138	0.0161770840995377
3805.9969	0.0165314732024185
3804.5799	0.0166005730647184
3803.1629	0.0158599845583344
3801.7459	0.0162079781446514
3800.329	0.0155926317403964
3798.912	0.0158545395853698
3797.495	0.0159483385401339
3796.078	0.0164539951715755
3794.6611	0.0159415470396363
3793.2441	0.0165886037796224
3791.8271	0.0169552209292061
3790.4101	0.0160569110020641
3788.9932	0.0158128469143992
3787.5762	0.0158768802736212
3786.1592	0.0153072305242446
3784.7422	0.0161947471861432
3783.3253	0.0151319707510102
3781.9083	0.0157393459130673
3780.4913	0.016075053329458
3779.0743	0.0158203780930127
3777.6574	0.0160503821068899
3776.2404	0.016422612590495
3774.8234	0.0160781437395172
3773.4064	0.0161374402030577
3771.9895	0.0163034353064244
3770.5725	0.0160371687434466
3769.1555	0.015519254513806
3767.7385	0.0154169059816411
3766.3216	0.0152812733681857
3764.9046	0.0153027556534182
3763.4876	0.0153732277879579
3762.0706	0.0154218685807947
3760.6536	0.0153093956966424
3759.2367	0.0154211165371277
3757.8197	0.0156234727480767
3756.4027	0.0160045868341066
3754.9857	0.0159654267514928
3753.5688	0.0159648305727708
3752.1518	0.0156761661591712
3750.7348	0.015808518330787
3749.3178	0.0161340751803041
3747.9009	0.0160904178334435
3746.4839	0.015637333502707
3745.0669	0.0161082656872332
3743.6499	0.015665060723717
3742.233	0.0155409670845618
3740.816	0.0161713017857438
3739.399	0.0153353646491
3737.982	0.015704128707622
3736.5651	0.0157356575991497
3735.1481	0.0146130959784934
3733.7311	0.015348747163953
3732.3141	0.015625133649949
3730.8972	0.0151321334170245
3729.4802	0.0150594079080309
3728.0632	0.0152747394654046
3726.6462	0.0150749184471828
3725.2293	0.0152358484931057
3723.8123	0.0153675865303579
3722.3953	0.0148354086312597
3720.9783	0.0147428985318952
3719.5614	0.015135496671745
3718.1444	0.0153502958051671
3716.7274	0.0154441338205241
3715.3104	0.0151934092170108
3713.8935	0.0152153730601852
3712.4765	0.015603046477387
3711.0595	0.0157688143411175
3709.6425	0.0150284370791283
3708.2255	0.0142252701507136
3706.8086	0.0154872701061859
3705.3916	0.0143350010955548
3703.9746	0.0155060976644542
3702.5576	0.0148820375568833
3701.1407	0.0156449682753174
3699.7237	0.0149366071327428
3698.3067	0.0146888040530581
3696.8897	0.0153593959419548
3695.4728	0.0146014000197462
3694.0558	0.0154770025309682
3692.6388	0.015142332064005
3691.2218	0.0152958495306387
3689.8049	0.014825495920435
3688.3879	0.0150484137625678
3686.9709	0.0146839186841163
3685.5539	0.0151354907163233
3684.137	0.015531909201345
3682.72	0.0148520361623772
3681.303	0.014783496256566
3679.886	0.0145531488712005
3678.4691	0.0150544269499167
3677.0521	0.0148055814157835
3675.6351	0.0150110878109937
3674.2181	0.014362884985329
3672.8012	0.0151315959146699
3671.3842	0.0151613913658328
3669.9672	0.0151698052394492
3668.5502	0.0152360374565488
3667.1333	0.0146865812906897
3665.7163	0.0149410837323902
3664.2993	0.0147310917091852
3662.8823	0.0149749550901408
3661.4653	0.0144146327009975
3660.0484	0.0157659540761062
3658.6314	0.0149561033581297
3657.2144	0.014378052719332
3655.7974	0.0147740775317848
3654.3805	0.0153132054134789
3652.9635	0.0148717158287529
3651.5465	0.0153399987550577
3650.1295	0.0146069081515597
3648.7126	0.015500316504729
3647.2956	0.0160737271025086
3645.8786	0.0155749252140826
3644.4616	0.0158960182585851
3643.0447	0.015952322427916
3641.6277	0.0157831883713714
3640.2107	0.0154291126775927
3638.7937	0.0155122708508208
3637.3768	0.0158455147971312
3635.9598	0.0155337588735024
3634.5428	0.0160369393142907
3633.1258	0.0163679351917656
3631.7089	0.0156719042882724
3630.2919	0.0160018687219904
3628.8749	0.0166796033270468
3627.4579	0.0164930289427416
3626.041	0.0169960661118277
3624.624	0.0164705531928942
3623.207	0.0163539915698917
3621.79	0.0164569036766151
3620.3731	0.0164430879863386
3618.9561	0.0165852494815016
3617.5391	0.0171336693958097
3616.1221	0.0170012481185963
3614.7051	0.0173303300374015
3613.2882	0.0169152738099458
3611.8712	0.0171286509757061
3610.4542	0.0173580063671439
3609.0372	0.0172315791663221
3607.6203	0.0173506617793278
3606.2033	0.0176752155349314
3604.7863	0.0177141001051796
3603.3693	0.0180160850207594
3601.9524	0.0179235573791699
3600.5354	0.0186355064547944
3599.1184	0.0184154480528992
3597.7014	0.0179511694509977
3596.2845	0.0177353092502904
3594.8675	0.0185322137432267
3593.4505	0.0187875924550945
3592.0335	0.0188246949273484
3590.6166	0.0187933041758509
3589.1996	0.0193544989854285
3587.7826	0.0191771550663927
3586.3656	0.020342996300986
3584.9487	0.0193486483076981
3583.5317	0.019705445156238
3582.1147	0.01951509159326
3580.6977	0.0193783131729699
3579.2808	0.0203663638307904
3577.8638	0.0203177140685059
3576.4468	0.0206891376592172
3575.0298	0.0213418894462483
3573.6129	0.0205389604576511
3572.1959	0.0207480613612361
3570.7789	0.0211786967895685
3569.3619	0.0214696759398552
3567.9449	0.0219932745994754
3566.528	0.0216276238254882
3565.111	0.0218541112150897
3563.694	0.0223722308857276
3562.277	0.02281376675341
3560.8601	0.0228671233052479
3559.4431	0.0230903120454483
3558.0261	0.0232377945536269
3556.6091	0.0240546192544458
3555.1922	0.0234747697362534
3553.7752	0.0242213515664382
3552.3582	0.0234304852184025
3550.9412	0.0244074011925875
3549.5243	0.0246972249568392
3548.1073	0.0243971683925842
3546.6903	0.0250063793017533
3545.2733	0.0254994931928803
3543.8564	0.0257486051816171
3542.4394	0.0261152992109461
3541.0224	0.0252290440124144
3539.6054	0.0261349163850092
3538.1885	0.0261432730179032
3536.7715	0.0265292788412561
3535.3545	0.0273110689207776
3533.9375	0.0276193362154582
3532.5206	0.0275375589395242
3531.1036	0.0281118978923135
3529.6866	0.0276936551469026
3528.2696	0.0280618643871118
3526.8527	0.0281132178358029
3525.4357	0.0282262816047101
3524.0187	0.0287961555322362
3522.6017	0.0293589833756579
3521.1847	0.0290312089579829
3519.7678	0.0290490191422663
3518.3508	0.0294435783181111
3516.9338	0.0297469559701097
3515.5168	0.0301904578397698
3514.0999	0.0303100681995283
3512.6829	0.0308311871742136
3511.2659	0.0307946332107898
3509.8489	0.0308361597771675
3508.432	0.0320228057395777
3507.015	0.0311513266808095
3505.598	0.0312077238708743
3504.181	0.0321761762833729
3502.7641	0.0320194203968713
3501.3471	0.0326535250153611
3499.9301	0.0330438804809364
3498.5131	0.0334529810215239
3497.0962	0.0324534598095831
3495.6792	0.0339457079513283
3494.2622	0.0332451398862118
3492.8452	0.0340862544749605
3491.4283	0.0340384452309371
3490.0113	0.0344559545939104
3488.5943	0.034577783170019
3487.1773	0.0344244647096159
3485.7604	0.0355678062493873
3484.3434	0.0354455550832919
3482.9264	0.03545891028027
3481.5094	0.0361792716902613
3480.0925	0.0359237912802213
3478.6755	0.0366681107439773
3477.2585	0.0361079522546622
3475.8415	0.0369914751260484
3474.4245	0.0378557888631486
3473.0076	0.0371622473383719
3471.5906	0.0377326689776555
3470.1736	0.0381628690932163
3468.7566	0.0383587923193093
3467.3397	0.038054020580326
3465.9227	0.0381158374602781
3464.5057	0.0393943659518306
3463.0887	0.0387865379504319
3461.6718	0.0394184354487919
3460.2548	0.0403342421076734
3458.8378	0.039065402718436
3457.4208	0.0397387337862668
3456.0039	0.0407045502067873
3454.5869	0.0402635205231801
3453.1699	0.0408262740051654
3451.7529	0.0402975552227268
3450.336	0.040773237008622
3448.919	0.0406625173156899
3447.502	0.0413335783105355
3446.085	0.0419466944111482
3444.6681	0.0420178120947768
3443.2511	0.0414332513216131
3441.8341	0.041651064041141
3440.4171	0.0420743447403588
3439.0002	0.04293668939707
3437.5832	0.0428291429947439
3436.1662	0.0439879936710299
3434.7492	0.0436157148726158
3433.3323	0.0440060928707039
3431.9153	0.0443235860929935
3430.4983	0.0437289561348051
3429.0813	0.0436291197377049
3427.6643	0.0440001114687553
3426.2474	0.0442429758680283
3424.8304	0.0442750248504887
3423.4134	0.0452199252771536
3421.9964	0.045655050694354
3420.5795	0.0451812463958795
3419.1625	0.046165402969279
3417.7455	0.0467679286963722
3416.3285	0.0459387441278666
3414.9116	0.0464567795384499
3413.4946	0.0455896392805254
3412.0776	0.0464327209319456
3410.6606	0.047195884334645
3409.2437	0.047323085780263
3407.8267	0.0470979261395964
3406.4097	0.0475802364841014
3404.9927	0.0474998084315984
3403.5758	0.0481471311730307
3402.1588	0.0478903746518847
3400.7418	0.0485630106796054
3399.3248	0.0485330690584249
3397.9079	0.0488903023742903
3396.4909	0.048763356119838
3395.0739	0.0481796533849097
3393.6569	0.0483647481922134
3392.24	0.0489192878050849
3390.823	0.0490694808983059
3389.406	0.0497058608893782
3387.989	0.0494637033450698
3386.5721	0.0501750222357018
3385.1551	0.0497118916568405
3383.7381	0.0494682506200399
3382.3211	0.0504480208006409
3380.9041	0.0501297406134161
3379.4872	0.0509856245688894
3378.0702	0.0508724121514955
3376.6532	0.0504563557582355
3375.2362	0.0506094972071564
3373.8193	0.0512963342434913
3372.4023	0.0511496073308089
3370.9853	0.0512119576358892
3369.5683	0.0518974365901127
3368.1514	0.0521945080928161
3366.7344	0.0516947499194388
3365.3174	0.0525062403619959
3363.9004	0.0523727598831442
3362.4835	0.0520416676729195
3361.0665	0.0522130352059971
3359.6495	0.0521612889721042
3358.2325	0.052331186585473
3356.8156	0.0522621353272737
3355.3986	0.0531551150757075
3353.9816	0.0527443262214196
3352.5646	0.052642598733738
3351.1477	0.0527264328965213
3349.7307	0.0533568013890761
3348.3137	0.0539476055320377
3346.8967	0.0533278260620526
3345.4798	0.0537111228710418
3344.0628	0.0539015773776869
3342.6458	0.0542798788581995
3341.2288	0.0540345371134958
3339.8119	0.0544912328749895
3338.3949	0.054111272399412
3336.9779	0.0531274291852729
3335.5609	0.0540343740432792
3334.1439	0.0542848424922868
3332.727	0.0549384108027319
3331.31	0.0547429874458844
3329.893	0.0550030089982277
3328.476	0.0550620606532941
3327.0591	0.0552012909439649
3325.6421	0.0549508791519269
3324.2251	0.0545017411050068
3322.8081	0.0553279562883789
3321.3912	0.0545447434867224
3319.9742	0.055275584657336
3318.5572	0.0551329076474926
3317.1402	0.0548922753003608
3315.7233	0.0553068262480777
3314.3063	0.0547531738811253
3312.8893	0.0548473821872969
3311.4723	0.0556428830833783
3310.0554	0.0553265304517892
3308.6384	0.0559708918115085
3307.2214	0.0558909965437814
3305.8044	0.0562528960770595
3304.3875	0.056126499483412
3302.9705	0.055808947356275
3301.5535	0.0550398423751552
3300.1365	0.0557782241989168
3298.7196	0.0555988842118243
3297.3026	0.0555900602683288
3295.8856	0.0554560459733788
3294.4686	0.0558535303311997
3293.0517	0.0560180727037244
3291.6347	0.0560518934721032
3290.2177	0.0556444158194462
3288.8007	0.0561072012884826
3287.3837	0.05582546149288
3285.9668	0.0552763917700724
3284.5498	0.0557763596881776
3283.1328	0.0559240820609473
3281.7158	0.0556515846737699
3280.2989	0.0557479393064897
3278.8819	0.0559970438939615
3277.4649	0.0562530927464677
3276.0479	0.0557319350810632
3274.631	0.0557137570557196
3273.214	0.0557886934188275
3271.797	0.0558110903930323
3270.38	0.0563040394641957
3268.9631	0.0559307604601833
3267.5461	0.0554968859649728
3266.1291	0.0556559164356037
3264.7121	0.0558761939058713
3263.2952	0.0563308419234479
3261.8782	0.0561524187349562
3260.4612	0.0560009157922225
3259.0442	0.0559281739560429
3257.6273	0.0559165695104641
3256.2103	0.0562295990875029
3254.7933	0.0560711023966692
3253.3763	0.0570375841915401
3251.9594	0.0553641490053413
3250.5424	0.0570929142255825
3249.1254	0.055870998042037
3247.7084	0.0560054651916239
3246.2915	0.0558782459162933
3244.8745	0.0563211322589344
3243.4575	0.0563419768510607
3242.0405	0.0557221312412477
3240.6235	0.0556649634415658
3239.2066	0.0559029860440058
3237.7896	0.056152016372174
3236.3726	0.0554792641487718
3234.9556	0.0556938963441151
3233.5387	0.0559933505606806
3232.1217	0.0558869565382589
3230.7047	0.0567434299277499
3229.2877	0.0552019996159371
3227.8708	0.0553936522521534
3226.4538	0.0557820392040518
3225.0368	0.0550466567331071
3223.6198	0.0550559242850622
3222.2029	0.0545484694616975
3220.7859	0.0561471884716582
3219.3689	0.0552544277485668
3217.9519	0.0541855376326824
3216.535	0.0549897111636396
3215.118	0.0548621493209989
3213.701	0.0538609868900724
3212.284	0.0546245585242734
3210.8671	0.0546257175215676
3209.4501	0.0542638290892478
3208.0331	0.0542753647278389
3206.6161	0.0537586989768246
3205.1992	0.0533004837106515
3203.7822	0.0552864982995728
3202.3652	0.0536811539890386
3200.9482	0.0542969207892455
3199.5313	0.0541124357532718
3198.1143	0.0535793751521284
3196.6973	0.0536074761786064
3195.2803	0.0535859593648719
3193.8633	0.0532326951222214
3192.4464	0.0534795023640385
3191.0294	0.0529329471805261
3189.6124	0.0527741352337042
3188.1954	0.0526582786177728
3186.7785	0.0519657793728847
3185.3615	0.0525313973863594
3183.9445	0.0524979254078663
3182.5275	0.0530182313055267
3181.1106	0.0523206370732757
3179.6936	0.052027669254493
3178.2766	0.0522829687668064
3176.8596	0.051730196650801
3175.4427	0.051987956255486
3174.0257	0.0520408211803515
3172.6087	0.0513073694592294
3171.1917	0.0526067239387832
3169.7748	0.0512987989898283
3168.3578	0.0518097147578893
3166.9408	0.0515605419730778
3165.5238	0.0509932278204799
3164.1069	0.0506405630675052
3162.6899	0.0499492879586457
3161.2729	0.0506185878076222
3159.8559	0.0513035460162338
3158.439	0.0499150916177416
3157.022	0.0503524375128818
3155.605	0.0491960328676541
3154.188	0.0493326000694056
3152.7711	0.0493864073908685
3151.3541	0.0487968110653387
3149.9371	0.0492652081834516
3148.5201	0.0491221097504609
3147.1031	0.0493908847871125
3145.6862	0.0492355217069401
3144.2692	0.0492244875056175
3142.8522	0.0486613800239546
3141.4352	0.0491265698601478
3140.0183	0.0488871729856399
3138.6013	0.0479044531606666
3137.1843	0.0487860686148288
3135.7673	0.0484489086438384
3134.3504	0.047796381400059
3132.9334	0.0477946000170303
3131.5164	0.0477171906386756
3130.0994	0.0472053131813389
3128.6825	0.0472642550739637
3127.2655	0.0472608718405842
3125.8485	0.0466787952743674
3124.4315	0.046854534196732
3123.0146	0.0463347130390686
3121.5976	0.0468231357423145
3120.1806	0.0462696372676897
3118.7636	0.046089724673986
3117.3467	0.0464484841247161
3115.9297	0.0460721840628033
3114.5127	0.0459227585120103
3113.0957	0.045349472181476
3111.6788	0.0458103435221481
3110.2618	0.0453150784763001
3108.8448	0.0445909638833122
3107.4278	0.045031179319761
3106.0109	0.0449609456463885
3104.5939	0.0443679907937061
3103.1769	0.0448837808398957
3101.7599	0.0444719914508493
3100.3429	0.0440282389729933
3098.926	0.0453148321781793
3097.509	0.0441263170586798
3096.092	0.0437882896094093
3094.675	0.0438015966034638
3093.2581	0.043223379294169
3091.8411	0.044011336709831
3090.4241	0.0429444530661943
3089.0071	0.0433085258382091
3087.5902	0.0430221952639561
3086.1732	0.0429751709018328
3084.7562	0.04348126847171
3083.3392	0.0428510034789851
3081.9223	0.0426056943419002
3080.5053	0.0430133333516748
3079.0883	0.0431583837108342
3077.6713	0.0413925005820542
3076.2544	0.0416049310674826
3074.8374	0.0421117461802252
3073.4204	0.0423139908875904
3072.0034	0.0421000699359917
3070.5865	0.041298180741373
3069.1695	0.0414995010253533
3067.7525	0.0410234473391787
3066.3355	0.0410102830938228
3064.9186	0.040933873606834
3063.5016	0.0414817046837078
3062.0846	0.040348460803175
3060.6676	0.0406328699741294
3059.2507	0.0402242478773871
3057.8337	0.0401828429867285
3056.4167	0.0397315942828393
3054.9997	0.0395676439166801
3053.5827	0.0391824688096631
3052.1658	0.0399609422699709
3050.7488	0.0392065955489723
3049.3318	0.0399266077896461
3047.9148	0.0390664937211882
3046.4979	0.0387491266109167
3045.0809	0.0391294709512231
3043.6639	0.0392087177868962
3042.2469	0.0385548031781432
3040.83	0.03869427528949
3039.413	0.0383865488886851
3037.996	0.038369606083248
3036.579	0.038334158876995
3035.1621	0.0379907243405004
3033.7451	0.0371940859975701
3032.3281	0.037689115835873
3030.9111	0.037905402612758
3029.4942	0.0372993402296106
3028.0772	0.0373521500924079
3026.6602	0.0370871085879805
3025.2432	0.0378768270092089
3023.8263	0.0372054990070083
3022.4093	0.0365762695443427
3020.9923	0.0371753951120549
3019.5753	0.0366697792923315
3018.1584	0.03674821776945
3016.7414	0.0369132294559229
3015.3244	0.0361761452523572
3013.9074	0.0360577621972974
3012.4905	0.0364591686231434
3011.0735	0.0362494054846058
3009.6565	0.0365548356811877
3008.2395	0.0354104246516426
3006.8225	0.0361109786060932
3005.4056	0.0350867348139844
3003.9886	0.0359740540378983
3002.5716	0.0361112279425209
3001.1546	0.0358671121872391
2999.7377	0.0357672209344732
2998.3207	0.0358464974666777
2996.9037	0.0353930297130777
2995.4867	0.0353034086965285
2994.0698	0.0352828595241425
2992.6528	0.0356365806166381
2991.2358	0.0358048493773607
2989.8188	0.0351798195434578
2988.4019	0.035333290877496
2986.9849	0.0351186061306754
2985.5679	0.0361421509212935
2984.1509	0.0359481660024166
2982.734	0.0354059668635411
2981.317	0.036510468691464
2979.9	0.0355763303492405
2978.483	0.0358422949113777
2977.0661	0.0362684298747469
2975.6491	0.0361727333806847
2974.2321	0.036968439129431
2972.8151	0.0362022206648345
2971.3982	0.0367328772286491
2969.9812	0.0366263267335154
2968.5642	0.0366801277344568
2967.1472	0.0379650853601964
2965.7303	0.0378640895651627
2964.3133	0.0375371138103542
2962.8963	0.0377883491413885
2961.4793	0.0380046328658574
2960.0623	0.0384129439920265
2958.6454	0.0380345767943243
2957.2284	0.0393897926050054
2955.8114	0.039557407626195
2954.3944	0.0392297911600219
2952.9775	0.0393491695569383
2951.5605	0.0398453266390567
2950.1435	0.040626531327457
2948.7265	0.0397897795532923
2947.3096	0.0412710264460502
2945.8926	0.0406738628016723
2944.4756	0.0414537461598372
2943.0586	0.0413013098878713
2941.6417	0.0418699995529518
2940.2247	0.0422738198516493
2938.8077	0.0424354060608145
2937.3907	0.0416490305210775
2935.9738	0.0429232894501064
2934.5568	0.0431377876164632
2933.1398	0.0436911720274927
2931.7228	0.043461260227559
2930.3059	0.0435341269160709
2928.8889	0.0440295181758624
2927.4719	0.044984362601501
2926.0549	0.0443408469484051
2924.638	0.0445219078449035
2923.221	0.0442716977958836
2921.804	0.0449860719065837
2920.387	0.0448443377709936
2918.9701	0.044449925018479
2917.5531	0.044477410707148
2916.1361	0.0442360762554639
2914.7191	0.0446414676252275
2913.3021	0.0443876899737693
2911.8852	0.0440224115227292
2910.4682	0.0433341932579372
2909.0512	0.0436276915760816
2907.6342	0.0439888155918973
2906.2173	0.0428442654608829
2904.8003	0.0422689595792802
2903.3833	0.0435500680424337
2901.9663	0.0433241011177156
2900.5494	0.0434076526963271
2899.1324	0.04337510131344
2897.7154	0.0430000540798228
2896.2984	0.042444843508875
2894.8815	0.0432385327452066
2893.4645	0.0431458711437292
2892.0475	0.043123583975058
2890.6305	0.0434493420710541
2889.2136	0.0427950768044626
2887.7966	0.0420403567725571
2886.3796	0.0427513077763427
2884.9626	0.042606605839354
2883.5457	0.0422571983054547
2882.1287	0.0423716898805057
2880.7117	0.0426058291741302
2879.2947	0.0428115974870272
2877.8778	0.0419478701010396
2876.4608	0.0425081118818897
2875.0438	0.0410619226541126
2873.6268	0.0420703458565191
2872.2099	0.0413880455004493
2870.7929	0.0418529832490262
2869.3759	0.0409182815893949
2867.9589	0.0407504474892888
2866.5419	0.0404347867148833
2865.125	0.0403440892341854
2863.708	0.0406047621293881
2862.291	0.0403973177787472
2860.874	0.0397951295252409
2859.4571	0.0395500999942738
2858.0401	0.039260267000631
2856.6231	0.0397465718173112
2855.2061	0.0394592241131186
2853.7892	0.0395546039534879
2852.3722	0.0395863087539998
2850.9552	0.038961318614208
2849.5382	0.0385522558888952
2848.1213	0.0387990995366641
2846.7043	0.0395645667079333
2845.2873	0.0386114691135508
2843.8703	0.0377775815900056
2842.4534	0.0380350938981532
2841.0364	0.037878888353368
2839.6194	0.0378546946050025
2838.2024	0.0379826665912781
2836.7855	0.0371768462024498
2835.3685	0.03660808639931
2833.9515	0.0371650657364809
2832.5345	0.0371714151944664
2831.1176	0.0356627201020753
2829.7006	0.0368829023048374
2828.2836	0.036400061881727
2826.8666	0.0367015868886375
2825.4497	0.0362023656876243
2824.0327	0.0360080927726523
2822.6157	0.0357282506852612
2821.1987	0.0359996566629477
2819.7817	0.0363736916985627
2818.3648	0.0359640356062903
2816.9478	0.0357474150932493
2815.5308	0.0352481417441217
2814.1138	0.0349942633450128
2812.6969	0.0352243287254792
2811.2799	0.0352702021750614
2809.8629	0.0347555365083982
2808.4459	0.0353768803449924
2807.029	0.0345911594832459
2805.612	0.0352372338755988
2804.195	0.034607258263425
2802.778	0.0340591343481234
2801.3611	0.0347647354232787
2799.9441	0.0351636297014186
2798.5271	0.035229564681256
2797.1101	0.0345473132010122
2795.6932	0.0339307818172738
2794.2762	0.0342394358618857
2792.8592	0.0337517702058575
2791.4422	0.0340568197013364
2790.0253	0.0337358152003473
2788.6083	0.0339904335800378
2787.1913	0.0341720571411658
2785.7743	0.0340938564907832
2784.3574	0.033865068514911
2782.9404	0.0338321266899351
2781.5234	0.0335534586907123
2780.1064	0.0341167964683837
2778.6895	0.0339052856863104
2777.2725	0.0333102702287979
2775.8555	0.0330268259068376
2774.4385	0.033025997904248
2773.0215	0.0331975671613753
2771.6046	0.0332171471618954
2770.1876	0.0324099102730113
2768.7706	0.0333717289194459
2767.3536	0.0336198581898775
2765.9367	0.0334166783521865
2764.5197	0.0332485977176329
2763.1027	0.0336398727911167
2761.6857	0.0325660697897514
2760.2688	0.0331313603543589
2758.8518	0.0336808516886164
2757.4348	0.0329854821932916
2756.0178	0.0331969765930187
2754.6009	0.0327974214559614
2753.1839	0.0333426015440142
2751.7669	0.0328325034246577
2750.3499	0.0328946010493276
2748.933	0.0327021497039057
2747.516	0.0325414503657904
2746.099	0.0328722308314341
2744.682	0.0324274723621872
2743.2651	0.0323890649468865
2741.8481	0.0326485964527297
2740.4311	0.0329100808412818
2739.0141	0.0328662752727859
2737.5972	0.0336492031391314
2736.1802	0.0326544201088166
2734.7632	0.0330458888437017
2733.3462	0.0323156720666956
2731.9293	0.0321541740381994
2730.5123	0.0325047966920574
2729.0953	0.0327827230956295
2727.6783	0.0318030961204535
2726.2613	0.0327787191954253
2724.8444	0.0325029894873288
2723.4274	0.0320837661407261
2722.0104	0.0322442908929747
2720.5934	0.0321887338336896
2719.1765	0.0326506350438162
2717.7595	0.032178087388362
2716.3425	0.0316438540191362
2714.9255	0.0318862530656579
2713.5086	0.0324675565131318
2712.0916	0.0324570248265852
2710.6746	0.0318903862414394
2709.2576	0.0313316194162441
2707.8407	0.0327896280451969
2706.4237	0.0316500361575138
2705.0067	0.0311955169422893
2703.5897	0.0316782452723528
2702.1728	0.0311738403995502
2700.7558	0.0321918822186577
2699.3388	0.0317866921469591
2697.9218	0.0314093871474607
2696.5049	0.0313685347355106
2695.0879	0.0312777032915207
2693.6709	0.0318802471789787
2692.2539	0.0311935861001255
2690.837	0.0315348769223286
2689.42	0.0320779312780711
2688.003	0.0308622877417619
2686.586	0.032008251809274
2685.1691	0.0310941254666453
2683.7521	0.0309422283994266
2682.3351	0.0305118158523772
2680.9181	0.0310625089785594
2679.5011	0.0314015572897456
2678.0842	0.03085060022948
2676.6672	0.0314402177684866
2675.2502	0.0308906865792638
2673.8332	0.0305602414462702
2672.4163	0.0312765672276708
2670.9993	0.0311131208712252
2669.5823	0.0314096413172895
2668.1653	0.0311869111083597
2666.7484	0.0314736173690406
2665.3314	0.0304900166022006
2663.9144	0.0311359219600586
2662.4974	0.0312560860401706
2661.0805	0.0312377975788653
2659.6635	0.0311051071823448
2658.2465	0.0311627410146105
2656.8295	0.0302687971053193
2655.4126	0.0311351848012956
2653.9956	0.0310488209532954
2652.5786	0.0310488669214552
2651.1616	0.0307835861298947
2649.7447	0.0307514794365649
2648.3277	0.0309518015270037
2646.9107	0.0308669345581765
2645.4937	0.0306107921180315
2644.0768	0.0307776621949704
2642.6598	0.0301893790943128
2641.2428	0.0308671061114732
2639.8258	0.03074067152394
2638.4089	0.0307562456894443
2636.9919	0.030625956620193
2635.5749	0.0299056608730055
2634.1579	0.0304681570326453
2632.741	0.030358918080792
2631.324	0.0294463961500397
2629.907	0.0300424078276991
2628.49	0.0298427136483487
2627.073	0.0303204196383713
2625.6561	0.0298063862769743
2624.2391	0.0290421518980102
2622.8221	0.0293639312482523
2621.4051	0.0295395328642394
2619.9882	0.0294235162243002
2618.5712	0.0297265227284641
2617.1542	0.030195982362383
2615.7372	0.0292787050532536
2614.3203	0.0289849980679883
2612.9033	0.0290180899979293
2611.4863	0.0300249943909051
2610.0693	0.0298333285964253
2608.6524	0.0290196618343424
2607.2354	0.0285506683383245
2605.8184	0.029254193378145
2604.4014	0.0289777741921662
2602.9845	0.0298351016541554
2601.5675	0.0283557830554837
2600.1505	0.0281438483970289
2598.7335	0.0293027755843705
2597.3166	0.0290941795752354
2595.8996	0.0287091739272122
2594.4826	0.0289764737838696
2593.0656	0.0284772542013939
2591.6487	0.0282023260963059
2590.2317	0.0284798104630782
2588.8147	0.0278822220215034
2587.3977	0.0279850602626527
2585.9808	0.0281857652293973
2584.5638	0.028557694407891
2583.1468	0.0286456384130988
2581.7298	0.0278318905958448
2580.3128	0.028622229289994
2578.8959	0.0278379530498076
2577.4789	0.028278693096112
2576.0619	0.0278643821445135
2574.6449	0.0278069743956422
2573.228	0.0271089629677734
2571.811	0.0277455841206194
2570.394	0.0285848864104822
2568.977	0.0277167038768052
2567.5601	0.0281706460097599
2566.1431	0.0282023899610109
2564.7261	0.0276764147667989
2563.3091	0.0280011897923698
2561.8922	0.0282222341872607
2560.4752	0.0277718107142392
2559.0582	0.0278627167308279
2557.6412	0.0277029654720882
2556.2243	0.0279369590884275
2554.8073	0.0279895644360484
2553.3903	0.0268496139730184
2551.9733	0.0271421017891409
2550.5564	0.0267415329746449
2549.1394	0.0275805703674322
2547.7224	0.0275863192908093
2546.3054	0.0276837886053979
2544.8885	0.0276222772577869
2543.4715	0.0267410445969781
2542.0545	0.0270030200279287
2540.6375	0.0279227625908476
2539.2206	0.0270448175762731
2537.8036	0.027143757636232
2536.3866	0.0271887357167237
2534.9696	0.0266895730299128
2533.5526	0.0268338052659584
2532.1357	0.0266991932394494
2530.7187	0.0270458210209621
2529.3017	0.0275645997237029
2527.8847	0.0274473627414733
2526.4678	0.0265554758391771
2525.0508	0.0267640662868443
2523.6338	0.0269158889980487
2522.2168	0.0272891263031699
2520.7999	0.0267162503396039
2519.3829	0.0269066236478685
2517.9659	0.0268899968283006
2516.5489	0.0274330178594741
2515.132	0.0268792322099503
2513.715	0.0268388498434576
2512.298	0.0268568505045344
2510.881	0.0270232476573493
2509.4641	0.0275060135952783
2508.0471	0.0265810624457381
2506.6301	0.0265808572434237
2505.2131	0.0264784283300614
2503.7962	0.0265690538640787
2502.3792	0.0261953713333843
2500.9622	0.0261939119661204
2499.5452	0.0262894317573338
2498.1283	0.0255751676075503
2496.7113	0.0260371074658249
2495.2943	0.0264549192902336
2493.8773	0.0260594555387408
2492.4604	0.0262267291549682
2491.0434	0.0262498695446621
2489.6264	0.0258371378178745
2488.2094	0.0259918746274599
2486.7924	0.0259994166421116
2485.3755	0.0257155395460488
2483.9585	0.0260618474718134
2482.5415	0.026778528373139
2481.1245	0.025333476373089
2479.7076	0.0258861602240641
2478.2906	0.0260889830121938
2476.8736	0.025540340935318
2475.4566	0.0261632698836081
2474.0397	0.0265132506894686
2472.6227	0.0258980405424081
2471.2057	0.0255116108200219
2469.7887	0.0266482051385808
2468.3718	0.0269085715805742
2466.9548	0.0262978720720057
2465.5378	0.0265062507973386
2464.1208	0.0262596490927261
2462.7039	0.0257965425484343
2461.2869	0.0260037088695912
2459.8699	0.0261634381073519
2458.4529	0.025524189892795
2457.036	0.025203615434362
2455.619	0.0254149702886488
2454.202	0.0260297425805611
2452.785	0.0259058636886246
2451.3681	0.0257026485392401
2449.9511	0.0261025880105549
2448.5341	0.026331051679919
2447.1171	0.0266148811939085
2445.7002	0.0252154004500513
2444.2832	0.0254775131182153
2442.8662	0.0260800003632849
2441.4492	0.0255698051966051
2440.0322	0.0254605372074106
2438.6153	0.0257460695497407
2437.1983	0.0256151500936603
2435.7813	0.0254539016164114
2434.3643	0.026073949371701
2432.9474	0.0253140189240507
2431.5304	0.0254937830364818
2430.1134	0.0252981309618628
2428.6964	0.0251180298938184
2427.2795	0.0253473278212279
2425.8625	0.0250925930056186
2424.4455	0.0249865536955852
2423.0285	0.0250144155414331
2421.6116	0.0255924137068304
2420.1946	0.0245371251545201
2418.7776	0.0250876473511026
2417.3606	0.0252273110115701
2415.9437	0.0251077715626539
2414.5267	0.0256940088775836
2413.1097	0.0249739968248825
2411.6927	0.0250319742316577
2410.2758	0.0256917839212776
2408.8588	0.0251019840528367
2407.4418	0.0249614279863162
2406.0248	0.0243117756891741
2404.6079	0.0251639487986385
2403.1909	0.0248383193141483
2401.7739	0.0246522653403831
2400.3569	0.0249868734473559
2398.94	0.024594943653845
2397.523	0.0247441210650488
2396.106	0.0252550425125919
2394.689	0.0251310470005628
2393.272	0.0247851883207712
2391.8551	0.0252819222682352
2390.4381	0.025468440724834
2389.0211	0.0242534871236195
2387.6041	0.0244637048250576
2386.1872	0.0252932895307381
2384.7702	0.0246153546949154
2383.3532	0.0237191763537142
2381.9362	0.0244002303593614
2380.5193	0.0255274183432692
2379.1023	0.02477069575888
2377.6853	0.0246932015402957
2376.2683	0.023575077388626
2374.8514	0.0245607126332172
2373.4344	0.0248223638396359
2372.0174	0.0244068974545603
2370.6004	0.023758032424188
2369.1835	0.0240008985850586
2367.7665	0.0242516472292617
2366.3495	0.0249372183676241
2364.9325	0.0247955380925703
2363.5156	0.0244603170259446
2362.0986	0.0242651087898515
2360.6816	0.0242901400432604
2359.2646	0.0247619371487321
2357.8477	0.0241301334829301
2356.4307	0.0237301020809611
2355.0137	0.0244313721631501
2353.5967	0.023943934816175
2352.1798	0.0248977135133603
2350.7628	0.024945144799144
2349.3458	0.0240922034138262
2347.9288	0.0247883075553976
2346.5118	0.0244911259694278
2345.0949	0.024528695697789
2343.6779	0.0239489983331627
2342.2609	0.0254223111092667
2340.8439	0.0245072245468873
2339.427	0.0243615284424394
2338.01	0.0243890020002802
2336.593	0.0241161502163806
2335.176	0.0236959018353366
2333.7591	0.0237631137466402
2332.3421	0.023877238823347
2330.9251	0.0238846824001203
2329.5081	0.0242075359536365
2328.0912	0.0241717052664342
2326.6742	0.0247505293377211
2325.2572	0.0245495641188014
2323.8402	0.0250400964925627
2322.4233	0.0242705311754029
2321.0063	0.0248622604579081
2319.5893	0.024894345680099
2318.1723	0.0237603538333608
2316.7554	0.0242232336737438
2315.3384	0.024170414417958
2313.9214	0.0241961382373954
2312.5044	0.0247666112626185
2311.0875	0.0240068913475706
2309.6705	0.0239693154749296
2308.2535	0.0243866037621346
2306.8365	0.0241765704074187
2305.4196	0.0239580327851716
2304.0026	0.0239836695824066
2302.5856	0.0234540312544106
2301.1686	0.0241389477407606
2299.7516	0.0243796163950294
2298.3347	0.0242586343048783
2296.9177	0.024137822084481
2295.5007	0.0242927298139943
2294.0837	0.0237134717830575
2292.6668	0.0242148964158841
2291.2498	0.0236973822024505
2289.8328	0.0235415199238013
2288.4158	0.0242258064369452
2286.9989	0.0238739186685859
2285.5819	0.0246433073855159
2284.1649	0.023911259647777
2282.7479	0.0244159676059044
2281.331	0.0244667432661784
2279.914	0.0234098990115038
2278.497	0.0243179579724421
2277.08	0.0234288129857275
2275.6631	0.0233860029698139
2274.2461	0.0234267669930963
2272.8291	0.0231066369844757
2271.4121	0.023158682125939
2269.9952	0.0239752846321639
2268.5782	0.0232133614601803
2267.1612	0.0232487884136846
2265.7442	0.0227558540552298
2264.3273	0.0233405243581612
2262.9103	0.0230496210170238
2261.4933	0.0232935644337774
2260.0763	0.022947239988901
2258.6594	0.0236066519652347
2257.2424	0.02349030642561
2255.8254	0.0234835048565802
2254.4084	0.0234381354308313
2252.9914	0.0229360037899529
2251.5745	0.021924247790202
2250.1575	0.0232267668734143
2248.7405	0.023050332128491
2247.3235	0.0229337504430443
2245.9066	0.0228053367895976
2244.4896	0.0228123859293064
2243.0726	0.022695292467565
2241.6556	0.0229337304547399
2240.2387	0.0227159832688201
2238.8217	0.0229558965849671
2237.4047	0.0226490961271787
2235.9877	0.0226593250906282
2234.5708	0.0225515554619154
2233.1538	0.0220388379847195
2231.7368	0.0224079536311839
2230.3198	0.0222292655944204
2228.9029	0.022491348574657
2227.4859	0.0231489653180062
2226.0689	0.0227903974440989
2224.6519	0.0226147990221717
2223.235	0.0227839843843772
2221.818	0.0226156389365365
2220.401	0.0224720674993387
2218.984	0.0224136184063517
2217.5671	0.0219528790450504
2216.1501	0.0225694066833938
2214.7331	0.0219507739181814
2213.3161	0.0224278450082501
2211.8992	0.0217135073440796
2210.4822	0.0210785734199145
2209.0652	0.0226559746906415
2207.6482	0.0226855803129659
2206.2312	0.0235360320931011
2204.8143	0.0229044651846839
2203.3973	0.0226054554561185
2201.9803	0.0222121537527427
2200.5633	0.0221441818000667
2199.1464	0.0226306142458099
2197.7294	0.0228424231065384
2196.3124	0.0222723133542379
2194.8954	0.0223771002592079
2193.4785	0.0224225771703566
2192.0615	0.0216114938007018
2190.6445	0.0229318927199835
2189.2275	0.0231021149955257
2187.8106	0.0229085149729307
2186.3936	0.0226378251239984
2184.9766	0.0232873960536887
2183.5596	0.0217083514752044
2182.1427	0.0212166208456921
2180.7257	0.0209480343556777
2179.3087	0.0211637799746424
2177.8917	0.021555999604368
2176.4748	0.0220180637580541
2175.0578	0.0219093412452783
2173.6408	0.0229122075581069
2172.2238	0.0224572792887404
2170.8069	0.0226576514943114
2169.3899	0.0232169130092046
2167.9729	0.0223030321449079
2166.5559	0.0227903790881864
2165.139	0.0226551191450816
2163.722	0.0231947986498303
2162.305	0.0225236253016484
2160.888	0.0217130937307188
2159.471	0.021617580208075
2158.0541	0.0201987807068587
2156.6371	0.0193541771544771
2155.2201	0.0190636535619788
2153.8031	0.0184462094217158
2152.3862	0.0196271313093486
2150.9692	0.0196917254028535
2149.5522	0.0202987753152116
2148.1352	0.0207637125487002
2146.7183	0.0203237001994448
2145.3013	0.0216226906863324
2143.8843	0.0209624187163559
2142.4673	0.0209413200936468
2141.0504	0.0202264364528152
2139.6334	0.0211721386621564
2138.2164	0.0206773112097396
2136.7994	0.0209330896726676
2135.3825	0.0208707260384417
2133.9655	0.0203244105726221
2132.5485	0.0209442830326485
2131.1315	0.0206437546634045
2129.7146	0.0211750437894829
2128.2976	0.0210879140750704
2126.8806	0.0217264056763231
2125.4636	0.0221797460635435
2124.0467	0.0214844403346308
2122.6297	0.0218724935847404
2121.2127	0.0214590499834381
2119.7957	0.0218161775960406
2118.3788	0.0233483493432607
2116.9618	0.0225835211725624
2115.5448	0.0225746126740547
2114.1278	0.0229049899177402
2112.7108	0.0225647092350088
2111.2939	0.0211152112881748
2109.8769	0.0217065530123826
2108.4599	0.0219314815068709
2107.0429	0.0219670132640008
2105.626	0.0217264659474425
2104.209	0.0213081752153584
2102.792	0.0214940616899566
2101.375	0.0218941779873033
2099.9581	0.0224101052789258
2098.5411	0.0213935244072232
2097.1241	0.0214499744858112
2095.7071	0.0211870173510288
2094.2902	0.0215438849731325
2092.8732	0.021149854776238
2091.4562	0.0214038779205366
2090.0392	0.0222871268547409
2088.6223	0.0226591155593902
2087.2053	0.0221997197357227
2085.7883	0.0218665155407052
2084.3713	0.0219673130306801
2082.9544	0.0221818836659218
2081.5374	0.0218806405437485
2080.1204	0.0220116964513652
2078.7034	0.0229752575472044
2077.2865	0.0222941757061581
2075.8695	0.0220050004554752
2074.4525	0.0218123326056193
2073.0355	0.0216628704008919
2071.6186	0.0224846999482308
2070.2016	0.0218145916161524
2068.7846	0.0217556477240129
2067.3676	0.0218431036178223
2065.9506	0.021938967134172
2064.5337	0.0211340281771627
2063.1167	0.0220426508041181
2061.6997	0.021615575503744
2060.2827	0.0213791449898141
2058.8658	0.021291052516883
2057.4488	0.0207651017162783
2056.0318	0.0212697571988667
2054.6148	0.0210063630654533
2053.1979	0.0198524488610901
2051.7809	0.0213177289540537
2050.3639	0.0209052032205053
2048.9469	0.020429716617883
2047.53	0.0207148133743164
2046.113	0.0206345756037659
2044.696	0.0204769413812066
2043.279	0.0201532324234655
2041.8621	0.0201691668440911
2040.4451	0.0195228649450365
2039.0281	0.0206111503435606
2037.6111	0.0195792851330198
2036.1942	0.0203618824935355
2034.7772	0.0201086317193817
2033.3602	0.0212073313424564
2031.9432	0.0204676209883494
2030.5263	0.0198364360685152
2029.1093	0.0191042537060467
2027.6923	0.0189639295511552
2026.2753	0.0191410580008587
2024.8584	0.0190292116373621
2023.4414	0.0184231037471952
2022.0244	0.0186745366411712
2020.6074	0.0184776283115745
2019.1904	0.0183946220496479
2017.7735	0.0184769810717574
2016.3565	0.0189890774573707
2014.9395	0.0185006841217068
2013.5225	0.0179586520998834
2012.1056	0.0174662958339403
2010.6886	0.0175416856675455
2009.2716	0.0173237453216763
2007.8546	0.0172784303911884
2006.4377	0.0184180667349112
2005.0207	0.0178722637021932
2003.6037	0.0185841892673559
2002.1867	0.0185841197286405
2000.7698	0.018492167173908
1999.3528	0.0186893372361408
1997.9358	0.0188260889952678
1996.5188	0.0192467106913936
1995.1019	0.0188123877239969
1993.6849	0.0183288361410683
1992.2679	0.0186240056075074
1990.8509	0.0180375146787963
1989.434	0.0194473288468632
1988.017	0.018850146024578
1986.6	0.0191775374029647
1985.183	0.0194484848647379
1983.7661	0.0195736901278411
1982.3491	0.0196655430279
1980.9321	0.0194801789777118
1979.5151	0.0191837067650527
1978.0982	0.017962051341915
1976.6812	0.0180346536476707
1975.2642	0.0167592364342181
1973.8472	0.0174799100246268
1972.4302	0.017221072692578
1971.0133	0.017504256968424
1969.5963	0.0177115973233477
1968.1793	0.0179024855896133
1966.7623	0.018291280786286
1965.3454	0.0179973128428246
1963.9284	0.0189034622807082
1962.5114	0.0177302323605516
1961.0944	0.0174946747687843
1959.6775	0.017858620400342
1958.2605	0.0176441023267056
1956.8435	0.0183527102250917
1955.4265	0.0179685559860992
1954.0096	0.0188532776789464
1952.5926	0.0192540800220822
1951.1756	0.0181511105511963
1949.7586	0.0198561943505014
1948.3417	0.0187544110121752
1946.9247	0.0185003677380745
1945.5077	0.0187337789731791
1944.0907	0.0185372755967991
1942.6738	0.0192008560229509
1941.2568	0.0194769556618421
1939.8398	0.0195550259345983
1938.4228	0.0202269446291019
1937.0059	0.0192797954196699
1935.5889	0.0193577258696682
1934.1719	0.019499957265039
1932.7549	0.0190116633141004
1931.338	0.0184388578877771
1929.921	0.0192026635273222
1928.504	0.0192099821789605
1927.087	0.0190654151514898
1925.67	0.0196956023896018
1924.2531	0.019688849659761
1922.8361	0.0203488829037593
1921.4191	0.0202033148662941
1920.0021	0.0199940139866865
1918.5852	0.0199179498541283
1917.1682	0.0202399668271361
1915.7512	0.0192633897503911
1914.3342	0.0193716206771872
1912.9173	0.0191411308742945
1911.5003	0.0193593462878482
1910.0833	0.0199558596607378
1908.6663	0.0199123961512313
1907.2494	0.0198806828218462
1905.8324	0.0197795232712039
1904.4154	0.0203389218231478
1902.9984	0.0197450767632883
1901.5815	0.0201561883908035
1900.1645	0.0200064373770578
1898.7475	0.0200106545319039
1897.3305	0.0203871640656087
1895.9136	0.0205133158900143
1894.4966	0.0202326757916927
1893.0796	0.0199130722295845
1891.6626	0.0202198982519208
1890.2457	0.0205192880086784
1888.8287	0.0208102386470931
1887.4117	0.0204128568147965
1885.9947	0.0201247482991144
1884.5778	0.0196743106248717
1883.1608	0.0204919282302157
1881.7438	0.0201461576835988
1880.3268	0.0202158728365473
1878.9098	0.0200315781404791
1877.4929	0.0196971162767068
1876.0759	0.0197770569285071
1874.6589	0.0200108423897355
1873.2419	0.0198181327537097
1871.825	0.0193434115158823
1870.408	0.0194602729019279
1868.991	0.0201618209931374
1867.574	0.0199892332379704
1866.1571	0.0202184978897426
1864.7401	0.0198958324833714
1863.3231	0.0205678318836456
1861.9061	0.020183343133491
1860.4892	0.0201269778381728
1859.0722	0.0197395805149372
1857.6552	0.0206772060518133
1856.2382	0.0199595928113286
1854.8213	0.0200450259158739
1853.4043	0.0192687928240366
1851.9873	0.0200534448101995
1850.5703	0.0193123254364926
1849.1534	0.0205522621583192
1847.7364	0.0197005768094356
1846.3194	0.0202503450567339
1844.9024	0.0195615540091447
1843.4855	0.0199866928353013
1842.0685	0.0201208315609016
1840.6515	0.0194668766478183
1839.2345	0.019942724652926
1837.8176	0.0199316093337195
1836.4006	0.0188828818188796
1834.9836	0.0197833733385697
1833.5666	0.0196263425186038
1832.1496	0.0197679039593549
1830.7327	0.0199705047102671
1829.3157	0.0194549799224048
1827.8987	0.0192017795654596
1826.4817	0.019293632315473
1825.0648	0.0200382044379027
1823.6478	0.0196300893442537
1822.2308	0.0195784579614823
1820.8138	0.0199986766996599
1819.3969	0.0190322264826975
1817.9799	0.0191843317161726
1816.5629	0.0192421093800356
1815.1459	0.0196371902443267
1813.729	0.0187579333663689
1812.312	0.0192751808154124
1810.895	0.0192217289982223
1809.478	0.0200012568923533
1808.0611	0.0196596479523507
1806.6441	0.0195138385259479
1805.2271	0.0200948767684101
1803.8101	0.0189980876243128
1802.3932	0.0196185411564431
1800.9762	0.019600699245924
1799.5592	0.0203442330475021
1798.1422	0.0193974863728295
1796.7253	0.0195704546709148
1795.3083	0.0201666697083852
1793.8913	0.0193560585125452
1792.4743	0.0204549351145039
1791.0574	0.0204125659974902
1789.6404	0.0198658361569496
1788.2234	0.019604911578059
1786.8064	0.0202974720748926
1785.3894	0.0205435035763765
1783.9725	0.0208647234447555
1782.5555	0.019652925120938
1781.1385	0.0205464251658674
1779.7215	0.0197797367986837
1778.3046	0.0196605163606742
1776.8876	0.0196736578211204
1775.4706	0.0205230883395549
1774.0536	0.0205260072709397
1772.6367	0.0205650175843082
1771.2197	0.0204216987962636
1769.8027	0.0193496077853089
1768.3857	0.0194743433485315
1766.9688	0.0203728527033595
1765.5518	0.0201295120467727
1764.1348	0.0202398339419029
1762.7178	0.0200314549735245
1761.3009	0.0210342233887806
1759.8839	0.0202113357595415
1758.4669	0.0195697321394639
1757.0499	0.0207198070920201
1755.633	0.0208295490650697
1754.216	0.0209724112028293
1752.799	0.0214424371154233
1751.382	0.020814829127285
1749.9651	0.0213427517432833
1748.5481	0.0211322930702382
1747.1311	0.0216870784430358
1745.7141	0.0218263923254212
1744.2972	0.0209978935516065
1742.8802	0.0217098101489112
1741.4632	0.0216288365902747
1740.0462	0.0217338836104779
1738.6292	0.0212466314947231
1737.2123	0.0216700647661636
1735.7953	0.0227282819069061
1734.3783	0.0226556696367632
1732.9613	0.0226334033715195
1731.5444	0.0228748621892743
1730.1274	0.0230507976135614
1728.7104	0.0241029690240695
1727.2934	0.0234857599411356
1725.8765	0.0230218490349938
1724.4595	0.0236476994833312
1723.0425	0.0241748152027776
1721.6255	0.0242716762882229
1720.2086	0.0241624664538172
1718.7916	0.0242464439811361
1717.3746	0.0247446804177908
1715.9576	0.025103502834354
1714.5407	0.0254616379189875
1713.1237	0.025381961884334
1711.7067	0.0254878555120344
1710.2897	0.0259329627112539
1708.8728	0.0254587639196161
1707.4558	0.0251873138333478
1706.0388	0.0266242747568224
1704.6218	0.0259706173113344
1703.2049	0.0263743125077533
1701.7879	0.0268186490180828
1700.3709	0.0265370801607304
1698.9539	0.0271141424155872
1697.537	0.0273167203155165
1696.12	0.0269882579442578
1694.703	0.0276465833518655
1693.286	0.027591875101525
1691.869	0.0276221955766334
1690.4521	0.0273415501373395
1689.0351	0.0276870260331381
1687.6181	0.0270300959926588
1686.2011	0.0283645786075918
1684.7842	0.0282380520273814
1683.3672	0.0283329484861138
1681.9502	0.0286100974678236
1680.5332	0.0283084832143767
1679.1163	0.0289380468689851
1677.6993	0.0284734476610092
1676.2823	0.0289448074076419
1674.8653	0.0281763956083015
1673.4484	0.0283346314674665
1672.0314	0.0285837291310339
1670.6144	0.0290144414247543
1669.1974	0.0289353865944812
1667.7805	0.0299218216484807
1666.3635	0.0293312136330349
1664.9465	0.0303177030145341
1663.5295	0.0303409383930959
1662.1126	0.0306199046734301
1660.6956	0.0297506129437352
1659.2786	0.0296367483534275
1657.8616	0.0299558960104016
1656.4447	0.031016201936272
1655.0277	0.0314221812863759
1653.6107	0.0315608579699834
1652.1937	0.0327188075172783
1650.7768	0.0323118726766359
1649.3598	0.0326310497034764
1647.9428	0.0335171017268488
1646.5258	0.0341766584837387
1645.1088	0.0342041908854212
1643.6919	0.0343986439817202
1642.2749	0.0346170311756328
1640.8579	0.0353656385812009
1639.4409	0.03523917351411
1638.024	0.0363376119195204
1636.607	0.0371339172660734
1635.19	0.0376216844032221
1633.773	0.0378715061466617
1632.3561	0.0384451033592545
1630.9391	0.0387334692871025
1629.5221	0.0395954013010257
1628.1051	0.0394492137548589
1626.6882	0.0393153401549226
1625.2712	0.0388571883917501
1623.8542	0.040850486619781
1622.4372	0.0409399267354298
1621.0203	0.0414600890375995
1619.6033	0.0406708508828142
1618.1863	0.0422867224529998
1616.7693	0.0420160619664294
1615.3524	0.042372174978427
1613.9354	0.0424238020408304
1612.5184	0.0417183051280882
1611.1014	0.0424353639203539
1609.6845	0.0434559690457816
1608.2675	0.0440324583261381
1606.8505	0.0441225336021992
1605.4335	0.0455921813743231
1604.0166	0.045929026197626
1602.5996	0.0462891253568416
1601.1826	0.0463459693298154
1599.7656	0.0461998733960658
1598.3486	0.0465146040312756
1596.9317	0.0463339496858884
1595.5147	0.0463449570213233
1594.0977	0.0455106140866931
1592.6807	0.0453110891441618
1591.2638	0.0462428343178464
1589.8468	0.0456602227084557
1588.4298	0.0448973262107612
1587.0128	0.0447456474838119
1585.5959	0.0435700510585325
1584.1789	0.043710955865135
1582.7619	0.0426255523828679
1581.3449	0.0420583968402848
1579.928	0.0420745517221726
1578.511	0.0414825861195463
1577.094	0.0411780555728416
1575.677	0.0405195962791883
1574.2601	0.0393270440546167
1572.8431	0.0393761772758571
1571.4261	0.0396984148177895
1570.0091	0.0382687940983096
1568.5922	0.038527469802428
1567.1752	0.0372153326694813
1565.7582	0.0373555547594797
1564.3412	0.0368583064012683
1562.9243	0.036082782915616
1561.5073	0.035571268241294
1560.0903	0.0344884832811506
1558.6733	0.0335396259369321
1557.2564	0.0329677443422862
1555.8394	0.0324893515992002
1554.4224	0.0320610332259601
1553.0054	0.0320460993701142
1551.5885	0.0313387386472324
1550.1715	0.0310730835873399
1548.7545	0.0306020858726334
1547.3375	0.0306590778912992
1545.9205	0.0299316156357006
1544.5036	0.0300067297493145
1543.0866	0.0299630598370111
1541.6696	0.0288946466809103
1540.2526	0.0288059380194399
1538.8357	0.0286516217293153
1537.4187	0.0285856755936589
1536.0017	0.0280844341398407
1534.5847	0.028449584562684
1533.1678	0.0285356958611417
1531.7508	0.0285955574305143
1530.3338	0.0286016766240437
1528.9168	0.0282136680945261
1527.4999	0.0284290591540577
1526.0829	0.0289660758888022
1524.6659	0.029067920925404
1523.2489	0.0298718436218268
1521.832	0.0303512537409949
1520.415	0.0318641377371342
1518.998	0.0316176390195617
1517.581	0.0330842962464165
1516.1641	0.0336695578291514
1514.7471	0.0348933437876454
1513.3301	0.0345414287792091
1511.9131	0.0355833285438121
1510.4962	0.0359733136131451
1509.0792	0.0351510631018161
1507.6622	0.0358481393579811
1506.2452	0.036167619872287
1504.8283	0.0353474124507766
1503.4113	0.0345466922357575
1501.9943	0.0339968088614103
1500.5773	0.032802216774628
1499.1603	0.0323961944928436
1497.7434	0.031966375475159
1496.3264	0.0311037911367449
1494.9094	0.0303556907643918
1493.4924	0.0301346714041259
1492.0755	0.0292663924262083
1490.6585	0.0293022248565853
1489.2415	0.0291670266352012
1487.8245	0.0290564668653096
1486.4076	0.0301674202081645
1484.9906	0.0300905428833247
1483.5736	0.0315091104953397
1482.1566	0.0314456780931575
1480.7397	0.0318166057732901
1479.3227	0.0317559950692077
1477.9057	0.0320460856981178
1476.4887	0.0319447535300302
1475.0718	0.0322214630131839
1473.6548	0.0324296367829575
1472.2378	0.0331559570797815
1470.8208	0.0335046537675962
1469.4039	0.0353382381228368
1467.9869	0.0355255965958176
1466.5699	0.0353909973144553
1465.1529	0.0366191154513972
1463.736	0.0384682877062598
1462.319	0.0382920119991898
1460.902	0.0391501167209339
1459.485	0.0390302075081851
1458.0681	0.0396054565215383
1456.6511	0.0406283275109242
1455.2341	0.0413134094948383
1453.8171	0.041048859783988
1452.4001	0.041067659458397
1450.9832	0.0412223065820796
1449.5662	0.0412085932240243
1448.1492	0.0417293362936422
1446.7322	0.0412999329663095
1445.3153	0.0411357100297771
1443.8983	0.0410319247959716
1442.4813	0.0418335488576213
1441.0643	0.0418444508704053
1439.6474	0.042216213240361
1438.2304	0.0419862405152969
1436.8134	0.0417053972600624
1435.3964	0.043191054186521
1433.9795	0.0430375547781357
1432.5625	0.0426253613315355
1431.1455	0.0443721867790434
1429.7285	0.0447498115645245
1428.3116	0.0440902818666112
1426.8946	0.0450575495281069
1425.4776	0.045203483699452
1424.0606	0.0459493431665488
1422.6437	0.0460457677747669
1421.2267	0.0465750453917703
1419.8097	0.0462032242067329
1418.3927	0.0475159833185199
1416.9758	0.047434641758334
1415.5588	0.0470805189002142
1414.1418	0.0466495984421052
1412.7248	0.0469223215485972
1411.3079	0.0472794993428728
1409.8909	0.0477642631157392
1408.4739	0.0470996966694725
1407.0569	0.0477266797203241
1405.6399	0.0475269667180999
1404.223	0.0467800392818664
1402.806	0.047867029451998
1401.389	0.0483400400589265
1399.972	0.0484787059839688
1398.5551	0.0482784189627095
1397.1381	0.0482637203077127
1395.7211	0.0476598752259083
1394.3041	0.0486168260732302
1392.8872	0.0498128922029188
1391.4702	0.0486012794493448
1390.0532	0.0498493887026423
1388.6362	0.0502894696347531
1387.2193	0.0507252185911464
1385.8023	0.0512187600100988
1384.3853	0.0516543464156498
1382.9683	0.0514056709838047
1381.5514	0.051378053522956
1380.1344	0.0514928333831719
1378.7174	0.0507643392042602
1377.3004	0.0521648390980694
1375.8835	0.0508457994176927
1374.4665	0.0510318507757902
1373.0495	0.051098133667324
1371.6325	0.0519664813162645
1370.2156	0.0522628780264924
1368.7986	0.0530675044612272
1367.3816	0.0530128563830021
1365.9646	0.0532784974698165
1364.5477	0.0534270767971387
1363.1307	0.0540070935336936
1361.7137	0.0551807090039545
1360.2967	0.0544593339386269
1358.8797	0.053830203129588
1357.4628	0.0531322380167509
1356.0458	0.0524264566858691
1354.6288	0.0521264862194857
1353.2118	0.0514148937067499
1351.7949	0.0517934165589413
1350.3779	0.0505160785941956
1348.9609	0.0506109828379045
1347.5439	0.0514017229040203
1346.127	0.050965114640487
1344.71	0.0515993438783848
1343.293	0.0515308460000372
1341.876	0.0516409153382663
1340.4591	0.052350079393106
1339.0421	0.052240230648895
1337.6251	0.0522954930012328
1336.2081	0.0516674825453671
1334.7912	0.0521661749281407
1333.3742	0.0516634031546794
1331.9572	0.0516786184401868
1330.5402	0.0516813437078935
1329.1233	0.0510361618329074
1327.7063	0.0507004658989904
1326.2893	0.0514383221157717
1324.8723	0.0493493359000226
1323.4554	0.0497320504057138
1322.0384	0.0494023944851813
1320.6214	0.0490041629049944
1319.2044	0.0483067668126063
1317.7875	0.048198762083626
1316.3705	0.0473154445785441
1314.9535	0.0470934137512658
1313.5365	0.0463929600998952
1312.1195	0.0463658825103716
1310.7026	0.0464191990404397
1309.2856	0.046630351101567
1307.8686	0.0460965406977947
1306.4516	0.0462900516715364
1305.0347	0.046168659028801
1303.6177	0.046641055252675
1302.2007	0.0465245646035077
1300.7837	0.0468732121937125
1299.3668	0.0463197179090329
1297.9498	0.0468337379594632
1296.5328	0.0464733972671235
1295.1158	0.0465540444369467
1293.6989	0.0464373459874073
1292.2819	0.0464069022747329
1290.8649	0.0461982628544381
1289.4479	0.046981448784924
1288.031	0.0463154511859393
1286.614	0.0469316009267578
1285.197	0.0477980843259842
1283.78	0.0480483980108311
1282.3631	0.0468926530339978
1280.9461	0.0474344566884522
1279.5291	0.0485692739689934
1278.1121	0.048874500515909
1276.6952	0.0495598650722193
1275.2782	0.0494935965238223
1273.8612	0.0502639215116027
1272.4442	0.0511633900160101
1271.0273	0.050923487218944
1269.6103	0.050734380697855
1268.1933	0.0503428260980145
1266.7763	0.0515208364910301
1265.3593	0.0496960934928624
1263.9424	0.0501905242107462
1262.5254	0.0503072693287735
1261.1084	0.0498616700927575
1259.6914	0.0502114326789442
1258.2745	0.0497707152705751
1256.8575	0.0494731303088747
1255.4405	0.0503800723204659
1254.0235	0.0502011722141777
1252.6066	0.0501164223186427
1251.1896	0.0501114371408293
1249.7726	0.0495153108776502
1248.3556	0.0496384890253353
1246.9387	0.049269080905426
1245.5217	0.0486234445507007
1244.1047	0.0487903391067378
1242.6877	0.0483783108646431
1241.2708	0.0481143935113306
1239.8538	0.0485514875566507
1238.4368	0.049320561404139
1237.0198	0.0490536293171857
1235.6029	0.0490504809413519
1234.1859	0.049514125316815
1232.7689	0.0489246430880423
1231.3519	0.0488198899897549
1229.935	0.0481454106096811
1228.518	0.0481617931628457
1227.101	0.0483272025200042
1225.684	0.0465397384888988
1224.2671	0.0472266640943543
1222.8501	0.045853376595305
1221.4331	0.0450574738227179
1220.0161	0.0441582702540551
1218.5991	0.0435221718895468
1217.1822	0.0434538042847753
1215.7652	0.0431767635608251
1214.3482	0.042384414550942
1212.9312	0.0428710503101153
1211.5143	0.0424896919886553
1210.0973	0.0425322291804175
1208.6803	0.04273900199289
1207.2633	0.0415863152134821
1205.8464	0.0413458810849054
1204.4294	0.0408334612632613
1203.0124	0.0405697821649369
1201.5954	0.0407980190140317
1200.1785	0.0400435733446801
1198.7615	0.0398506865374633
1197.3445	0.0387840002881793
1195.9275	0.0382734929265928
1194.5106	0.0378697766497293
1193.0936	0.0371947819686173
1191.6766	0.0375040170360702
1190.2596	0.0368476311660938
1188.8427	0.0365942837751385
1187.4257	0.0359998091320007
1186.0087	0.0355462649219754
1184.5917	0.0347447523917495
1183.1748	0.0351798433795951
1181.7578	0.0345872267234658
1180.3408	0.0351699842818669
1178.9238	0.0353462183791727
1177.5069	0.0351626858725151
1176.0899	0.0356366420915325
1174.6729	0.0358444402694717
1173.2559	0.0369627387738638
1171.8389	0.0385300351911282
1170.422	0.0391147463590399
1169.005	0.0415912891138088
1167.588	0.0429975457343613
1166.171	0.0450454325484784
1164.7541	0.0471772725925897
1163.3371	0.0494926028682892
1161.9201	0.0523338777704873
1160.5031	0.0539707610960608
1159.0862	0.0576038985946631
1157.6692	0.0594579512038641
1156.2522	0.0627451609661551
1154.8352	0.06409146525795
1153.4183	0.0663804627338865
1152.0013	0.0673707292745895
1150.5843	0.0686993753641479
1149.1673	0.069703991976633
1147.7504	0.0695916308548414
1146.3334	0.0703645870040665
1144.9164	0.0693086822235035
1143.4994	0.0688466172102493
1142.0825	0.0689608188832371
1140.6655	0.0674074551879925
1139.2485	0.0670110854969724
1137.8315	0.0654076081432843
1136.4146	0.0647260812247838
1134.9976	0.0636496326814989
1133.5806	0.0637003469580981
1132.1636	0.0628803567715976
1130.7467	0.0632987693484248
1129.3297	0.0637433784441993
1127.9127	0.0641245397387172
1126.4957	0.0637121168541771
1125.0787	0.0642177503212188
1123.6618	0.0647046185453627
1122.2448	0.0647909457436043
1120.8278	0.0653475153411289
1119.4108	0.0655157755465175
1117.9939	0.0655973468413121
1116.5769	0.0662682660820604
1115.1599	0.0664077176115976
1113.7429	0.0667065553280389
1112.326	0.0658351603772497
1110.909	0.0678513420228452
1109.492	0.0680076829777313
1108.075	0.0684423208538509
1106.6581	0.0685703432175774
1105.2411	0.0696104485981846
1103.8241	0.0704226434222818
1102.4071	0.0707592926429803
1100.9902	0.071504053597359
1099.5732	0.0713183026073304
1098.1562	0.0713891925940865
1096.7392	0.0717687883741881
1095.3223	0.0718882612608458
1093.9053	0.0727737426240028
1092.4883	0.0736301865917561
1091.0713	0.073918312904117
1089.6544	0.0760183731148379
1088.2374	0.0765772044991042
1086.8204	0.0791601194205745
1085.4034	0.0818938015602792
1083.9865	0.0842702134115939
1082.5695	0.0858667338057654
1081.1525	0.0883148653404366
1079.7355	0.0905206268447635
1078.3185	0.0925736735498244
1076.9016	0.0934635165652409
1075.4846	0.0930605499649487
1074.0676	0.0934395971723098
1072.6506	0.0911001670264249
1071.2337	0.0904054537899392
1069.8167	0.0875074280992075
1068.3997	0.0862847468877039
1066.9827	0.0858696146352585
1065.5658	0.0845610882268549
1064.1488	0.0851610748013813
1062.7318	0.0858539209615646
1061.3148	0.0857059457951922
1059.8979	0.0870672208964907
1058.4809	0.0886036294224419
1057.0639	0.0901087670848515
1055.6469	0.0918880247762636
1054.23	0.0940232561484554
1052.813	0.0954768178955693
1051.396	0.0974062936110039
1049.979	0.098753909778858
1048.5621	0.100976898479249
1047.1451	0.103047374306972
1045.7281	0.104433214605582
1044.3111	0.106677796229859
1042.8942	0.10780925529452
1041.4772	0.109803045745923
1040.0602	0.111538421460687
1038.6432	0.113109050129128
1037.2263	0.115749706238676
1035.8093	0.117347084608716
1034.3923	0.11869212677193
1032.9753	0.120834445888872
1031.5583	0.122610984746915
1030.1414	0.125216493706149
1028.7244	0.127091615726457
1027.3074	0.129172680316234
1025.8904	0.131108738791914
1024.4735	0.132640658995401
1023.0565	0.134609564620622
1021.6395	0.137180907277143
1020.2225	0.139226343132535
1018.8056	0.140586359875859
1017.3886	0.141527167311471
1015.9716	0.142206413923632
1014.5546	0.142271715749679
1013.1377	0.143899188117754
1011.7207	0.143920118308416
1010.3037	0.143755216379481
1008.8867	0.143767628229429
1007.4698	0.144214314417018
1006.0528	0.144705369123372
1004.6358	0.144888502316639
1003.2188	0.145544824587731
1001.8019	0.146064012481284
1000.3849	0.146235720077676
998.9679	0.147786417944175
997.5509	0.148904192153776
996.134	0.150514382071858
994.717	0.150324139398675
993.3	0.150479098650134
991.883	0.151334597520407
990.4661	0.151200410465638
989.0491	0.150322746682218
987.6321	0.149629929083587
986.2151	0.149563902843571
984.7981	0.147674351214639
983.3812	0.146681496859181
981.9642	0.145283489647334
980.5472	0.143080480047399
979.1302	0.141075598294602
977.7133	0.13760207291016
976.2963	0.13595770309311
974.8793	0.133619961628248
973.4623	0.131719048582636
972.0454	0.127327963048918
970.6284	0.125930265877827
969.2114	0.121174302573176
967.7944	0.11985023452612
966.3775	0.117137106579464
964.9605	0.114169489512693
963.5435	0.112186144319574
962.1265	0.109655837855958
960.7096	0.10675298242625
959.2926	0.105033952116612
957.8756	0.102623079201182
956.4586	0.100097902005974
955.0417	0.0983318961973718
953.6247	0.0965749839294794
952.2077	0.0950495259009141
950.7907	0.0921775083313367
949.3738	0.0912451324401581
947.9568	0.0900502100677208
946.5398	0.0886562704593989
945.1228	0.0880399962524658
943.7059	0.0874502776705679
942.2889	0.0875662825804026
940.8719	0.0876253132012701
939.4549	0.0876975923366527
938.0379	0.0874994761133506
936.621	0.0891019750998686
935.204	0.0879860764486231
933.787	0.0891486955655552
932.37	0.0892373002383799
930.9531	0.0889623546545174
929.5361	0.0893016469046026
928.1191	0.0885439001239287
926.7021	0.0888853467258462
925.2852	0.0883856889711942
923.8682	0.0880815452212122
922.4512	0.0874047392272627
921.0342	0.0874774726501384
919.6173	0.0868936717597574
918.2003	0.0869349939484018
916.7833	0.0870197107296203
915.3663	0.0853152192678897
913.9494	0.0843933981072547
912.5324	0.0839768900851713
911.1154	0.0847223003377136
909.6984	0.0830325911858502
908.2815	0.0823195353202893
906.8645	0.0814326558009699
905.4475	0.0800572788899988
904.0305	0.0794560790411723
902.6136	0.0791542558164092
901.1966	0.0779935404194996
899.7796	0.0770927752919377
898.3626	0.0763724780139322
896.9457	0.0764512185591315
895.5287	0.0753880345415016
894.1117	0.0754835377181032
892.6947	0.074755066562336
891.2777	0.0737224382247901
889.8608	0.0733363686877507
888.4438	0.0731323926149023
887.0268	0.0720478252556414
885.6098	0.0715482931121772
884.1929	0.0712744660742894
882.7759	0.0698471536517985
881.3589	0.069631998034986
879.9419	0.0686281183740601
878.525	0.0678907585310366
877.108	0.0680697468794125
875.691	0.0679982674125006
874.274	0.0669539532534833
872.8571	0.0680770445960953
871.4401	0.0679391505116461
870.0231	0.0686389392158872
868.6061	0.0687997266929613
867.1892	0.0694355056523851
865.7722	0.0697698273230239
864.3552	0.0698978194405516
862.9382	0.070981640429254
861.5213	0.0720713743831016
860.1043	0.0721086869119904
858.6873	0.0721098530501017
857.2703	0.0718196688355827
855.8534	0.0722876449191313
854.4364	0.0718407327979236
853.0194	0.0726732088394861
851.6024	0.0722521104614995
850.1855	0.0719075964088941
848.7685	0.07239020951787
847.3515	0.0723037284869996
845.9345	0.0723717735045774
844.5175	0.0714981478331628
843.1006	0.0720420381750237
841.6836	0.0715772214994331
840.2666	0.0712655289123813
838.8496	0.0709929790512376
837.4327	0.0715242000999049
836.0157	0.0698564801178006
834.5987	0.0694543310867499
833.1817	0.0690427332034204
831.7648	0.0686216593325824
830.3478	0.067952226721161
828.9308	0.067897300824458
827.5138	0.0667055382633547
826.0969	0.0673370967743493
824.6799	0.0663695493390922
823.2629	0.0667355184077243
821.8459	0.0669040409247879
820.429	0.0662639060879108
819.012	0.0659740719028591
817.595	0.0651052782729785
816.178	0.0653063343185426
814.7611	0.0658709034207932
813.3441	0.0646745437707431
811.9271	0.0645048670977729
810.5101	0.065260460540121
809.0932	0.0653317825435173
807.6762	0.0648889511366578
806.2592	0.0645973127867042
804.8422	0.064355367559489
803.4253	0.0635228127960274
802.0083	0.0636312745467735
800.5913	0.0631465480166201
799.1743	0.0641329405046863
797.7573	0.0636118345371697
796.3404	0.0638742002908059
794.9234	0.063573556042449
793.5064	0.063778121134862
792.0894	0.0644604135725128
790.6725	0.0636408487628114
789.2555	0.0651029567941864
787.8385	0.0653904261128246
786.4215	0.0653298479093507
785.0046	0.0663965241347959
783.5876	0.0663637787448498
782.1706	0.0663614409067782
780.7536	0.0668867794992862
779.3367	0.0671267829823556
777.9197	0.0684453593312329
776.5027	0.0682129639683305
775.0857	0.0696651438431917
773.6688	0.0696664038436056
772.2518	0.0706664367413995
770.8348	0.0719640539952604
769.4178	0.0719653680008116
768.0009	0.0732528478441037
766.5839	0.0748634393684258
765.1669	0.0745551893862439
763.7499	0.0761362716521537
762.333	0.0756995348623181
760.916	0.0761799377836306
759.499	0.0760292489656892
758.082	0.076921527994472
756.6651	0.0761243637716512
755.2481	0.0745731226826479
753.8311	0.0758366809751187
752.4141	0.0750434222040006
750.9971	0.0742674575806525
749.5802	0.0734606769031553
748.1632	0.0733646517911499
746.7462	0.071661217242173
745.3292	0.0706755463060662
743.9123	0.0705873643734765
742.4953	0.0706174312270917
741.0783	0.0698852267289325
739.6613	0.0702335747521131
738.2444	0.0695554640288836
736.8274	0.0697921631256889
735.4104	0.0687534795730451
733.9934	0.0693209021495188
732.5765	0.0694509047610202
731.1595	0.0697152322738269
729.7425	0.0702965422965865
728.3255	0.069777788801068
726.9086	0.0706212436910496
725.4916	0.0709877438396268
724.0746	0.072360268235147
722.6576	0.0721906580203079
721.2407	0.0728680105490511
719.8237	0.0733348207888483
718.4067	0.0745246225141164
716.9897	0.0748847394704617
715.5728	0.076483572290428
714.1558	0.0762519490669479
712.7388	0.076580305665432
711.3218	0.0784681923666495
709.9049	0.0783882578202765
708.4879	0.0796056830051852
707.0709	0.0801897366410055
705.6539	0.0803709688866024
704.2369	0.081184251821525
702.82	0.0802355260944827
701.403	0.0804322044002098
699.986	0.0803810004655519
698.569	0.0806914474396071
697.1521	0.0797013061853757
695.7351	0.0792766471229588
694.3181	0.0793596410406538
692.9011	0.0795593726663162
691.4842	0.0797580779331486
690.0672	0.0795719239952327
688.6502	0.079264871040553
687.2332	0.0788623399243601
685.8163	0.0788414752460855
684.3993	0.0796092929149665
682.9823	0.0796886581775755
681.5653	0.0795589621742075
680.1484	0.0798862216442199
678.7314	0.0791424115283709
677.3144	0.0798321450211629
675.8974	0.079429937008943
674.4805	0.0803806513585288
673.0635	0.0803649061830058
671.6465	0.081064369656842
670.2295	0.0800213509422197
668.8126	0.0809610397117368
667.3956	0.081794510590469
665.9786	0.0829659669515272
664.5616	0.0815492837336092
663.1447	0.0820208427201206
661.7277	0.0823384279281744
660.3107	0.0825132163854214
658.8937	0.0831591891204287
657.4767	0.0840089051045978
656.0598	0.0837432901084884
654.6428	0.0835911744864959
653.2258	0.0838809953173871
651.8088	0.0837677574680195
650.3919	0.0839381184308729
648.9749	0.083642746680168
647.5579	0.0845574265330379
646.1409	0.0848894249632921
644.724	0.0848636346538882
643.307	0.0858616661936733
641.89	0.085832477122355
640.473	0.085482317628931
639.0561	0.08644071906993
637.6391	0.0857038831557826
636.2221	0.0862693609942222
634.8051	0.0862481242713758
633.3882	0.0859194017113464
631.9712	0.0857817754915872
630.5542	0.0864118900077767
629.1372	0.0877675753527029
627.7203	0.0875669247827342
626.3033	0.0888953043203939
624.8863	0.0894578624945985
623.4693	0.0909838441807294
622.0524	0.0911721836110081
620.6354	0.0921162393697571
619.2184	0.0923819188334328
617.8014	0.0933432570209321
616.3845	0.0943559375761166
614.9675	0.0955134390993335
613.5505	0.0964383072384713
612.1335	0.0971785452091702
610.7165	0.0976044359326723
609.2996	0.0991733488567368
607.8826	0.0998387688494998
606.4656	0.100056152428945
605.0486	0.100309996785461
603.6317	0.100318246219152
602.2147	0.100980097202784
600.7977	0.101829601394272
599.3807	0.101210015744572
597.9638	0.100607537917193
596.5468	0.100521044850176
595.1298	0.100896959328327
593.7128	0.101218834069752
592.2959	0.100729754111629
590.8789	0.101795164521405
589.4619	0.102099785212343
588.0449	0.103000432794578
586.628	0.103277122844086
585.211	0.104616401679307
583.794	0.105102740149418
582.377	0.10697533699506
580.9601	0.109100663431478
579.5431	0.110406771187139
578.1261	0.112139403809997
576.7091	0.113519058080638
575.2922	0.114242918383312
573.8752	0.11599573278398
572.4582	0.115562105352012
571.0412	0.115429282744223
569.6243	0.11625169029797
568.2073	0.11520966606351
566.7903	0.114965123048101
565.3733	0.115150973631979
563.9563	0.114428263388969
562.5394	0.114093782158767
561.1224	0.113534411360775
559.7054	0.112864236805315
558.2884	0.11304897537381
556.8715	0.11246648712317
555.4545	0.112806231449648
554.0375	0.11160638528314
552.6205	0.111242783435659
551.2036	0.11070003936875
549.7866	0.111329026643064
548.3696	0.110639539913812
546.9526	0.110220021803581
545.5357	0.110439422809373
544.1187	0.109604320922524
542.7017	0.110660997923391
541.2847	0.111362548004823
539.8678	0.112020051988864
538.4508	0.112567480029661
537.0338	0.112669389729305
535.6168	0.113455053170206
534.1999	0.114076816977517
532.7829	0.114677889697914
531.3659	0.115854280806743
529.9489	0.116627151688484
528.532	0.117756599216964
527.115	0.118974450721447
525.698	0.119774059873867
524.281	0.119655775841766
522.8641	0.121128999072873
521.4471	0.120580857974982
520.0301	0.121696581493286
518.6131	0.12061865583544
517.1962	0.121442843718109
515.7792	0.120403940144217
514.3622	0.120588485542422
512.9452	0.120260700309233
511.5282	0.119326675856233
510.1113	0.119227355083305
508.6943	0.119998088013166
507.2773	0.12032864495363
505.8603	0.120299391390921
504.4434	0.119687623193403
503.0264	0.119352805911218
501.6094	0.118775044945229
500.1924	0.118702314424791
498.7755	0.118839218061626
497.3585	0.118553044645622
495.9415	0.118639205565523
494.5245	0.118877982001071
493.1076	0.117574190721435
491.6906	0.118098222758325
490.2736	0.118116964927467
488.8566	0.118150307841532
487.4397	0.118819098738265
486.0227	0.119467106995018
484.6057	0.118803344997581
483.1887	0.119414247248641
481.7718	0.119437223845773
480.3548	0.11888410970835
478.9378	0.119708281846587
477.5208	0.119599466789923
476.1039	0.119893995237085
474.6869	0.119290322384173
473.2699	0.119820989839044
471.8529	0.119273430016799
470.436	0.117801766793106
469.019	0.117208265094027
467.602	0.116620078463953
466.185	0.117285193163662
464.768	0.117040552717133
463.3511	0.116587434768326
461.9341	0.11708397881556
460.5171	0.117001534801305
459.1001	0.116833791794782
457.6832	0.115926588539113
456.2662	0.115785966291899
454.8492	0.116455252006248
453.4322	0.117344743015078
452.0153	0.117391840770309
450.5983	0.118201618161116
449.1813	0.118622065606364
447.7643	0.118314453276152
446.3474	0.119346542131392
444.9304	0.119763369438367
443.5134	0.120945843774279
442.0964	0.122453955956241
440.6795	0.122487314864148
439.2625	0.12283556084106
437.8455	0.123037924952495
436.4285	0.124089094373543
435.0116	0.124384352044404
433.5946	0.124998669073172
432.1776	0.125567419321106
430.7606	0.124678897391786
429.3437	0.1240178801373
427.9267	0.123895961307319
426.5097	0.124571596770893
425.0927	0.125665385753204
423.6758	0.12514947701791
422.2588	0.126583825583194
420.8418	0.126020669390358
419.4248	0.125572006670284
418.0078	0.126680192960258
416.5909	0.125066886080828
415.1739	0.125909433788043
413.7569	0.125952901350993
412.3399	0.126252441268734
410.923	0.126751391635588
409.506	0.127616504379739
408.089	0.127989955648195
406.672	0.128667800501385
405.2551	0.129023320974988
403.8381	0.129466503397593
402.4211	0.13003798560942
401.0041	0.129611712095932
