3994.4546	0.0219604676042242
3993.0377	0.0213756990309323
3991.6207	0.0222522417083538
3990.2037	0.0220652822076248
3988.7867	0.0211923838606765
3987.3698	0.0211078160686125
3985.9528	0.0216426218393388
3984.5358	0.021148457797826
3983.1188	0.0211501483874347
3981.7019	0.0211260908070375
3980.2849	0.0213559672893476
3978.8679	0.021328841366842
3977.4509	0.0222893128214029
3976.034	0.0213191444012044
3974.617	0.0208891202220871
3973.2	0.0204606098078959
3971.783	0.0216468205388176
3970.3661	0.0220583943503393
3968.9491	0.0218760057299517
3967.5321	0.0218948434018183
3966.1151	0.0213562079290977
3964.6982	0.0206080049982742
3963.2812	0.0223295758938144
3961.8642	0.0208060217396411
3960.4472	0.020530437324825
3959.0303	0.0212020031031667
3957.6133	0.0202555857495156
3956.1963	0.0207670855160787
3954.7793	0.020895773854681
3953.3624	0.0208114022982508
3951.9454	0.0209586590827219
3950.5284	0.0215209526978106
3949.1114	0.0213553464754472
3947.6944	0.0216283653756916
3946.2775	0.0203927678186452
3944.8605	0.0208196132754405
3943.4435	0.0214183044771119
3942.0265	0.0210824990659337
3940.6096	0.0219842886775594
3939.1926	0.0200522487463051
3937.7756	0.0217528831809516
3936.3586	0.0206231349813674
3934.9417	0.0218941966993209
3933.5247	0.0217767738405228
3932.1077	0.0211815822149839
3930.6907	0.021368188574949
3929.2738	0.0204418835426536
3927.8568	0.0216712408892182
3926.4398	0.0211607070031796
3925.0228	0.0207875897752762
3923.6059	0.0207761182675279
3922.1889	0.0214392938841248
3920.7719	0.0216755720426589
3919.3549	0.0212019786559945
3917.938	0.020855632980676
3916.521	0.0199998700509004
3915.104	0.0211013698932235
3913.687	0.0212794016635711
3912.2701	0.0211540480372319
3910.8531	0.0206484605843931
3909.4361	0.0207335602054171
3908.0191	0.0206385016488737
3906.6022	0.0208149530813988
3905.1852	0.0206279707494755
3903.7682	0.0212853941144497
3902.3512	0.0212452506697703
3900.9342	0.0206113124864215
3899.5173	0.0210321641052975
3898.1003	0.0212998087614576
3896.6833	0.0205498128655174
3895.2663	0.0204292347885125
3893.8494	0.0207238591293237
3892.4324	0.0202307933938007
3891.0154	0.0213175707983394
3889.5984	0.0212070264515135
3888.1815	0.0211502718666241
3886.7645	0.021202530186247
3885.3475	0.0200191038379354
3883.9305	0.0202245830917894
3882.5136	0.019998034912741
3881.0966	0.0205347195713149
3879.6796	0.0207116412976294
3878.2626	0.0205531936566911
3876.8457	0.021336817856004
3875.4287	0.0196046117527273
3874.0117	0.0221664082976912
3872.5947	0.0209206403092447
3871.1778	0.021031768007081
3869.7608	0.0218145626999126
3868.3438	0.0211153933684202
3866.9268	0.0200010068243227
3865.5099	0.0218865909534074
3864.0929	0.0211424707901525
3862.6759	0.0201766627424997
3861.2589	0.0199626851909934
3859.842	0.0203729946610645
3858.425	0.0206579466722581
3857.008	0.0220334770122291
3855.591	0.021472345389953
3854.174	0.021679633218894
3852.7571	0.020507945076376
3851.3401	0.0208114173523584
3849.9231	0.0209046116950846
3848.5061	0.0199180320295124
3847.0892	0.0211359347777535
3845.6722	0.0205301941162141
3844.2552	0.0204608511640061
3842.8382	0.0204153353916424
3841.4213	0.0200273072117731
3840.0043	0.0212009476340808
3838.5873	0.020080792269557
3837.1703	0.0203205610236575
3835.7534	0.0200952487113064
3834.3364	0.0204839768279972
3832.9194	0.0210743120216895
3831.5024	0.0214763570953398
3830.0855	0.0203984577428888
3828.6685	0.0209135723455805
3827.2515	0.0208893139681704
3825.8345	0.0213431755942441
3824.4176	0.0214309699663404
3823.0006	0.0210329617236295
3821.5836	0.0203131124427036
3820.1666	0.0200157341312471
3818.7497	0.0206222165303369
3817.3327	0.0207512746093625
3815.9157	0.0203720575202922
3814.4987	0.0207536226594213
3813.0818	0.0207688114189424
3811.6648	0.0199825743000283
3810.2478	0.0205178986837851
3808.8308	0.0214067225885995
3807.4138	0.0204578100306205
3805.9969	0.0206920388571806
3804.5799	0.0199888071442
3803.1629	0.0205329629079843
3801.7459	0.0199656107437669
3800.329	0.0200271174099566
3798.912	0.0204849219828067
3797.495	0.0201861109637084
3796.078	0.0196834168176655
3794.6611	0.0198618372680949
3793.2441	0.0196553416572566
3791.8271	0.0205354739399136
3790.4101	0.019613908981088
3788.9932	0.0194768870202345
3787.5762	0.0196282109124627
3786.1592	0.0196723617859597
3784.7422	0.020739932648941
3783.3253	0.0200356978255572
3781.9083	0.0202047629706659
3780.4913	0.0197417782999791
3779.0743	0.0198305442510291
3777.6574	0.0199713585827647
3776.2404	0.0202801131405754
3774.8234	0.0200958633132189
3773.4064	0.0195080949622647
3771.9895	0.0207303339975646
3770.5725	0.0201212667628335
3769.1555	0.0199761302930894
3767.7385	0.019734530288621
3766.3216	0.0196626753806896
3764.9046	0.0201587947351515
3763.4876	0.0203306314724358
3762.0706	0.0198125687621401
3760.6536	0.0202163464926877
3759.2367	0.0206398530866429
3757.8197	0.0198795295052503
3756.4027	0.0203310600631821
3754.9857	0.0205515492507808
3753.5688	0.0198732226903189
3752.1518	0.0201912650363254
3750.7348	0.0204005916610203
3749.3178	0.020175509762658
3747.9009	0.0193844977967855
3746.4839	0.020500909923889
3745.0669	0.0194155867485315
3743.6499	0.019494402830816
3742.233	0.0210928643704531
3740.816	0.0203990880440295
3739.399	0.0200870573011285
3737.982	0.019685434986282
3736.5651	0.0204488355356133
3735.1481	0.0195027041265093
3733.7311	0.0187301068458188
3732.3141	0.0196675081125825
3730.8972	0.0193175214682972
3729.4802	0.0192335314679583
3728.0632	0.0194095111514898
3726.6462	0.0196025371100224
3725.2293	0.0189184910430937
3723.8123	0.0185204496305667
3722.3953	0.0182046909123887
3720.9783	0.0200313999656589
3719.5614	0.0184759286637042
3718.1444	0.0182317375081807
3716.7274	0.0189760588438653
3715.3104	0.0187192568419254
3713.8935	0.0189315405112242
3712.4765	0.0193503802412871
3711.0595	0.0189298360603545
3709.6425	0.0195843688917938
3708.2255	0.019217778170101
3706.8086	0.0185666018004286
3705.3916	0.0186018580539838
3703.9746	0.0190573253092691
3702.5576	0.0186947694359545
3701.1407	0.0188633212976822
3699.7237	0.0189361406638357
3698.3067	0.0184050850082875
3696.8897	0.0192595310212289
3695.4728	0.0190735682165566
3694.0558	0.0187334160406298
3692.6388	0.019134505518312
3691.2218	0.019553489090385
3689.8049	0.018677714055492
3688.3879	0.0190110649460223
3686.9709	0.0185290063252715
3685.5539	0.0184005703598879
3684.137	0.0188479077738647
3682.72	0.0189479642271893
3681.303	0.0192775865068953
3679.886	0.0188429035679057
3678.4691	0.018332021561147
3677.0521	0.0187974633419094
3675.6351	0.0196635104657834
3674.2181	0.0189666222960975
3672.8012	0.0187346017389746
3671.3842	0.0186921368296949
3669.9672	0.0180853598222844
3668.5502	0.0182482103027309
3667.1333	0.019058252538344
3665.7163	0.0183848272471232
3664.2993	0.0193473289523122
3662.8823	0.0190116044819953
3661.4653	0.0189559667403823
3660.0484	0.0189942899140429
3658.6314	0.0196446848487355
3657.2144	0.0189404448568085
3655.7974	0.0193637440258858
3654.3805	0.0193957137978772
3652.9635	0.0181217662444201
3651.5465	0.0190604767194144
3650.1295	0.0191652993985391
3648.7126	0.0205705401239515
3647.2956	0.0196083018374065
3645.8786	0.0191545392841164
3644.4616	0.0197045269396667
3643.0447	0.0198285846497963
3641.6277	0.0199733384321185
3640.2107	0.0194849472618542
3638.7937	0.0198986023457403
3637.3768	0.0192286612652797
3635.9598	0.0197203637757406
3634.5428	0.0199891298756615
3633.1258	0.0202801943019648
3631.7089	0.0203782429817967
3630.2919	0.0211276996671611
3628.8749	0.0205370272259521
3627.4579	0.0208223432672523
3626.041	0.0206122132248828
3624.624	0.0203528046278132
3623.207	0.0212539537207534
3621.79	0.0199156919369345
3620.3731	0.0204934881346777
3618.9561	0.0211408898190989
3617.5391	0.0213003298016587
3616.1221	0.021260343593622
3614.7051	0.0222612078811767
3613.2882	0.0214464209274415
3611.8712	0.0216305103714912
3610.4542	0.0218226160875317
3609.0372	0.0217007660586747
3607.6203	0.0221304065462605
3606.2033	0.0217182075907152
3604.7863	0.0225682755246502
3603.3693	0.0216843611186363
3601.9524	0.0219703752002122
3600.5354	0.0223212438640895
3599.1184	0.0225783585730823
3597.7014	0.0223567079304753
3596.2845	0.0239315610606195
3594.8675	0.0225180671942789
3593.4505	0.0242109981560929
3592.0335	0.0244910812817282
3590.6166	0.022787198479067
3589.1996	0.0237618005619995
3587.7826	0.0243965753491512
3586.3656	0.0251138174591064
3584.9487	0.0251598427604588
3583.5317	0.0248742675363126
3582.1147	0.0250023298279576
3580.6977	0.024511758007815
3579.2808	0.0247801374052382
3577.8638	0.0254954932212833
3576.4468	0.0257812226488587
3575.0298	0.0257968569747227
3573.6129	0.0261956935134628
3572.1959	0.0270404484395214
3570.7789	0.0269735947334139
3569.3619	0.0275928343925861
3567.9449	0.0276110762983354
3566.528	0.0280142184535106
3565.111	0.0288022067444709
3563.694	0.0279504309773193
3562.277	0.0283451909505375
3560.8601	0.0282139648827423
3559.4431	0.028634271795156
3558.0261	0.0287814522242733
3556.6091	0.0289789378010614
3555.1922	0.0303473161858417
3553.7752	0.0300654990023953
3552.3582	0.0302013658292751
3550.9412	0.0305510872463428
3549.5243	0.0312527787942512
3548.1073	0.0308066026342265
3546.6903	0.0322805320734512
3545.2733	0.0320023741356706
3543.8564	0.032901794331616
3542.4394	0.0320700948947192
3541.0224	0.0327486031368087
3539.6054	0.0328867841134139
3538.1885	0.0323219368724675
3536.7715	0.0337506644376611
3535.3545	0.0339058833022871
3533.9375	0.0336764670359996
3532.5206	0.0339795571103668
3531.1036	0.0346269727757394
3529.6866	0.0358633741795114
3528.2696	0.0357809837268647
3526.8527	0.0365482373541488
3525.4357	0.0358580435796765
3524.0187	0.0362519306979346
3522.6017	0.0358378451681459
3521.1847	0.0364901982088628
3519.7678	0.0363910228817886
3518.3508	0.0371141596543029
3516.9338	0.0368625386276448
3515.5168	0.0381607042736988
3514.0999	0.0387497298050264
3512.6829	0.0381277272954143
3511.2659	0.037802691868949
3509.8489	0.0383613491929976
3508.432	0.0391213193943953
3507.015	0.0400838076483584
3505.598	0.0396935466457169
3504.181	0.0405905004557856
3502.7641	0.0411033147883265
3501.3471	0.0413957391039206
3499.9301	0.0418789750958839
3498.5131	0.0413483559621194
3497.0962	0.0422836537601673
3495.6792	0.0424057013404222
3494.2622	0.0419423711493871
3492.8452	0.0426559775554533
3491.4283	0.0432118856678877
3490.0113	0.0438097216050644
3488.5943	0.0443274570097821
3487.1773	0.0442294146402658
3485.7604	0.0438512548457142
3484.3434	0.044359032306203
3482.9264	0.0448841801043469
3481.5094	0.0457698843846557
3480.0925	0.0455416769892971
3478.6755	0.0458971930772332
3477.2585	0.0459095171735348
3475.8415	0.0470409920502789
3474.4245	0.0471172341484449
3473.0076	0.0468390836671315
3471.5906	0.0473850090438718
3470.1736	0.0479939619773252
3468.7566	0.047542054098736
3467.3397	0.0478952674041676
3465.9227	0.0481563454437151
3464.5057	0.0483299996824986
3463.0887	0.0489437116216731
3461.6718	0.0496331543744165
3460.2548	0.0492327622297651
3458.8378	0.0492171641038557
3457.4208	0.0501005509473963
3456.0039	0.0503004467110294
3454.5869	0.0506564174209514
3453.1699	0.0509677361660653
3451.7529	0.0512409830477324
3450.336	0.0515166858991676
3448.919	0.051306821135906
3447.502	0.0521819033353228
3446.085	0.0517133280156847
3444.6681	0.0531396032489477
3443.2511	0.0525355949850354
3441.8341	0.0527150571411362
3440.4171	0.0526469497158976
3439.0002	0.0533599326636437
3437.5832	0.0543185826723512
3436.1662	0.054711072121668
3434.7492	0.0537982074853037
3433.3323	0.0552441917370084
3431.9153	0.0555010742858194
3430.4983	0.0546109587906766
3429.0813	0.0557527385022445
3427.6643	0.0558650861565215
3426.2474	0.0560777967903603
3424.8304	0.0562325226633789
3423.4134	0.0566332389791582
3421.9964	0.0572859828193318
3420.5795	0.0568255714443724
3419.1625	0.0581681171084971
3417.7455	0.0576807652471793
3416.3285	0.0576549859705177
3414.9116	0.0580157255495716
3413.4946	0.0583755677071873
3412.0776	0.058881376948638
3410.6606	0.05933339212563
3409.2437	0.0596416269344615
3407.8267	0.0602759523971517
3406.4097	0.0594485388894736
3404.9927	0.0600872523283551
3403.5758	0.0598186981928298
3402.1588	0.06033160874872
3400.7418	0.0603172692415555
3399.3248	0.0601210083618448
3397.9079	0.0605004117927154
3396.4909	0.0610525416690395
3395.0739	0.0617769283721197
3393.6569	0.0617100137543228
3392.24	0.0618376387621408
3390.823	0.0618794806229011
3389.406	0.0617426780772698
3387.989	0.061452303195772
3386.5721	0.0627945926478962
3385.1551	0.0628656496320314
3383.7381	0.061914598597369
3382.3211	0.0637114850277793
3380.9041	0.0641633256471238
3379.4872	0.0639568795278912
3378.0702	0.0643158216224112
3376.6532	0.064583074782062
3375.2362	0.0635967755467245
3373.8193	0.0646953793668459
3372.4023	0.0641276503908997
3370.9853	0.0644689811607241
3369.5683	0.0654075211573056
3368.1514	0.0648164835084744
3366.7344	0.066454473319233
3365.3174	0.0658067639589346
3363.9004	0.0643918265544312
3362.4835	0.0654243737659593
3361.0665	0.0663703309709327
3359.6495	0.0670655742121919
3358.2325	0.0661917467631541
3356.8156	0.0665731012941698
3355.3986	0.0662126184263678
3353.9816	0.066154280160955
3352.5646	0.0671534996192033
3351.1477	0.0660503130624216
3349.7307	0.0665372591873633
3348.3137	0.0675010656195461
3346.8967	0.0674508740161405
3345.4798	0.0677068539848623
3344.0628	0.0677269373310782
3342.6458	0.0684438191928819
3341.2288	0.0680757705007515
3339.8119	0.0676058843585625
3338.3949	0.0681566196055176
3336.9779	0.0680560973739742
3335.5609	0.0689131446360732
3334.1439	0.0685436482719824
3332.727	0.0690068434579534
3331.31	0.0679412925465154
3329.893	0.0689508183654124
3328.476	0.0687617900955614
3327.0591	0.0693856725887667
3325.6421	0.0688325321466989
3324.2251	0.0690935407972222
3322.8081	0.0696419790654383
3321.3912	0.0689031129005787
3319.9742	0.0694125039227974
3318.5572	0.0692400577418293
3317.1402	0.0696579648905168
3315.7233	0.0689541658590355
3314.3063	0.0692669685245439
3312.8893	0.0694188641267327
3311.4723	0.069949109837301
3310.0554	0.0707136754586653
3308.6384	0.0695664624775792
3307.2214	0.0703671684829673
3305.8044	0.0702215130996577
3304.3875	0.0705639924585624
3302.9705	0.0699162947334387
3301.5535	0.0690457551835776
3300.1365	0.0699553384321552
3298.7196	0.0703905934004615
3297.3026	0.0702764877731428
3295.8856	0.0702179844120018
3294.4686	0.0693344422320075
3293.0517	0.0702471587963779
3291.6347	0.0702971072710396
3290.2177	0.0708005179237247
3288.8007	0.0705836723318404
3287.3837	0.0706790447376714
3285.9668	0.0707298540922358
3284.5498	0.0703912298574402
3283.1328	0.0699524638493643
3281.7158	0.0712475377106129
3280.2989	0.0695702932185389
3278.8819	0.0701317612414154
3277.4649	0.0709948453109246
3276.0479	0.0705897331470116
3274.631	0.0706717331008589
3273.214	0.0705054940733782
3271.797	0.0708623298812742
3270.38	0.0709164670535022
3268.9631	0.0704321175637873
3267.5461	0.0705867138742399
3266.1291	0.0709633301281994
3264.7121	0.0709404557968464
3263.2952	0.0713488809939372
3261.8782	0.0707104359632442
3260.4612	0.0706265179136082
3259.0442	0.0711642679544268
3257.6273	0.0711777892377466
3256.2103	0.0699006005003274
3254.7933	0.0704939833995233
3253.3763	0.0694771449805558
3251.9594	0.0702977827746514
3250.5424	0.0700864184312392
3249.1254	0.0707371222037044
3247.7084	0.0698712083603386
3246.2915	0.0709047496014786
3244.8745	0.0704620997847145
3243.4575	0.0704508013249391
3242.0405	0.0697941137490732
3240.6235	0.0699646846760008
3239.2066	0.070144461085325
3237.7896	0.0697163278852167
3236.3726	0.070751075073335
3234.9556	0.0703102705706192
3233.5387	0.0705940776433621
3232.1217	0.0701657705208218
3230.7047	0.0701705077433882
3229.2877	0.0698276986967424
3227.8708	0.0695930428864626
3226.4538	0.0699291048086481
3225.0368	0.0693119561437677
3223.6198	0.0694994800500817
3222.2029	0.0699102083781083
3220.7859	0.068789146342683
3219.3689	0.0695359717930092
3217.9519	0.0686866435101997
3216.535	0.0688800964431846
3215.118	0.0687456990607275
3213.701	0.0690536778576993
3212.284	0.0685352014168659
3210.8671	0.0690548489821036
3209.4501	0.0681156093852195
3208.0331	0.0684311732329453
3206.6161	0.0680132204174498
3205.1992	0.0683348139960808
3203.7822	0.0676006116024941
3202.3652	0.0673076247075061
3200.9482	0.067276691897195
3199.5313	0.0677102131818199
3198.1143	0.0679787507195398
3196.6973	0.0675473662628501
3195.2803	0.0676936576946024
3193.8633	0.0675374456673277
3192.4464	0.0679625379297947
3191.0294	0.0665070221636555
3189.6124	0.0676922351679065
3188.1954	0.0670666138734576
3186.7785	0.0665670763765091
3185.3615	0.0660003048226303
3183.9445	0.0665103500075978
3182.5275	0.0655896538292802
3181.1106	0.0655730020133364
3179.6936	0.0649909285847567
3178.2766	0.0646838412558799
3176.8596	0.0655078973903754
3175.4427	0.0653649867904276
3174.0257	0.0645425525954526
3172.6087	0.065555517679336
3171.1917	0.0652407588711161
3169.7748	0.0653779089561391
3168.3578	0.064453911960513
3166.9408	0.0641415424425316
3165.5238	0.0642421647473273
3164.1069	0.0635411383823263
3162.6899	0.0634491526827955
3161.2729	0.0636450210533979
3159.8559	0.0639678107814712
3158.439	0.0636521708024552
3157.022	0.0628936129538156
3155.605	0.0624305244187908
3154.188	0.0629254757279976
3152.7711	0.061667457464258
3151.3541	0.06228658988462
3149.9371	0.061839853840706
3148.5201	0.0614784355068788
3147.1031	0.0619768209782538
3145.6862	0.0621957071965362
3144.2692	0.0609845735496748
3142.8522	0.0602961420197507
3141.4352	0.0608450523130673
3140.0183	0.0613206103494551
3138.6013	0.061986201414215
3137.1843	0.06025196584968
3135.7673	0.0608880882828161
3134.3504	0.0609725179658408
3132.9334	0.0606162117075409
3131.5164	0.0598659161951416
3130.0994	0.0605560850551484
3128.6825	0.0589380495911797
3127.2655	0.0590729757706701
3125.8485	0.0594182887832366
3124.4315	0.0591728357650242
3123.0146	0.0592499448459841
3121.5976	0.0587074396539658
3120.1806	0.0585666108804227
3118.7636	0.0587695583440451
3117.3467	0.058838674225623
3115.9297	0.0574835699797995
3114.5127	0.0584698402877214
3113.0957	0.0569491624324575
3111.6788	0.0576960414871368
3110.2618	0.0573544644980874
3108.8448	0.0574582004648979
3107.4278	0.0561946603509055
3106.0109	0.0566605658112385
3104.5939	0.0566701782288233
3103.1769	0.0556358404035532
3101.7599	0.0555947263188049
3100.3429	0.0565709045899464
3098.926	0.0558733068836195
3097.509	0.0559624075050768
3096.092	0.0546998974013021
3094.675	0.0553411086384694
3093.2581	0.0542726916367888
3091.8411	0.0549475574184249
3090.4241	0.0546503249877345
3089.0071	0.0539511325094256
3087.5902	0.0540464444282085
3086.1732	0.054216661208436
3084.7562	0.0541988441890386
3083.3392	0.0539430528955715
3081.9223	0.0536910238700253
3080.5053	0.0528880463933265
3079.0883	0.053457142802917
3077.6713	0.0526615497995513
3076.2544	0.0532697518730851
3074.8374	0.0531734898190239
3073.4204	0.0526065626456097
3072.0034	0.0528664741790753
3070.5865	0.0523271807513753
3069.1695	0.0519446891587136
3067.7525	0.0522724788258894
3066.3355	0.0521195747164451
3064.9186	0.0515840917440121
3063.5016	0.051192672814132
3062.0846	0.0514954826735703
3060.6676	0.0510406568392676
3059.2507	0.0511321762468974
3057.8337	0.0505876584200282
3056.4167	0.049638500294337
3054.9997	0.0506497830253118
3053.5827	0.0504538502299129
3052.1658	0.0503351420702304
3050.7488	0.0501206169850055
3049.3318	0.0486407605845331
3047.9148	0.0493141991011991
3046.4979	0.0491918936106967
3045.0809	0.0487732898299432
3043.6639	0.0492609735746804
3042.2469	0.0483169527873522
3040.83	0.0489144981202839
3039.413	0.0489620969000687
3037.996	0.0484590789456937
3036.579	0.048098174687385
3035.1621	0.0477564335716538
3033.7451	0.0478957581693548
3032.3281	0.0471020267397178
3030.9111	0.0482077512470929
3029.4942	0.0471669834433032
3028.0772	0.0469464366725602
3026.6602	0.04694651277996
3025.2432	0.0460020187340724
3023.8263	0.0467546921316169
3022.4093	0.0468095531708336
3020.9923	0.0458272332931052
3019.5753	0.0461997806582742
3018.1584	0.0455939678941475
3016.7414	0.0469093825005638
3015.3244	0.0464688257814456
3013.9074	0.0464245345809196
3012.4905	0.0458750733480344
3011.0735	0.0468111344239826
3009.6565	0.0455986960472521
3008.2395	0.0452005349736548
3006.8225	0.0454089466860805
3005.4056	0.0458511965656229
3003.9886	0.0449147626520379
3002.5716	0.0452163448810953
3001.1546	0.0445084327751828
2999.7377	0.0448980702836192
2998.3207	0.0463705396695513
2996.9037	0.0453590607125521
2995.4867	0.045136499804212
2994.0698	0.0442870344622187
2992.6528	0.044234505672496
2991.2358	0.0449301740038039
2989.8188	0.0440134719118974
2988.4019	0.044538528158811
2986.9849	0.0447259128926068
2985.5679	0.0448126658215649
2984.1509	0.0458793495951055
2982.734	0.0451173151764023
2981.317	0.0456089465995179
2979.9	0.044352232463681
2978.483	0.045673778359921
2977.0661	0.0453996187771176
2975.6491	0.0456711442609555
2974.2321	0.0465089715013415
2972.8151	0.0459174558185754
2971.3982	0.0463986687638483
2969.9812	0.0475688503521581
2968.5642	0.0470795772389289
2967.1472	0.047204708727669
2965.7303	0.0469704417780127
2964.3133	0.047340872295325
2962.8963	0.0481774132865688
2961.4793	0.0471355128684921
2960.0623	0.0481351608509539
2958.6454	0.0483035144515646
2957.2284	0.0489034907159496
2955.8114	0.0497784563062253
2954.3944	0.0492021982130915
2952.9775	0.0500078400376608
2951.5605	0.0496046722376138
2950.1435	0.0505931431301962
2948.7265	0.0511705191512182
2947.3096	0.051249350149183
2945.8926	0.0513242059825926
2944.4756	0.0522525395280938
2943.0586	0.0523634533026959
2941.6417	0.0535066337104776
2940.2247	0.053712448970123
2938.8077	0.0542072887640614
2937.3907	0.0539361571112827
2935.9738	0.0545249492484129
2934.5568	0.0548501045190426
2933.1398	0.0550643667764952
2931.7228	0.0560132482101734
2930.3059	0.055497717013988
2928.8889	0.0570389496047192
2927.4719	0.0572233499377613
2926.0549	0.0567617020014254
2924.638	0.0571763947588873
2923.221	0.0574933273884886
2921.804	0.0569726611472448
2920.387	0.0567169407042518
2918.9701	0.0569304120679037
2917.5531	0.056724707039514
2916.1361	0.05692699044743
2914.7191	0.0556136819612514
2913.3021	0.0562243010835117
2911.8852	0.055766025565271
2910.4682	0.0557991240253197
2909.0512	0.0552525074846497
2907.6342	0.0555502484998883
2906.2173	0.0538993603632485
2904.8003	0.055102842130007
2903.3833	0.0546563712637832
2901.9663	0.055014656202367
2900.5494	0.0549561352787565
2899.1324	0.0532522044221714
2897.7154	0.0546022231837625
2896.2984	0.0548788862921022
2894.8815	0.0545470451338857
2893.4645	0.0547268500022633
2892.0475	0.0548145376013349
2890.6305	0.0537108647309223
2889.2136	0.0534797770416363
2887.7966	0.0544663462563076
2886.3796	0.0541619223839187
2884.9626	0.0539688555589457
2883.5457	0.0527404903906482
2882.1287	0.053388852549853
2880.7117	0.0529487900067511
2879.2947	0.0530279318401771
2877.8778	0.0531735380709181
2876.4608	0.0525782435956256
2875.0438	0.0532136183387916
2873.6268	0.0527918506307006
2872.2099	0.0529995511256525
2870.7929	0.0516297925165546
2869.3759	0.0510511163179447
2867.9589	0.0509768542591591
2866.5419	0.0513282176144602
2865.125	0.0510647875824616
2863.708	0.050940588189267
2862.291	0.0504798707204232
2860.874	0.0506592921701221
2859.4571	0.0508048044633008
2858.0401	0.0496978048602312
2856.6231	0.0497296056996501
2855.2061	0.0507462514176992
2853.7892	0.0496873357910676
2852.3722	0.0491677313292081
2850.9552	0.0502402593002537
2849.5382	0.0502303673655616
2848.1213	0.0492409836929618
2846.7043	0.0486572792335715
2845.2873	0.0494289106300903
2843.8703	0.0486245432551287
2842.4534	0.0481847150127376
2841.0364	0.0481993655645648
2839.6194	0.0472155864754294
2838.2024	0.0472165001686311
2836.7855	0.0482137829692048
2835.3685	0.046633499936073
2833.9515	0.0468215079639421
2832.5345	0.0467082889875221
2831.1176	0.0458950082200999
2829.7006	0.0455088541701251
2828.2836	0.0471871618777152
2826.8666	0.0461692734117946
2825.4497	0.0457546897225834
2824.0327	0.0454890459238019
2822.6157	0.0462276115392987
2821.1987	0.0451341118315504
2819.7817	0.0456157458097682
2818.3648	0.0444044298779264
2816.9478	0.0445873349023191
2815.5308	0.0441575341309534
2814.1138	0.0435184427908887
2812.6969	0.0441510516221991
2811.2799	0.0446436672730848
2809.8629	0.0435413918831955
2808.4459	0.0439263360768158
2807.029	0.0440391589428828
2805.612	0.0434033839285215
2804.195	0.0428228158458575
2802.778	0.0434037417771441
2801.3611	0.0436045647043218
2799.9441	0.0438257670705835
2798.5271	0.043383253251458
2797.1101	0.0427426299339161
2795.6932	0.0434884604488843
2794.2762	0.0431213912900741
2792.8592	0.0435597800470203
2791.4422	0.0430997200685891
2790.0253	0.0436064562653594
2788.6083	0.042717829190596
2787.1913	0.0432290354767078
2785.7743	0.0422895435691304
2784.3574	0.0429606506232717
2782.9404	0.0435492768879471
2781.5234	0.0417415590382318
2780.1064	0.0427107253206033
2778.6895	0.0424233883295882
2777.2725	0.0422874605682117
2775.8555	0.0421884467043954
2774.4385	0.0422687481048879
2773.0215	0.0426207188273927
2771.6046	0.0419946092772911
2770.1876	0.0413034953658857
2768.7706	0.0421848124292856
2767.3536	0.04176280824603
2765.9367	0.0418581745856628
2764.5197	0.0413236722931756
2763.1027	0.0408878482033579
2761.6857	0.0413155485692416
2760.2688	0.0421608693101887
2758.8518	0.0417668582916441
2757.4348	0.0408189128630118
2756.0178	0.0416148526920457
2754.6009	0.0414582524208685
2753.1839	0.0414613282209549
2751.7669	0.0416772889297943
2750.3499	0.0411550039506922
2748.933	0.0426933520392755
2747.516	0.0418416081773495
2746.099	0.0417498357977359
2744.682	0.0416494667513996
2743.2651	0.0405586555611633
2741.8481	0.041127733560947
2740.4311	0.0411272511068505
2739.0141	0.0400463489523097
2737.5972	0.0412616948854759
2736.1802	0.0410186200406637
2734.7632	0.041578947243022
2733.3462	0.0406822661014184
2731.9293	0.0404991989202566
2730.5123	0.0404747147202882
2729.0953	0.039259273048848
2727.6783	0.0404752141631092
2726.2613	0.040917243069981
2724.8444	0.0402371739652854
2723.4274	0.0407921737603167
2722.0104	0.0403422460988806
2720.5934	0.0400830753408959
2719.1765	0.0405290195635289
2717.7595	0.0402927210272736
2716.3425	0.0398538847297964
2714.9255	0.0395597640337467
2713.5086	0.0406415752483242
2712.0916	0.0405017473703898
2710.6746	0.039694151992931
2709.2576	0.0389656246835805
2707.8407	0.0399578880965824
2706.4237	0.0389614772473612
2705.0067	0.0414000492017268
2703.5897	0.0399356841465547
2702.1728	0.0393592765757514
2700.7558	0.0402326664227053
2699.3388	0.0401566657667998
2697.9218	0.0398904218224726
2696.5049	0.0401304732537446
2695.0879	0.039237656900268
2693.6709	0.0395096222274318
2692.2539	0.0397819555420866
2690.837	0.0387820288445319
2689.42	0.0392179690026578
2688.003	0.0389492876070913
2686.586	0.0395443239603484
2685.1691	0.0393358175798425
2683.7521	0.0389067294439063
2682.3351	0.0398498958950085
2680.9181	0.0378404369143115
2679.5011	0.0381003056338161
2678.0842	0.0394185792475968
2676.6672	0.0390335763106757
2675.2502	0.0403713366224637
2673.8332	0.0385644281378906
2672.4163	0.0390877543941083
2670.9993	0.039316266536428
2669.5823	0.0395010265241674
2668.1653	0.0390761093322498
2666.7484	0.0390875594068423
2665.3314	0.0384997676803488
2663.9144	0.0395992478647508
2662.4974	0.0384433448376038
2661.0805	0.0394048379454329
2659.6635	0.0397003639520032
2658.2465	0.0385752749535759
2656.8295	0.0381890538347767
2655.4126	0.0391321728319998
2653.9956	0.03852120034994
2652.5786	0.0391261057082986
2651.1616	0.0385592743988643
2649.7447	0.0391645380683588
2648.3277	0.039799133192319
2646.9107	0.0387516090313809
2645.4937	0.0381455579051331
2644.0768	0.0384809030352257
2642.6598	0.0389085312689869
2641.2428	0.0378282007003593
2639.8258	0.037754970831736
2638.4089	0.0384290493617192
2636.9919	0.0378913990419817
2635.5749	0.0378771997515434
2634.1579	0.0372452514514508
2632.741	0.0365271667707339
2631.324	0.0380626170328785
2629.907	0.037870390411781
2628.49	0.0377483178212084
2627.073	0.0371422634156236
2625.6561	0.0380598439171543
2624.2391	0.0363702186381582
2622.8221	0.0364067610086892
2621.4051	0.0367600384061471
2619.9882	0.0375536981288903
2618.5712	0.0365542323994636
2617.1542	0.0370611224515804
2615.7372	0.0364023213207815
2614.3203	0.0370643949714201
2612.9033	0.0367242033419903
2611.4863	0.0361643221447376
2610.0693	0.036426664613482
2608.6524	0.0370170525809816
2607.2354	0.0368922035385775
2605.8184	0.0366781261983414
2604.4014	0.0368011512119628
2602.9845	0.0368336263056424
2601.5675	0.0358370533180729
2600.1505	0.0353245275147214
2598.7335	0.0368673765109265
2597.3166	0.0356299810648284
2595.8996	0.035224130279361
2594.4826	0.0357704567534253
2593.0656	0.0358363486669394
2591.6487	0.0348680129490651
2590.2317	0.0343860335263701
2588.8147	0.0358749147184517
2587.3977	0.0349214343152725
2585.9808	0.0360377503425435
2584.5638	0.0354565878251292
2583.1468	0.0347549130454271
2581.7298	0.0358605892709124
2580.3128	0.0354871586432311
2578.8959	0.0355220322869185
2577.4789	0.035294525494153
2576.0619	0.0346896462076892
2574.6449	0.0348961636530367
2573.228	0.0348763695788228
2571.811	0.0351013509241474
2570.394	0.034586802472286
2568.977	0.0351180625916003
2567.5601	0.0356407698299907
2566.1431	0.0352360517841637
2564.7261	0.0350654954928453
2563.3091	0.0351042485214518
2561.8922	0.0354884286610392
2560.4752	0.035241476140796
2559.0582	0.0348306679512371
2557.6412	0.035340754047485
2556.2243	0.0350789478412346
2554.8073	0.0345652631878469
2553.3903	0.0341875675986096
2551.9733	0.0345755002955757
2550.5564	0.0345213969167293
2549.1394	0.0345034183114386
2547.7224	0.0332360690994942
2546.3054	0.0340236140965339
2544.8885	0.0351886142515313
2543.4715	0.0344768679545564
2542.0545	0.0341970950612232
2540.6375	0.0334954058906525
2539.2206	0.0340334347388248
2537.8036	0.0336270492949617
2536.3866	0.0331518403161711
2534.9696	0.0330368226203556
2533.5526	0.0336477225995929
2532.1357	0.0344744345805498
2530.7187	0.0335741616220127
2529.3017	0.0332172672984731
2527.8847	0.0338538084390963
2526.4678	0.0337532439861257
2525.0508	0.0336978088968939
2523.6338	0.0330446943200391
2522.2168	0.0341584288196167
2520.7999	0.0328991922899302
2519.3829	0.0333737255043445
2517.9659	0.0339895868707471
2516.5489	0.034211865505939
2515.132	0.0326794032233192
2513.715	0.0337665293764729
2512.298	0.0343928782817606
2510.881	0.033357949997452
2509.4641	0.032455564460777
2508.0471	0.0332506642332221
2506.6301	0.0324397316386264
2505.2131	0.0335050675619777
2503.7962	0.0337914155900884
2502.3792	0.0330681864673534
2500.9622	0.0338699038960988
2499.5452	0.0335757987937831
2498.1283	0.0321498551804754
2496.7113	0.0330922734658972
2495.2943	0.0333223879250113
2493.8773	0.0322816397970826
2492.4604	0.0325759029693802
2491.0434	0.032727198663378
2489.6264	0.0337429351702491
2488.2094	0.033527305275948
2486.7924	0.0328458851454386
2485.3755	0.0325383501886123
2483.9585	0.031946982840353
2482.5415	0.033561420303361
2481.1245	0.0320159962300223
2479.7076	0.0316378013920744
2478.2906	0.0326574120998368
2476.8736	0.0321930215402368
2475.4566	0.0317021261591715
2474.0397	0.032006233121132
2472.6227	0.0331708559759335
2471.2057	0.0332510993548492
2469.7887	0.0323257241621796
2468.3718	0.032220292918252
2466.9548	0.0315510002993013
2465.5378	0.0334758253460862
2464.1208	0.0330135826560788
2462.7039	0.0314692414396254
2461.2869	0.0319430812521418
2459.8699	0.0327722340398679
2458.4529	0.0331462506179514
2457.036	0.0329880141142226
2455.619	0.0326698273004248
2454.202	0.0327792333216462
2452.785	0.0320093016584455
2451.3681	0.0319268369359098
2449.9511	0.0328080673598863
2448.5341	0.0330439764703363
2447.1171	0.0328524269612778
2445.7002	0.0314474608248034
2444.2832	0.0315581566260742
2442.8662	0.0320150981550657
2441.4492	0.0325409145728576
2440.0322	0.0319445659814985
2438.6153	0.0326776948188218
2437.1983	0.0322577298764839
2435.7813	0.0318534282718681
2434.3643	0.0314841160170147
2432.9474	0.0317715950035811
2431.5304	0.0322928137703759
2430.1134	0.0317740545834937
2428.6964	0.0317791822645337
2427.2795	0.0315662249471107
2425.8625	0.0318838315211708
2424.4455	0.0321439598533639
2423.0285	0.0326773409897293
2421.6116	0.0312566024680377
2420.1946	0.032171855862166
2418.7776	0.0316446946644126
2417.3606	0.0312679901895784
2415.9437	0.0311076640265835
2414.5267	0.0318102917476443
2413.1097	0.031512311848262
2411.6927	0.0315240828260871
2410.2758	0.0323461952984548
2408.8588	0.031716388270572
2407.4418	0.0310267487070522
2406.0248	0.0312584741377976
2404.6079	0.0304572912026267
2403.1909	0.0310629035804096
2401.7739	0.0313938701761742
2400.3569	0.031110767500196
2398.94	0.0312974186311748
2397.523	0.0317939266186425
2396.106	0.0305521803855119
2394.689	0.0313078205072406
2393.272	0.0308239754443125
2391.8551	0.0315598578474739
2390.4381	0.0311494569166698
2389.0211	0.0310358798894622
2387.6041	0.0309840781995643
2386.1872	0.031490275754218
2384.7702	0.0303824466917691
2383.3532	0.0314892310105929
2381.9362	0.0311425657209914
2380.5193	0.0302058812513809
2379.1023	0.0306529461773769
2377.6853	0.0306546750908723
2376.2683	0.0308651606147097
2374.8514	0.030847149006522
2373.4344	0.0309636078501404
2372.0174	0.0315686077303814
2370.6004	0.0305994563178119
2369.1835	0.0302584585979735
2367.7665	0.0299992642302351
2366.3495	0.0315034288376161
2364.9325	0.0303435820299895
2363.5156	0.0309847046152522
2362.0986	0.0308351078465854
2360.6816	0.030658110360168
2359.2646	0.0310342083284597
2357.8477	0.0297251350585805
2356.4307	0.030257240354061
2355.0137	0.0308009887451021
2353.5967	0.0311676082354714
2352.1798	0.0310115410074304
2350.7628	0.0305239936181491
2349.3458	0.0306516549727859
2347.9288	0.0303447218798736
2346.5118	0.0305145136188721
2345.0949	0.030787249880781
2343.6779	0.0310178579400574
2342.2609	0.0293743594235791
2340.8439	0.0302502449116043
2339.427	0.0305620316374448
2338.01	0.0303585451059694
2336.593	0.0303323127535371
2335.176	0.0301062316725375
2333.7591	0.0309598106903571
2332.3421	0.0308415301962345
2330.9251	0.0313337901671153
2329.5081	0.0306125654675369
2328.0912	0.0298838055591041
2326.6742	0.0310479648997919
2325.2572	0.0318302346564742
2323.8402	0.0310239280487537
2322.4233	0.0319149188825017
2321.0063	0.0313916600012629
2319.5893	0.0317641646822827
2318.1723	0.0305512206673599
2316.7554	0.0309926511104143
2315.3384	0.0307684559432026
2313.9214	0.0303445675038696
2312.5044	0.0301111670165969
2311.0875	0.0306507574446518
2309.6705	0.0307264991405873
2308.2535	0.0301349795310551
2306.8365	0.0300592343989018
2305.4196	0.030214135539571
2304.0026	0.0294425527548474
2302.5856	0.0294156944374109
2301.1686	0.0298357587046875
2299.7516	0.0296578638640667
2298.3347	0.0303735782919486
2296.9177	0.0303429219605889
2295.5007	0.0302667652794976
2294.0837	0.0305104825963578
2292.6668	0.029134576298574
2291.2498	0.0298185843187087
2289.8328	0.0294925883334426
2288.4158	0.0299524028432099
2286.9989	0.030038191053628
2285.5819	0.029962519578785
2284.1649	0.0307804775617007
2282.7479	0.0305724412458206
2281.331	0.029805449467493
2279.914	0.0298943900139899
2278.497	0.0309448821468281
2277.08	0.0291045193587858
2275.6631	0.029933366694206
2274.2461	0.029124077436427
2272.8291	0.0298367812558051
2271.4121	0.0294206705936689
2269.9952	0.0296898319003566
2268.5782	0.0301377845189567
2267.1612	0.0292924500778087
2265.7442	0.028255079879783
2264.3273	0.0294908680843767
2262.9103	0.0296621271793446
2261.4933	0.0289160711967938
2260.0763	0.0285520076606497
2258.6594	0.0289806454981303
2257.2424	0.0293159906603315
2255.8254	0.0291283964873116
2254.4084	0.028964230793045
2252.9914	0.028429465980369
2251.5745	0.0287345140636468
2250.1575	0.0280296198076845
2248.7405	0.0283433898279872
2247.3235	0.0286286658059434
2245.9066	0.0278286840376548
2244.4896	0.0285149279820056
2243.0726	0.0288687896774856
2241.6556	0.0282066447492243
2240.2387	0.0283456248128946
2238.8217	0.0274505009174929
2237.4047	0.0285992029823229
2235.9877	0.0279477892041076
2234.5708	0.0280081805270196
2233.1538	0.027523392561617
2231.7368	0.0280555123466997
2230.3198	0.0282413933631593
2228.9029	0.0280464212839327
2227.4859	0.0282093626367364
2226.0689	0.0285979584141169
2224.6519	0.027991193452425
2223.235	0.0281046713601691
2221.818	0.0281084690313145
2220.401	0.0281201733705407
2218.984	0.0283835869189626
2217.5671	0.0275787327152038
2216.1501	0.0274764854684208
2214.7331	0.0282794774742988
2213.3161	0.0267053198417458
2211.8992	0.0269029371676616
2210.4822	0.0277445428596178
2209.0652	0.0284669667981206
2207.6482	0.0278770776269845
2206.2312	0.0278572705071928
2204.8143	0.0280175506454891
2203.3973	0.0277217164709861
2201.9803	0.0277218752693823
2200.5633	0.0277798200477289
2199.1464	0.0280496920231444
2197.7294	0.027470660979382
2196.3124	0.0275394758247568
2194.8954	0.028093718732715
2193.4785	0.0273250558337046
2192.0615	0.0273918124533256
2190.6445	0.0285615377193363
2189.2275	0.0283174436822933
2187.8106	0.028289705346767
2186.3936	0.0279783996627565
2184.9766	0.0277857010480371
2183.5596	0.0273144438355063
2182.1427	0.0270468331948128
2180.7257	0.0270928406311176
2179.3087	0.0266026313898591
2177.8917	0.0258803706156961
2176.4748	0.0273933080703374
2175.0578	0.027239296882141
2173.6408	0.0276027582217446
2172.2238	0.0281903407323158
2170.8069	0.0286460632588515
2169.3899	0.0278666824858399
2167.9729	0.0275240202594343
2166.5559	0.0280816792786919
2165.139	0.028937870042654
2163.722	0.028540592273654
2162.305	0.0278455397973986
2160.888	0.0270029001730383
2159.471	0.0266965086683097
2158.0541	0.0245712463555807
2156.6371	0.0249177941663516
2155.2201	0.0235988494538245
2153.8031	0.0238845499966065
2152.3862	0.0237446398466957
2150.9692	0.0236999666970912
2149.5522	0.0253361843718613
2148.1352	0.0249877949530498
2146.7183	0.0252783820543006
2145.3013	0.0258654868694901
2143.8843	0.0258222868282946
2142.4673	0.0257322153389938
2141.0504	0.0259690380970212
2139.6334	0.0263308189396304
2138.2164	0.0267601297489248
2136.7994	0.0266083305514752
2135.3825	0.0254433226563468
2133.9655	0.0256202420987913
2132.5485	0.0255763022585176
2131.1315	0.0262583990972459
2129.7146	0.0265890058645135
2128.2976	0.0272340264450357
2126.8806	0.0267024419703543
2125.4636	0.0267465880006175
2124.0467	0.0269591691836155
2122.6297	0.026415869970704
2121.2127	0.0272918866183553
2119.7957	0.0277708233255936
2118.3788	0.028107027362002
2116.9618	0.0271659347861138
2115.5448	0.0280811934569178
2114.1278	0.0281291766892001
2112.7108	0.0281480268583566
2111.2939	0.0275129289808084
2109.8769	0.0267281061525541
2108.4599	0.0269071393076061
2107.0429	0.0271921596273673
2105.626	0.0276485500223818
2104.209	0.0278208206120787
2102.792	0.0274266053418211
2101.375	0.0283086541661271
2099.9581	0.0265697226223699
2098.5411	0.0282112701535523
2097.1241	0.0269575155828006
2095.7071	0.0281928758989389
2094.2902	0.0259855376181333
2092.8732	0.0269769437822939
2091.4562	0.0270455129090311
2090.0392	0.0266053870868735
2088.6223	0.0271934686711062
2087.2053	0.028009776273685
2085.7883	0.0273101263873706
2084.3713	0.0276459325526372
2082.9544	0.0270905130264475
2081.5374	0.0272482220769668
2080.1204	0.0277413171663246
2078.7034	0.0274443632409132
2077.2865	0.0279529034168599
2075.8695	0.027888980049031
2074.4525	0.0273765377198981
2073.0355	0.0273104049506002
2071.6186	0.0280080042326884
2070.2016	0.0273505801409205
2068.7846	0.0270357763020457
2067.3676	0.0264207568952118
2065.9506	0.027340450401757
2064.5337	0.0263805910404246
2063.1167	0.026420448552085
2061.6997	0.0256811942085991
2060.2827	0.026201330721365
2058.8658	0.0259545733048431
2057.4488	0.0263932662142754
2056.0318	0.0256939067157973
2054.6148	0.0256847507570916
2053.1979	0.0269393247464142
2051.7809	0.0267022236757792
2050.3639	0.0263971625831205
2048.9469	0.0265482218222867
2047.53	0.0261389618329403
2046.113	0.0259681349578789
2044.696	0.0257448981256144
2043.279	0.0257117476046456
2041.8621	0.0241352846406762
2040.4451	0.0247600842114439
2039.0281	0.0245041706477736
2037.6111	0.0250734531343162
2036.1942	0.0255043031960352
2034.7772	0.0264179061583745
2033.3602	0.0254232036492721
2031.9432	0.0250049634349971
2030.5263	0.0240745336791685
2029.1093	0.0238419615298966
2027.6923	0.024211787268763
2026.2753	0.02344284023525
2024.8584	0.0231924480294597
2023.4414	0.0230955084045384
2022.0244	0.0224919195496796
2020.6074	0.0227118036811366
2019.1904	0.0229290244035498
2017.7735	0.0234025704286286
2016.3565	0.0235349236986068
2014.9395	0.0213199100275679
2013.5225	0.0227401525241521
2012.1056	0.0214175694507177
2010.6886	0.0215125579365373
2009.2716	0.0216335175521351
2007.8546	0.0211577293636214
2006.4377	0.0224804849997225
2005.0207	0.0221859137589345
2003.6037	0.0227476110170976
2002.1867	0.0226591105627957
2000.7698	0.0224861288366896
1999.3528	0.0227830651863452
1997.9358	0.0233476239749059
1996.5188	0.0241883907391494
1995.1019	0.0235947682360435
1993.6849	0.0238341200342418
1992.2679	0.0234986570915289
1990.8509	0.0222081740727423
1989.434	0.0233852393348957
1988.017	0.0232517488173285
1986.6	0.0234652048323124
1985.183	0.0232575857817378
1983.7661	0.0239294035018091
1982.3491	0.024232649242205
1980.9321	0.024056276637316
1979.5151	0.022707010984445
1978.0982	0.023250923643418
1976.6812	0.0216478387317758
1975.2642	0.0203331926585547
1973.8472	0.0208733901965211
1972.4302	0.0207227469915448
1971.0133	0.0215318837349414
1969.5963	0.0231672823385428
1968.1793	0.0227592210048102
1966.7623	0.0227818554884148
1965.3454	0.0228423761540768
1963.9284	0.0224370630625113
1962.5114	0.0221639639853518
1961.0944	0.0225683947811416
1959.6775	0.0218461861139757
1958.2605	0.0227284322766196
1956.8435	0.0225762204776376
1955.4265	0.0228274240156698
1954.0096	0.0236490610388708
1952.5926	0.0231266470902228
1951.1756	0.0238174912566652
1949.7586	0.0236562853461467
1948.3417	0.0230909843097667
1946.9247	0.0245445218325848
1945.5077	0.0238851690842802
1944.0907	0.0239066181873533
1942.6738	0.0232117512409768
1941.2568	0.0235526387973017
1939.8398	0.0237847758552908
1938.4228	0.0231264063050752
1937.0059	0.0240647639043411
1935.5889	0.0246477837834609
1934.1719	0.0238266825446497
1932.7549	0.0246366861390025
1931.338	0.0243236519400181
1929.921	0.024182363557155
1928.504	0.0235606480263868
1927.087	0.0242861360855929
1925.67	0.0244999409298783
1924.2531	0.0243706815224181
1922.8361	0.0246683671784982
1921.4191	0.0243686573250976
1920.0021	0.0238034970443397
1918.5852	0.0237417320056451
1917.1682	0.0244190548873159
1915.7512	0.0238520514427644
1914.3342	0.0243823316431351
1912.9173	0.0245489253348949
1911.5003	0.0245725481020536
1910.0833	0.0247972536497933
1908.6663	0.0254797596246756
1907.2494	0.025038193286534
1905.8324	0.0247630940459891
1904.4154	0.0249182581524238
1902.9984	0.0251903912739851
1901.5815	0.0247998029947273
1900.1645	0.0241791491681021
1898.7475	0.0254392068057713
1897.3305	0.0252819707919337
1895.9136	0.0251486234975886
1894.4966	0.025149029116909
1893.0796	0.0250501270866483
1891.6626	0.0254903974998246
1890.2457	0.0253270691599721
1888.8287	0.0252160609747018
1887.4117	0.0240030796328627
1885.9947	0.0245254232197113
1884.5778	0.0251188929824268
1883.1608	0.0249589240882231
1881.7438	0.0253410872405976
1880.3268	0.0249400133851362
1878.9098	0.0250278988021281
1877.4929	0.0250242005009787
1876.0759	0.0238306099348064
1874.6589	0.0252629084706807
1873.2419	0.0250564332522746
1871.825	0.0250056075238307
1870.408	0.0239978773597546
1868.991	0.0248744938222341
1867.574	0.0240097481500546
1866.1571	0.0246820945377063
1864.7401	0.0247309594476106
1863.3231	0.0244387328114584
1861.9061	0.0246218023514097
1860.4892	0.0250353617896691
1859.0722	0.0248267313053866
1857.6552	0.0251777741801652
1856.2382	0.0247550939008106
1854.8213	0.0249697985892596
1853.4043	0.0252485537533844
1851.9873	0.0242886906346429
1850.5703	0.0244907955572598
1849.1534	0.0259617255919957
1847.7364	0.0239718970471184
1846.3194	0.0236065758716704
1844.9024	0.0247699232858458
1843.4855	0.0255861946924898
1842.0685	0.0248360865585456
1840.6515	0.0246520130483505
1839.2345	0.0243386080990374
1837.8176	0.0250582289468978
1836.4006	0.0248132766239018
1834.9836	0.0250209972916952
1833.5666	0.0251402608824638
1832.1496	0.0246051358958782
1830.7327	0.0251263275171254
1829.3157	0.0251088307545785
1827.8987	0.0248647594624957
1826.4817	0.0245990624687397
1825.0648	0.0246219582732311
1823.6478	0.0242151703504348
1822.2308	0.0244871382511208
1820.8138	0.0246653172045828
1819.3969	0.0243111060653907
1817.9799	0.0241502771855795
1816.5629	0.023019157351206
1815.1459	0.0233050818929502
1813.729	0.0242134920114336
1812.312	0.0249468252567527
1810.895	0.0246701841409085
1809.478	0.0240420364702489
1808.0611	0.0239840460401604
1806.6441	0.0246311542980462
1805.2271	0.0238830016562959
1803.8101	0.0252356609009342
1802.3932	0.0248798176779406
1800.9762	0.0246949355055669
1799.5592	0.0248217019454485
1798.1422	0.0241603177094901
1796.7253	0.0245454732090621
1795.3083	0.0251252227664747
1793.8913	0.024315417211152
1792.4743	0.0247537126808939
1791.0574	0.0243347126413355
1789.6404	0.0244893584806012
1788.2234	0.0241196486087615
1786.8064	0.0242159434414392
1785.3894	0.0245896521244253
1783.9725	0.0249694982751148
1782.5555	0.025099976898305
1781.1385	0.024499781580849
1779.7215	0.0238358625185661
1778.3046	0.0250938159119616
1776.8876	0.0258150307843933
1775.4706	0.0246644340767768
1774.0536	0.0245878234077606
1772.6367	0.0255561897292183
1771.2197	0.0246591003326863
1769.8027	0.0243037041387379
1768.3857	0.0242900336672502
1766.9688	0.0254491313293756
1765.5518	0.0251166020409172
1764.1348	0.0258646908469386
1762.7178	0.0257166290927234
1761.3009	0.0250965199213801
1759.8839	0.0255586638661957
1758.4669	0.0261955673635982
1757.0499	0.0264633650641051
1755.633	0.0254719351166289
1754.216	0.0259827804857919
1752.799	0.0252076445835908
1751.382	0.0267699232327324
1749.9651	0.0267161259704342
1748.5481	0.0264305115003009
1747.1311	0.0272408669141208
1745.7141	0.0271596807078446
1744.2972	0.0268577552514875
1742.8802	0.0278226555888296
1741.4632	0.0274263604680598
1740.0462	0.0275257765635541
1738.6292	0.0272595574221534
1737.2123	0.0270666420514885
1735.7953	0.0288289589541132
1734.3783	0.0287304535241773
1732.9613	0.0285023617443253
1731.5444	0.0279258005780072
1730.1274	0.0296914972886318
1728.7104	0.0290450957425217
1727.2934	0.0304250828037085
1725.8765	0.0298220405662843
1724.4595	0.0299276095516385
1723.0425	0.029832876239028
1721.6255	0.0303901151562402
1720.2086	0.0304227728696943
1718.7916	0.0309901220955121
1717.3746	0.0316170329848808
1715.9576	0.0316464570800411
1714.5407	0.0322114042438811
1713.1237	0.0320877166131199
1711.7067	0.0317387571390625
1710.2897	0.0328684842056762
1708.8728	0.0326999321672304
1707.4558	0.0322039541884763
1706.0388	0.0339027960586423
1704.6218	0.0337220051110952
1703.2049	0.0329894351796869
1701.7879	0.0339365993692035
1700.3709	0.0342764425439405
1698.9539	0.0343626769289663
1697.537	0.0342633511118709
1696.12	0.0339236294310895
1694.703	0.0339237308580964
1693.286	0.0341289389732576
1691.869	0.0341826203063326
1690.4521	0.0350276484821106
1689.0351	0.0336570623004175
1687.6181	0.0347984765269938
1686.2011	0.0352079131530829
1684.7842	0.035473103389086
1683.3672	0.0345854392700235
1681.9502	0.0354927339510001
1680.5332	0.0359274387309402
1679.1163	0.0356578873340524
1677.6993	0.0357251109557011
1676.2823	0.0357681557764841
1674.8653	0.0355735972956161
1673.4484	0.0364358019294456
1672.0314	0.036895883323251
1670.6144	0.0374839591974283
1669.1974	0.0366427949886696
1667.7805	0.0365788809772414
1666.3635	0.0378300891343279
1664.9465	0.0371252664593134
1663.5295	0.0375478716923224
1662.1126	0.0378557559663712
1660.6956	0.0379714166414125
1659.2786	0.038337227010381
1657.8616	0.0383979104950714
1656.4447	0.0392496062067713
1655.0277	0.039916811617184
1653.6107	0.0393484676212303
1652.1937	0.0400975592846068
1650.7768	0.039911164380505
1649.3598	0.0414741433282077
1647.9428	0.0417618956884508
1646.5258	0.041532478378943
1645.1088	0.0427119159321971
1643.6919	0.0434572179410889
1642.2749	0.0434624041972534
1640.8579	0.0441614431289472
1639.4409	0.0451792859245035
1638.024	0.0472339977483343
1636.607	0.0462531447367278
1635.19	0.0479313972578768
1633.773	0.0477207652533266
1632.3561	0.0487523358349324
1630.9391	0.0498513679393696
1629.5221	0.0495051001525684
1628.1051	0.0496815406787872
1626.6882	0.0501801004483196
1625.2712	0.0507883855245723
1623.8542	0.0510279648525572
1622.4372	0.0517704746633891
1621.0203	0.0520446353488801
1619.6033	0.0530574043795105
1618.1863	0.0521609147524308
1616.7693	0.0537041418655687
1615.3524	0.0534127497193271
1613.9354	0.0536480119331225
1612.5184	0.0542623618111289
1611.1014	0.053979278384622
1609.6845	0.0546640469596214
1608.2675	0.0549157935893427
1606.8505	0.0568200190120826
1605.4335	0.0577145753659415
1604.0166	0.0580932819480421
1602.5996	0.0583777578297347
1601.1826	0.0588274980745546
1599.7656	0.0587863960966911
1598.3486	0.0581918568340002
1596.9317	0.0576161301253182
1595.5147	0.0580587028132094
1594.0977	0.0573730557712678
1592.6807	0.0574451855062904
1591.2638	0.0568011608676719
1589.8468	0.0566696935817539
1588.4298	0.0565061764461381
1587.0128	0.0560758140455501
1585.5959	0.0552150318400556
1584.1789	0.0547303618145888
1582.7619	0.0538775951010584
1581.3449	0.0529079171017574
1579.928	0.0525696525252586
1578.511	0.0525247790851411
1577.094	0.0518086311752934
1575.677	0.0502824238911273
1574.2601	0.0500884068319741
1572.8431	0.0493982902256769
1571.4261	0.0492659962040829
1570.0091	0.0487178071779637
1568.5922	0.0483835149494687
1567.1752	0.0470048130479618
1565.7582	0.0472295431673489
1564.3412	0.0462937649451153
1562.9243	0.0449515553047699
1561.5073	0.0453946341069265
1560.0903	0.0441578406619953
1558.6733	0.0434635722434514
1557.2564	0.0413137346455472
1555.8394	0.0419523775723614
1554.4224	0.0412909182017384
1553.0054	0.0404304908666658
1551.5885	0.0391816693400385
1550.1715	0.0391877742324912
1548.7545	0.0380736474010379
1547.3375	0.0386892467245049
1545.9205	0.0375795187684121
1544.5036	0.0372234655227379
1543.0866	0.036630017288574
1541.6696	0.0370353889068028
1540.2526	0.0365185786298006
1538.8357	0.0364065670697205
1537.4187	0.0356969316124044
1536.0017	0.0356240602839785
1534.5847	0.0360231353083689
1533.1678	0.0360279897257441
1531.7508	0.0356344455707648
1530.3338	0.0352328001387475
1528.9168	0.0353042552380921
1527.4999	0.0358585512724583
1526.0829	0.0353039055518505
1524.6659	0.0361880022145046
1523.2489	0.0370862547711374
1521.832	0.0384223063723936
1520.415	0.0402503737885145
1518.998	0.0402027302165711
1517.581	0.0412533934432171
1516.1641	0.0428576859325397
1514.7471	0.0428186858303148
1513.3301	0.0436225250590924
1511.9131	0.0438986173087446
1510.4962	0.0446453805661305
1509.0792	0.0460995000457614
1507.6622	0.0457045539298408
1506.2452	0.0451121588830205
1504.8283	0.0443886700275031
1503.4113	0.0436431721181465
1501.9943	0.0425298448077158
1500.5773	0.0421561531964175
1499.1603	0.0414180202018725
1497.7434	0.0405708685658518
1496.3264	0.0386981597435285
1494.9094	0.0380936475230056
1493.4924	0.0378419725725128
1492.0755	0.0379931366241161
1490.6585	0.0373103581001635
1489.2415	0.0377595481683451
1487.8245	0.036214424469445
1486.4076	0.0382315349234092
1484.9906	0.0370206003517466
1483.5736	0.0381440067517429
1482.1566	0.0391959420450194
1480.7397	0.0400556612139442
1479.3227	0.0393551146842628
1477.9057	0.0393324768596852
1476.4887	0.0401454191427313
1475.0718	0.0401399015444019
1473.6548	0.0407748557784191
1472.2378	0.0418128754736089
1470.8208	0.0428394428399516
1469.4039	0.0429368501806922
1467.9869	0.044349084155298
1466.5699	0.0448930334726666
1465.1529	0.0465273545675566
1463.736	0.0476711223841217
1462.319	0.0486288965717839
1460.902	0.0487108139650355
1459.485	0.0497255255454348
1458.0681	0.0507615040514792
1456.6511	0.0512744123703861
1455.2341	0.0513682983318849
1453.8171	0.0502811696275888
1452.4001	0.0518947278875691
1450.9832	0.0527970544717672
1449.5662	0.0520178141798565
1448.1492	0.0520436866505166
1446.7322	0.0520075703140067
1445.3153	0.0521032213306662
1443.8983	0.0515923362985185
1442.4813	0.0519208118590179
1441.0643	0.0526747558415522
1439.6474	0.052969529620939
1438.2304	0.0534157504793065
1436.8134	0.0528774673466193
1435.3964	0.0537826493118897
1433.9795	0.054025831570614
1432.5625	0.0547569149627861
1431.1455	0.0550220014081653
1429.7285	0.0559591768944983
1428.3116	0.0563649012548396
1426.8946	0.0563702992220009
1425.4776	0.0565184510293827
1424.0606	0.057237200698676
1422.6437	0.0564529633841774
1421.2267	0.0590369860655505
1419.8097	0.0581894547430238
1418.3927	0.0589107521964513
1416.9758	0.0592728514136793
1415.5588	0.0583308150400407
1414.1418	0.0601343168969733
1412.7248	0.0591419685138129
1411.3079	0.0599751851032265
1409.8909	0.0597285829089193
1408.4739	0.0610977048982802
1407.0569	0.0600286703489343
1405.6399	0.0603449489872993
1404.223	0.0594387189072179
1402.806	0.05975385567279
1401.389	0.0606150634578438
1399.972	0.060062863780308
1398.5551	0.0607829391754901
1397.1381	0.0609905258094958
1395.7211	0.0610800579510463
1394.3041	0.0615855397929853
1392.8872	0.0614856314202976
1391.4702	0.0624902830715417
1390.0532	0.0623668513062169
1388.6362	0.0630656893744767
1387.2193	0.0636392440104345
1385.8023	0.0645369178103464
1384.3853	0.0650309150220778
1382.9683	0.0654383208165825
1381.5514	0.0643088631516455
1380.1344	0.0649681485246248
1378.7174	0.064837396828914
1377.3004	0.0641224142152081
1375.8835	0.0636613472571851
1374.4665	0.0643101233154116
1373.0495	0.0649969590611169
1371.6325	0.0651939503306649
1370.2156	0.0658792867676015
1368.7986	0.0667580238525938
1367.3816	0.0660207338593246
1365.9646	0.0680376953960373
1364.5477	0.0681898996350063
1363.1307	0.0678679256190799
1361.7137	0.0686863682071181
1360.2967	0.0687225867645245
1358.8797	0.0680110424078299
1357.4628	0.0672204009583694
1356.0458	0.0666506748318455
1354.6288	0.0663267377150943
1353.2118	0.0653262834443316
1351.7949	0.0651552139916041
1350.3779	0.0647014964110879
1348.9609	0.0636102705211979
1347.5439	0.0650265464955501
1346.127	0.0646622023618834
1344.71	0.0642928181468016
1343.293	0.0648032757774205
1341.876	0.0657999146948056
1340.4591	0.0660739619203917
1339.0421	0.0654961126798339
1337.6251	0.0651558268963364
1336.2081	0.0651210242238993
1334.7912	0.0649955525843856
1333.3742	0.0651022015635439
1331.9572	0.0653587585952842
1330.5402	0.0652645688203094
1329.1233	0.0643521722504805
1327.7063	0.0633971856098928
1326.2893	0.0632008606491014
1324.8723	0.0630628296907852
1323.4554	0.0625895540321378
1322.0384	0.0615155800796266
1320.6214	0.061057790402867
1319.2044	0.0598003234005571
1317.7875	0.0596157292543627
1316.3705	0.0585804590967815
1314.9535	0.0594683158592303
1313.5365	0.0584032468616815
1312.1195	0.0587475367965457
1310.7026	0.0590175069977176
1309.2856	0.0578415644180258
1307.8686	0.0579960212257315
1306.4516	0.0582894348952896
1305.0347	0.0575445302815455
1303.6177	0.0580052221037814
1302.2007	0.0582739653231131
1300.7837	0.0581188210243482
1299.3668	0.0581470108591498
1297.9498	0.0585670617976267
1296.5328	0.0591499023905611
1295.1158	0.0589362833668434
1293.6989	0.0588555026492739
1292.2819	0.0583009922703027
1290.8649	0.0578216593479737
1289.4479	0.0582609051948309
1288.031	0.0580325766518691
1286.614	0.0581282710759291
1285.197	0.0589318955847824
1283.78	0.0589398079778654
1282.3631	0.059358221163425
1280.9461	0.0597711229535726
1279.5291	0.0607520862431605
1278.1121	0.061564078708844
1276.6952	0.0620307861882092
1275.2782	0.0615487850612429
1273.8612	0.06325132135167
1272.4442	0.0632464620398962
1271.0273	0.0642325353511017
1269.6103	0.06351456182655
1268.1933	0.0646926556295411
1266.7763	0.0644326837569841
1265.3593	0.063955344297222
1263.9424	0.063814028691877
1262.5254	0.0626162569693953
1261.1084	0.0633070193324313
1259.6914	0.0622874449673138
1258.2745	0.0628911501160378
1256.8575	0.0625102222056618
1255.4405	0.063020241503864
1254.0235	0.0624110352372392
1252.6066	0.0638019421820032
1251.1896	0.0621976098736086
1249.7726	0.0619601376481023
1248.3556	0.0619688340723658
1246.9387	0.0626192323705673
1245.5217	0.0613805348631356
1244.1047	0.0618289526874899
1242.6877	0.0613134964740176
1241.2708	0.0613121358263218
1239.8538	0.0613233746208222
1238.4368	0.0620151988657611
1237.0198	0.0619809134127156
1235.6029	0.0621450105861901
1234.1859	0.0619149828262218
1232.7689	0.0628879759134872
1231.3519	0.0618260618542039
1229.935	0.0624265704021116
1228.518	0.0602216671613774
1227.101	0.0596545502322593
1225.684	0.0588944680864469
1224.2671	0.0571204054057068
1222.8501	0.0572831238793517
1221.4331	0.056473559772916
1220.0161	0.0558379850181395
1218.5991	0.0556660945078392
1217.1822	0.0551112414213551
1215.7652	0.0550814385356169
1214.3482	0.0543789167764698
1212.9312	0.0528248978604539
1211.5143	0.0535141202063096
1210.0973	0.0534033162616593
1208.6803	0.0535391028652187
1207.2633	0.0526322796063771
1205.8464	0.0514743127173336
1204.4294	0.0517878352300184
1203.0124	0.0509621973554277
1201.5954	0.0512304159325374
1200.1785	0.0507403944294786
1198.7615	0.0500526295247317
1197.3445	0.0492181457206783
1195.9275	0.0485434789234974
1194.5106	0.0483074349714687
1193.0936	0.047390756777802
1191.6766	0.046823004589007
1190.2596	0.0460731134707009
1188.8427	0.0454602649267341
1187.4257	0.0452654878578183
1186.0087	0.0439455808286536
1184.5917	0.0437066428331951
1183.1748	0.0435951909793814
1181.7578	0.0433757465863937
1180.3408	0.0452708733716877
1178.9238	0.0443731940944425
1177.5069	0.0441504135943003
1176.0899	0.046069386431177
1174.6729	0.0456639642633936
1173.2559	0.0479253224290634
1171.8389	0.0478718655525771
1170.422	0.0488597024323313
1169.005	0.0516745961770617
1167.588	0.0533926527774612
1166.171	0.0557419800929423
1164.7541	0.0591029759981958
1163.3371	0.0627732024791124
1161.9201	0.0649989890931622
1160.5031	0.0682552100270784
1159.0862	0.0718311482174915
1157.6692	0.074610304061253
1156.2522	0.0784641136835207
1154.8352	0.0805555703930821
1153.4183	0.0824957992999883
1152.0013	0.0850791820880038
1150.5843	0.0854679524905061
1149.1673	0.0880447521074676
1147.7504	0.0883669557861371
1146.3334	0.0875712907120002
1144.9164	0.0878512419676874
1143.4994	0.0869551736953174
1142.0825	0.0855574065286582
1140.6655	0.0854509221728154
1139.2485	0.083177978758313
1137.8315	0.0825998824708732
1136.4146	0.0806183874543284
1134.9976	0.0800214350997377
1133.5806	0.0795354281051425
1132.1636	0.0784623503800653
1130.7467	0.0795457933161532
1129.3297	0.0795854180354267
1127.9127	0.0797923981987276
1126.4957	0.0804867978592466
1125.0787	0.0815632874997464
1123.6618	0.0808392977640984
1122.2448	0.0811515526225821
1120.8278	0.0822186218292172
1119.4108	0.0829375914699558
1117.9939	0.0814801067182698
1116.5769	0.0833887924214517
1115.1599	0.0842638591068266
1113.7429	0.0839423435480459
1112.326	0.0828765568480207
1110.909	0.0844443481704071
1109.492	0.0851661946408089
1108.075	0.0862580579106907
1106.6581	0.0871191518688274
1105.2411	0.0880422501262359
1103.8241	0.0883166234576803
1102.4071	0.089562644158474
1100.9902	0.090118834713287
1099.5732	0.0908647491889244
1098.1562	0.0908010461762356
1096.7392	0.0916861227232495
1095.3223	0.090115220965725
1093.9053	0.0917848648566727
1092.4883	0.092249777623744
1091.0713	0.0930781672036813
1089.6544	0.0946981060248801
1088.2374	0.0962928507073317
1086.8204	0.0999097912063118
1085.4034	0.102154445985618
1083.9865	0.105081147004111
1082.5695	0.108197685239845
1081.1525	0.111538906229688
1079.7355	0.114164285696728
1078.3185	0.11676042000274
1076.9016	0.118275171990095
1075.4846	0.116869166082448
1074.0676	0.117678174003739
1072.6506	0.114722662944843
1071.2337	0.113746130174375
1069.8167	0.111121101514569
1068.3997	0.1090854561507
1066.9827	0.107740273981551
1065.5658	0.107450204105979
1064.1488	0.107257846867069
1062.7318	0.107193279263065
1061.3148	0.108255340838983
1059.8979	0.109613425754466
1058.4809	0.111830250479899
1057.0639	0.114489776015325
1055.6469	0.115507500311498
1054.23	0.117836566002304
1052.813	0.119905449748506
1051.396	0.122529015203915
1049.979	0.12522573465013
1048.5621	0.126998990225791
1047.1451	0.129166441674719
1045.7281	0.131169473525843
1044.3111	0.133500688526095
1042.8942	0.135177043448346
1041.4772	0.13828940217437
1040.0602	0.140051433735125
1038.6432	0.144623981252514
1037.2263	0.145376992943601
1035.8093	0.147398503502462
1034.3923	0.149852982153392
1032.9753	0.152314201431111
1031.5583	0.154471625574599
1030.1414	0.156472252392136
1028.7244	0.159529213602418
1027.3074	0.161842971037875
1025.8904	0.164871399708385
1024.4735	0.166933435761558
1023.0565	0.16910415337841
1021.6395	0.171710741243589
1020.2225	0.173942030600593
1018.8056	0.176547010304777
1017.3886	0.178283089950409
1015.9716	0.178347065126568
1014.5546	0.178567828559041
1013.1377	0.179467163333806
1011.7207	0.181112067687304
1010.3037	0.180281462951492
1008.8867	0.180151746629761
1007.4698	0.181381972644931
1006.0528	0.181793374424849
1004.6358	0.181738640666037
1003.2188	0.182768430362367
1001.8019	0.183779273572951
1000.3849	0.184732630303315
998.9679	0.185459063246655
997.5509	0.186857859615658
996.134	0.188106573970071
994.717	0.188347753813565
993.3	0.190413341511932
991.883	0.189393519102512
990.4661	0.189925753862995
989.0491	0.188696121828173
987.6321	0.189999392411672
986.2151	0.187716786643098
984.7981	0.186562939934182
983.3812	0.184292465754854
981.9642	0.182600226600918
980.5472	0.179642878139229
979.1302	0.177233477318047
977.7133	0.175139035729547
976.2963	0.170927741245691
974.8793	0.167412939016018
973.4623	0.164555460036324
972.0454	0.161461220337537
970.6284	0.157193999023469
969.2114	0.153431314493328
967.7944	0.150898786502293
966.3775	0.147315074430217
964.9605	0.144264818190418
963.5435	0.140439542647292
962.1265	0.137453440580338
960.7096	0.134211506379707
959.2926	0.131035366905228
957.8756	0.128840358204571
956.4586	0.126042500414281
955.0417	0.123947018096538
953.6247	0.120369348525926
952.2077	0.118933549662718
950.7907	0.117115705089263
949.3738	0.114098366765554
947.9568	0.113218359621984
946.5398	0.111119826743051
945.1228	0.110482696723763
943.7059	0.110076010401112
942.2889	0.110333460292855
940.8719	0.110289169959293
939.4549	0.110193215614024
938.0379	0.111073669571188
936.621	0.111628474265286
935.204	0.1120417158128
933.787	0.112029488537472
932.37	0.113270075207582
930.9531	0.112177190553283
929.5361	0.111570918077413
928.1191	0.111759616457596
926.7021	0.111636400578179
925.2852	0.11046382571441
923.8682	0.110840094366792
922.4512	0.11031966993129
921.0342	0.110441240539971
919.6173	0.109037150198536
918.2003	0.108902904715244
916.7833	0.108303891859933
915.3663	0.108323047215747
913.9494	0.106892117631889
912.5324	0.105759327671676
911.1154	0.105176641143515
909.6984	0.104488002202266
908.2815	0.102765838378258
906.8645	0.102253006405813
905.4475	0.100431651972631
904.0305	0.0999563165132928
902.6136	0.0988082125978603
901.1966	0.0982914174809338
899.7796	0.0968524131824525
898.3626	0.0963539453057731
896.9457	0.0955793708268383
895.5287	0.0955216965983059
894.1117	0.0942917212044582
892.6947	0.0934366440231321
891.2777	0.0931980351421376
889.8608	0.0923118935149759
888.4438	0.0910574810981226
887.0268	0.0901885986464571
885.6098	0.0901623498572123
884.1929	0.0875256403518054
882.7759	0.0880166257695463
881.3589	0.0865749440516611
879.9419	0.0864894278334557
878.525	0.0862233170727774
877.108	0.0856626352042909
875.691	0.0844044870450833
874.274	0.0836260338067067
872.8571	0.0841999416300637
871.4401	0.0857583101486653
870.0231	0.0861040495222291
868.6061	0.0857508613819422
867.1892	0.0857273178056607
865.7722	0.0872153680596471
864.3552	0.0886538601699829
862.9382	0.0886594183685061
861.5213	0.0889893932146072
860.1043	0.090110794416328
858.6873	0.0906481198603162
857.2703	0.0906703449496798
855.8534	0.0893498995206777
854.4364	0.0902391088184931
853.0194	0.090368070002018
851.6024	0.0906171279616307
850.1855	0.0912755223774247
848.7685	0.0905784242260196
847.3515	0.0914081071481282
845.9345	0.0904283413298527
844.5175	0.090404751451893
843.1006	0.090669501238648
841.6836	0.0903247191576289
840.2666	0.088504356789615
838.8496	0.0887799912826175
837.4327	0.0881132399213922
836.0157	0.0876844034726799
834.5987	0.0869428663550897
833.1817	0.0861129478783046
831.7648	0.0861166691773211
830.3478	0.0849196881039742
828.9308	0.0845102387324773
827.5138	0.0841019138351904
826.0969	0.0840604583713948
824.6799	0.0827980018882141
823.2629	0.0831642557534443
821.8459	0.0830442281044074
820.429	0.082782071094741
819.012	0.0827236975721551
817.595	0.0822642001267027
816.178	0.0812567181895511
814.7611	0.0813829632013694
813.3441	0.0815575680921326
811.9271	0.0822919287977103
810.5101	0.0805416787907297
809.0932	0.081203625050234
807.6762	0.0807993116003479
806.2592	0.0809977326206894
804.8422	0.0801268207417368
803.4253	0.0796570921243494
802.0083	0.0802356126093177
800.5913	0.0802855771012246
799.1743	0.0806630215972606
797.7573	0.0804000291206406
796.3404	0.0805727907884204
794.9234	0.080288744647416
793.5064	0.0801099480163741
792.0894	0.0817547072455514
790.6725	0.0803987823473246
789.2555	0.0812704199209752
787.8385	0.0820338539315752
786.4215	0.0816969794731164
785.0046	0.0821450741361073
783.5876	0.0819595409466634
782.1706	0.0829355983464342
780.7536	0.0831588633026394
779.3367	0.0842965298037124
777.9197	0.0853282341872657
776.5027	0.0850849660503901
775.0857	0.086612850002597
773.6688	0.0883585564412252
772.2518	0.0883476418076114
770.8348	0.0898085022533247
769.4178	0.0907172295654136
768.0009	0.0916399671250001
766.5839	0.0932692469079585
765.1669	0.0942694970486824
763.7499	0.0952592296373519
762.333	0.0951190121009965
760.916	0.0949685446727322
759.499	0.0952640802436255
758.082	0.0943188366653224
756.6651	0.0943509247564506
755.2481	0.0951488636358229
753.8311	0.0951477558806273
752.4141	0.0934953072353135
750.9971	0.0932470290624743
749.5802	0.0920890147390882
748.1632	0.0913795060170478
746.7462	0.090162137244004
745.3292	0.0895323423894954
743.9123	0.0884965155785289
742.4953	0.0879175748940951
741.0783	0.0873870364249388
739.6613	0.0872220469051493
738.2444	0.0859704006132976
736.8274	0.0865577620917438
735.4104	0.0859051757857649
733.9934	0.0871648257759538
732.5765	0.0883303209162346
731.1595	0.0878367313102231
729.7425	0.0869089920581478
728.3255	0.08749793791534
726.9086	0.0885750411609923
725.4916	0.0885689108352394
724.0746	0.0899792577044786
722.6576	0.0908950706535527
721.2407	0.0923046439730796
719.8237	0.0922310118664351
718.4067	0.0931960080847942
716.9897	0.0940255197080555
715.5728	0.0952658182129985
714.1558	0.0965819285982036
712.7388	0.0976619390512831
711.3218	0.0970348785538325
709.9049	0.0982728244499152
708.4879	0.100479207447909
707.0709	0.100930766001433
705.6539	0.100863935331823
704.2369	0.10191069853578
702.82	0.100550355004756
701.403	0.101180835650699
699.986	0.101579502732154
698.569	0.100513439981033
697.1521	0.100576548453598
695.7351	0.0997191949492155
694.3181	0.0993682108419192
692.9011	0.0979038188888917
691.4842	0.0982671550291299
690.0672	0.0990747357382943
688.6502	0.098026468000768
687.2332	0.098416379773504
685.8163	0.0998349117902358
684.3993	0.09916776299223
682.9823	0.0995080821602522
681.5653	0.0996793673138081
680.1484	0.0993798127744598
678.7314	0.0993283298234826
677.3144	0.0990319839638844
675.8974	0.1009436205027
674.4805	0.0993821157788733
673.0635	0.100840124877329
671.6465	0.100618559369348
670.2295	0.100702245263125
668.8126	0.101631357544668
667.3956	0.102261397230247
665.9786	0.101884622830043
664.5616	0.103557756033308
663.1447	0.103175831418516
661.7277	0.103529303642408
660.3107	0.102477174729177
658.8937	0.103788304703929
657.4767	0.104271391056547
656.0598	0.1050920674304
654.6428	0.10541394418301
653.2258	0.104753454258219
651.8088	0.104256393815869
650.3919	0.10466880444421
648.9749	0.105556248942615
647.5579	0.105980511104651
646.1409	0.106800163183125
644.724	0.107604893627023
643.307	0.107605878647172
641.89	0.106665348254482
640.473	0.107150623053894
639.0561	0.10750987097932
637.6391	0.107981015964318
636.2221	0.108037982122361
634.8051	0.108239621575388
633.3882	0.107728344302148
631.9712	0.108616429327425
630.5542	0.108060003843166
629.1372	0.108992807343926
627.7203	0.110437753207794
626.3033	0.110726943957569
624.8863	0.110860629782914
623.4693	0.113053247460266
622.0524	0.114230083440092
620.6354	0.114559715434693
619.2184	0.115490494545219
617.8014	0.117108311796618
616.3845	0.118153737308813
614.9675	0.119208036222678
613.5505	0.1211754228408
612.1335	0.121548368304875
610.7165	0.122913986726479
609.2996	0.122656437651302
607.8826	0.124439188140042
606.4656	0.125856154409167
605.0486	0.12516189838568
603.6317	0.125789584092129
602.2147	0.125444983742597
600.7977	0.126016254954843
599.3807	0.126241493867873
597.9638	0.125685558641627
596.5468	0.125582892683382
595.1298	0.125754748714261
593.7128	0.125203215297045
592.2959	0.126191046502962
590.8789	0.126642967485642
589.4619	0.128255916206722
588.0449	0.12869677293475
586.628	0.129645823877308
585.211	0.130930474235002
583.794	0.132036858015778
582.377	0.133845205273298
580.9601	0.136425531971116
579.5431	0.138420467645392
578.1261	0.139495285233371
576.7091	0.142299256771089
575.2922	0.14384821911915
573.8752	0.14457673646768
572.4582	0.145906366946121
571.0412	0.145304972732602
569.6243	0.145307044492579
568.2073	0.144475926914882
566.7903	0.14429919630086
565.3733	0.143821245281791
563.9563	0.143120073838848
562.5394	0.143622483642441
561.1224	0.143061487796575
559.7054	0.142010494449216
558.2884	0.141400047649652
556.8715	0.141157178413745
555.4545	0.140412232626374
554.0375	0.139571055345905
552.6205	0.13910961229324
551.2036	0.138010335148585
549.7866	0.13836092886899
548.3696	0.137826612846142
546.9526	0.137414618485953
545.5357	0.137398017871451
544.1187	0.136973874578292
542.7017	0.138671817822309
541.2847	0.138288866844943
539.8678	0.139372197099279
538.4508	0.140256030552161
537.0338	0.141031231467088
535.6168	0.140957054791336
534.1999	0.143162621249951
532.7829	0.144154622957861
531.3659	0.144685811035515
529.9489	0.146661899385415
528.532	0.148512522964867
527.115	0.149326632928966
525.698	0.149939803937925
524.281	0.149607865847938
522.8641	0.150301764622981
521.4471	0.151880473463964
520.0301	0.151802326941517
518.6131	0.150768166341622
517.1962	0.150636551521823
515.7792	0.150665729158265
514.3622	0.151342355745392
512.9452	0.14949299743999
511.5282	0.149064374492143
510.1113	0.149202473320838
508.6943	0.150390771002215
507.2773	0.150838424020441
505.8603	0.150131767756489
504.4434	0.149354775187366
503.0264	0.149629608862422
501.6094	0.148766779540521
500.1924	0.147821205429502
498.7755	0.14786740622126
497.3585	0.147596459640101
495.9415	0.147581070030234
494.5245	0.1473310124298
493.1076	0.147069501501361
491.6906	0.146616683731889
490.2736	0.147083586074296
488.8566	0.147009127553306
487.4397	0.147890996880713
486.0227	0.148145343198498
484.6057	0.147430667275796
483.1887	0.148222573922564
481.7718	0.147912902395729
480.3548	0.148063259369049
478.9378	0.149129937958738
477.5208	0.149533574374332
476.1039	0.15000902075445
474.6869	0.14953192227467
473.2699	0.149025960235267
471.8529	0.14766823403844
470.436	0.146134576281028
469.019	0.145862100380385
467.602	0.146160898562401
466.185	0.146117688239737
464.768	0.1456843824353
463.3511	0.145997017112182
461.9341	0.146314377744176
460.5171	0.145470968913758
459.1001	0.145504668981848
457.6832	0.144925835699462
456.2662	0.144907861213786
454.8492	0.145443036520261
453.4322	0.145769846544506
452.0153	0.146889639820684
450.5983	0.147416064305747
449.1813	0.147773379918498
447.7643	0.148084131016769
446.3474	0.148855527928374
444.9304	0.149722636292573
443.5134	0.150235512056091
442.0964	0.151509812038084
440.6795	0.151713450579741
439.2625	0.152442612648843
437.8455	0.153570065980048
436.4285	0.155462937674396
435.0116	0.156880130573396
433.5946	0.157237282978535
432.1776	0.156912100450408
430.7606	0.155933277703139
429.3437	0.154519653406368
427.9267	0.153419393002852
426.5097	0.154680727710364
425.0927	0.154967012253194
423.6758	0.155392578533642
422.2588	0.156561243939432
420.8418	0.156141359926471
419.4248	0.156721884951071
418.0078	0.155716669685606
416.5909	0.155498038885908
415.1739	0.155437789005194
413.7569	0.155852621524132
412.3399	0.156370624809394
410.923	0.157162945117398
409.506	0.157733749451871
408.089	0.158641125212902
406.672	0.158755166299118
405.2551	0.159401961489619
403.8381	0.159824453406459
402.4211	0.159767216091902
401.0041	0.16011448673484
