3994.4546	0.0181431253744534
3993.0377	0.0168040874020008
3991.6207	0.0170438020224225
3990.2037	0.0173884036198198
3988.7867	0.0174873410239961
3987.3698	0.0167351939545355
3985.9528	0.017438940452965
3984.5358	0.0169016333145331
3983.1188	0.0176931842359502
3981.7019	0.0167262822214591
3980.2849	0.0169553690216047
3978.8679	0.0173570291775956
3977.4509	0.0167043270915432
3976.034	0.0174374391828399
3974.617	0.0171071657842624
3973.2	0.0173810984387896
3971.783	0.0174930367651898
3970.3661	0.0168103590212173
3968.9491	0.0166967066803533
3967.5321	0.016632641884621
3966.1151	0.0171050791904158
3964.6982	0.016565586089998
3963.2812	0.0172459115492379
3961.8642	0.0169142431147815
3960.4472	0.0169891130682724
3959.0303	0.0171615556368068
3957.6133	0.0175407656683875
3956.1963	0.0167686876689531
3954.7793	0.0174175831167858
3953.3624	0.0167314374715637
3951.9454	0.0165645047486569
3950.5284	0.0170077937721774
3949.1114	0.0168313577394319
3947.6944	0.0169827851446672
3946.2775	0.0165082608733818
3944.8605	0.0171227148690785
3943.4435	0.0166091474508385
3942.0265	0.0169246565328324
3940.6096	0.0171514690434739
3939.1926	0.0172664265158321
3937.7756	0.0170881831615735
3936.3586	0.0172251627567902
3934.9417	0.0171751809039184
3933.5247	0.0173742852588873
3932.1077	0.0164337751926739
3930.6907	0.0175413526680774
3929.2738	0.0172453171049634
3927.8568	0.0161252000158537
3926.4398	0.0165073479190336
3925.0228	0.0171588422429585
3923.6059	0.0168597547369567
3922.1889	0.016545325250592
3920.7719	0.0166999419008338
3919.3549	0.0156991271474523
3917.938	0.017124654777624
3916.521	0.0164237496339335
3915.104	0.0166126093054334
3913.687	0.0166771079251714
3912.2701	0.0172451929757897
3910.8531	0.0167803297389954
3909.4361	0.017122272243199
3908.0191	0.0167892827846741
3906.6022	0.0165287904224263
3905.1852	0.016638672969476
3903.7682	0.0165712348537737
3902.3512	0.0167527673394274
3900.9342	0.0169834717858947
3899.5173	0.0165644739705594
3898.1003	0.0172127168705118
3896.6833	0.0164498328648239
3895.2663	0.016280021243604
3893.8494	0.0166541689656844
3892.4324	0.0165243524842004
3891.0154	0.0168054387917894
3889.5984	0.0164472602689666
3888.1815	0.016376031378549
3886.7645	0.016698956226286
3885.3475	0.0173595982023648
3883.9305	0.0170890942630419
3882.5136	0.0166569886827335
3881.0966	0.0170866355219273
3879.6796	0.017130681888803
3878.2626	0.0164873264160698
3876.8457	0.0166617387157544
3875.4287	0.0170364368655156
3874.0117	0.0166861004315582
3872.5947	0.0171072081579755
3871.1778	0.0168792051069866
3869.7608	0.0168884598523794
3868.3438	0.0164479404232444
3866.9268	0.01733115847772
3865.5099	0.0166564615293245
3864.0929	0.016520821047326
3862.6759	0.0170131857966851
3861.2589	0.0173555959506997
3859.842	0.0169072418428602
3858.425	0.0165221324822166
3857.008	0.0171470044724909
3855.591	0.0155852579219886
3854.174	0.0166236164699825
3852.7571	0.0165079051780372
3851.3401	0.0168456209177701
3849.9231	0.0169968986822234
3848.5061	0.0174399865282244
3847.0892	0.0160756777586596
3845.6722	0.0164012662026323
3844.2552	0.0165933604827021
3842.8382	0.0161574790610753
3841.4213	0.016639546792599
3840.0043	0.0161601594942808
3838.5873	0.0168330316200947
3837.1703	0.016566175320605
3835.7534	0.0173050057754258
3834.3364	0.0167099063429515
3832.9194	0.0161444727154834
3831.5024	0.016080059349029
3830.0855	0.016481518841582
3828.6685	0.0159246025743805
3827.2515	0.0158344961656338
3825.8345	0.0165622529180334
3824.4176	0.0156933506762633
3823.0006	0.0157729118796785
3821.5836	0.0159890206760844
3820.1666	0.0160863378554864
3818.7497	0.0161169948512101
3817.3327	0.0166163268941058
3815.9157	0.0164387566183771
3814.4987	0.0161689862090434
3813.0818	0.0165788344460884
3811.6648	0.0164458435775069
3810.2478	0.0162533290345073
3808.8308	0.015572346471154
3807.4138	0.0161059171994212
3805.9969	0.0155557771521328
3804.5799	0.0156595848429371
3803.1629	0.016578745507449
3801.7459	0.0159621474397161
3800.329	0.0162055844316395
3798.912	0.0160091560393185
3797.495	0.0165628202567208
3796.078	0.0160637593342327
3794.6611	0.0161537090687745
3793.2441	0.0158114036317475
3791.8271	0.0167019368428264
3790.4101	0.0164465707516643
3788.9932	0.0161394619537696
3787.5762	0.017035495720174
3786.1592	0.0157499112104015
3784.7422	0.0154626227439368
3783.3253	0.0162769506055477
3781.9083	0.0160054540573473
3780.4913	0.0156277182957706
3779.0743	0.0162341870253606
3777.6574	0.0166266616656356
3776.2404	0.0161594619149504
3774.8234	0.0155836088126113
3773.4064	0.0153874531804383
3771.9895	0.0154971969940254
3770.5725	0.0156878134847882
3769.1555	0.0158438902082884
3767.7385	0.0155689351723351
3766.3216	0.0156287279628074
3764.9046	0.0155655703184782
3763.4876	0.0155883458902402
3762.0706	0.0152450501868296
3760.6536	0.0153068751325568
3759.2367	0.0162373422872365
3757.8197	0.0160495869575542
3756.4027	0.015483461491505
3754.9857	0.0161715766662384
3753.5688	0.0157405995094861
3752.1518	0.015950586813035
3750.7348	0.015436724357258
3749.3178	0.0154194942860825
3747.9009	0.0155435447874496
3746.4839	0.0158586012153975
3745.0669	0.0159503810392076
3743.6499	0.0162794735675547
3742.233	0.0158041436428608
3740.816	0.015805361668173
3739.399	0.0160593868106185
3737.982	0.0151607571913964
3736.5651	0.0160826347454722
3735.1481	0.0149995113188625
3733.7311	0.0155919612708813
3732.3141	0.0152996818745362
3730.8972	0.0154768945591606
3729.4802	0.0146394231877639
3728.0632	0.0158070844793309
3726.6462	0.0156091326434038
3725.2293	0.0149235898924562
3723.8123	0.0159196795434263
3722.3953	0.0149448997111309
3720.9783	0.0158272560609637
3719.5614	0.0144449709558757
3718.1444	0.0145754979947927
3716.7274	0.0151117636787537
3715.3104	0.0151610856392002
3713.8935	0.0142957791346444
3712.4765	0.015435865239618
3711.0595	0.0156849480435704
3709.6425	0.0152945379385984
3708.2255	0.0149350924721631
3706.8086	0.0151122244082067
3705.3916	0.0155708237918555
3703.9746	0.0156867199394378
3702.5576	0.0154410172421698
3701.1407	0.0146312319350767
3699.7237	0.0146273683324066
3698.3067	0.015406301603563
3696.8897	0.0149734910734675
3695.4728	0.0150614577675776
3694.0558	0.0155381722609584
3692.6388	0.014820515147082
3691.2218	0.0147696685379676
3689.8049	0.0153207787368034
3688.3879	0.015335571519043
3686.9709	0.0150477214672419
3685.5539	0.0150155549343952
3684.137	0.0158403057335495
3682.72	0.0162346301308345
3681.303	0.0150100041453803
3679.886	0.0153997286003563
3678.4691	0.0148799056714104
3677.0521	0.0144110650437487
3675.6351	0.0155159798215006
3674.2181	0.0154560399312186
3672.8012	0.0150041223723088
3671.3842	0.0153376919042564
3669.9672	0.01562770734815
3668.5502	0.0146744153093907
3667.1333	0.015587831471296
3665.7163	0.0150946773816469
3664.2993	0.0155557423951284
3662.8823	0.0155139919997711
3661.4653	0.0146923718225111
3660.0484	0.0152516274314454
3658.6314	0.0160593292721027
3657.2144	0.0146423015865145
3655.7974	0.014992295867416
3654.3805	0.0150972800668419
3652.9635	0.0158991108922063
3651.5465	0.0148809665581464
3650.1295	0.0152752786281047
3648.7126	0.0154066417209984
3647.2956	0.0155649466279661
3645.8786	0.0150405832181557
3644.4616	0.0159911089703775
3643.0447	0.0156076843669864
3641.6277	0.0157540226903721
3640.2107	0.0155642398867196
3638.7937	0.0158045964502116
3637.3768	0.0152148275979763
3635.9598	0.0166341988366717
3634.5428	0.015295810626196
3633.1258	0.0157206484469668
3631.7089	0.0157075215764138
3630.2919	0.0159355079759156
3628.8749	0.0161687761053417
3627.4579	0.0161564482218277
3626.041	0.0160587074258373
3624.624	0.0162722286929376
3623.207	0.0165012115776017
3621.79	0.0166385046944483
3620.3731	0.0163311482153998
3618.9561	0.0166259341157397
3617.5391	0.0166849254697833
3616.1221	0.0170409635499497
3614.7051	0.0172423159284865
3613.2882	0.0169361731133748
3611.8712	0.0174314542213459
3610.4542	0.0176025539944397
3609.0372	0.0168628560103023
3607.6203	0.0172474924256228
3606.2033	0.0180492589348633
3604.7863	0.0180190226236095
3603.3693	0.0182385504880309
3601.9524	0.017887807185822
3600.5354	0.0177786901421897
3599.1184	0.0179721125421267
3597.7014	0.0182522708873918
3596.2845	0.0181038595653999
3594.8675	0.0188122639757568
3593.4505	0.018931061367948
3592.0335	0.0184466702121546
3590.6166	0.0188348433105687
3589.1996	0.0191342246844127
3587.7826	0.0189405684882246
3586.3656	0.0196669661639269
3584.9487	0.0200941509843196
3583.5317	0.0195649889349233
3582.1147	0.0200020043501365
3580.6977	0.0196690052668769
3579.2808	0.0204516874376453
3577.8638	0.0213046461330062
3576.4468	0.0209168092458423
3575.0298	0.020819320657183
3573.6129	0.0210116962222173
3572.1959	0.021558317890738
3570.7789	0.0211980572075246
3569.3619	0.0208436780272266
3567.9449	0.022130179956006
3566.528	0.0218330691616078
3565.111	0.0222188266601974
3563.694	0.0225707822784458
3562.277	0.023202639058413
3560.8601	0.0230234144703029
3559.4431	0.0233612085634684
3558.0261	0.0226732673828004
3556.6091	0.0229840369025344
3555.1922	0.0236148617120217
3553.7752	0.0233629896954483
3552.3582	0.0233683527063872
3550.9412	0.0239136341925747
3549.5243	0.0247958812928435
3548.1073	0.0237981430134215
3546.6903	0.0244016952470614
3545.2733	0.0250758425364835
3543.8564	0.0256601642886826
3542.4394	0.0266589799669851
3541.0224	0.0256931642186365
3539.6054	0.0258101304262107
3538.1885	0.02637641203427
3536.7715	0.0269760236981497
3535.3545	0.0267710630195024
3533.9375	0.0262973678564651
3532.5206	0.0271538877140715
3531.1036	0.0281933157714337
3529.6866	0.0278472768628129
3528.2696	0.0284852690629106
3526.8527	0.0276358183149365
3525.4357	0.0285694640196406
3524.0187	0.0290998956766048
3522.6017	0.029194055889513
3521.1847	0.0293143471128767
3519.7678	0.0288017860400689
3518.3508	0.0297759032747455
3516.9338	0.0291549148751418
3515.5168	0.0295412053895637
3514.0999	0.030184063008414
3512.6829	0.0309916645603283
3511.2659	0.0309885163785922
3509.8489	0.0315158328646837
3508.432	0.0307750929404071
3507.015	0.0305526694622737
3505.598	0.0314839401537193
3504.181	0.032001381202501
3502.7641	0.0327771175268055
3501.3471	0.0326764025288775
3499.9301	0.0326198421479161
3498.5131	0.032216277203007
3497.0962	0.0335202901648144
3495.6792	0.0330090165378907
3494.2622	0.0334769101713077
3492.8452	0.0337675671376372
3491.4283	0.0339972307633496
3490.0113	0.0345412638329014
3488.5943	0.0350772628436557
3487.1773	0.0355661989738325
3485.7604	0.0350589428724267
3484.3434	0.0356212909294148
3482.9264	0.0363093139706135
3481.5094	0.0361115007516588
3480.0925	0.0351575705278113
3478.6755	0.0362861747438661
3477.2585	0.036581662286924
3475.8415	0.0368950241826416
3474.4245	0.0372672740265652
3473.0076	0.0370114969734026
3471.5906	0.0376733272978915
3470.1736	0.0376927410010561
3468.7566	0.0383765537108799
3467.3397	0.0381762860936822
3465.9227	0.03809266615232
3464.5057	0.0385023734972755
3463.0887	0.0390400752014664
3461.6718	0.0386921390836985
3460.2548	0.0386801661884146
3458.8378	0.0399020582126296
3457.4208	0.0396935698722648
3456.0039	0.039699890457805
3454.5869	0.0404385239022695
3453.1699	0.0404481732907482
3451.7529	0.0403912226858965
3450.336	0.0407420629182195
3448.919	0.0415971585491094
3447.502	0.0412564575211671
3446.085	0.0415564325629406
3444.6681	0.0421911565940179
3443.2511	0.0419001346976762
3441.8341	0.0420672066903747
3440.4171	0.041585525001076
3439.0002	0.0426695763750723
3437.5832	0.0431690168264914
3436.1662	0.0427104784378088
3434.7492	0.0435452004927241
3433.3323	0.0438923989203296
3431.9153	0.0433796614287131
3430.4983	0.0438186653127539
3429.0813	0.0437774388989272
3427.6643	0.044820199301928
3426.2474	0.0447632351571731
3424.8304	0.0442225145794906
3423.4134	0.0444950888688549
3421.9964	0.0452050814455418
3420.5795	0.0444210122200948
3419.1625	0.045056640989729
3417.7455	0.0455189027105449
3416.3285	0.046065770758373
3414.9116	0.0461015699100448
3413.4946	0.0459673901185246
3412.0776	0.0460768718078566
3410.6606	0.0477157179220773
3409.2437	0.0470238404414134
3407.8267	0.0471450182653889
3406.4097	0.0469434611963708
3404.9927	0.0476174899213258
3403.5758	0.0475933904234845
3402.1588	0.0474151879694353
3400.7418	0.0486502676269194
3399.3248	0.0489756322616949
3397.9079	0.0483809169116683
3396.4909	0.0484960777929134
3395.0739	0.0479605072458625
3393.6569	0.0484211954760666
3392.24	0.0490373550649009
3390.823	0.0494319780269997
3389.406	0.0491329785858396
3387.989	0.0497387546150032
3386.5721	0.0485032893973535
3385.1551	0.0487905330487571
3383.7381	0.049742048817087
3382.3211	0.0496908173628349
3380.9041	0.0503570743528706
3379.4872	0.0510041709169755
3378.0702	0.0499898916952236
3376.6532	0.0508991835867904
3375.2362	0.0512991344272401
3373.8193	0.0512801500826389
3372.4023	0.0504254673474415
3370.9853	0.0509152930922959
3369.5683	0.0507819170216959
3368.1514	0.0518770263486338
3366.7344	0.0510226072440899
3365.3174	0.0517078446406374
3363.9004	0.0519007488494067
3362.4835	0.0516900514644399
3361.0665	0.0525145150223138
3359.6495	0.0523259988379808
3358.2325	0.0529010497277545
3356.8156	0.0529874467290506
3355.3986	0.0529576856764806
3353.9816	0.0522491484930848
3352.5646	0.0527363265972027
3351.1477	0.0528129269596511
3349.7307	0.0526501545186829
3348.3137	0.0535148844503218
3346.8967	0.0529018027764645
3345.4798	0.0533134048123465
3344.0628	0.0537575728079673
3342.6458	0.0540891281454693
3341.2288	0.053415552194729
3339.8119	0.0540923156028041
3338.3949	0.0537734442226453
3336.9779	0.0539197292384622
3335.5609	0.0540213418376811
3334.1439	0.053647289775765
3332.727	0.0541733205924709
3331.31	0.0541601245269847
3329.893	0.0544814234334076
3328.476	0.0546661068528362
3327.0591	0.0544081009940328
3325.6421	0.0550028392613442
3324.2251	0.054856821271527
3322.8081	0.0545410244441191
3321.3912	0.0554110839874541
3319.9742	0.0548667206599242
3318.5572	0.0543315503258309
3317.1402	0.0547318631872572
3315.7233	0.0548137492107469
3314.3063	0.0545793756885046
3312.8893	0.0543789760523687
3311.4723	0.0541495617306904
3310.0554	0.0548570231218093
3308.6384	0.055242789008746
3307.2214	0.0555776679178869
3305.8044	0.0555372091279378
3304.3875	0.0553768766354335
3302.9705	0.055511409873726
3301.5535	0.0559877916891518
3300.1365	0.0554747304118653
3298.7196	0.0549659379027836
3297.3026	0.0553133290389773
3295.8856	0.0555591594186705
3294.4686	0.0554983695010794
3293.0517	0.0557936383971813
3291.6347	0.0554231778092814
3290.2177	0.0553427233117086
3288.8007	0.0551147461116088
3287.3837	0.0552131365995865
3285.9668	0.0557035668188499
3284.5498	0.056116473511165
3283.1328	0.0553384791763329
3281.7158	0.0560971855876055
3280.2989	0.0552790992468354
3278.8819	0.0552284294441793
3277.4649	0.0554415467826876
3276.0479	0.0556765842184038
3274.631	0.0556403329588919
3273.214	0.0562303522419704
3271.797	0.055358406285799
3270.38	0.0564524736645263
3268.9631	0.0558256275462415
3267.5461	0.0556059038689681
3266.1291	0.0548124351314143
3264.7121	0.0557995693754427
3263.2952	0.0553130557216766
3261.8782	0.0555797545584008
3260.4612	0.0555947167731618
3259.0442	0.0548151246235839
3257.6273	0.0562385393988589
3256.2103	0.0554252658284643
3254.7933	0.0551659398458055
3253.3763	0.0558988144566879
3251.9594	0.0559914357171357
3250.5424	0.0553573505891539
3249.1254	0.0553675377224906
3247.7084	0.0553309756836842
3246.2915	0.055500261163289
3244.8745	0.0552298320978298
3243.4575	0.055629837267399
3242.0405	0.05501856390613
3240.6235	0.0553102716267413
3239.2066	0.0558941804031575
3237.7896	0.0545105970858415
3236.3726	0.0544579276889571
3234.9556	0.0552094304796399
3233.5387	0.0550161055991649
3232.1217	0.0550750472581324
3230.7047	0.0553601570725765
3229.2877	0.0541475298369161
3227.8708	0.054779819100895
3226.4538	0.0548096069187668
3225.0368	0.0546084145630476
3223.6198	0.0545545771718415
3222.2029	0.0544034949943097
3220.7859	0.0548051208871752
3219.3689	0.0544000889226098
3217.9519	0.0547477837183588
3216.535	0.0534875012435268
3215.118	0.0538042812077073
3213.701	0.0537296621310205
3212.284	0.0540926094376233
3210.8671	0.0539571354042651
3209.4501	0.0541522546822142
3208.0331	0.0536345466439261
3206.6161	0.0527183662969392
3205.1992	0.0533967650261678
3203.7822	0.053071574104049
3202.3652	0.0537529334938401
3200.9482	0.0533917965177815
3199.5313	0.0531979932060286
3198.1143	0.0532637704216311
3196.6973	0.0534130175492047
3195.2803	0.0532495746228863
3193.8633	0.0537440538054142
3192.4464	0.0523693530219952
3191.0294	0.0523242782201069
3189.6124	0.0532026516404093
3188.1954	0.052201341854931
3186.7785	0.0518689975718951
3185.3615	0.0524225145242942
3183.9445	0.0520106642849562
3182.5275	0.0522542957530358
3181.1106	0.0522856387063887
3179.6936	0.0522569079981613
3178.2766	0.0521522654770905
3176.8596	0.0512665535545381
3175.4427	0.0508703091306395
3174.0257	0.0511075901837378
3172.6087	0.0509073203697738
3171.1917	0.0510311068910478
3169.7748	0.0505745121101974
3168.3578	0.0504000600764557
3166.9408	0.0500343395189491
3165.5238	0.0506790123507001
3164.1069	0.0495462177823655
3162.6899	0.0495446638097693
3161.2729	0.0498762699049723
3159.8559	0.0502342268054309
3158.439	0.0501263847684827
3157.022	0.0500561138599071
3155.605	0.049087334901229
3154.188	0.049817361418894
3152.7711	0.049775042122607
3151.3541	0.049359111853957
3149.9371	0.0487332258027546
3148.5201	0.0483163341163977
3147.1031	0.0487866182344826
3145.6862	0.0485688013438946
3144.2692	0.0482736858884943
3142.8522	0.0484331208644631
3141.4352	0.0484784365050563
3140.0183	0.0477307606501071
3138.6013	0.047420663549553
3137.1843	0.0476314395193912
3135.7673	0.0476643355034039
3134.3504	0.0472823995989326
3132.9334	0.0478618818594386
3131.5164	0.0473732642870708
3130.0994	0.0469442166771339
3128.6825	0.0467570297165053
3127.2655	0.0465950172246488
3125.8485	0.0468946174121218
3124.4315	0.0461231332604913
3123.0146	0.0467681941934197
3121.5976	0.0460382781420357
3120.1806	0.046943706427374
3118.7636	0.0456328440926971
3117.3467	0.0458044632788799
3115.9297	0.045337421571055
3114.5127	0.0455452570752748
3113.0957	0.0456482475043501
3111.6788	0.0450492617549505
3110.2618	0.0448905805539969
3108.8448	0.0451318753332261
3107.4278	0.0442892544043194
3106.0109	0.0450578274088648
3104.5939	0.0451552824096878
3103.1769	0.0443162124052021
3101.7599	0.0435844274823846
3100.3429	0.0436896081024077
3098.926	0.0431338206402753
3097.509	0.0443420248005286
3096.092	0.0432684856757394
3094.675	0.0431235011762439
3093.2581	0.043845624303717
3091.8411	0.0424288681303712
3090.4241	0.0429972677213656
3089.0071	0.0427627435756261
3087.5902	0.0420838555071268
3086.1732	0.0434506496619573
3084.7562	0.0428975152262621
3083.3392	0.0420360799245026
3081.9223	0.0416685741342649
3080.5053	0.0419134518085065
3079.0883	0.042366847967184
3077.6713	0.0416773178838777
3076.2544	0.0411918928473017
3074.8374	0.0416806556073817
3073.4204	0.0411857841301353
3072.0034	0.0410091610654743
3070.5865	0.0406748922055661
3069.1695	0.0414227808403403
3067.7525	0.0407599917968816
3066.3355	0.0407105267337552
3064.9186	0.0412459681256152
3063.5016	0.0409631807760105
3062.0846	0.04034912984529
3060.6676	0.0403287445512698
3059.2507	0.0393642453797186
3057.8337	0.039570388641203
3056.4167	0.0395758862394889
3054.9997	0.0392901041471259
3053.5827	0.0391939070119596
3052.1658	0.0392600244267057
3050.7488	0.0389741840672779
3049.3318	0.0383360120539805
3047.9148	0.038199376903742
3046.4979	0.0384066331575684
3045.0809	0.0385190180669827
3043.6639	0.0391377591616375
3042.2469	0.0386902132020578
3040.83	0.038279082609256
3039.413	0.0380440263998441
3037.996	0.0375985369668376
3036.579	0.0376963794554102
3035.1621	0.0376878206066613
3033.7451	0.0376493753923671
3032.3281	0.0366860537086171
3030.9111	0.0371500342941799
3029.4942	0.0370211210447572
3028.0772	0.03735311029649
3026.6602	0.0371856350228528
3025.2432	0.0368003856047482
3023.8263	0.0366815544209606
3022.4093	0.0372206151650501
3020.9923	0.0369070592127479
3019.5753	0.0368431788491266
3018.1584	0.036509737758657
3016.7414	0.0361386621701831
3015.3244	0.036791877354017
3013.9074	0.0366399261006431
3012.4905	0.036393652019595
3011.0735	0.0362602003956677
3009.6565	0.0354595866766786
3008.2395	0.0350395011587598
3006.8225	0.0357667060407151
3005.4056	0.0364832139931561
3003.9886	0.0358960694455725
3002.5716	0.0356644239708744
3001.1546	0.0359696863376206
2999.7377	0.0354695546225824
2998.3207	0.0358385244398267
2996.9037	0.0352678772579998
2995.4867	0.0356359891264133
2994.0698	0.0350714182727265
2992.6528	0.0356735553988409
2991.2358	0.0357561710810918
2989.8188	0.0357879970411029
2988.4019	0.0354479595671518
2986.9849	0.0348466793043436
2985.5679	0.0357277796343284
2984.1509	0.0356863701337295
2982.734	0.0359787782474927
2981.317	0.0364985337227398
2979.9	0.0359780640342309
2978.483	0.0361007117395513
2977.0661	0.0360640043703115
2975.6491	0.0356295202837675
2974.2321	0.0365484510866187
2972.8151	0.0367051277402809
2971.3982	0.0364736874822945
2969.9812	0.0366724639984995
2968.5642	0.0360770612149274
2967.1472	0.0380451374439846
2965.7303	0.0373860332490733
2964.3133	0.0369401812707098
2962.8963	0.037501104450096
2961.4793	0.0373659604956252
2960.0623	0.038457266762685
2958.6454	0.0380654172592561
2957.2284	0.0387045461736591
2955.8114	0.0382326760416596
2954.3944	0.0388694237965739
2952.9775	0.0390828173275703
2951.5605	0.039540950006033
2950.1435	0.0396738989705232
2948.7265	0.0402146315303288
2947.3096	0.0405481882761365
2945.8926	0.0396802640161661
2944.4756	0.0408082502105035
2943.0586	0.0405018862897541
2941.6417	0.0412956683983719
2940.2247	0.0415721005230357
2938.8077	0.0422411615240003
2937.3907	0.0427414505121705
2935.9738	0.0425862789078829
2934.5568	0.0424867301838422
2933.1398	0.0428176396103149
2931.7228	0.0427402396933429
2930.3059	0.0431885130895112
2928.8889	0.0431276662277296
2927.4719	0.0437818006198122
2926.0549	0.0441988175602694
2924.638	0.0432179251664697
2923.221	0.0435307821021965
2921.804	0.0433821573153621
2920.387	0.0434229914678156
2918.9701	0.044014864856366
2917.5531	0.0438902596198684
2916.1361	0.0432255611647377
2914.7191	0.0434828941844811
2913.3021	0.0430565876480259
2911.8852	0.0426164142105184
2910.4682	0.0434111534384403
2909.0512	0.0439935592759334
2907.6342	0.043724266418166
2906.2173	0.0432512221559552
2904.8003	0.0428765599092326
2903.3833	0.0420943819104432
2901.9663	0.0427264207789573
2900.5494	0.0427351502862025
2899.1324	0.0421349094364154
2897.7154	0.0432459158397352
2896.2984	0.0429896188833785
2894.8815	0.0425003053239379
2893.4645	0.0423429354121309
2892.0475	0.0425120809753631
2890.6305	0.0425766652107974
2889.2136	0.042735177598723
2887.7966	0.0426073863532086
2886.3796	0.0429981973640095
2884.9626	0.0420061781322177
2883.5457	0.0419654577028724
2882.1287	0.0424475288379711
2880.7117	0.0416255469306393
2879.2947	0.0420265654332706
2877.8778	0.0409404353186157
2876.4608	0.0412076466677266
2875.0438	0.0415404876543574
2873.6268	0.0412940548046149
2872.2099	0.0413925764002436
2870.7929	0.0402720053578606
2869.3759	0.0404666167020339
2867.9589	0.0405479995411063
2866.5419	0.0409667773814783
2865.125	0.0400818425288047
2863.708	0.0399902357484815
2862.291	0.0395664184072419
2860.874	0.0393517751737419
2859.4571	0.0391958627659212
2858.0401	0.0395700194307697
2856.6231	0.039237861737304
2855.2061	0.0384475344559637
2853.7892	0.0390517672167909
2852.3722	0.0393586155396199
2850.9552	0.0389594170593376
2849.5382	0.0385447774745509
2848.1213	0.0384788388813019
2846.7043	0.0386389838397169
2845.2873	0.0381862213500683
2843.8703	0.0381653100589741
2842.4534	0.0383451529430368
2841.0364	0.0374373867782852
2839.6194	0.037668005624424
2838.2024	0.0369963473813141
2836.7855	0.0371060900609467
2835.3685	0.0365477866897712
2833.9515	0.0377532927985465
2832.5345	0.0363095197843253
2831.1176	0.0369540152158482
2829.7006	0.0367506475635985
2828.2836	0.0360754835127787
2826.8666	0.0364460316185796
2825.4497	0.036247406536866
2824.0327	0.035625221886587
2822.6157	0.0360490011731544
2821.1987	0.0355244320369377
2819.7817	0.0356593613250825
2818.3648	0.0363469540689669
2816.9478	0.0359199109500433
2815.5308	0.0356466132890739
2814.1138	0.0352846330747748
2812.6969	0.0357539751202462
2811.2799	0.0352317992730267
2809.8629	0.0350210005467627
2808.4459	0.0342753931963629
2807.029	0.0343522512595367
2805.612	0.0346700767099776
2804.195	0.0345163987339963
2802.778	0.0346412673848166
2801.3611	0.0334192893552108
2799.9441	0.0335849349859225
2798.5271	0.0345319525356997
2797.1101	0.0333889270577597
2795.6932	0.0340642647078874
2794.2762	0.0336928223917704
2792.8592	0.0341531132119016
2791.4422	0.0343546476882493
2790.0253	0.0340675805957301
2788.6083	0.0342540552228564
2787.1913	0.0342659777032853
2785.7743	0.03364788141534
2784.3574	0.0334712117131939
2782.9404	0.0332158893861025
2781.5234	0.0334549241605714
2780.1064	0.0343880963628066
2778.6895	0.0346086434841045
2777.2725	0.0336225022752276
2775.8555	0.0332829613448784
2774.4385	0.033324696235044
2773.0215	0.0336800295072422
2771.6046	0.0334373886543979
2770.1876	0.0338719649643303
2768.7706	0.0332542735791153
2767.3536	0.0337702967247699
2765.9367	0.0328670977190359
2764.5197	0.0328669421040394
2763.1027	0.0336190949056419
2761.6857	0.0330604930853648
2760.2688	0.0337010382943266
2758.8518	0.03250520027474
2757.4348	0.0329120799087507
2756.0178	0.0331102648319902
2754.6009	0.0330572706766455
2753.1839	0.0326087628041724
2751.7669	0.0326098559571189
2750.3499	0.032406276909249
2748.933	0.0328453293098208
2747.516	0.0329926034435596
2746.099	0.0326008482080975
2744.682	0.032821377029293
2743.2651	0.033145324513044
2741.8481	0.0325774338132681
2740.4311	0.03193859488241
2739.0141	0.0328360314701117
2737.5972	0.0328957758966222
2736.1802	0.0322942202037755
2734.7632	0.0323838891623292
2733.3462	0.0321962064130505
2731.9293	0.0324290405218453
2730.5123	0.0328280209196837
2729.0953	0.032412392814593
2727.6783	0.0326421864698005
2726.2613	0.0332164040860347
2724.8444	0.0320832082540462
2723.4274	0.0323663651303787
2722.0104	0.0325338511303475
2720.5934	0.0314854653471591
2719.1765	0.0322911087319125
2717.7595	0.0316906674846758
2716.3425	0.0317585857381813
2714.9255	0.0318867876648267
2713.5086	0.0317179206990241
2712.0916	0.0318694096647498
2710.6746	0.0321233337262903
2709.2576	0.0321384591239962
2707.8407	0.03129474339433
2706.4237	0.0324226220575171
2705.0067	0.0317377843555974
2703.5897	0.0311116622690593
2702.1728	0.0325166515669715
2700.7558	0.0315614155454118
2699.3388	0.0317167458885643
2697.9218	0.0312520912673797
2696.5049	0.0319718698105301
2695.0879	0.031808144956396
2693.6709	0.0315611172181081
2692.2539	0.0321041017892533
2690.837	0.032069899826802
2689.42	0.0317473504418838
2688.003	0.0311334859904928
2686.586	0.0316270113340662
2685.1691	0.0318379251512623
2683.7521	0.0314688467385424
2682.3351	0.0315081751961876
2680.9181	0.0314883648701865
2679.5011	0.0312928249896002
2678.0842	0.030962280657031
2676.6672	0.0306721203635048
2675.2502	0.0314599746853612
2673.8332	0.0309774987743275
2672.4163	0.030906783128044
2670.9993	0.03097099460459
2669.5823	0.030397218509599
2668.1653	0.0314370523889382
2666.7484	0.0306956665323808
2665.3314	0.031574117424817
2663.9144	0.0309871362952981
2662.4974	0.0311647275971017
2661.0805	0.0312666215813027
2659.6635	0.0310334786106756
2658.2465	0.0307814469394414
2656.8295	0.0308865852093049
2655.4126	0.0309134181123589
2653.9956	0.0303472030385
2652.5786	0.0302169300892728
2651.1616	0.0302238205553011
2649.7447	0.0302520157639394
2648.3277	0.0299681167516522
2646.9107	0.0306912243040993
2645.4937	0.0306472066631542
2644.0768	0.0311492409786765
2642.6598	0.0297974877828252
2641.2428	0.0301167922262346
2639.8258	0.029875738374031
2638.4089	0.0296042897782775
2636.9919	0.0301896427468098
2635.5749	0.0302585557261786
2634.1579	0.0301196086442077
2632.741	0.0304122725292666
2631.324	0.0302691201079558
2629.907	0.0297277552887693
2628.49	0.0296630063477766
2627.073	0.0298480795278574
2625.6561	0.0296189115688692
2624.2391	0.0299989342010317
2622.8221	0.0291544255910108
2621.4051	0.0294009804706942
2619.9882	0.0291321196728971
2618.5712	0.0291853536713855
2617.1542	0.0297369086443362
2615.7372	0.0291085756788845
2614.3203	0.0296997184207498
2612.9033	0.0294863999965267
2611.4863	0.0291334784650904
2610.0693	0.0293586641315205
2608.6524	0.0287798855796936
2607.2354	0.0295479455030043
2605.8184	0.0295657496321132
2604.4014	0.0289957165004317
2602.9845	0.0287742059301901
2601.5675	0.0292361850682874
2600.1505	0.0282542849268049
2598.7335	0.0288646196946199
2597.3166	0.0281964145487222
2595.8996	0.0284909895950189
2594.4826	0.0287419251930441
2593.0656	0.0285401546364454
2591.6487	0.0289036698080677
2590.2317	0.029278081072371
2588.8147	0.0285133691494572
2587.3977	0.028638530507053
2585.9808	0.0292002267430099
2584.5638	0.0276414873214733
2583.1468	0.0282436789828491
2581.7298	0.0281448770794904
2580.3128	0.0283906642500502
2578.8959	0.0282252578038401
2577.4789	0.0284170673332501
2576.0619	0.0282876680282636
2574.6449	0.0288982529430616
2573.228	0.0282137689045469
2571.811	0.028190326568446
2570.394	0.0274943866361395
2568.977	0.0280619246817532
2567.5601	0.0276416116752632
2566.1431	0.027965218649616
2564.7261	0.0275104339009766
2563.3091	0.0285140299112231
2561.8922	0.0271108081621021
2560.4752	0.0275145203174895
2559.0582	0.0278526781712107
2557.6412	0.027407072347122
2556.2243	0.0278753803045005
2554.8073	0.0268951286933546
2553.3903	0.0266073212559985
2551.9733	0.0273514280956771
2550.5564	0.0274625123794715
2549.1394	0.0275515947835791
2547.7224	0.0280801769919636
2546.3054	0.02758671420441
2544.8885	0.0283667329546519
2543.4715	0.027200824357025
2542.0545	0.0270993335812749
2540.6375	0.0269782979155436
2539.2206	0.0273924274491765
2537.8036	0.0268051941497409
2536.3866	0.0268696431105142
2534.9696	0.0275010997655366
2533.5526	0.0275943891999671
2532.1357	0.0275397268111223
2530.7187	0.0268877822469422
2529.3017	0.0275116129569999
2527.8847	0.0267574148298928
2526.4678	0.0272748154043411
2525.0508	0.0266989002504045
2523.6338	0.0266086645419623
2522.2168	0.0269926199168394
2520.7999	0.0270356001524494
2519.3829	0.0266541474416414
2517.9659	0.0263447126413222
2516.5489	0.0264362103228374
2515.132	0.0268349579693489
2513.715	0.0274831370440891
2512.298	0.0266633622064427
2510.881	0.0265032306739058
2509.4641	0.0263151733155772
2508.0471	0.0270956578304981
2506.6301	0.0266879473757781
2505.2131	0.0269556733433068
2503.7962	0.0263133337016337
2502.3792	0.0274613903216803
2500.9622	0.0265532336339121
2499.5452	0.0264411583515151
2498.1283	0.0264983980660923
2496.7113	0.0262358414714204
2495.2943	0.0264060908927309
2493.8773	0.0264361380637683
2492.4604	0.0266782871656322
2491.0434	0.0270300165162275
2489.6264	0.0266409566285001
2488.2094	0.0266283684669103
2486.7924	0.0272048064811598
2485.3755	0.026494177156912
2483.9585	0.0260812151758292
2482.5415	0.0258373316265594
2481.1245	0.026421140540034
2479.7076	0.0264020198733718
2478.2906	0.0259230941323029
2476.8736	0.0253419526608516
2475.4566	0.0264626926197111
2474.0397	0.0256418967690525
2472.6227	0.0264767955365528
2471.2057	0.0262246739046416
2469.7887	0.0260342493968793
2468.3718	0.0261676834205849
2466.9548	0.0261942294656191
2465.5378	0.0265681595562858
2464.1208	0.0264126005092321
2462.7039	0.0260915349884938
2461.2869	0.0258405851008339
2459.8699	0.0265536156028948
2458.4529	0.0257102367577574
2457.036	0.0264757826082772
2455.619	0.0254405580520934
2454.202	0.0266548475600416
2452.785	0.0257647571222034
2451.3681	0.0262157451514769
2449.9511	0.025478668244563
2448.5341	0.0262642206887091
2447.1171	0.0255218855681889
2445.7002	0.0258141473605546
2444.2832	0.0260732526442241
2442.8662	0.0254160160096291
2441.4492	0.0263275655458394
2440.0322	0.0265448392715366
2438.6153	0.0259890226131415
2437.1983	0.0256990196043215
2435.7813	0.0257599477906473
2434.3643	0.0250146094726422
2432.9474	0.0257798537951359
2431.5304	0.0264882955279507
2430.1134	0.0257011135283654
2428.6964	0.0258350572062655
2427.2795	0.025665060815054
2425.8625	0.0252000552768574
2424.4455	0.0251299055533724
2423.0285	0.0254840136522385
2421.6116	0.0248403714418009
2420.1946	0.0256823264718469
2418.7776	0.0253686101861763
2417.3606	0.0251116995085079
2415.9437	0.0251165283327221
2414.5267	0.0251759868093019
2413.1097	0.0249057455820992
2411.6927	0.0251439757951528
2410.2758	0.0259665155229105
2408.8588	0.0261269070385417
2407.4418	0.0253409858278839
2406.0248	0.0252260181515773
2404.6079	0.0253745705923018
2403.1909	0.0234197723210315
2401.7739	0.0245486276647119
2400.3569	0.0245751051137555
2398.94	0.0248504337281134
2397.523	0.0254220024565283
2396.106	0.0251071601267991
2394.689	0.0245268014218129
2393.272	0.0252950664924745
2391.8551	0.0253278754059829
2390.4381	0.0241694841214136
2389.0211	0.0245273445991779
2387.6041	0.0248859484445418
2386.1872	0.0245236162696019
2384.7702	0.0243870783010211
2383.3532	0.0252555542504365
2381.9362	0.0251181470516974
2380.5193	0.0251870478723422
2379.1023	0.0249391694955495
2377.6853	0.0251972288301487
2376.2683	0.0247701763567891
2374.8514	0.0249667400751178
2373.4344	0.0245334780411482
2372.0174	0.025346732092705
2370.6004	0.02371697127144
2369.1835	0.0237749180337223
2367.7665	0.0245702388679195
2366.3495	0.0249174073960629
2364.9325	0.0244531870458942
2363.5156	0.0239861628286037
2362.0986	0.024354877068581
2360.6816	0.0245432767795847
2359.2646	0.0252702248487168
2357.8477	0.0247497115746291
2356.4307	0.0252711552272455
2355.0137	0.0247800374478796
2353.5967	0.0251513993847973
2352.1798	0.0246063931867017
2350.7628	0.0250654031506454
2349.3458	0.0248327090076867
2347.9288	0.0251719464163509
2346.5118	0.0249164949899394
2345.0949	0.0249065235682281
2343.6779	0.0248213901754711
2342.2609	0.024601090873048
2340.8439	0.0247404772864832
2339.427	0.0245191818126642
2338.01	0.0241540005386211
2336.593	0.0249233322370149
2335.176	0.0245643905235412
2333.7591	0.0250603702576775
2332.3421	0.0247110435064541
2330.9251	0.025351830932092
2329.5081	0.0253833123937397
2328.0912	0.0248157431780074
2326.6742	0.0244626143188654
2325.2572	0.0248496202489222
2323.8402	0.0252901806323326
2322.4233	0.0251287809285417
2321.0063	0.0243137664793215
2319.5893	0.0250082814761566
2318.1723	0.0236270838921615
2316.7554	0.0247298067172945
2315.3384	0.025034178042594
2313.9214	0.0247115143422457
2312.5044	0.024160637643985
2311.0875	0.0245085428424057
2309.6705	0.0239414974760863
2308.2535	0.0237988351037785
2306.8365	0.0242745275256651
2305.4196	0.0245417750763654
2304.0026	0.0238401019551079
2302.5856	0.0244816967736605
2301.1686	0.024825821643946
2299.7516	0.0243566080474823
2298.3347	0.0237105348749526
2296.9177	0.0248542443860985
2295.5007	0.0245284579655862
2294.0837	0.0235293875699191
2292.6668	0.0245184692773965
2291.2498	0.0242899721954416
2289.8328	0.0240976467991276
2288.4158	0.023854116993476
2286.9989	0.0248128752898954
2285.5819	0.0238653535591751
2284.1649	0.0246187413687332
2282.7479	0.0244490941920124
2281.331	0.0237653738118495
2279.914	0.0240861300478668
2278.497	0.0236957246521689
2277.08	0.0243772108815522
2275.6631	0.0238239026532267
2274.2461	0.0244560289099391
2272.8291	0.0241474851632475
2271.4121	0.0241249166851913
2269.9952	0.0240503239161353
2268.5782	0.0241324185589227
2267.1612	0.0235302930121122
2265.7442	0.0235344305338237
2264.3273	0.0234842878868743
2262.9103	0.0226551760547538
2261.4933	0.0225448132521494
2260.0763	0.0232697102259173
2258.6594	0.0238216543737874
2257.2424	0.0239981030804284
2255.8254	0.0240902240788061
2254.4084	0.0234846198156156
2252.9914	0.0229900707568577
2251.5745	0.0237523206085948
2250.1575	0.0235058180878046
2248.7405	0.0229235417074271
2247.3235	0.0235644823137714
2245.9066	0.0234304683699173
2244.4896	0.0230360961227599
2243.0726	0.0236804905114652
2241.6556	0.0238386220623602
2240.2387	0.0230243457350319
2238.8217	0.0223922225014519
2237.4047	0.0228516790002437
2235.9877	0.0224356253395419
2234.5708	0.0228939344333577
2233.1538	0.023374498571047
2231.7368	0.0231074947346135
2230.3198	0.023311912612799
2228.9029	0.0233457867402237
2227.4859	0.0232869590903377
2226.0689	0.0225607653393386
2224.6519	0.022935357529068
2223.235	0.022860461274759
2221.818	0.0225530322986827
2220.401	0.022701238396749
2218.984	0.0232305708738428
2217.5671	0.0224216605947427
2216.1501	0.0225659179469255
2214.7331	0.0230463081204692
2213.3161	0.0223920550683024
2211.8992	0.0235981758110866
2210.4822	0.0228825239334938
2209.0652	0.0233032312432697
2207.6482	0.0234278686332932
2206.2312	0.0226444141724482
2204.8143	0.022442868648557
2203.3973	0.023711968068583
2201.9803	0.0228394112731949
2200.5633	0.0229773740122324
2199.1464	0.024118216856045
2197.7294	0.0227221155794947
2196.3124	0.0227588960728348
2194.8954	0.0228462575579129
2193.4785	0.023781170646326
2192.0615	0.0229361965638402
2190.6445	0.0238757888125832
2189.2275	0.0227237123424013
2187.8106	0.0221782893437479
2186.3936	0.0225041965392246
2184.9766	0.0220247320362016
2183.5596	0.0216828735805538
2182.1427	0.0221952430232918
2180.7257	0.0219552958321681
2179.3087	0.0225786396207837
2177.8917	0.0221881148767789
2176.4748	0.0224305884190896
2175.0578	0.0235312643813417
2173.6408	0.0221802590211187
2172.2238	0.0221379732239093
2170.8069	0.0234242345740389
2169.3899	0.0224195949512383
2167.9729	0.0227021317259773
2166.5559	0.0226089718021533
2165.139	0.0225278320131187
2163.722	0.0223962273893617
2162.305	0.0221836775644151
2160.888	0.0216590357328897
2159.471	0.0209110561246124
2158.0541	0.0199906701749681
2156.6371	0.0194811881457142
2155.2201	0.0207464287431011
2153.8031	0.0202025752125678
2152.3862	0.0210190042736169
2150.9692	0.0212252331164123
2149.5522	0.0215623682112508
2148.1352	0.0215507742406293
2146.7183	0.0208426542319922
2145.3013	0.0207210895615918
2143.8843	0.0202756797884967
2142.4673	0.0217865127403524
2141.0504	0.0210757427231466
2139.6334	0.0214849367872363
2138.2164	0.0208959127675244
2136.7994	0.0218652495944924
2135.3825	0.0216860680516999
2133.9655	0.0215565062245508
2132.5485	0.0225653806036348
2131.1315	0.0216960901335197
2129.7146	0.0211884979809986
2128.2976	0.021413305194052
2126.8806	0.0218230218336055
2125.4636	0.0226324318486642
2124.0467	0.0218382345118556
2122.6297	0.0217783020116878
2121.2127	0.0224087875179834
2119.7957	0.0216107308394767
2118.3788	0.0221526146693244
2116.9618	0.0219520933249328
2115.5448	0.0217328344024002
2114.1278	0.0227700419834431
2112.7108	0.0227057425259468
2111.2939	0.0225687507764858
2109.8769	0.0228227508499147
2108.4599	0.022332582658693
2107.0429	0.0219353231950479
2105.626	0.0219849990960419
2104.209	0.0220259095348562
2102.792	0.021798807665403
2101.375	0.0211841072531259
2099.9581	0.0221638562998969
2098.5411	0.0217908777520794
2097.1241	0.0225181513692832
2095.7071	0.0221794850703207
2094.2902	0.0210380611306951
2092.8732	0.0219926408319626
2091.4562	0.0219630753925213
2090.0392	0.0214732646926895
2088.6223	0.0216046597522094
2087.2053	0.0220996623712197
2085.7883	0.0219558070063999
2084.3713	0.0222302373544243
2082.9544	0.02292532474719
2081.5374	0.0221229411567878
2080.1204	0.0218297741914515
2078.7034	0.0226883846269827
2077.2865	0.0222132839152139
2075.8695	0.0227913023021396
2074.4525	0.0220509754632344
2073.0355	0.0219326883860533
2071.6186	0.0222496264850425
2070.2016	0.0222145090135168
2068.7846	0.0223106713489497
2067.3676	0.02200506161272
2065.9506	0.0211050210700912
2064.5337	0.0217419543876293
2063.1167	0.0215444972181822
2061.6997	0.0222165086935243
2060.2827	0.0220268083000165
2058.8658	0.0218425315354215
2057.4488	0.0218662071712919
2056.0318	0.0217900805896061
2054.6148	0.0218285637179034
2053.1979	0.0217951587017511
2051.7809	0.0218637245742199
2050.3639	0.021675525864269
2048.9469	0.0212539340443556
2047.53	0.0218592405428847
2046.113	0.0215558791158651
2044.696	0.0216046786420921
2043.279	0.0206438965588414
2041.8621	0.0210178769409207
2040.4451	0.0214488705766898
2039.0281	0.0211482119034744
2037.6111	0.0201945018268697
2036.1942	0.0206234135038171
2034.7772	0.0205238733147953
2033.3602	0.0204085913869368
2031.9432	0.0198258704214434
2030.5263	0.0208078932013505
2029.1093	0.0201939438085313
2027.6923	0.0200375733076737
2026.2753	0.0194771092058899
2024.8584	0.0196040110593621
2023.4414	0.0196026922702093
2022.0244	0.0193342416668166
2020.6074	0.0192781610590261
2019.1904	0.0189380956558409
2017.7735	0.0189637354618353
2016.3565	0.018668428299316
2014.9395	0.0197303554185307
2013.5225	0.0200532006730818
2012.1056	0.0197580994736541
2010.6886	0.0202886451116851
2009.2716	0.0203151712391306
2007.8546	0.0191937664045863
2006.4377	0.0194816736585218
2005.0207	0.0196043850344391
2003.6037	0.0197742529933854
2002.1867	0.0210707750604617
2000.7698	0.0205215657883227
1999.3528	0.0197006927019776
1997.9358	0.019637510895797
1996.5188	0.0198232150496625
1995.1019	0.0194185929175387
1993.6849	0.0189188606222039
1992.2679	0.0192306845443167
1990.8509	0.0198828367184988
1989.434	0.0200489130128302
1988.017	0.0198375238505777
1986.6	0.019605803560229
1985.183	0.0198991298868321
1983.7661	0.020259145055783
1982.3491	0.0197486736878883
1980.9321	0.0206397686932068
1979.5151	0.0204881598418911
1978.0982	0.0201257836346467
1976.6812	0.0193033940060434
1975.2642	0.0190793784179216
1973.8472	0.01888664897446
1972.4302	0.0183491056991848
1971.0133	0.0184664155422443
1969.5963	0.0183827645946812
1968.1793	0.0177871486283066
1966.7623	0.0184842339920008
1965.3454	0.0188266026689557
1963.9284	0.0187545468258086
1962.5114	0.018746524508811
1961.0944	0.0189056890916196
1959.6775	0.0191090482086117
1958.2605	0.0193073176896407
1956.8435	0.0196984684159
1955.4265	0.0196992352243755
1954.0096	0.0195217804967557
1952.5926	0.0197797439699423
1951.1756	0.0193387433219987
1949.7586	0.018875944346564
1948.3417	0.0194522351011369
1946.9247	0.0197338881836786
1945.5077	0.0191476787441102
1944.0907	0.0200322115354155
1942.6738	0.019463193309293
1941.2568	0.0198853958892821
1939.8398	0.019712587161498
1938.4228	0.0196252725596424
1937.0059	0.0195237320691101
1935.5889	0.020372746926527
1934.1719	0.0198310768102992
1932.7549	0.0204683417224714
1931.338	0.0202068706069233
1929.921	0.0203176806759396
1928.504	0.0199827900962907
1927.087	0.0201543798455708
1925.67	0.0199379130116068
1924.2531	0.0198799313397783
1922.8361	0.0204154060285442
1921.4191	0.0202479258954259
1920.0021	0.0194755016766759
1918.5852	0.0203194528479993
1917.1682	0.0196733740530315
1915.7512	0.0201044345128991
1914.3342	0.0190248903301494
1912.9173	0.0199701744425205
1911.5003	0.0199891395156695
1910.0833	0.0203016388319092
1908.6663	0.019587970942897
1907.2494	0.0206325986748401
1905.8324	0.0210962977580484
1904.4154	0.0199118123235656
1902.9984	0.0200056811572346
1901.5815	0.0200295170124794
1900.1645	0.0194399172781297
1898.7475	0.0205879323309804
1897.3305	0.0200897296925744
1895.9136	0.0200304803623549
1894.4966	0.0212514699960841
1893.0796	0.021017921641923
1891.6626	0.020395717956677
1890.2457	0.0195524520022883
1888.8287	0.0204055669257965
1887.4117	0.0205109940947005
1885.9947	0.0201067366007171
1884.5778	0.0198359604600014
1883.1608	0.0201540544201489
1881.7438	0.0192831219236407
1880.3268	0.0192593287689625
1878.9098	0.0191445727177787
1877.4929	0.0203416484578554
1876.0759	0.0200083162124803
1874.6589	0.0199923438059031
1873.2419	0.0204683395985396
1871.825	0.0207281929190467
1870.408	0.0204880495825905
1868.991	0.0200620042682535
1867.574	0.019667350903566
1866.1571	0.020443447604995
1864.7401	0.0200213297484865
1863.3231	0.0196091954943338
1861.9061	0.0202226944577608
1860.4892	0.0196617172402958
1859.0722	0.0207136045151331
1857.6552	0.0203444412479844
1856.2382	0.0192999438994361
1854.8213	0.0193765323206864
1853.4043	0.019853102944354
1851.9873	0.019673241270396
1850.5703	0.0202809833166243
1849.1534	0.0194548919722001
1847.7364	0.0207126774376122
1846.3194	0.0197313503398261
1844.9024	0.019917890053535
1843.4855	0.0205355094667746
1842.0685	0.0208229180327544
1840.6515	0.0195971051106551
1839.2345	0.0194685247208413
1837.8176	0.0204572782198769
1836.4006	0.0195279280666093
1834.9836	0.0194623562543719
1833.5666	0.0198667083675219
1832.1496	0.0203677944049078
1830.7327	0.0192484286885629
1829.3157	0.0201181693437099
1827.8987	0.0200265071117054
1826.4817	0.0193359057414347
1825.0648	0.0195098155787433
1823.6478	0.0201916625944753
1822.2308	0.019073174628008
1820.8138	0.0199907056208542
1819.3969	0.0199429145679011
1817.9799	0.019764829198885
1816.5629	0.019555830459546
1815.1459	0.0198584137513564
1813.729	0.0194265870138437
1812.312	0.0200978513862732
1810.895	0.0192361677691341
1809.478	0.0192947826343569
1808.0611	0.0198093148214874
1806.6441	0.0194185914049832
1805.2271	0.0196764153360311
1803.8101	0.0206339774929644
1802.3932	0.0204541183203221
1800.9762	0.0193886839894502
1799.5592	0.0193433737061728
1798.1422	0.0194455288109928
1796.7253	0.0198323871615434
1795.3083	0.019707975785077
1793.8913	0.0200841455409772
1792.4743	0.0193407930431823
1791.0574	0.0196003704979508
1789.6404	0.0198869043209161
1788.2234	0.0195227712224821
1786.8064	0.0200073728690326
1785.3894	0.0198033442526992
1783.9725	0.0201316589101372
1782.5555	0.0205381924989425
1781.1385	0.0195806516626436
1779.7215	0.0207864544240373
1778.3046	0.0194940448240521
1776.8876	0.0197573243543816
1775.4706	0.019725090538824
1774.0536	0.0197271616133658
1772.6367	0.0201271835790283
1771.2197	0.0200354153172207
1769.8027	0.0199733142861584
1768.3857	0.0197600381414001
1766.9688	0.019974116445858
1765.5518	0.0196250013314353
1764.1348	0.0196479812565618
1762.7178	0.0204954250687248
1761.3009	0.0208118477370479
1759.8839	0.0210546445301857
1758.4669	0.0206245028409222
1757.0499	0.0202202573338692
1755.633	0.0207773969971098
1754.216	0.0209235287091911
1752.799	0.0202235586862397
1751.382	0.0209727506013982
1749.9651	0.0213132220576044
1748.5481	0.0206501797458149
1747.1311	0.0216943964195777
1745.7141	0.0213838763689973
1744.2972	0.0203628088137345
1742.8802	0.0216357048936362
1741.4632	0.0215827990464405
1740.0462	0.0218083056827273
1738.6292	0.0223698614666172
1737.2123	0.0220599981435116
1735.7953	0.0224162521660509
1734.3783	0.0220212009910645
1732.9613	0.0227649641892349
1731.5444	0.0230706884762483
1730.1274	0.0229473568071835
1728.7104	0.0230957300073877
1727.2934	0.0230967404020112
1725.8765	0.0237699154225888
1724.4595	0.0236917132777468
1723.0425	0.0242523934995426
1721.6255	0.0240643724928571
1720.2086	0.0242560073089842
1718.7916	0.0239358692323187
1717.3746	0.0240776653125652
1715.9576	0.0250188924986408
1714.5407	0.0252252790523664
1713.1237	0.0261080118801152
1711.7067	0.0257295357726824
1710.2897	0.0256077658181188
1708.8728	0.0251755680455299
1707.4558	0.0260190978986421
1706.0388	0.0265863950656741
1704.6218	0.0266102874901385
1703.2049	0.0268581718702307
1701.7879	0.0261714023255698
1700.3709	0.0263241586682476
1698.9539	0.0273643488653389
1697.537	0.026858479444009
1696.12	0.0275138360861591
1694.703	0.0276594313632328
1693.286	0.0276467368973632
1691.869	0.0268688837599419
1690.4521	0.026561209068418
1689.0351	0.0275202902047904
1687.6181	0.027496575461244
1686.2011	0.027952715803601
1684.7842	0.0285690996909985
1683.3672	0.0277587804541053
1681.9502	0.0281719069696662
1680.5332	0.0281111762225857
1679.1163	0.0281970267857589
1677.6993	0.0283893994383362
1676.2823	0.0277976454717491
1674.8653	0.0284149622029923
1673.4484	0.028186738814547
1672.0314	0.0292473692877986
1670.6144	0.0295182557449954
1669.1974	0.0290202925073549
1667.7805	0.0300478433601002
1666.3635	0.0297718457797721
1664.9465	0.0298691215539629
1663.5295	0.0293721951660521
1662.1126	0.0302215815597544
1660.6956	0.029877280438791
1659.2786	0.0302694616677122
1657.8616	0.030040620494596
1656.4447	0.0305441851067227
1655.0277	0.0309240445538857
1653.6107	0.0319122688644553
1652.1937	0.0321626815170382
1650.7768	0.0320435612553653
1649.3598	0.0325315168917172
1647.9428	0.0318376901864341
1646.5258	0.0321602206461196
1645.1088	0.0335547352650678
1643.6919	0.0342798689493532
1642.2749	0.0347726158879363
1640.8579	0.0362501964958209
1639.4409	0.0357265899606289
1638.024	0.0356296585119563
1636.607	0.0364739068208954
1635.19	0.0379998462873224
1633.773	0.0385033581345515
1632.3561	0.0383153468051483
1630.9391	0.0390509488933712
1629.5221	0.0387750101373642
1628.1051	0.0392665244510128
1626.6882	0.0396138301297823
1625.2712	0.0397721986192521
1623.8542	0.0400812291321221
1622.4372	0.041013531399131
1621.0203	0.0406980252494173
1619.6033	0.0416773906869356
1618.1863	0.0410375852733804
1616.7693	0.0416692950190867
1615.3524	0.0425643512797148
1613.9354	0.0427051717067332
1612.5184	0.042647294059116
1611.1014	0.0431754538684259
1609.6845	0.04365989838597
1608.2675	0.0434299786689135
1606.8505	0.0442818283330479
1605.4335	0.0451484544896976
1604.0166	0.0459385339239575
1602.5996	0.0468281309713133
1601.1826	0.0463238927704457
1599.7656	0.0462092427248309
1598.3486	0.0463634207701535
1596.9317	0.0459152511959712
1595.5147	0.0460879721463633
1594.0977	0.0462043473245806
1592.6807	0.0456464759884918
1591.2638	0.0449277679033318
1589.8468	0.0449393870305237
1588.4298	0.0444820447511025
1587.0128	0.0444241613385743
1585.5959	0.0436177169449464
1584.1789	0.0429100011119173
1582.7619	0.0432444053008311
1581.3449	0.0427691403122508
1579.928	0.0413250930308487
1578.511	0.0405551675688632
1577.094	0.0409211854164841
1575.677	0.039563822169734
1574.2601	0.0399621282799563
1572.8431	0.0394780648073665
1571.4261	0.0383714976591494
1570.0091	0.0389697446793313
1568.5922	0.0375754195051573
1567.1752	0.0376129235169601
1565.7582	0.0370731136267041
1564.3412	0.0371948976951589
1562.9243	0.0365349048591053
1561.5073	0.0352003852267866
1560.0903	0.033955600760628
1558.6733	0.0344837512980283
1557.2564	0.0332445830778007
1555.8394	0.0321178461296396
1554.4224	0.0319089914343643
1553.0054	0.0316365159638588
1551.5885	0.03171596756505
1550.1715	0.0313504251463379
1548.7545	0.030449418307009
1547.3375	0.030056001458922
1545.9205	0.0293343246656093
1544.5036	0.029239355618836
1543.0866	0.0290111852643825
1541.6696	0.0292926515254671
1540.2526	0.028909102554106
1538.8357	0.028635907079519
1537.4187	0.0289501810831611
1536.0017	0.0288084783663932
1534.5847	0.0288733682347731
1533.1678	0.0280274109688451
1531.7508	0.0281439523268307
1530.3338	0.0274923877369012
1528.9168	0.0278283750610783
1527.4999	0.0277441237716376
1526.0829	0.0281822344279591
1524.6659	0.0291401891486033
1523.2489	0.0295444831093196
1521.832	0.0302289408067235
1520.415	0.0309867481922077
1518.998	0.0317026412174544
1517.581	0.0330918543372084
1516.1641	0.0338204706129398
1514.7471	0.0340130781568245
1513.3301	0.0342952886439535
1511.9131	0.0354048948648189
1510.4962	0.0350490176635277
1509.0792	0.0363282683145391
1507.6622	0.0357565941272576
1506.2452	0.0362292985271972
1504.8283	0.0360474521837213
1503.4113	0.035025525643421
1501.9943	0.0341985445936671
1500.5773	0.032860711887306
1499.1603	0.031813962452428
1497.7434	0.0310246033974398
1496.3264	0.0308171035745961
1494.9094	0.0309197502589841
1493.4924	0.0304901276518676
1492.0755	0.0296019751222999
1490.6585	0.028554476827868
1489.2415	0.0294333664948079
1487.8245	0.0297924851383914
1486.4076	0.0300937897834454
1484.9906	0.0309004690786914
1483.5736	0.0303362761932882
1482.1566	0.0321438471159632
1480.7397	0.0310459521922794
1479.3227	0.0315405844008555
1477.9057	0.0319146660515732
1476.4887	0.032118893710604
1475.0718	0.0326991570234245
1473.6548	0.0319970612415329
1472.2378	0.0326266680576134
1470.8208	0.0335980402024823
1469.4039	0.0345351700407592
1467.9869	0.0345107536752404
1466.5699	0.035450067314002
1465.1529	0.0366139969930302
1463.736	0.0374812556615763
1462.319	0.038116658220618
1460.902	0.0387609363332688
1459.485	0.03854251732267
1458.0681	0.0396524743926431
1456.6511	0.0404601696103855
1455.2341	0.0409324470427558
1453.8171	0.040556300971577
1452.4001	0.0414395156210162
1450.9832	0.0412263720816231
1449.5662	0.0409554408599845
1448.1492	0.0410773459768392
1446.7322	0.0412278238427065
1445.3153	0.0412305483901951
1443.8983	0.0417814079405758
1442.4813	0.0411156964282464
1441.0643	0.0411774121646128
1439.6474	0.0412697896454161
1438.2304	0.0417128446886848
1436.8134	0.0421690935577402
1435.3964	0.0419995012225837
1433.9795	0.0425435639565877
1432.5625	0.0434301560087433
1431.1455	0.0432719475792419
1429.7285	0.0440009639984045
1428.3116	0.0449191800414309
1426.8946	0.0449364747175621
1425.4776	0.0444223265361769
1424.0606	0.0456077951025946
1422.6437	0.0460145246721714
1421.2267	0.0463138055406999
1419.8097	0.0464440606310215
1418.3927	0.04687136483935
1416.9758	0.0467097357601714
1415.5588	0.0475982019533605
1414.1418	0.0472495276892947
1412.7248	0.0470277420401831
1411.3079	0.0470193640539514
1409.8909	0.04704067202574
1408.4739	0.0469591314689714
1407.0569	0.0485073686629738
1405.6399	0.0469438826384352
1404.223	0.0470875818527869
1402.806	0.0478597068673483
1401.389	0.0475328079554191
1399.972	0.047514017609136
1398.5551	0.0475119651918533
1397.1381	0.0477796889649235
1395.7211	0.0482532729328305
1394.3041	0.0486064807087448
1392.8872	0.0488138607770181
1391.4702	0.049120735584724
1390.0532	0.049509302918272
1388.6362	0.0498259133845653
1387.2193	0.0506501884141829
1385.8023	0.0506945615936632
1384.3853	0.0510364259644701
1382.9683	0.0509988574820313
1381.5514	0.0517632453308144
1380.1344	0.0509265456256543
1378.7174	0.0508743955303716
1377.3004	0.0502613751253245
1375.8835	0.0506815865551251
1374.4665	0.0506720725830355
1373.0495	0.0507938724341861
1371.6325	0.0505879923691933
1370.2156	0.0520581760721077
1368.7986	0.0523143081456679
1367.3816	0.0532492250677837
1365.9646	0.0532613941778861
1364.5477	0.0536613836716783
1363.1307	0.0540932637525874
1361.7137	0.0534003604890481
1360.2967	0.053685377684027
1358.8797	0.0536539833795442
1357.4628	0.0536913251309734
1356.0458	0.0520388147676464
1354.6288	0.0518200424659317
1353.2118	0.0511063215877078
1351.7949	0.0510261923409506
1350.3779	0.0503124609557481
1348.9609	0.050657177565733
1347.5439	0.0508324710098075
1346.127	0.0514152039695992
1344.71	0.0506072179542295
1343.293	0.0515637627394246
1341.876	0.0511441947541376
1340.4591	0.0516283752254193
1339.0421	0.0509420500896722
1337.6251	0.0518262850319003
1336.2081	0.0525551134570074
1334.7912	0.0523622993780065
1333.3742	0.0518027469466127
1331.9572	0.051772508149566
1330.5402	0.0514653537304336
1329.1233	0.0509717215537238
1327.7063	0.0506988400016434
1326.2893	0.0498870502404507
1324.8723	0.0500285286982217
1323.4554	0.0500523227115547
1322.0384	0.0488213131155388
1320.6214	0.0487421176799482
1319.2044	0.0483659871668467
1317.7875	0.0477912232442271
1316.3705	0.0471627909719279
1314.9535	0.0465909528269159
1313.5365	0.0463463420478815
1312.1195	0.0464137579211327
1310.7026	0.0456052023140616
1309.2856	0.0459318021299708
1307.8686	0.046285657684744
1306.4516	0.0463727708729209
1305.0347	0.0461816529830957
1303.6177	0.0463045461217346
1302.2007	0.0462132422952425
1300.7837	0.0461991637879902
1299.3668	0.0464178481578907
1297.9498	0.0463344239669458
1296.5328	0.0459688168814403
1295.1158	0.0459123499238677
1293.6989	0.0457896994879962
1292.2819	0.0462868702049713
1290.8649	0.0466202652305054
1289.4479	0.0460234314231136
1288.031	0.0470896659807414
1286.614	0.0461784915177308
1285.197	0.0460167487188365
1283.78	0.0470109300977796
1282.3631	0.047219709731233
1280.9461	0.0475119687283061
1279.5291	0.0477593333132095
1278.1121	0.0486168003481243
1276.6952	0.0493615133037847
1275.2782	0.0499650724154434
1273.8612	0.0501581259464801
1272.4442	0.0511055602675334
1271.0273	0.0507577202943269
1269.6103	0.0509733259688063
1268.1933	0.051568613653091
1266.7763	0.0507897252245099
1265.3593	0.0503616266291141
1263.9424	0.0508720060746145
1262.5254	0.0497069064201852
1261.1084	0.0495809524727751
1259.6914	0.0492182275774891
1258.2745	0.0506574135746533
1256.8575	0.0493941439060695
1255.4405	0.0492997427479174
1254.0235	0.049416634656007
1252.6066	0.0501877244724635
1251.1896	0.049382686556278
1249.7726	0.0492898857898204
1248.3556	0.0497260703264988
1246.9387	0.0487387773219981
1245.5217	0.0489059044067521
1244.1047	0.0488813408571172
1242.6877	0.0485700260512647
1241.2708	0.048952005558645
1239.8538	0.0492971058774976
1238.4368	0.0492585665334154
1237.0198	0.0494170002025848
1235.6029	0.0496973344113775
1234.1859	0.0496590254654787
1232.7689	0.0493958616998378
1231.3519	0.0486634900816703
1229.935	0.0483804745755364
1228.518	0.0480093174740518
1227.101	0.0482004855561104
1225.684	0.0470472611622451
1224.2671	0.04586117103158
1222.8501	0.0443304246457233
1221.4331	0.0453040015737393
1220.0161	0.0439859092274017
1218.5991	0.0446546779658878
1217.1822	0.042940075596898
1215.7652	0.0429988581275614
1214.3482	0.0428968006750375
1212.9312	0.0428934198893071
1211.5143	0.0426557390634727
1210.0973	0.0418784235811453
1208.6803	0.0418815645724446
1207.2633	0.0411947536312872
1205.8464	0.0412895933795937
1204.4294	0.040499480411077
1203.0124	0.0407809663892067
1201.5954	0.0406122203140236
1200.1785	0.0395965132934622
1198.7615	0.0390988636065111
1197.3445	0.0385828220865549
1195.9275	0.0378563019134863
1194.5106	0.0375242728600964
1193.0936	0.0371162604869922
1191.6766	0.0376216601938876
1190.2596	0.03644156033279
1188.8427	0.0356521445599116
1187.4257	0.0355551419143888
1186.0087	0.0358066015380847
1184.5917	0.0349636013146385
1183.1748	0.034704418926378
1181.7578	0.0346386810914669
1180.3408	0.0348837294880314
1178.9238	0.0349328358839711
1177.5069	0.0351567714247298
1176.0899	0.0361635062244139
1174.6729	0.0361295117261188
1173.2559	0.0371923550202534
1171.8389	0.0384918908443195
1170.422	0.038973805107118
1169.005	0.0410533409051922
1167.588	0.0430834276530244
1166.171	0.0448555248605967
1164.7541	0.0467886082610846
1163.3371	0.0492217397932727
1161.9201	0.0518084681467257
1160.5031	0.0543781597300678
1159.0862	0.0573138982192444
1157.6692	0.0590157325564836
1156.2522	0.0621760391629117
1154.8352	0.0636775123778204
1153.4183	0.0645766695989148
1152.0013	0.0665910216793391
1150.5843	0.0686548950441102
1149.1673	0.0689787188545649
1147.7504	0.0696644375311747
1146.3334	0.0696430632369339
1144.9164	0.0692790794983547
1143.4994	0.0685241341374779
1142.0825	0.0681339895080688
1140.6655	0.0670611648457557
1139.2485	0.0652989239320828
1137.8315	0.0647514312597055
1136.4146	0.0638423996779444
1134.9976	0.0634081281922921
1133.5806	0.0628442751207814
1132.1636	0.0625470842773505
1130.7467	0.0628806182265195
1129.3297	0.0630051861945049
1127.9127	0.0632332351544552
1126.4957	0.0637918496968651
1125.0787	0.0633002029138736
1123.6618	0.0637665889016454
1122.2448	0.0639337474043534
1120.8278	0.0647226064687597
1119.4108	0.0644624532329734
1117.9939	0.0647463820622053
1116.5769	0.0658231719649888
1115.1599	0.0658683863163667
1113.7429	0.0665379375863891
1112.326	0.0659655259541269
1110.909	0.0673471868257064
1109.492	0.067078673384934
1108.075	0.0678216409978559
1106.6581	0.0688159715465972
1105.2411	0.0691376791806446
1103.8241	0.0699306035594665
1102.4071	0.0705267154323955
1100.9902	0.0711573768482669
1099.5732	0.0710877518047233
1098.1562	0.0717849934271863
1096.7392	0.0722497668508029
1095.3223	0.0725377990201842
1093.9053	0.0720985527196459
1092.4883	0.0722680031631049
1091.0713	0.0744854205552187
1089.6544	0.0754154712833695
1088.2374	0.076763798442029
1086.8204	0.0791630428071838
1085.4034	0.0812023489830084
1083.9865	0.082987884258104
1082.5695	0.0851884381035063
1081.1525	0.0880841527911407
1079.7355	0.0902256277487894
1078.3185	0.0915817179703673
1076.9016	0.0920119733463288
1075.4846	0.0922180045358241
1074.0676	0.0923772809520961
1072.6506	0.090052654678269
1071.2337	0.0894089486348104
1069.8167	0.0875693713563143
1068.3997	0.0856357559021346
1066.9827	0.084739759818008
1065.5658	0.083637239449743
1064.1488	0.0847286406565763
1062.7318	0.0850186069528734
1061.3148	0.0858988527936579
1059.8979	0.0877638788162692
1058.4809	0.0877890700813608
1057.0639	0.0898549372075213
1055.6469	0.0921996895654848
1054.23	0.0930595331338068
1052.813	0.0950504186369897
1051.396	0.0961924263055116
1049.979	0.0985275246383837
1048.5621	0.0998451932370922
1047.1451	0.102407222986983
1045.7281	0.104054044005553
1044.3111	0.105520871263949
1042.8942	0.107330452092732
1041.4772	0.109625952565921
1040.0602	0.111648736095721
1038.6432	0.112848676589802
1037.2263	0.114867267195857
1035.8093	0.116248059594369
1034.3923	0.118415684186606
1032.9753	0.119970002976662
1031.5583	0.122145909168154
1030.1414	0.1244653602383
1028.7244	0.126470376053255
1027.3074	0.128186076296775
1025.8904	0.129679431949502
1024.4735	0.132371097749605
1023.0565	0.134116677457111
1021.6395	0.135681697438448
1020.2225	0.137493715174097
1018.8056	0.139111627197927
1017.3886	0.140555882187782
1015.9716	0.141064437144661
1014.5546	0.141439068029292
1013.1377	0.142385737047047
1011.7207	0.141875450151781
1010.3037	0.141833289563285
1008.8867	0.142179017169731
1007.4698	0.142422101480708
1006.0528	0.142259072655896
1004.6358	0.143508648617758
1003.2188	0.143511228187535
1001.8019	0.144809341674423
1000.3849	0.145513587425713
998.9679	0.146104704686727
997.5509	0.146194884438684
996.134	0.147327130852639
994.717	0.148394166919816
993.3	0.148619785841747
991.883	0.14953422167659
990.4661	0.149524787769764
989.0491	0.149674734257958
987.6321	0.148199445400768
986.2151	0.146994755261281
984.7981	0.146335077653295
983.3812	0.144558737767773
981.9642	0.143537018575163
980.5472	0.141008805988336
979.1302	0.138667797096835
977.7133	0.136598288436177
976.2963	0.133338517542118
974.8793	0.131209740270625
973.4623	0.128661943240624
972.0454	0.12630321410216
970.6284	0.122672995037915
969.2114	0.11995630438517
967.7944	0.117296719547414
966.3775	0.114602879936592
964.9605	0.112707401269799
963.5435	0.109602368979605
962.1265	0.10753161592708
960.7096	0.105247686184556
959.2926	0.102443088413491
957.8756	0.100045605716045
956.4586	0.0990549125213943
955.0417	0.0962804632075525
953.6247	0.0948346999073044
952.2077	0.0927448662058315
950.7907	0.0909116657731226
949.3738	0.090114261917085
947.9568	0.0887148274262931
946.5398	0.0875334590118567
945.1228	0.0874257480862672
943.7059	0.0866307897483303
942.2889	0.0868038271675298
940.8719	0.0868336467170677
939.4549	0.0867838636509139
938.0379	0.0875328495403198
936.621	0.0877081130844074
935.204	0.0877670606646951
933.787	0.0879024940826856
932.37	0.0876649575059038
930.9531	0.0878209285145977
929.5361	0.0872327107727327
928.1191	0.0875215670713255
926.7021	0.0880649361180186
925.2852	0.0874832600101501
923.8682	0.0878818812614273
922.4512	0.0872873147921333
921.0342	0.0871721790949665
919.6173	0.0860070308725291
918.2003	0.0867665878133304
916.7833	0.0859118980926885
915.3663	0.0850163844492804
913.9494	0.0845849527888821
912.5324	0.08362736241618
911.1154	0.082668441761098
909.6984	0.0819432209601405
908.2815	0.0812965282915406
906.8645	0.080719241598839
905.4475	0.0799203770683302
904.0305	0.0786032454641179
902.6136	0.0778023159569706
901.1966	0.0769502386478166
899.7796	0.0767391909965304
898.3626	0.0761155439047261
896.9457	0.0752274458111374
895.5287	0.0747848827629351
894.1117	0.0749856781680901
892.6947	0.07420359373972
891.2777	0.0734822826370076
889.8608	0.0730155050660137
888.4438	0.0724164673878944
887.0268	0.0716053523700692
885.6098	0.0717198052595062
884.1929	0.0700039861240668
882.7759	0.0696135255310089
881.3589	0.068281676543776
879.9419	0.0690050839936805
878.525	0.0681548751213379
877.108	0.0677100442428417
875.691	0.0683848130072907
874.274	0.0673990029572153
872.8571	0.0671941604708603
871.4401	0.0686127027561658
870.0231	0.0684085692206653
868.6061	0.0683132070462309
867.1892	0.0687878950775658
865.7722	0.0691259469646928
864.3552	0.0692522429319957
862.9382	0.070023275524104
861.5213	0.0709466664007063
860.1043	0.0711078305984259
858.6873	0.071570263270249
857.2703	0.0712640935704606
855.8534	0.0715208712369095
854.4364	0.071662271916578
853.0194	0.0707803021234003
851.6024	0.0716559661638089
850.1855	0.0714483922262219
848.7685	0.0717611356539376
847.3515	0.0713422148960387
845.9345	0.0717889706878413
844.5175	0.0710359544777645
843.1006	0.0715314931564643
841.6836	0.0706022749914403
840.2666	0.0704749322071672
838.8496	0.0708646777459135
837.4327	0.0704018704071798
836.0157	0.0689428078627882
834.5987	0.0686608425651895
833.1817	0.0680967013272606
831.7648	0.068135863278539
830.3478	0.0673242628552951
828.9308	0.067061893918515
827.5138	0.067038987535434
826.0969	0.0662495559676743
824.6799	0.066180805462014
823.2629	0.0663276852160288
821.8459	0.0655357538562685
820.429	0.0661786719316848
819.012	0.0654094498370188
817.595	0.0661578233750321
816.178	0.0654303166676814
814.7611	0.0651550196089825
813.3441	0.0648166737788064
811.9271	0.0645205002970143
810.5101	0.0640889782590051
809.0932	0.064235336784648
807.6762	0.0635313615531453
806.2592	0.0633254172344047
804.8422	0.0632122515824435
803.4253	0.0632317847574092
802.0083	0.0634389492246061
800.5913	0.0639967616923878
799.1743	0.063706419721367
797.7573	0.0639688421262192
796.3404	0.0638296531208251
794.9234	0.0633115140883019
793.5064	0.0633196939796751
792.0894	0.0631592560758854
790.6725	0.0642419993481318
789.2555	0.0643028389168321
787.8385	0.0644836249431809
786.4215	0.0651146152395468
785.0046	0.0656521332687441
783.5876	0.0650515471837021
782.1706	0.0663483142225057
780.7536	0.0663480888447579
779.3367	0.06643034983732
777.9197	0.067496527100203
776.5027	0.0681410202125634
775.0857	0.0689316137764737
773.6688	0.0693802311809782
772.2518	0.0701997123447559
770.8348	0.0714076547948896
769.4178	0.0727531874428317
768.0009	0.0719742333871524
766.5839	0.0729180532399663
765.1669	0.0733992322894648
763.7499	0.0751959357165083
762.333	0.0748206940301141
760.916	0.0756647187678847
759.499	0.0755492271833001
758.082	0.0756283822928987
756.6651	0.0757650084258785
755.2481	0.0750880817111855
753.8311	0.074549645738196
752.4141	0.0743672693447518
750.9971	0.0731994499291705
749.5802	0.0722128219885264
748.1632	0.0718446806252835
746.7462	0.0711339781054883
745.3292	0.0704994080008136
743.9123	0.0702758002769277
742.4953	0.069624984903151
741.0783	0.069277781921293
739.6613	0.0685604480853921
738.2444	0.0694542691214618
736.8274	0.0692952053022197
735.4104	0.0695893488057333
733.9934	0.0685921421479962
732.5765	0.0692998540409145
731.1595	0.0693181719402492
729.7425	0.0688811775493566
728.3255	0.0702897997770268
726.9086	0.0704469628198539
725.4916	0.0710921297978101
724.0746	0.0705882424241304
722.6576	0.0722964399382376
721.2407	0.0726634035383276
719.8237	0.0726704110368992
718.4067	0.0739605095665713
716.9897	0.0734256125113976
715.5728	0.0743663505790253
714.1558	0.0752011485187438
712.7388	0.0760543634812767
711.3218	0.0772822957879635
709.9049	0.0781493766217991
708.4879	0.0786981917199529
707.0709	0.0783618573238009
705.6539	0.078720163999759
704.2369	0.0794296939277493
702.82	0.0800212205926621
701.403	0.0791642372231059
699.986	0.079205711602072
698.569	0.0789450132333478
697.1521	0.0796706105572756
695.7351	0.0790030956369202
694.3181	0.0777788561690712
692.9011	0.077534566218429
691.4842	0.0780173081066167
690.0672	0.0780554520149332
688.6502	0.077018400529057
687.2332	0.0780872396836686
685.8163	0.0786914972740581
684.3993	0.0776415187494608
682.9823	0.0777368750265712
681.5653	0.078004473856259
680.1484	0.0787413461059717
678.7314	0.0790824591343065
677.3144	0.0793939833739535
675.8974	0.0793253877791804
674.4805	0.0791679175816693
673.0635	0.0793052005273446
671.6465	0.0790033391379591
670.2295	0.0794632084896134
668.8126	0.08037211805074
667.3956	0.0809855068762143
665.9786	0.0808169713304154
664.5616	0.0807212823808744
663.1447	0.081657449712191
661.7277	0.0811429287247504
660.3107	0.0814259303730704
658.8937	0.0819721053334622
657.4767	0.0827040883191816
656.0598	0.0825286977535448
654.6428	0.0831616214812384
653.2258	0.0830330400572666
651.8088	0.0833583505653027
650.3919	0.0840631582201609
648.9749	0.0833423137811988
647.5579	0.0845327283250648
646.1409	0.083711965526752
644.724	0.0848574194900075
643.307	0.0845246383726918
641.89	0.0852808029210571
640.473	0.0846407330650526
639.0561	0.0843937144022459
637.6391	0.0852311138003327
636.2221	0.0856986599166141
634.8051	0.085013381250739
633.3882	0.0861020333251166
631.9712	0.0866487554258574
630.5542	0.0870331422457817
629.1372	0.0864601070654252
627.7203	0.0879793998903158
626.3033	0.0879634647771561
624.8863	0.0884386166949291
623.4693	0.0889961312048085
622.0524	0.0898466420976179
620.6354	0.09081002909144
619.2184	0.0917542995715112
617.8014	0.0925571912898132
616.3845	0.0939461525959727
614.9675	0.0942505964603869
613.5505	0.0959752075457461
612.1335	0.0966487941869149
610.7165	0.0972664923841818
609.2996	0.0973465896422348
607.8826	0.0986392103592424
606.4656	0.0991035520207732
605.0486	0.0992513971267936
603.6317	0.0997315036762546
602.2147	0.0994345848675751
600.7977	0.0993786119959264
599.3807	0.0992346629641856
597.9638	0.0999386241952488
596.5468	0.0993000691190529
595.1298	0.100200809590447
593.7128	0.100020930001582
592.2959	0.100120188186045
590.8789	0.100260224069225
589.4619	0.10117938923722
588.0449	0.101278891320786
586.628	0.102004593740728
585.211	0.10317160487704
583.794	0.103571092767404
582.377	0.105203869911761
580.9601	0.106916840759999
579.5431	0.108605424921052
578.1261	0.109497323202382
576.7091	0.111736658720865
575.2922	0.112133758574282
573.8752	0.11245942823638
572.4582	0.114280990524557
571.0412	0.114263808039068
569.6243	0.114358057267195
568.2073	0.11348098559211
566.7903	0.114043952149068
565.3733	0.113128516231414
563.9563	0.112336975905089
562.5394	0.112132257306367
561.1224	0.110810347443469
559.7054	0.110988736814938
558.2884	0.111058413637467
556.8715	0.111103444015299
555.4545	0.110057147829701
554.0375	0.109924281898281
552.6205	0.109633150486181
551.2036	0.108955845545883
549.7866	0.109036817956794
548.3696	0.108971591357543
546.9526	0.10909322439112
545.5357	0.108842905956769
544.1187	0.108197881408282
542.7017	0.108469618527769
541.2847	0.108188255980863
539.8678	0.108927034089747
538.4508	0.110025185218532
537.0338	0.110645832822197
535.6168	0.111282276769425
534.1999	0.11209551390416
532.7829	0.113122929493767
531.3659	0.114340545970907
529.9489	0.115171692919129
528.532	0.116031814920884
527.115	0.116966331224077
525.698	0.118381305303115
524.281	0.118334673690007
522.8641	0.119313866988536
521.4471	0.119812389094626
520.0301	0.119548606104304
518.6131	0.11995638237822
517.1962	0.120019556725716
515.7792	0.119422629552312
514.3622	0.12008821891528
512.9452	0.119607683771305
511.5282	0.119155484103229
510.1113	0.11948926244511
508.6943	0.11891498008393
507.2773	0.118578522919613
505.8603	0.118250517785672
504.4434	0.117749261981718
503.0264	0.117748788649109
501.6094	0.118094422712046
500.1924	0.11752838841965
498.7755	0.117225405762219
497.3585	0.117901781495111
495.9415	0.117010942254591
494.5245	0.116636108115638
493.1076	0.116324767924957
491.6906	0.116690430243025
490.2736	0.116387839210044
488.8566	0.116187216308779
487.4397	0.115942228997714
486.0227	0.117493579754373
484.6057	0.117797009006015
483.1887	0.117378977072369
481.7718	0.117762496942981
480.3548	0.11828572486567
478.9378	0.117991343828954
477.5208	0.117241044947491
476.1039	0.117406321628335
474.6869	0.117744965195714
473.2699	0.116761579885938
471.8529	0.117146595463902
470.436	0.11659718366902
469.019	0.116555693482321
467.602	0.11738981968574
466.185	0.117628785220671
464.768	0.11774721563195
463.3511	0.117402295665106
461.9341	0.116629821020978
460.5171	0.11625926573508
459.1001	0.114642781311539
457.6832	0.114498542228824
456.2662	0.114073039745952
454.8492	0.115493767210357
453.4322	0.115173999881946
452.0153	0.115379916745464
450.5983	0.115208083072378
449.1813	0.115112292381588
447.7643	0.116142021957809
446.3474	0.116602538855099
444.9304	0.11705291141016
443.5134	0.119121859480305
442.0964	0.121117569131108
440.6795	0.122123740066161
439.2625	0.122886741282532
437.8455	0.122402380996422
436.4285	0.123757960713971
435.0116	0.124460128105603
433.5946	0.125128996064858
432.1776	0.125386198905111
430.7606	0.126154393022588
429.3437	0.124898109292953
427.9267	0.125388486549621
426.5097	0.125181088237086
425.0927	0.124751453367404
423.6758	0.12520619785153
422.2588	0.124672200107288
420.8418	0.124242491788585
419.4248	0.124126206389338
418.0078	0.124530762946184
416.5909	0.125109991924146
415.1739	0.125337811670773
413.7569	0.126173277203223
412.3399	0.125855287403777
410.923	0.126792686012392
409.506	0.127528147238681
408.089	0.127576789391941
406.672	0.127781910501006
405.2551	0.126476320448926
403.8381	0.126286078402644
402.4211	0.126907950575108
401.0041	0.126271908581678
