3994.4546	0.0188005268981676
3993.0377	0.018576379781336
3991.6207	0.0180607673567059
3990.2037	0.0189412536091949
3988.7867	0.0193761177516196
3987.3698	0.0187003785244781
3985.9528	0.0187990950302922
3984.5358	0.0182006960301123
3983.1188	0.0191859648976907
3981.7019	0.0189223367954346
3980.2849	0.0186206435356053
3978.8679	0.0185125346516428
3977.4509	0.0194529684202014
3976.034	0.0190288012683662
3974.617	0.0191547124875515
3973.2	0.0187126098184586
3971.783	0.018588789444385
3970.3661	0.0194118789556226
3968.9491	0.0198440737398978
3967.5321	0.0192969858467412
3966.1151	0.0183519788789992
3964.6982	0.0184469917918697
3963.2812	0.0188001985513003
3961.8642	0.0183288015462917
3960.4472	0.0186972989481053
3959.0303	0.0182346962714795
3957.6133	0.0183367535882548
3956.1963	0.0186576688372966
3954.7793	0.018654839663254
3953.3624	0.0186638068668811
3951.9454	0.0187062172518067
3950.5284	0.0187287910831849
3949.1114	0.0189171318210034
3947.6944	0.018755459274133
3946.2775	0.018229295957677
3944.8605	0.0184452528470134
3943.4435	0.0186239273144771
3942.0265	0.0177593825141868
3940.6096	0.0185099023532594
3939.1926	0.0196218606434135
3937.7756	0.0186792743228629
3936.3586	0.0181617607040255
3934.9417	0.0184782281905851
3933.5247	0.0191224397289751
3932.1077	0.0185472597850095
3930.6907	0.0178430514747174
3929.2738	0.0188776357554168
3927.8568	0.0182629435646645
3926.4398	0.0179274395706364
3925.0228	0.0185367544425902
3923.6059	0.0184978942973034
3922.1889	0.0184589294307336
3920.7719	0.0188448714695197
3919.3549	0.0182708163518333
3917.938	0.0182040727062127
3916.521	0.0190672830204202
3915.104	0.018138480799567
3913.687	0.0184455145644984
3912.2701	0.0189644514339679
3910.8531	0.0187097174627693
3909.4361	0.0187162769606926
3908.0191	0.018896892810212
3906.6022	0.0183844914162828
3905.1852	0.0186557084895021
3903.7682	0.0192212223617726
3902.3512	0.0189019202211537
3900.9342	0.0182687829341447
3899.5173	0.0188615486475444
3898.1003	0.0181412813277777
3896.6833	0.0190260967445546
3895.2663	0.0184799166753713
3893.8494	0.0188623956763271
3892.4324	0.019075673928633
3891.0154	0.0191432748481262
3889.5984	0.0188546783207742
3888.1815	0.0182844505391853
3886.7645	0.0187689620373923
3885.3475	0.018726607658219
3883.9305	0.0188681703526362
3882.5136	0.0178628164962319
3881.0966	0.0183380238427345
3879.6796	0.0183158160606786
3878.2626	0.0180945136798313
3876.8457	0.0180709283941743
3875.4287	0.0177845319020549
3874.0117	0.018619759398303
3872.5947	0.0184562415284629
3871.1778	0.0182360852337321
3869.7608	0.018107609404141
3868.3438	0.0179911941476576
3866.9268	0.0182462330524287
3865.5099	0.0176867500642802
3864.0929	0.0185038161373809
3862.6759	0.0185432435745815
3861.2589	0.0187924394986844
3859.842	0.0181412592538341
3858.425	0.0172774530656533
3857.008	0.0182496220665768
3855.591	0.0188681714576728
3854.174	0.0169152285671195
3852.7571	0.0185559164690136
3851.3401	0.0183434765490941
3849.9231	0.0185668363549832
3848.5061	0.0171148070699331
3847.0892	0.0186482267440309
3845.6722	0.0188083032805073
3844.2552	0.0179538749261972
3842.8382	0.0171297656951338
3841.4213	0.0186048388376129
3840.0043	0.0181789677475535
3838.5873	0.0179862067097691
3837.1703	0.0179274143572696
3835.7534	0.0176179628754554
3834.3364	0.0182760619369811
3832.9194	0.0183973160848852
3831.5024	0.0182044052097268
3830.0855	0.0186707592558181
3828.6685	0.017531631149592
3827.2515	0.0182618455543557
3825.8345	0.0173347902467888
3824.4176	0.0178770777011473
3823.0006	0.0180117924388916
3821.5836	0.0172713822469196
3820.1666	0.0183835641669944
3818.7497	0.0182555295890929
3817.3327	0.0186364065253674
3815.9157	0.017706034893521
3814.4987	0.0184572577359554
3813.0818	0.0174924346750507
3811.6648	0.0183482447127529
3810.2478	0.0175553248610828
3808.8308	0.0179532919782992
3807.4138	0.017632265239857
3805.9969	0.0181073225883264
3804.5799	0.0178736879800381
3803.1629	0.0178500344250302
3801.7459	0.0175320976744029
3800.329	0.0179952542265994
3798.912	0.0171241332231252
3797.495	0.0171286176517376
3796.078	0.0176985053140468
3794.6611	0.0179964363180555
3793.2441	0.0181849244820723
3791.8271	0.0176804452690333
3790.4101	0.0169134311254765
3788.9932	0.0176076452740472
3787.5762	0.0178277978931805
3786.1592	0.0174770915187473
3784.7422	0.0171323877720727
3783.3253	0.0176966605862711
3781.9083	0.0173797406197842
3780.4913	0.0179344283451358
3779.0743	0.0167969234636459
3777.6574	0.0180724350592829
3776.2404	0.0172742417324493
3774.8234	0.0174299562818413
3773.4064	0.0177132180183208
3771.9895	0.0183233119393383
3770.5725	0.0178177611269007
3769.1555	0.0171475057580797
3767.7385	0.0176729489923883
3766.3216	0.0170845517026713
3764.9046	0.0172470827783597
3763.4876	0.0178749118711391
3762.0706	0.0167659546972688
3760.6536	0.0172682344655965
3759.2367	0.0170024391916587
3757.8197	0.0174632382578619
3756.4027	0.0174885650157799
3754.9857	0.0180327938808848
3753.5688	0.0173956548105947
3752.1518	0.0173901716897053
3750.7348	0.0175355535799225
3749.3178	0.0177645890371021
3747.9009	0.0173752481589956
3746.4839	0.0176200108016
3745.0669	0.0174104644991555
3743.6499	0.01673706634372
3742.233	0.0165129201973526
3740.816	0.0181513545546971
3739.399	0.0170662036924823
3737.982	0.0179375456868507
3736.5651	0.0160563539629902
3735.1481	0.0176265468549628
3733.7311	0.0170096243112719
3732.3141	0.0169789799895128
3730.8972	0.01666519132865
3729.4802	0.0171122093569129
3728.0632	0.0169068924869143
3726.6462	0.0174951405447467
3725.2293	0.0174318064041388
3723.8123	0.0171513153618215
3722.3953	0.0167332082290935
3720.9783	0.0170848624475925
3719.5614	0.0174444826599594
3718.1444	0.0171281221206113
3716.7274	0.016633091663978
3715.3104	0.0155558779828832
3713.8935	0.0159623184193757
3712.4765	0.0165986575080698
3711.0595	0.0165267513421954
3709.6425	0.0176173776485314
3708.2255	0.0164058295050158
3706.8086	0.0167156650865059
3705.3916	0.0171525333443759
3703.9746	0.0169780649854822
3702.5576	0.0167104314853094
3701.1407	0.0170568814582503
3699.7237	0.0171528907900032
3698.3067	0.0167005913894815
3696.8897	0.0170445874052847
3695.4728	0.0160725286937103
3694.0558	0.0160399054716778
3692.6388	0.0165489575415907
3691.2218	0.016387919998723
3689.8049	0.0165410256459397
3688.3879	0.0173593079511359
3686.9709	0.017510948284966
3685.5539	0.016799467132564
3684.137	0.017201078819806
3682.72	0.0164010218944133
3681.303	0.0163750055414051
3679.886	0.017012436691099
3678.4691	0.0166903471879517
3677.0521	0.0164492144368856
3675.6351	0.0171552919868728
3674.2181	0.0161443929935748
3672.8012	0.0158108349208514
3671.3842	0.0168750464820982
3669.9672	0.0169395297764992
3668.5502	0.0166558017039511
3667.1333	0.0162167810795905
3665.7163	0.0174761600551117
3664.2993	0.016816527381486
3662.8823	0.0172389630179146
3661.4653	0.0167077853703087
3660.0484	0.0169925782258181
3658.6314	0.0163326359525001
3657.2144	0.0163148676396253
3655.7974	0.0167577189164399
3654.3805	0.0173120157004035
3652.9635	0.0168572456128233
3651.5465	0.0168986143417204
3650.1295	0.0170854572521996
3648.7126	0.0169861949954532
3647.2956	0.0175569053571997
3645.8786	0.0182844517037901
3644.4616	0.0176545597371601
3643.0447	0.0174627123332653
3641.6277	0.0172547456368416
3640.2107	0.0176653860706486
3638.7937	0.0181877247657119
3637.3768	0.0175425722992007
3635.9598	0.0177393152401477
3634.5428	0.0177867999772812
3633.1258	0.0180174503474654
3631.7089	0.0173732117012839
3630.2919	0.0177465273791085
3628.8749	0.017943475996968
3627.4579	0.017516831914596
3626.041	0.0174255853812626
3624.624	0.0178334472550562
3623.207	0.0181577908429998
3621.79	0.0180604304559681
3620.3731	0.0186756475655625
3618.9561	0.0194473285702545
3617.5391	0.0188644497961137
3616.1221	0.0188597336392165
3614.7051	0.0194003561491933
3613.2882	0.0178234509759398
3611.8712	0.0191287676319219
3610.4542	0.0186093758759003
3609.0372	0.0185351281078888
3607.6203	0.0190351653595795
3606.2033	0.0192650639771282
3604.7863	0.0207578192121186
3603.3693	0.0200600310111908
3601.9524	0.0198053621028574
3600.5354	0.0205841952681722
3599.1184	0.020024393741256
3597.7014	0.0200707691442979
3596.2845	0.0206373170654852
3594.8675	0.020370007929401
3593.4505	0.0211003934338073
3592.0335	0.0202271765464044
3590.6166	0.0205374134741123
3589.1996	0.0210269583754079
3587.7826	0.0209769258518903
3586.3656	0.0219260288203204
3584.9487	0.0223083888903268
3583.5317	0.0218651152754019
3582.1147	0.0224574742383399
3580.6977	0.0215696344263186
3579.2808	0.0223836485325586
3577.8638	0.0230873430356963
3576.4468	0.0228218781341576
3575.0298	0.0231383894274211
3573.6129	0.0240812035173763
3572.1959	0.0236861605745769
3570.7789	0.0237870378086957
3569.3619	0.0238273655251326
3567.9449	0.023366519827385
3566.528	0.0245029263613348
3565.111	0.0254660198797114
3563.694	0.0250507180600476
3562.277	0.0256226366318882
3560.8601	0.0253030584867306
3559.4431	0.0261149233061139
3558.0261	0.0261898056826337
3556.6091	0.026044723775397
3555.1922	0.0257487173778263
3553.7752	0.0268676107945735
3552.3582	0.0266425864792751
3550.9412	0.0269861813757243
3549.5243	0.0269290452553863
3548.1073	0.0272806864995473
3546.6903	0.0281197733810689
3545.2733	0.0291749449507629
3543.8564	0.0284446093945059
3542.4394	0.0291729927382453
3541.0224	0.0288163653775021
3539.6054	0.0293950408879573
3538.1885	0.0299743187725516
3536.7715	0.0292804619736058
3535.3545	0.0305607897500807
3533.9375	0.0298836252145176
3532.5206	0.0304788034454227
3531.1036	0.0310835706710016
3529.6866	0.0309847793324813
3528.2696	0.0314770472405549
3526.8527	0.031445514509481
3525.4357	0.0321637028044791
3524.0187	0.0321912475502628
3522.6017	0.0319827434935564
3521.1847	0.03226910006754
3519.7678	0.0333952555042046
3518.3508	0.0338715230557054
3516.9338	0.0339393316726806
3515.5168	0.0334871734340366
3514.0999	0.0338976809093338
3512.6829	0.0337714561105453
3511.2659	0.0350471323835326
3509.8489	0.0352501598581275
3508.432	0.0353662188126612
3507.015	0.0356347763257846
3505.598	0.0358211518277102
3504.181	0.0355471505505082
3502.7641	0.0364668602813762
3501.3471	0.0365359832705882
3499.9301	0.0371395029767477
3498.5131	0.0368131452424417
3497.0962	0.0374400080771679
3495.6792	0.0377219359670097
3494.2622	0.0379490995289479
3492.8452	0.0378103473724076
3491.4283	0.0380045542291908
3490.0113	0.0390989427473199
3488.5943	0.037953100855484
3487.1773	0.0384584878745527
3485.7604	0.0388371092681075
3484.3434	0.0403040468375571
3482.9264	0.0395189249438394
3481.5094	0.0401655500353855
3480.0925	0.0397842476081626
3478.6755	0.0402942049682265
3477.2585	0.0406826523042395
3475.8415	0.0413387807788669
3474.4245	0.0417748798460721
3473.0076	0.041911459482156
3471.5906	0.0418292113039896
3470.1736	0.0426216081938451
3468.7566	0.0422588929378665
3467.3397	0.0427879398443102
3465.9227	0.0433860218877306
3464.5057	0.0431588961410847
3463.0887	0.0441348035246946
3461.6718	0.0442187773662501
3460.2548	0.0442420779145757
3458.8378	0.0444269496552821
3457.4208	0.0448121113714029
3456.0039	0.0443082661048109
3454.5869	0.0451169582762637
3453.1699	0.0457094102768237
3451.7529	0.0457952731219779
3450.336	0.0453577623880672
3448.919	0.0469458270049663
3447.502	0.0461166353201989
3446.085	0.046442746988123
3444.6681	0.0475507479178263
3443.2511	0.0478853285756634
3441.8341	0.0474295496583709
3440.4171	0.0479702341207061
3439.0002	0.047310173990009
3437.5832	0.048364046074919
3436.1662	0.0480515687858284
3434.7492	0.0486167799405405
3433.3323	0.0483907137007984
3431.9153	0.0487767834668121
3430.4983	0.0496869095056769
3429.0813	0.049501066632021
3427.6643	0.0497194913289094
3426.2474	0.0499111991808766
3424.8304	0.0498100766716738
3423.4134	0.049892611259474
3421.9964	0.049914274249937
3420.5795	0.050583358682219
3419.1625	0.0512719554822634
3417.7455	0.0513119384129237
3416.3285	0.0518249958800656
3414.9116	0.0514984863544735
3413.4946	0.0520003181650162
3412.0776	0.0522017700624961
3410.6606	0.0524065190248821
3409.2437	0.0529160238402811
3407.8267	0.0527657191260113
3406.4097	0.0527116883604577
3404.9927	0.0533029261911074
3403.5758	0.0533479229772909
3402.1588	0.0530950553306963
3400.7418	0.0541999089147962
3399.3248	0.0540918514004787
3397.9079	0.0546512493786097
3396.4909	0.0549204985433999
3395.0739	0.0546516419634748
3393.6569	0.0543382356319767
3392.24	0.0558253911198486
3390.823	0.0546356631719384
3389.406	0.0549942177360536
3387.989	0.0556932897610186
3386.5721	0.0559231222287578
3385.1551	0.0559411472545196
3383.7381	0.0563278873434569
3382.3211	0.0567660057597456
3380.9041	0.0562833684151988
3379.4872	0.0570264474972567
3378.0702	0.0574031278364253
3376.6532	0.0573997077659383
3375.2362	0.0572132718711346
3373.8193	0.0575172256202554
3372.4023	0.0573418970598241
3370.9853	0.0574389053772248
3369.5683	0.0579770906870632
3368.1514	0.0577725456293923
3366.7344	0.0578925744356783
3365.3174	0.0587698648983488
3363.9004	0.0577592780475098
3362.4835	0.058414428551387
3361.0665	0.0584100246389045
3359.6495	0.0584431465237686
3358.2325	0.0590845812308716
3356.8156	0.0592840742829688
3355.3986	0.0587465475704713
3353.9816	0.0590949283563219
3352.5646	0.0593254334621767
3351.1477	0.0592143814847398
3349.7307	0.0596274563191043
3348.3137	0.0598986036696878
3346.8967	0.0597346517755838
3345.4798	0.0604309823253759
3344.0628	0.0604766866619154
3342.6458	0.0603426596747801
3341.2288	0.0608906009217677
3339.8119	0.0607007332954626
3338.3949	0.0604844304953522
3336.9779	0.0610965346312947
3335.5609	0.0611233479879427
3334.1439	0.0610558648123939
3332.727	0.0609311187325412
3331.31	0.0614410964928637
3329.893	0.0615063171190236
3328.476	0.0611802776662256
3327.0591	0.0605778276846858
3325.6421	0.060920172043979
3324.2251	0.0612884444594109
3322.8081	0.0615875917151874
3321.3912	0.0613263594495722
3319.9742	0.0614868552542664
3318.5572	0.0616848458085565
3317.1402	0.0624710250589245
3315.7233	0.0618804249063469
3314.3063	0.0625557938253011
3312.8893	0.0619326408317681
3311.4723	0.0620348177249699
3310.0554	0.0622914799120575
3308.6384	0.0624161282350046
3307.2214	0.0621575076417249
3305.8044	0.0616300197116589
3304.3875	0.0628453750840746
3302.9705	0.0625886759692121
3301.5535	0.0626149590399179
3300.1365	0.0624478665545534
3298.7196	0.0624959161280589
3297.3026	0.0625609033113687
3295.8856	0.0626483217528161
3294.4686	0.0630219393660488
3293.0517	0.0623281121876548
3291.6347	0.0620277209098813
3290.2177	0.0623485591479197
3288.8007	0.0630324384427514
3287.3837	0.0637647606414655
3285.9668	0.0623434116264128
3284.5498	0.062611912347617
3283.1328	0.0629130296755749
3281.7158	0.0627445250786771
3280.2989	0.0635061849229883
3278.8819	0.0635643114099163
3277.4649	0.0627193103532151
3276.0479	0.061994365348243
3274.631	0.0632718285215817
3273.214	0.0627107178630297
3271.797	0.0628716117396183
3270.38	0.0623698558502161
3268.9631	0.0627004330437218
3267.5461	0.0628436093326204
3266.1291	0.063546329090658
3264.7121	0.062271232381702
3263.2952	0.0631239010566957
3261.8782	0.0634262315971794
3260.4612	0.0630037851317168
3259.0442	0.0625347867971019
3257.6273	0.0628971643176177
3256.2103	0.0625234283053079
3254.7933	0.062606137553311
3253.3763	0.0625826596872685
3251.9594	0.0622890805998729
3250.5424	0.061322990165383
3249.1254	0.0618973891425749
3247.7084	0.0629286975461663
3246.2915	0.0624040801115794
3244.8745	0.0621947065241326
3243.4575	0.0620686408100915
3242.0405	0.0622982754989323
3240.6235	0.0622496307372111
3239.2066	0.062305135284253
3237.7896	0.0625164740464943
3236.3726	0.0624290551157301
3234.9556	0.061743744741659
3233.5387	0.0616383022814099
3232.1217	0.0617588918751136
3230.7047	0.0615213083378734
3229.2877	0.0612525451211898
3227.8708	0.0614699826341784
3226.4538	0.0617668599239324
3225.0368	0.0613550480521116
3223.6198	0.0611524571277154
3222.2029	0.0606988102609355
3220.7859	0.0621973173012439
3219.3689	0.0606833730856276
3217.9519	0.0612138894634612
3216.535	0.0608509202908208
3215.118	0.061757272027388
3213.701	0.0610368739038748
3212.284	0.060201346922445
3210.8671	0.0607446283290992
3209.4501	0.0610706821003145
3208.0331	0.0602152078289793
3206.6161	0.0606213492515597
3205.1992	0.059971458079911
3203.7822	0.0607955983495119
3202.3652	0.060181898050514
3200.9482	0.05953348150127
3199.5313	0.0601611034909972
3198.1143	0.0603808663171216
3196.6973	0.0597475811924537
3195.2803	0.0598429026019335
3193.8633	0.0587968497217033
3192.4464	0.0597454040305442
3191.0294	0.0593271539576418
3189.6124	0.0592913821736315
3188.1954	0.0595227045614537
3186.7785	0.0587360006964184
3185.3615	0.0581075544022999
3183.9445	0.0575218400375123
3182.5275	0.058794599585064
3181.1106	0.05772109543276
3179.6936	0.058059898087269
3178.2766	0.0574608884063932
3176.8596	0.0581308122458149
3175.4427	0.0578965734591352
3174.0257	0.057301102776665
3172.6087	0.0580788965770521
3171.1917	0.058138537457631
3169.7748	0.0566099826619922
3168.3578	0.0563145431022708
3166.9408	0.0555818232109483
3165.5238	0.0567102463373761
3164.1069	0.0561064997440831
3162.6899	0.0562676278183784
3161.2729	0.0564437333725517
3159.8559	0.056589312354381
3158.439	0.0562387002746731
3157.022	0.0551041337713349
3155.605	0.0561652551388511
3154.188	0.0549393890196386
3152.7711	0.0554053790183451
3151.3541	0.0552420650777549
3149.9371	0.0543583325858888
3148.5201	0.0551663242040672
3147.1031	0.0549917185707872
3145.6862	0.0545052133263701
3144.2692	0.0545185272734331
3142.8522	0.0540271999418019
3141.4352	0.0536828489221848
3140.0183	0.0547211119192727
3138.6013	0.0543222457551733
3137.1843	0.0533406045084332
3135.7673	0.0535890653328324
3134.3504	0.0531685811915016
3132.9334	0.0532395690200579
3131.5164	0.0526919480410456
3130.0994	0.0527963189774283
3128.6825	0.0524971360390102
3127.2655	0.0525897324044946
3125.8485	0.0522157378026364
3124.4315	0.0524829499502848
3123.0146	0.0522480912130098
3121.5976	0.0517347431904105
3120.1806	0.0512376592270927
3118.7636	0.0514705642822597
3117.3467	0.0513955626500244
3115.9297	0.0507220555271529
3114.5127	0.0509780652498428
3113.0957	0.050058276869721
3111.6788	0.0509770199837291
3110.2618	0.0507780269873059
3108.8448	0.050691935052825
3107.4278	0.050114182420875
3106.0109	0.0500316776203273
3104.5939	0.0497278724012111
3103.1769	0.0498620138056241
3101.7599	0.0498535261567251
3100.3429	0.0503632221355419
3098.926	0.0494478740121645
3097.509	0.0501667728941422
3096.092	0.0484869838879799
3094.675	0.0481698529387723
3093.2581	0.0487439798288661
3091.8411	0.0485042537666263
3090.4241	0.0483248628777749
3089.0071	0.0469860060396841
3087.5902	0.0477744125549708
3086.1732	0.0481432785788538
3084.7562	0.0483610468242773
3083.3392	0.0473842779432087
3081.9223	0.0476677634891664
3080.5053	0.0473337627293707
3079.0883	0.0469761588594051
3077.6713	0.046410331329346
3076.2544	0.0462035672581881
3074.8374	0.0467719534351996
3073.4204	0.0455410182112616
3072.0034	0.0463351706598533
3070.5865	0.0462387285829733
3069.1695	0.0454683100622672
3067.7525	0.0464191755275432
3066.3355	0.0457797393500983
3064.9186	0.0456168871141639
3063.5016	0.044987280978408
3062.0846	0.0450348252958784
3060.6676	0.0446230803755946
3059.2507	0.0451482492182327
3057.8337	0.0441832360144
3056.4167	0.0445692528253461
3054.9997	0.0444534726100539
3053.5827	0.0447821802774004
3052.1658	0.0434229380484215
3050.7488	0.0440571231116087
3049.3318	0.0436982154133752
3047.9148	0.0433491456409447
3046.4979	0.0433083422951699
3045.0809	0.0427098044409131
3043.6639	0.0434434244866061
3042.2469	0.0439518654392734
3040.83	0.0433661503183145
3039.413	0.0429156488768065
3037.996	0.0423373405086109
3036.579	0.0419103880569063
3035.1621	0.0424422915580633
3033.7451	0.0415317181626668
3032.3281	0.0417235625158366
3030.9111	0.0422334737325617
3029.4942	0.041303851921737
3028.0772	0.0416926613842686
3026.6602	0.0417440236814596
3025.2432	0.0412953520176067
3023.8263	0.0416524992225897
3022.4093	0.0413977508090366
3020.9923	0.0405691523457753
3019.5753	0.0410432707043383
3018.1584	0.0414259609107166
3016.7414	0.0401746861134073
3015.3244	0.0404328463008344
3013.9074	0.0400429179136544
3012.4905	0.0406999948224261
3011.0735	0.0404678086045839
3009.6565	0.0401629486973644
3008.2395	0.0396114092885672
3006.8225	0.0394019855433171
3005.4056	0.0389103788462446
3003.9886	0.0392822441420138
3002.5716	0.0392177615099076
3001.1546	0.0393975097070919
2999.7377	0.039528192270786
2998.3207	0.0397433828179399
2996.9037	0.0390252211624974
2995.4867	0.0391905962356623
2994.0698	0.0399593528504361
2992.6528	0.0392479356473978
2991.2358	0.0383857461721772
2989.8188	0.0390440867086805
2988.4019	0.0388469896920608
2986.9849	0.0394993319800598
2985.5679	0.0393030875732527
2984.1509	0.040157439625342
2982.734	0.0388141691449097
2981.317	0.0394229297341425
2979.9	0.0399518452726745
2978.483	0.0403249901554797
2977.0661	0.0402222710167298
2975.6491	0.0399291411653951
2974.2321	0.040321296050346
2972.8151	0.0412671417403018
2971.3982	0.0406591375702348
2969.9812	0.0404493672948759
2968.5642	0.04156513313526
2967.1472	0.0416439688044039
2965.7303	0.0417387601767536
2964.3133	0.0414791255880591
2962.8963	0.0421965008951636
2961.4793	0.0425044981423136
2960.0623	0.0422040136210941
2958.6454	0.0421911511596764
2957.2284	0.0424417432295498
2955.8114	0.0432136676719404
2954.3944	0.0435483942307357
2952.9775	0.0436508307619196
2951.5605	0.0436064328198707
2950.1435	0.0446987321654433
2948.7265	0.0445274010881056
2947.3096	0.0446588840690847
2945.8926	0.0452685126966067
2944.4756	0.0454701710944241
2943.0586	0.0459623033146801
2941.6417	0.0465479867673381
2940.2247	0.046470066957385
2938.8077	0.0469051209057258
2937.3907	0.0475981095013448
2935.9738	0.047506079943017
2934.5568	0.0479036339989136
2933.1398	0.0479541438697436
2931.7228	0.0482104281680144
2930.3059	0.047408556135249
2928.8889	0.0486257425082317
2927.4719	0.0474747531436423
2926.0549	0.0493091065543233
2924.638	0.0488645817484479
2923.221	0.048748935748486
2921.804	0.0484342172379702
2920.387	0.0491963285322235
2918.9701	0.0487811006249497
2917.5531	0.0493868276883264
2916.1361	0.0488784278883177
2914.7191	0.0486234234423078
2913.3021	0.0484467018916449
2911.8852	0.0482637987567106
2910.4682	0.0485641180310932
2909.0512	0.0487694966767732
2907.6342	0.0478777979985976
2906.2173	0.0479627054239905
2904.8003	0.0479124550556043
2903.3833	0.0473680753688726
2901.9663	0.0475833427729331
2900.5494	0.0487358092721102
2899.1324	0.0480990538342044
2897.7154	0.0480852197085485
2896.2984	0.0472575437951945
2894.8815	0.0472057956623492
2893.4645	0.0475536409261759
2892.0475	0.047295849539826
2890.6305	0.0477471747035447
2889.2136	0.047455438147486
2887.7966	0.0466506161217585
2886.3796	0.0470173661803763
2884.9626	0.047156461136679
2883.5457	0.0465490236558472
2882.1287	0.0467605582822384
2880.7117	0.046527429509923
2879.2947	0.0467190653176997
2877.8778	0.0468038843620572
2876.4608	0.0463788213817613
2875.0438	0.0465887978916614
2873.6268	0.0454154693142506
2872.2099	0.0455073340771046
2870.7929	0.0455482915082953
2869.3759	0.0457145537238734
2867.9589	0.0457372316419432
2866.5419	0.0449113600986822
2865.125	0.0448069913129001
2863.708	0.0444426004818237
2862.291	0.0439603882345033
2860.874	0.043669233170068
2859.4571	0.0440545618510962
2858.0401	0.0431091435149528
2856.6231	0.0438198139803985
2855.2061	0.0432736972568711
2853.7892	0.0434263968130691
2852.3722	0.0427847801309026
2850.9552	0.0426615628166363
2849.5382	0.042642426682926
2848.1213	0.0427742881824741
2846.7043	0.0428577655912498
2845.2873	0.0416592900332147
2843.8703	0.0425121252719702
2842.4534	0.0416520768210302
2841.0364	0.041502223712515
2839.6194	0.0416310775168606
2838.2024	0.0423179647558868
2836.7855	0.0416146820373884
2835.3685	0.0410289727241843
2833.9515	0.0415219369170899
2832.5345	0.0400684491436364
2831.1176	0.040703104070197
2829.7006	0.0402975287903792
2828.2836	0.0402805258386532
2826.8666	0.0401212284272672
2825.4497	0.0396461818535162
2824.0327	0.0397506820089263
2822.6157	0.0395060875530626
2821.1987	0.0396594304940128
2819.7817	0.0391911722054936
2818.3648	0.0389573007407672
2816.9478	0.0395990980597096
2815.5308	0.0390570888994454
2814.1138	0.0391815404682885
2812.6969	0.0390184257621771
2811.2799	0.0390277554278865
2809.8629	0.0377088488454565
2808.4459	0.0391521638211568
2807.029	0.0392543070408988
2805.612	0.0385880219141151
2804.195	0.0377932990523865
2802.778	0.0384045684271103
2801.3611	0.0378845152945501
2799.9441	0.0379773510034172
2798.5271	0.0377287023439695
2797.1101	0.0377971345677305
2795.6932	0.0370639664602843
2794.2762	0.0378741482275764
2792.8592	0.0374148979973948
2791.4422	0.0371834289172699
2790.0253	0.0374541454294886
2788.6083	0.0374290279067706
2787.1913	0.0372233548821446
2785.7743	0.0377794222202352
2784.3574	0.037462879228044
2782.9404	0.036918269695301
2781.5234	0.0377778907930898
2780.1064	0.0379361264337097
2778.6895	0.0370594490108649
2777.2725	0.0371955886429518
2775.8555	0.0370469110115892
2774.4385	0.0370050356248346
2773.0215	0.0370156211066209
2771.6046	0.0364753694356172
2770.1876	0.0368412740401665
2768.7706	0.0366174579640232
2767.3536	0.0370474378775208
2765.9367	0.0360058301119507
2764.5197	0.0371220687483757
2763.1027	0.0361781026158436
2761.6857	0.0361667354547249
2760.2688	0.0363710925439186
2758.8518	0.0371418196772111
2757.4348	0.037439024154736
2756.0178	0.0363788528554277
2754.6009	0.0363857660915475
2753.1839	0.0361846944369267
2751.7669	0.0359409860182376
2750.3499	0.0360640552126865
2748.933	0.0363657899489488
2747.516	0.0365654927391241
2746.099	0.0355517020487425
2744.682	0.036594196266358
2743.2651	0.0363415559286541
2741.8481	0.0357523453659799
2740.4311	0.0357930561405068
2739.0141	0.036274635463765
2737.5972	0.0362170623861649
2736.1802	0.0358033367696587
2734.7632	0.0356380528343613
2733.3462	0.0353359178229804
2731.9293	0.0358685934999359
2730.5123	0.0350713669208469
2729.0953	0.0360573603188225
2727.6783	0.0353505412317971
2726.2613	0.0353729298082946
2724.8444	0.0351584426322513
2723.4274	0.0362207653518942
2722.0104	0.0355853188397121
2720.5934	0.0357566781139951
2719.1765	0.0352773567544765
2717.7595	0.0349249365006896
2716.3425	0.0347292820431205
2714.9255	0.0360501784137452
2713.5086	0.0349695125375978
2712.0916	0.0360161578140454
2710.6746	0.0350796634636451
2709.2576	0.035058306734122
2707.8407	0.0352676420412659
2706.4237	0.0352609286230461
2705.0067	0.0349402598584038
2703.5897	0.0352891550672129
2702.1728	0.035069703489887
2700.7558	0.0350870455547684
2699.3388	0.0349388210301316
2697.9218	0.0348046461762579
2696.5049	0.0353363104355806
2695.0879	0.0350678760162555
2693.6709	0.0353270470736876
2692.2539	0.0338112085514444
2690.837	0.034451756735899
2689.42	0.034185113437894
2688.003	0.0350264012704077
2686.586	0.0350479974379315
2685.1691	0.034933245191307
2683.7521	0.0341158549626178
2682.3351	0.0346023140372167
2680.9181	0.0345422779444988
2679.5011	0.0346502860215725
2678.0842	0.0340153237816767
2676.6672	0.0337244263501295
2675.2502	0.0340090498992932
2673.8332	0.034478854712229
2672.4163	0.0338474725788389
2670.9993	0.0335405017664867
2669.5823	0.0335783160926763
2668.1653	0.0341036828584526
2666.7484	0.0342424541189068
2665.3314	0.0347746352164962
2663.9144	0.0339259582041256
2662.4974	0.0347667740472959
2661.0805	0.0345890797664955
2659.6635	0.0341224926484695
2658.2465	0.0334786287400697
2656.8295	0.0342328548352682
2655.4126	0.0336040128720314
2653.9956	0.0346074919650476
2652.5786	0.0339916562918117
2651.1616	0.0339640094283464
2649.7447	0.0336700911450341
2648.3277	0.0340731672097146
2646.9107	0.0342268806092155
2645.4937	0.0328481802613995
2644.0768	0.0337070860495085
2642.6598	0.0339719666307974
2641.2428	0.0333967747477885
2639.8258	0.0334629906371159
2638.4089	0.0328165101463057
2636.9919	0.0330234589144841
2635.5749	0.0320190651801886
2634.1579	0.0329683362726098
2632.741	0.0324780109068194
2631.324	0.0337158502813354
2629.907	0.0324032032167502
2628.49	0.0338327477470061
2627.073	0.0327417033582686
2625.6561	0.032517950075725
2624.2391	0.0323370864391361
2622.8221	0.032042620792536
2621.4051	0.0328898577463707
2619.9882	0.0324199902138436
2618.5712	0.0332912163205319
2617.1542	0.0325990876774669
2615.7372	0.0317040865917393
2614.3203	0.0317752348965046
2612.9033	0.032546411824511
2611.4863	0.0318993886862853
2610.0693	0.0318176408073413
2608.6524	0.0316947515221111
2607.2354	0.032101722521567
2605.8184	0.0315536084336399
2604.4014	0.0324357530167551
2602.9845	0.0318483311083927
2601.5675	0.0313329966484646
2600.1505	0.0313588075769393
2598.7335	0.0317115731606211
2597.3166	0.0315434577887324
2595.8996	0.0311858046130131
2594.4826	0.0320491933869536
2593.0656	0.031386501513855
2591.6487	0.0320163591943131
2590.2317	0.0307986641078987
2588.8147	0.0313925576834949
2587.3977	0.0308833611525054
2585.9808	0.0311412071918757
2584.5638	0.0308095042443613
2583.1468	0.0316222228330378
2581.7298	0.0307602816118787
2580.3128	0.0308116887399338
2578.8959	0.0312936518382915
2577.4789	0.0301891819983498
2576.0619	0.0304858657532929
2574.6449	0.0310701607375575
2573.228	0.0308997406401306
2571.811	0.0300172938290673
2570.394	0.0301434291746908
2568.977	0.0302417241538402
2567.5601	0.0305923852224032
2566.1431	0.0310703308891727
2564.7261	0.030220032315073
2563.3091	0.0315652247161118
2561.8922	0.0303803067531506
2560.4752	0.0295512357312694
2559.0582	0.0307080057354809
2557.6412	0.0308842486546346
2556.2243	0.0292774696451076
2554.8073	0.029948030355335
2553.3903	0.0304567138758606
2551.9733	0.0302225671056481
2550.5564	0.0297181585197409
2549.1394	0.0298733576397316
2547.7224	0.0304858054411045
2546.3054	0.0305712246933576
2544.8885	0.0303054661003925
2543.4715	0.0298591687085584
2542.0545	0.0303523939472707
2540.6375	0.0295612360284007
2539.2206	0.0299414272028105
2537.8036	0.0299662431696013
2536.3866	0.0299667911549815
2534.9696	0.0291327050937275
2533.5526	0.0295443109193246
2532.1357	0.030889510968562
2530.7187	0.029906474409238
2529.3017	0.0290702454462488
2527.8847	0.0296280099239096
2526.4678	0.0287390027076267
2525.0508	0.0296056654145508
2523.6338	0.0296420769253926
2522.2168	0.0294955659094761
2520.7999	0.0295646430304671
2519.3829	0.0286522660533123
2517.9659	0.0292284431792277
2516.5489	0.0303649219288266
2515.132	0.0293999450154537
2513.715	0.0288660134292799
2512.298	0.0285732354357688
2510.881	0.0288442958918798
2509.4641	0.0294228657370238
2508.0471	0.0293964760871471
2506.6301	0.0288189653582902
2505.2131	0.0291087851744935
2503.7962	0.0295118547628339
2502.3792	0.0287519995430586
2500.9622	0.0294645463693824
2499.5452	0.0297833950054515
2498.1283	0.0295311146352922
2496.7113	0.0287315787467257
2495.2943	0.0286144348155566
2493.8773	0.0286055278704555
2492.4604	0.0295795024080042
2491.0434	0.0289442562488851
2489.6264	0.0288413280798378
2488.2094	0.0287475337000713
2486.7924	0.0284015776066404
2485.3755	0.0290010284692134
2483.9585	0.0282129305161167
2482.5415	0.029631308658729
2481.1245	0.0285336988994375
2479.7076	0.028245885827854
2478.2906	0.0286744455675683
2476.8736	0.0292346246549508
2475.4566	0.0278576147987779
2474.0397	0.0276950799644121
2472.6227	0.0287073577372051
2471.2057	0.0286685170673466
2469.7887	0.0291018115860937
2468.3718	0.0286457254408275
2466.9548	0.0286749000446545
2465.5378	0.0283026167547669
2464.1208	0.0282216177942757
2462.7039	0.0284768701067216
2461.2869	0.0289229998922021
2459.8699	0.0289777332880388
2458.4529	0.0283983109232307
2457.036	0.0288737379205048
2455.619	0.028616818382438
2454.202	0.0280785746039222
2452.785	0.0293818172401675
2451.3681	0.0279505236245882
2449.9511	0.0287530848057686
2448.5341	0.0281936576231739
2447.1171	0.0282529199884071
2445.7002	0.0279858791220594
2444.2832	0.028069452044195
2442.8662	0.0283286556103321
2441.4492	0.0285056693642953
2440.0322	0.028065028729146
2438.6153	0.0281017876212878
2437.1983	0.0278358512851355
2435.7813	0.0274665934014188
2434.3643	0.0281500733871484
2432.9474	0.0279573332111736
2431.5304	0.0275230165295525
2430.1134	0.028399044366433
2428.6964	0.0282247653924655
2427.2795	0.0275761704986604
2425.8625	0.0277476699168485
2424.4455	0.0278922724140151
2423.0285	0.0268048092727271
2421.6116	0.0276395622973777
2420.1946	0.0274738765944107
2418.7776	0.0278490956594828
2417.3606	0.0278234547266473
2415.9437	0.0269859219334666
2414.5267	0.0269720075972942
2413.1097	0.0274888862057117
2411.6927	0.0275965865351553
2410.2758	0.0273720167049954
2408.8588	0.0278182906604578
2407.4418	0.0277508706108674
2406.0248	0.0272728279598716
2404.6079	0.0271073131916128
2403.1909	0.0270737821396506
2401.7739	0.0273828782412011
2400.3569	0.0278016359844444
2398.94	0.0271754327311347
2397.523	0.0270004738260779
2396.106	0.0270662455229067
2394.689	0.0266680133304514
2393.272	0.0277734538536545
2391.8551	0.02723470583737
2390.4381	0.0274750533056034
2389.0211	0.0268148126550499
2387.6041	0.0265635380124809
2386.1872	0.0271104150937447
2384.7702	0.0273890885194332
2383.3532	0.0269147791277156
2381.9362	0.026746233089172
2380.5193	0.0270216905518156
2379.1023	0.0267122200838932
2377.6853	0.0270787932817366
2376.2683	0.0271607166258392
2374.8514	0.026651681190293
2373.4344	0.0268970865492631
2372.0174	0.0267717767407149
2370.6004	0.0276445295920754
2369.1835	0.0259513096456611
2367.7665	0.0266094320451555
2366.3495	0.0260555430684455
2364.9325	0.0262693136095216
2363.5156	0.0269427562410086
2362.0986	0.0266506590782355
2360.6816	0.0269282022935588
2359.2646	0.0271206558606959
2357.8477	0.0271428721995996
2356.4307	0.0267637254525148
2355.0137	0.0270986996366592
2353.5967	0.0263563565024785
2352.1798	0.0267971698478681
2350.7628	0.0262399450630387
2349.3458	0.0265250497836487
2347.9288	0.0258558598732103
2346.5118	0.0272262448728382
2345.0949	0.0262571316209317
2343.6779	0.0266702930641982
2342.2609	0.0271895512382062
2340.8439	0.0266687736405935
2339.427	0.0269594075802314
2338.01	0.026611295186327
2336.593	0.0260539338742485
2335.176	0.0267985654780811
2333.7591	0.0268255897675503
2332.3421	0.0273442595695104
2330.9251	0.0268684244027122
2329.5081	0.026954038280213
2328.0912	0.0271422737192589
2326.6742	0.0264377456361432
2325.2572	0.0269138440167236
2323.8402	0.0271515547725626
2322.4233	0.0275647565121082
2321.0063	0.0277311757604779
2319.5893	0.0267685941028249
2318.1723	0.0262886555367071
2316.7554	0.0262636614073061
2315.3384	0.0265850643708146
2313.9214	0.0271941326005433
2312.5044	0.0268702159895554
2311.0875	0.0259448491582066
2309.6705	0.025754301911758
2308.2535	0.0264513375780595
2306.8365	0.0262588571730937
2305.4196	0.0256130243522378
2304.0026	0.0259494050725063
2302.5856	0.0266340324734432
2301.1686	0.0266172484919826
2299.7516	0.0267481162519577
2298.3347	0.0253357325767931
2296.9177	0.0265958552690691
2295.5007	0.0258038119214137
2294.0837	0.0263311754505184
2292.6668	0.0259746666680363
2291.2498	0.025745839290307
2289.8328	0.02599748102963
2288.4158	0.0265816838480458
2286.9989	0.026774516071403
2285.5819	0.0265496879988267
2284.1649	0.0263966341741107
2282.7479	0.0256953559198193
2281.331	0.0264698217141236
2279.914	0.0261578044537982
2278.497	0.0259884380867525
2277.08	0.0254001473018134
2275.6631	0.0260443732735552
2274.2461	0.0254772577896731
2272.8291	0.0253417381510263
2271.4121	0.0260268059935088
2269.9952	0.0260022423482881
2268.5782	0.0262228769548291
2267.1612	0.0260783296815868
2265.7442	0.0251879903363724
2264.3273	0.0243130656916486
2262.9103	0.0255016782427736
2261.4933	0.0246115293652218
2260.0763	0.0249345262401968
2258.6594	0.0255470696737005
2257.2424	0.0252083340239724
2255.8254	0.0250187581145055
2254.4084	0.0245072152174437
2252.9914	0.0242324181876003
2251.5745	0.02504755926063
2250.1575	0.0253964595356688
2248.7405	0.0252819770545153
2247.3235	0.0252780003553838
2245.9066	0.0245902578339891
2244.4896	0.0247383926203801
2243.0726	0.0244228651177244
2241.6556	0.0244941050717823
2240.2387	0.0244894419180097
2238.8217	0.0246036745910127
2237.4047	0.0254053643455581
2235.9877	0.0252342537691708
2234.5708	0.0246774729516536
2233.1538	0.0251025575739574
2231.7368	0.0246949518297623
2230.3198	0.0243599013698824
2228.9029	0.0244308077588995
2227.4859	0.0246768449996271
2226.0689	0.0245976209469458
2224.6519	0.0252487691412172
2223.235	0.0247278198690682
2221.818	0.0248199268285675
2220.401	0.0238136474021851
2218.984	0.0245442038522975
2217.5671	0.0249862352328647
2216.1501	0.0246074822200183
2214.7331	0.0234769254633928
2213.3161	0.024030368129616
2211.8992	0.0234197495641377
2210.4822	0.0239448301295047
2209.0652	0.0241240390878336
2207.6482	0.0245703409878586
2206.2312	0.0245220029720163
2204.8143	0.0249622533943243
2203.3973	0.0243859364510035
2201.9803	0.024861321732054
2200.5633	0.0243264592208459
2199.1464	0.0238171171659884
2197.7294	0.0243771676301797
2196.3124	0.0242802140661479
2194.8954	0.0244825941465584
2193.4785	0.0243996846052521
2192.0615	0.0252228245187262
2190.6445	0.0239962092991752
2189.2275	0.0231932097544355
2187.8106	0.0236262447956951
2186.3936	0.0241336414649978
2184.9766	0.0242423055933547
2183.5596	0.023372164366003
2182.1427	0.0232716470947526
2180.7257	0.0242480339918013
2179.3087	0.0234249680663869
2177.8917	0.0231134705872124
2176.4748	0.0232102456838578
2175.0578	0.0232900091202491
2173.6408	0.0232925530915897
2172.2238	0.0239400792073776
2170.8069	0.0243344194234414
2169.3899	0.0242272684249426
2167.9729	0.0243123969293352
2166.5559	0.024421104165623
2165.139	0.0242738762151537
2163.722	0.0239130762832174
2162.305	0.0232639615801767
2160.888	0.0233304987628577
2159.471	0.0217784460684422
2158.0541	0.0212473659150317
2156.6371	0.0195301045606661
2155.2201	0.019656795241703
2153.8031	0.0207473731025074
2152.3862	0.0222764369765062
2150.9692	0.0213248139118226
2149.5522	0.021194681844886
2148.1352	0.0212322653436546
2146.7183	0.0211194854627119
2145.3013	0.0217545805281312
2143.8843	0.0216609208010834
2142.4673	0.0228701137697634
2141.0504	0.0222328023847457
2139.6334	0.0223105268797254
2138.2164	0.0225879149680004
2136.7994	0.0220283614892266
2135.3825	0.0232660498010547
2133.9655	0.0228567062887073
2132.5485	0.0239055888801933
2131.1315	0.023206296550369
2129.7146	0.0226620335164472
2128.2976	0.0228571877412808
2126.8806	0.0240796278739322
2125.4636	0.023903328732358
2124.0467	0.0246168107109394
2122.6297	0.0241568714235614
2121.2127	0.0240674396878426
2119.7957	0.023937013246262
2118.3788	0.0240719266273346
2116.9618	0.024144297233877
2115.5448	0.0235516621119585
2114.1278	0.0245427258068407
2112.7108	0.0250020863285975
2111.2939	0.0237872914324538
2109.8769	0.0245832940382828
2108.4599	0.0241784298440204
2107.0429	0.0238465568318212
2105.626	0.0241637601657113
2104.209	0.0243300350191707
2102.792	0.0239254627125229
2101.375	0.0246738974914747
2099.9581	0.0244867952110069
2098.5411	0.0237013971957826
2097.1241	0.0234978112696861
2095.7071	0.0238339292023635
2094.2902	0.0235186031369261
2092.8732	0.0235800868870769
2091.4562	0.0236505781767718
2090.0392	0.0235230874544944
2088.6223	0.0227620615030969
2087.2053	0.0232220267016412
2085.7883	0.0223510304033695
2084.3713	0.0241731518928098
2082.9544	0.0241747999549842
2081.5374	0.0236219215780177
2080.1204	0.0240784468040614
2078.7034	0.0238664329012327
2077.2865	0.0237776087807385
2075.8695	0.0236605514417534
2074.4525	0.0230224427462615
2073.0355	0.0234865289615099
2071.6186	0.023203252253836
2070.2016	0.0235795796892238
2068.7846	0.0227701179136384
2067.3676	0.0229915978539883
2065.9506	0.0232063715263275
2064.5337	0.0233716970534238
2063.1167	0.0231625969366635
2061.6997	0.0228273732515964
2060.2827	0.023277538810875
2058.8658	0.0240073159549878
2057.4488	0.0220620254713614
2056.0318	0.0236460943229285
2054.6148	0.0228668254160421
2053.1979	0.0244219529507514
2051.7809	0.0236528523864005
2050.3639	0.0228812582908202
2048.9469	0.0225403105418962
2047.53	0.0218266777022404
2046.113	0.0223265005877017
2044.696	0.0223361046571199
2043.279	0.0217164867824183
2041.8621	0.021669064448156
2040.4451	0.0219850805059685
2039.0281	0.0214820721323967
2037.6111	0.0222682051299517
2036.1942	0.0213764392025484
2034.7772	0.0211819687724045
2033.3602	0.020673872147971
2031.9432	0.0217355946495538
2030.5263	0.0209473144602068
2029.1093	0.0209251020482211
2027.6923	0.0216041310317549
2026.2753	0.020697715679588
2024.8584	0.0202416048139645
2023.4414	0.0205720823560238
2022.0244	0.0190969308615351
2020.6074	0.0193661333478097
2019.1904	0.0193919098360412
2017.7735	0.0188544029127204
2016.3565	0.0186312747631624
2014.9395	0.019744944037509
2013.5225	0.0199962664291984
2012.1056	0.0200879317817664
2010.6886	0.0207746601713244
2009.2716	0.0209429767049444
2007.8546	0.0201140687403398
2006.4377	0.0202967253585136
2005.0207	0.0192490886881716
2003.6037	0.0194194511970442
2002.1867	0.0199577224265625
2000.7698	0.0192296420310427
1999.3528	0.0203914384578782
1997.9358	0.0211257277857532
1996.5188	0.0203776838985936
1995.1019	0.0197671073944687
1993.6849	0.0199696612125145
1992.2679	0.0202081624387485
1990.8509	0.0201533120162798
1989.434	0.0202780853157907
1988.017	0.0198298891440431
1986.6	0.0203288845664056
1985.183	0.0205270198838871
1983.7661	0.0194659619230516
1982.3491	0.0208088298002066
1980.9321	0.0209363955482454
1979.5151	0.0207198890805388
1978.0982	0.0193744436708737
1976.6812	0.0194197458165336
1975.2642	0.0196711548063643
1973.8472	0.0191669342601488
1972.4302	0.0194423914749651
1971.0133	0.0196841576961081
1969.5963	0.0189016615014164
1968.1793	0.0184145960527515
1966.7623	0.0189553690841566
1965.3454	0.0186211933514986
1963.9284	0.0185462550515509
1962.5114	0.0190314542204468
1961.0944	0.0193350273759726
1959.6775	0.0195144426199277
1958.2605	0.0194841316098475
1956.8435	0.0197757117150243
1955.4265	0.0193670346913733
1954.0096	0.0200879772114052
1952.5926	0.0192396586019781
1951.1756	0.0198114756418548
1949.7586	0.0200146269482896
1948.3417	0.0207058715359422
1946.9247	0.0210454241408549
1945.5077	0.0202478668315609
1944.0907	0.0199101188346875
1942.6738	0.0203115042966298
1941.2568	0.0200563993472738
1939.8398	0.0203491713415814
1938.4228	0.0206799685019241
1937.0059	0.0215130186619311
1935.5889	0.0216699872248371
1934.1719	0.0205634205671781
1932.7549	0.0211382750990754
1931.338	0.0202690340212026
1929.921	0.021309740163112
1928.504	0.0207458992437238
1927.087	0.0208439430925227
1925.67	0.0206832145228093
1924.2531	0.0213959981912583
1922.8361	0.0206135753881956
1921.4191	0.0214272993819324
1920.0021	0.021309065987593
1918.5852	0.0221827291495185
1917.1682	0.0213585538756577
1915.7512	0.021606459988968
1914.3342	0.0211380221420868
1912.9173	0.0214963849874134
1911.5003	0.0217481704745326
1910.0833	0.0215916583558729
1908.6663	0.0219507490725953
1907.2494	0.0216239550211861
1905.8324	0.0218342066594289
1904.4154	0.0218204274874605
1902.9984	0.0207791731419173
1901.5815	0.0214876504524637
1900.1645	0.0214631875003196
1898.7475	0.0219582240995601
1897.3305	0.0216038067253651
1895.9136	0.0215483715250382
1894.4966	0.0215760609832429
1893.0796	0.0217366419563426
1891.6626	0.0223308746216142
1890.2457	0.0219792991359945
1888.8287	0.0227052966197795
1887.4117	0.0222062826953811
1885.9947	0.021929216046483
1884.5778	0.0224434630804596
1883.1608	0.0214868687995737
1881.7438	0.0211577036612823
1880.3268	0.021378725717414
1878.9098	0.0216109366272045
1877.4929	0.0212565595924748
1876.0759	0.0216496730801413
1874.6589	0.0221115641396134
1873.2419	0.021269725186066
1871.825	0.0213682202560377
1870.408	0.022044626739169
1868.991	0.0218108933400964
1867.574	0.0222950621777681
1866.1571	0.0216634141431405
1864.7401	0.0219568226897589
1863.3231	0.0212387418166937
1861.9061	0.0220982356210394
1860.4892	0.0221031457598946
1859.0722	0.0224203294665318
1857.6552	0.0226513077290927
1856.2382	0.0217794084566574
1854.8213	0.0221274537872779
1853.4043	0.022385688777127
1851.9873	0.0222747133007207
1850.5703	0.0214131672698279
1849.1534	0.0215767510451881
1847.7364	0.0219379727908114
1846.3194	0.0210759225416724
1844.9024	0.0218941438982344
1843.4855	0.0206253828462966
1842.0685	0.021439226314949
1840.6515	0.020997793196597
1839.2345	0.0214089410535325
1837.8176	0.0212383849213139
1836.4006	0.0219428705582143
1834.9836	0.0213775105702229
1833.5666	0.021608914777758
1832.1496	0.0202468786334603
1830.7327	0.021660797791147
1829.3157	0.0209853905791065
1827.8987	0.0217180952960023
1826.4817	0.0206545276397494
1825.0648	0.0214451242337507
1823.6478	0.0220115985685795
1822.2308	0.0216291272502218
1820.8138	0.0214326549259107
1819.3969	0.0214725277663606
1817.9799	0.0209673742730239
1816.5629	0.0219259968320001
1815.1459	0.0213736882700306
1813.729	0.0216782131907977
1812.312	0.0210978368189072
1810.895	0.0213846381200918
1809.478	0.0214018678689121
1808.0611	0.0219571183545237
1806.6441	0.0222115239248423
1805.2271	0.0213627386981451
1803.8101	0.0214355542254313
1802.3932	0.0205834836229273
1800.9762	0.0212146479356313
1799.5592	0.0216033791631779
1798.1422	0.0212743025412829
1796.7253	0.0212177705793848
1795.3083	0.0204743587808941
1793.8913	0.0206072181554475
1792.4743	0.0210228652361312
1791.0574	0.0210168225316188
1789.6404	0.0219584459636058
1788.2234	0.0222923226385228
1786.8064	0.0214145465804658
1785.3894	0.0213922585254103
1783.9725	0.0210479192825836
1782.5555	0.0222413122867576
1781.1385	0.0220358172914026
1779.7215	0.0216107086348419
1778.3046	0.0217708969055287
1776.8876	0.0215004478695283
1775.4706	0.0212659058372747
1774.0536	0.0219539924601513
1772.6367	0.0213417084335678
1771.2197	0.0219753033994994
1769.8027	0.022115534625577
1768.3857	0.0219304035478947
1766.9688	0.0218941502288571
1765.5518	0.0221844752891541
1764.1348	0.0226312973083708
1762.7178	0.0224507383537785
1761.3009	0.0220837652391078
1759.8839	0.0223494046285597
1758.4669	0.0222491281419514
1757.0499	0.022492953446368
1755.633	0.0219533204236399
1754.216	0.0219691458925141
1752.799	0.0231825291800274
1751.382	0.022688624824819
1749.9651	0.0233821864187004
1748.5481	0.0228808939889429
1747.1311	0.0229005275280803
1745.7141	0.022678342168476
1744.2972	0.0233684910129772
1742.8802	0.0236708696429885
1741.4632	0.0240283396777808
1740.0462	0.0235344825812565
1738.6292	0.0238153265386743
1737.2123	0.0237422668618796
1735.7953	0.0250762446286491
1734.3783	0.0246830866518302
1732.9613	0.0248303452057511
1731.5444	0.0252066912328151
1730.1274	0.0263443483449625
1728.7104	0.0261505008952091
1727.2934	0.0264557420938692
1725.8765	0.0259656821275984
1724.4595	0.0267259451069487
1723.0425	0.0262298788945341
1721.6255	0.0261945887068676
1720.2086	0.0259774856177153
1718.7916	0.0265701395547724
1717.3746	0.0270010258969752
1715.9576	0.0278007328744
1714.5407	0.0268808763242077
1713.1237	0.0277287563710756
1711.7067	0.0273058197510862
1710.2897	0.0277703939335646
1708.8728	0.0280763605360599
1707.4558	0.0283000184078528
1706.0388	0.0289723616867097
1704.6218	0.0293559545227971
1703.2049	0.0286259359370957
1701.7879	0.028854614530074
1700.3709	0.0298686926541295
1698.9539	0.0297059559175087
1697.537	0.029891205722816
1696.12	0.0305362984771499
1694.703	0.0302294405754644
1693.286	0.0302685696944433
1691.869	0.0301384262990424
1690.4521	0.0305674532792088
1689.0351	0.0312077131508228
1687.6181	0.0302877906884885
1686.2011	0.0303037106589077
1684.7842	0.0301403232953871
1683.3672	0.031055279830749
1681.9502	0.0304116395787293
1680.5332	0.030809323056676
1679.1163	0.0314775916870788
1677.6993	0.031535727755198
1676.2823	0.0308336254954283
1674.8653	0.0308728587465227
1673.4484	0.0311725862918713
1672.0314	0.0321950951780845
1670.6144	0.0318882932673472
1669.1974	0.0320956575698201
1667.7805	0.0318310065735939
1666.3635	0.0333061591383451
1664.9465	0.0329471959092682
1663.5295	0.0329520593890492
1662.1126	0.0334479744496805
1660.6956	0.0338544766220016
1659.2786	0.0331812141549035
1657.8616	0.0341790977865168
1656.4447	0.0340670447233452
1655.0277	0.0341176662355016
1653.6107	0.0340092295587604
1652.1937	0.0350038450506414
1650.7768	0.035679356098246
1649.3598	0.0347145132403571
1647.9428	0.0367077656000135
1646.5258	0.0356781026799456
1645.1088	0.0375021325183655
1643.6919	0.0374614698386938
1642.2749	0.0386787487174216
1640.8579	0.038277326207934
1639.4409	0.0390986468350631
1638.024	0.0397486802124318
1636.607	0.0403626926754816
1635.19	0.0421115396592008
1633.773	0.0416760093531946
1632.3561	0.0422750314038246
1630.9391	0.0422628863811525
1629.5221	0.043456410533827
1628.1051	0.0429615181134067
1626.6882	0.0445590063189808
1625.2712	0.044272988882608
1623.8542	0.0446960004069308
1622.4372	0.0448360029973801
1621.0203	0.0457917568565311
1619.6033	0.0451911615236953
1618.1863	0.0457692002467671
1616.7693	0.0456927010370584
1615.3524	0.045885984187877
1613.9354	0.0469366084239856
1612.5184	0.0475071987056856
1611.1014	0.0463034052313293
1609.6845	0.0481302301602251
1608.2675	0.0490380748977848
1606.8505	0.0501275940285569
1605.4335	0.0494002413500686
1604.0166	0.0500534311730004
1602.5996	0.0508625611818227
1601.1826	0.0508363247165525
1599.7656	0.0516450152039811
1598.3486	0.0517280451022838
1596.9317	0.0513072168727652
1595.5147	0.0506593380148196
1594.0977	0.0502397998675504
1592.6807	0.0501880775561942
1591.2638	0.0497905035158324
1589.8468	0.0491604522038587
1588.4298	0.0491535131785802
1587.0128	0.0483248639685766
1585.5959	0.0478157748048405
1584.1789	0.0474059386175217
1582.7619	0.0475682551130807
1581.3449	0.0464373977721681
1579.928	0.0460982967257791
1578.511	0.0454211181482134
1577.094	0.0443037903628257
1575.677	0.0438265690682789
1574.2601	0.0443663201421537
1572.8431	0.0429760605361222
1571.4261	0.043671019820319
1570.0091	0.0428452377860682
1568.5922	0.0412378295281098
1567.1752	0.041962412543832
1565.7582	0.0414785668492853
1564.3412	0.0401599916012593
1562.9243	0.0402403551773137
1561.5073	0.0388715409529516
1560.0903	0.0378964969544804
1558.6733	0.036761249031479
1557.2564	0.0366003022292928
1555.8394	0.0358867454474067
1554.4224	0.035195960844935
1553.0054	0.0354051080637595
1551.5885	0.0335864705205145
1550.1715	0.0338559478010842
1548.7545	0.0335346355249913
1547.3375	0.0329862253945577
1545.9205	0.0323184601022137
1544.5036	0.0326694702734094
1543.0866	0.032102125540066
1541.6696	0.0322259240235515
1540.2526	0.0317352053055235
1538.8357	0.0306686880073093
1537.4187	0.0306932086268039
1536.0017	0.0306150802079568
1534.5847	0.0310359411108042
1533.1678	0.0311767645533861
1531.7508	0.0311291829377031
1530.3338	0.0314328036157745
1528.9168	0.0313526764194548
1527.4999	0.0311825850560176
1526.0829	0.0315128987012599
1524.6659	0.0316749358810638
1523.2489	0.0316870991930858
1521.832	0.0331400009861994
1520.415	0.0343938794530321
1518.998	0.0350722958832669
1517.581	0.0371875894100647
1516.1641	0.0368837396299819
1514.7471	0.0378053990058497
1513.3301	0.0384835869676921
1511.9131	0.0386600663743475
1510.4962	0.0395264807621073
1509.0792	0.0391652473826676
1507.6622	0.0397011600696875
1506.2452	0.0395711694187996
1504.8283	0.0387743320960022
1503.4113	0.0377917700211458
1501.9943	0.0375736405440917
1500.5773	0.0366633784077001
1499.1603	0.035521707911139
1497.7434	0.0349271114450852
1496.3264	0.034058909653105
1494.9094	0.0332840206428049
1493.4924	0.0332736726748354
1492.0755	0.0325199968570903
1490.6585	0.0317941252508845
1489.2415	0.0320383001753596
1487.8245	0.0329557794903955
1486.4076	0.0327268893868364
1484.9906	0.0338798243815372
1483.5736	0.0337986090942236
1482.1566	0.0346799157443234
1480.7397	0.033893644267469
1479.3227	0.0351081412682698
1477.9057	0.0352662216919095
1476.4887	0.035019700910314
1475.0718	0.0354185714517109
1473.6548	0.035362133650553
1472.2378	0.0362553918588735
1470.8208	0.0369056299532556
1469.4039	0.0389552898974747
1467.9869	0.0386594172056642
1466.5699	0.0393675764106314
1465.1529	0.041494266927336
1463.736	0.0409978723635589
1462.319	0.0416280271254074
1460.902	0.0419449019084676
1459.485	0.0435620036246361
1458.0681	0.044239130886849
1456.6511	0.045400764130502
1455.2341	0.0449664124106729
1453.8171	0.0452183179292229
1452.4001	0.0458630946610527
1450.9832	0.0456505902278491
1449.5662	0.0456436281497284
1448.1492	0.0455394408356832
1446.7322	0.045739660504339
1445.3153	0.0464349836793967
1443.8983	0.0460047917485268
1442.4813	0.0455198449749394
1441.0643	0.0459202077115798
1439.6474	0.0462155619626558
1438.2304	0.0464093714991431
1436.8134	0.0459097385081362
1435.3964	0.0469524169825365
1433.9795	0.0476597900495619
1432.5625	0.0479943831016571
1431.1455	0.0486845031922227
1429.7285	0.0485530532231114
1428.3116	0.0486253370205135
1426.8946	0.0499845013955248
1425.4776	0.0507006142912863
1424.0606	0.0497501897126309
1422.6437	0.050335675534478
1421.2267	0.0508046181293382
1419.8097	0.0517655277204288
1418.3927	0.0522246296090136
1416.9758	0.0517954374893874
1415.5588	0.0520252150673015
1414.1418	0.0523673731460538
1412.7248	0.0520891300662741
1411.3079	0.0532120338470378
1409.8909	0.052707687651762
1408.4739	0.0523939158103791
1407.0569	0.052704494966495
1405.6399	0.0522348754121701
1404.223	0.0527950061022579
1402.806	0.0534168393318271
1401.389	0.0529044915849761
1399.972	0.0535628440972853
1398.5551	0.0521540150627754
1397.1381	0.052569795445044
1395.7211	0.0541583741677269
1394.3041	0.0531152169009504
1392.8872	0.0543435158610815
1391.4702	0.0543701729041995
1390.0532	0.0551149600547697
1388.6362	0.0551646870451868
1387.2193	0.0563343900434374
1385.8023	0.056271480185532
1384.3853	0.0562930317343067
1382.9683	0.0570476087849616
1381.5514	0.0566735911662226
1380.1344	0.0568647781330607
1378.7174	0.0569919974222914
1377.3004	0.0566028796524169
1375.8835	0.057087185596236
1374.4665	0.0561435549129328
1373.0495	0.0564143507317976
1371.6325	0.0574665940304029
1370.2156	0.0575981975054456
1368.7986	0.0582883653986555
1367.3816	0.0589049197539248
1365.9646	0.0590054840789214
1364.5477	0.060347180296258
1363.1307	0.0597618764599853
1361.7137	0.0596897230214456
1360.2967	0.0598505068482048
1358.8797	0.0603100962980652
1357.4628	0.0588935964723625
1356.0458	0.0591524955396312
1354.6288	0.0571901515502563
1353.2118	0.0573819370783462
1351.7949	0.0562840197537823
1350.3779	0.0569239868334775
1348.9609	0.0564254948720093
1347.5439	0.056373730567239
1346.127	0.0567218837813138
1344.71	0.0571311387339067
1343.293	0.0567822890018331
1341.876	0.0575001213855638
1340.4591	0.0576947060730728
1339.0421	0.0576729696530106
1337.6251	0.0584703603324718
1336.2081	0.0579509455559628
1334.7912	0.0570524510953843
1333.3742	0.0577391348706654
1331.9572	0.0570081942576526
1330.5402	0.0569032661253483
1329.1233	0.0577941376125238
1327.7063	0.0565448239182791
1326.2893	0.055940390911802
1324.8723	0.0554938538533704
1323.4554	0.0542102028735266
1322.0384	0.054079552931968
1320.6214	0.0531824909958149
1319.2044	0.0522887812906942
1317.7875	0.0530359321022563
1316.3705	0.0519697481163786
1314.9535	0.051159069811908
1313.5365	0.0513984529065472
1312.1195	0.0516553753301734
1310.7026	0.0511901863204224
1309.2856	0.0512339013750742
1307.8686	0.050519325394636
1306.4516	0.0511449677400259
1305.0347	0.0519449375222204
1303.6177	0.0510780742437343
1302.2007	0.0510060714247696
1300.7837	0.0509270899868529
1299.3668	0.0519381771542836
1297.9498	0.0512963880575186
1296.5328	0.0507257554694788
1295.1158	0.0521828673327111
1293.6989	0.0515529914113838
1292.2819	0.0513258502353368
1290.8649	0.0521320616833992
1289.4479	0.0512278999560467
1288.031	0.0517456545839074
1286.614	0.0507926233687138
1285.197	0.0522787440342289
1283.78	0.051655971338154
1282.3631	0.0519868435051554
1280.9461	0.0522660894699403
1279.5291	0.0533672429104597
1278.1121	0.0539434986266413
1276.6952	0.0550411982034794
1275.2782	0.0542138044319908
1273.8612	0.0554234502220955
1272.4442	0.0565532042675895
1271.0273	0.056619077354919
1269.6103	0.0561148295340936
1268.1933	0.0561449602880634
1266.7763	0.0557029842079025
1265.3593	0.0562882331526522
1263.9424	0.0556630893495738
1262.5254	0.0555549508999203
1261.1084	0.0551403547832909
1259.6914	0.0556515064205451
1258.2745	0.0538600175236148
1256.8575	0.0560152953306008
1255.4405	0.0552648075597627
1254.0235	0.0557844120493626
1252.6066	0.0558847903847677
1251.1896	0.0539393740426984
1249.7726	0.0545146808099004
1248.3556	0.0543285399774845
1246.9387	0.0540641975880248
1245.5217	0.0542262280195613
1244.1047	0.0536474361244065
1242.6877	0.0535492139805631
1241.2708	0.0540368925397895
1239.8538	0.053473430778161
1238.4368	0.0541842732205876
1237.0198	0.0554511018357563
1235.6029	0.0538085195706633
1234.1859	0.055182791485229
1232.7689	0.0547757869680137
1231.3519	0.0540577236170112
1229.935	0.053812721093193
1228.518	0.0528503467492023
1227.101	0.0529251886391088
1225.684	0.0517774918128845
1224.2671	0.0512364832120922
1222.8501	0.0511128475056113
1221.4331	0.0502661911157397
1220.0161	0.0482786296014193
1218.5991	0.0483908723271781
1217.1822	0.0485509405537106
1215.7652	0.0475057899713641
1214.3482	0.0472560537387045
1212.9312	0.0468447974274532
1211.5143	0.047337882249981
1210.0973	0.0470191337111412
1208.6803	0.046323838805905
1207.2633	0.0463619407208675
1205.8464	0.0455306609429114
1204.4294	0.0451286108504495
1203.0124	0.0447395938963165
1201.5954	0.0442092060799828
1200.1785	0.0441139270342369
1198.7615	0.0441521639639985
1197.3445	0.0428036467407916
1195.9275	0.0426198778434587
1194.5106	0.0429670294876025
1193.0936	0.042268579745175
1191.6766	0.041314192613283
1190.2596	0.0399036595741861
1188.8427	0.0400013818262646
1187.4257	0.0394336801803262
1186.0087	0.0390811828831458
1184.5917	0.0388002816140679
1183.1748	0.0382479549323613
1181.7578	0.038264125433572
1180.3408	0.0385532318865513
1178.9238	0.0387600417142722
1177.5069	0.0393573422650263
1176.0899	0.0395629316552222
1174.6729	0.0404206431359836
1173.2559	0.0415768606866297
1171.8389	0.0422698601842097
1170.422	0.0442815177207405
1169.005	0.045546308463049
1167.588	0.047466375307754
1166.171	0.0506271299502034
1164.7541	0.0530298221536993
1163.3371	0.0554677908682668
1161.9201	0.0588769111544175
1160.5031	0.0611852730158986
1159.0862	0.0638773022748175
1157.6692	0.0670510915929754
1156.2522	0.0680841410564682
1154.8352	0.0708507476848951
1153.4183	0.0731955605526787
1152.0013	0.0750494473698945
1150.5843	0.0764923841202633
1149.1673	0.0764399907237963
1147.7504	0.0778170503585153
1146.3334	0.0773262007103572
1144.9164	0.0773145711647302
1143.4994	0.0768820645546944
1142.0825	0.076006189314137
1140.6655	0.0755555005714615
1139.2485	0.0745805435431767
1137.8315	0.0723698064646415
1136.4146	0.0720289556366933
1134.9976	0.0704131865387136
1133.5806	0.0702378727547541
1132.1636	0.070640561826267
1130.7467	0.0699433028443315
1129.3297	0.0703648780996121
1127.9127	0.0701992554165052
1126.4957	0.0710986964496939
1125.0787	0.071689751889278
1123.6618	0.0722938309829621
1122.2448	0.0726669230232734
1120.8278	0.072231312800132
1119.4108	0.0729127403690373
1117.9939	0.0729464460362444
1116.5769	0.0728097380679723
1115.1599	0.0731175680080784
1113.7429	0.0739333754714165
1112.326	0.0740816864777888
1110.909	0.0755301987677203
1109.492	0.0749013068509277
1108.075	0.0767873622582747
1106.6581	0.0764945195633996
1105.2411	0.076574953270856
1103.8241	0.0779631255616967
1102.4071	0.0791978247942558
1100.9902	0.0791790048972164
1099.5732	0.0799025622837477
1098.1562	0.0807644313000482
1096.7392	0.080109771120341
1095.3223	0.0804409462747886
1093.9053	0.080786016655321
1092.4883	0.0819588255761035
1091.0713	0.0826104261049706
1089.6544	0.084088750795397
1088.2374	0.0858419023550321
1086.8204	0.0888773688256987
1085.4034	0.0910363948202847
1083.9865	0.0936292974455185
1082.5695	0.0964487198670425
1081.1525	0.0990594117351715
1079.7355	0.100339905163321
1078.3185	0.103264346879708
1076.9016	0.10414036118652
1075.4846	0.103867402632215
1074.0676	0.103695240092709
1072.6506	0.101796497387963
1071.2337	0.100723858622963
1069.8167	0.0984017379727323
1068.3997	0.0967527708342295
1066.9827	0.0955739366760156
1065.5658	0.0945810409709475
1064.1488	0.0939498755446556
1062.7318	0.095011067570942
1061.3148	0.0956773089827593
1059.8979	0.0978067390495825
1058.4809	0.0988670821894008
1057.0639	0.100317264567813
1055.6469	0.102245948547034
1054.23	0.10371352808179
1052.813	0.10581747824153
1051.396	0.10831836124198
1049.979	0.110045428976537
1048.5621	0.111767792729193
1047.1451	0.114305477756572
1045.7281	0.116207413456524
1044.3111	0.118226237385165
1042.8942	0.120670114785855
1041.4772	0.122531136143661
1040.0602	0.125213942570575
1038.6432	0.126210561545387
1037.2263	0.127691854023459
1035.8093	0.130223968814277
1034.3923	0.133069476350561
1032.9753	0.134013265847834
1031.5583	0.137230677583426
1030.1414	0.139245776928976
1028.7244	0.141225370669424
1027.3074	0.143138688192482
1025.8904	0.145108027329075
1024.4735	0.148102889935822
1023.0565	0.1506150450151
1021.6395	0.151950962884573
1020.2225	0.153777458445397
1018.8056	0.156234555901771
1017.3886	0.157171658838342
1015.9716	0.158393227493363
1014.5546	0.159012330263317
1013.1377	0.159534014585217
1011.7207	0.159804723475011
1010.3037	0.160324712023519
1008.8867	0.159633667919336
1007.4698	0.160843334874572
1006.0528	0.160842269888176
1004.6358	0.160441420492876
1003.2188	0.161761189907063
1001.8019	0.16252903982229
1000.3849	0.162994652080884
998.9679	0.162865422962605
997.5509	0.164382324620963
996.134	0.164975006350267
994.717	0.165895492863861
993.3	0.166063030686526
991.883	0.167566168424043
990.4661	0.167861267255436
989.0491	0.166508038348821
987.6321	0.166603772662945
986.2151	0.165945201501275
984.7981	0.16434043274535
983.3812	0.161176370198936
981.9642	0.160844094057359
980.5472	0.158096647715422
979.1302	0.155348734882573
977.7133	0.152845809555495
976.2963	0.150590245121615
974.8793	0.147186478773806
973.4623	0.143787453637104
972.0454	0.140545220900553
970.6284	0.137612184445701
969.2114	0.134023426723453
967.7944	0.131840885121269
966.3775	0.129110395941529
964.9605	0.125419306304521
963.5435	0.123253820480316
962.1265	0.120287987422011
960.7096	0.118132650093401
959.2926	0.114749812609595
957.8756	0.113202114083543
956.4586	0.11080297579837
955.0417	0.108164449986256
953.6247	0.106143253305176
952.2077	0.103618471104701
950.7907	0.101242706833863
949.3738	0.100313916459329
947.9568	0.0988077701382012
946.5398	0.0972850900230053
945.1228	0.0963241868877048
943.7059	0.0956082228801771
942.2889	0.0962401270748244
940.8719	0.0966085490421605
939.4549	0.0968503085056561
938.0379	0.0964740872160307
936.621	0.0974339993931795
935.204	0.0978730148039815
933.787	0.0973990159052334
932.37	0.0977641994292027
930.9531	0.0978603327041273
929.5361	0.0977903155707952
928.1191	0.0978414982265722
926.7021	0.0984314740028444
925.2852	0.0971065696633528
923.8682	0.0973984150688442
922.4512	0.0969747952444249
921.0342	0.0970339494383999
919.6173	0.0964047598518789
918.2003	0.0955207239813477
916.7833	0.0952383505213343
915.3663	0.0943072956181356
913.9494	0.0938844919319207
912.5324	0.0929233406588183
911.1154	0.091922850329285
909.6984	0.091360223353291
908.2815	0.0900291020669695
906.8645	0.0892398489039523
905.4475	0.0882246248086515
904.0305	0.0871962631511397
902.6136	0.0863365986603669
901.1966	0.0857261280000279
899.7796	0.0856315121194164
898.3626	0.084916610851908
896.9457	0.0836238418602955
895.5287	0.0832542360053327
894.1117	0.0830066687824383
892.6947	0.0822532735008025
891.2777	0.0820807880233582
889.8608	0.0813529370940079
888.4438	0.0804086504967606
887.0268	0.079623797740284
885.6098	0.0784107059212853
884.1929	0.0777894216883274
882.7759	0.0768615540985575
881.3589	0.0763987853041233
879.9419	0.0750700425913875
878.525	0.0747287501350699
877.108	0.0746827276725461
875.691	0.0741639958698514
874.274	0.074405792443348
872.8571	0.0744541703354363
871.4401	0.0751852864654981
870.0231	0.0753634798613902
868.6061	0.0767690566287196
867.1892	0.0762226949730003
865.7722	0.0771119867987477
864.3552	0.0781314494288393
862.9382	0.0785091329465849
861.5213	0.0790568150954494
860.1043	0.0791150963894084
858.6873	0.0792510305266479
857.2703	0.0795800439705754
855.8534	0.0800903012459428
854.4364	0.0788265677320518
853.0194	0.0795959920953467
851.6024	0.0793699968290561
850.1855	0.0791707517929784
848.7685	0.0794588595963523
847.3515	0.0793045439546133
845.9345	0.0799506714324844
844.5175	0.0797515692798294
843.1006	0.0791563168004035
841.6836	0.0785917028750169
840.2666	0.0786396258235077
838.8496	0.078270474394782
837.4327	0.078312265750834
836.0157	0.0782826868092811
834.5987	0.0764349026335646
833.1817	0.0762329723527439
831.7648	0.0766626107405093
830.3478	0.0748928657722062
828.9308	0.0746876378560537
827.5138	0.0736745929442824
826.0969	0.0735401006554248
824.6799	0.0734821734804161
823.2629	0.0722481933842769
821.8459	0.0727425054724038
820.429	0.0730759998275155
819.012	0.0727639574578033
817.595	0.0726889293289698
816.178	0.0716916650616901
814.7611	0.0722157197220724
813.3441	0.0717433847471456
811.9271	0.0723766024453896
810.5101	0.071943814353893
809.0932	0.072069191700075
807.6762	0.0712436562697699
806.2592	0.0709120724753587
804.8422	0.0701922683345113
803.4253	0.0698207819179335
802.0083	0.0706924700491021
800.5913	0.0698712089833936
799.1743	0.0703707372261815
797.7573	0.0707861967561114
796.3404	0.0698015024417217
794.9234	0.0701445162138712
793.5064	0.0712604228112415
792.0894	0.0707443715721342
790.6725	0.070622059774318
789.2555	0.0711014610668882
787.8385	0.0710930771642697
786.4215	0.072089770358039
785.0046	0.0723433104230799
783.5876	0.0731016672190188
782.1706	0.0731894929590469
780.7536	0.0737455944815948
779.3367	0.0746120534275403
777.9197	0.0755458424831672
776.5027	0.0749520348662907
775.0857	0.0760015228615583
773.6688	0.0761977846940169
772.2518	0.077965355076346
770.8348	0.0796719036468653
769.4178	0.0797251442647918
768.0009	0.0808194151691451
766.5839	0.081109374197319
765.1669	0.0830551508341043
763.7499	0.083596063051431
762.333	0.0826102020288972
760.916	0.0841634368895974
759.499	0.0843907635111108
758.082	0.083801558775034
756.6651	0.0836072146578542
755.2481	0.0839051572072948
753.8311	0.0827918405901925
752.4141	0.0822594316117112
750.9971	0.0815959792429151
749.5802	0.0803530601062853
748.1632	0.0799524951460512
746.7462	0.0791004597902746
745.3292	0.0785783913420243
743.9123	0.0770529524824657
742.4953	0.0777405558739052
741.0783	0.0771399751170379
739.6613	0.0769460605637895
738.2444	0.0759346030286877
736.8274	0.0765279317967428
735.4104	0.076695763588562
733.9934	0.0765980770788399
732.5765	0.0763758378969564
731.1595	0.0771459194116003
729.7425	0.077147036292409
728.3255	0.0775290179095079
726.9086	0.0780094486543049
725.4916	0.0791214631418555
724.0746	0.0783612308328752
722.6576	0.079461003365769
721.2407	0.0797594387132529
719.8237	0.0814920597358555
718.4067	0.0810069358730587
716.9897	0.082496616581844
715.5728	0.0836250404966568
714.1558	0.0842761806355476
712.7388	0.0852324963821252
711.3218	0.086794219476768
709.9049	0.0864196229673304
708.4879	0.0868654314830274
707.0709	0.0881055704162689
705.6539	0.0887535453367222
704.2369	0.0888075820985853
702.82	0.088501801558397
701.403	0.0880809997672432
699.986	0.0878466191422908
698.569	0.0874978337345585
697.1521	0.0877709448354593
695.7351	0.0872228897296967
694.3181	0.0867229985806502
692.9011	0.0863291934550874
691.4842	0.0865345436391696
690.0672	0.0864183607769962
688.6502	0.0861203854142009
687.2332	0.0865469470605277
685.8163	0.0862314163373156
684.3993	0.0863395734776542
682.9823	0.0872508959257589
681.5653	0.0869489439183577
680.1484	0.0871772960971915
678.7314	0.0884436010669292
677.3144	0.0885080863340877
675.8974	0.0876345781018455
674.4805	0.0882876477099671
673.0635	0.0889279915867047
671.6465	0.0886183952789175
670.2295	0.088462094031789
668.8126	0.0894006622307931
667.3956	0.0893326163446791
665.9786	0.0907692893386846
664.5616	0.0898337797453535
663.1447	0.0904278775422791
661.7277	0.090882004593705
660.3107	0.0906812417490626
658.8937	0.0914156611312511
657.4767	0.0920686387603907
656.0598	0.0916967873802832
654.6428	0.0921963820502905
653.2258	0.0912771269926716
651.8088	0.0916036529904146
650.3919	0.0922371588510109
648.9749	0.0924042733010153
647.5579	0.0928694492872059
646.1409	0.0943171184182809
644.724	0.0938066405856899
643.307	0.0942093508112927
641.89	0.0946178152415468
640.473	0.0948817339288737
639.0561	0.0941625280745448
637.6391	0.0951478408388084
636.2221	0.0947673641898551
634.8051	0.0955521825264145
633.3882	0.0957211737782516
631.9712	0.0955281846977567
630.5542	0.096913695538375
629.1372	0.0962061163255513
627.7203	0.0968630012331838
626.3033	0.0975614947393095
624.8863	0.0987531359997187
623.4693	0.0993803801689621
622.0524	0.099826215594083
620.6354	0.100961502264547
619.2184	0.102076955409086
617.8014	0.10358562370263
616.3845	0.103942483976563
614.9675	0.104780088579685
613.5505	0.106310709144133
612.1335	0.106477126643533
610.7165	0.108172601281067
609.2996	0.109330867669221
607.8826	0.108971672063068
606.4656	0.110259195223348
605.0486	0.110164706690731
603.6317	0.110428782444319
602.2147	0.110314581681375
600.7977	0.109676684034467
599.3807	0.109667902214291
597.9638	0.109969103535494
596.5468	0.110890555331372
595.1298	0.110774439929232
593.7128	0.111577954160231
592.2959	0.111253808871741
590.8789	0.111870925504288
589.4619	0.113354400263287
588.0449	0.113028642001005
586.628	0.113590676682846
585.211	0.1150580478908
583.794	0.115870534980032
582.377	0.117006517476356
580.9601	0.119183413787543
579.5431	0.120616852839191
578.1261	0.122721402496976
576.7091	0.123784964292514
575.2922	0.124704198101148
573.8752	0.126108153945277
572.4582	0.126987313649272
571.0412	0.127338525687152
569.6243	0.12626373958668
568.2073	0.12743056663901
566.7903	0.126796938115923
565.3733	0.126742105602712
563.9563	0.126205737839238
562.5394	0.124771368276251
561.1224	0.124630374870075
559.7054	0.123524131743458
558.2884	0.123300219417579
556.8715	0.123181573222346
555.4545	0.122362563018978
554.0375	0.122819189828393
552.6205	0.121280867065328
551.2036	0.121351614558472
549.7866	0.120409235272104
548.3696	0.120310248147025
546.9526	0.11998876701108
545.5357	0.120250387164729
544.1187	0.120054231439066
542.7017	0.11950894901158
541.2847	0.120564283676981
539.8678	0.122088200558297
538.4508	0.122664728361994
537.0338	0.122852617247538
535.6168	0.124334762052107
534.1999	0.125031588084751
532.7829	0.125492154596109
531.3659	0.127162055916979
529.9489	0.128538198366834
528.532	0.130160845351009
527.115	0.131523852182225
525.698	0.131869970059357
524.281	0.132487213368009
522.8641	0.133204630402527
521.4471	0.133859602675226
520.0301	0.132989813769398
518.6131	0.133481826115607
517.1962	0.132528497844022
515.7792	0.132818886967441
514.3622	0.13366502758849
512.9452	0.131462215045734
511.5282	0.13189600736513
510.1113	0.131306727563073
508.6943	0.130840962293116
507.2773	0.130763800395288
505.8603	0.130000821411624
504.4434	0.13018635365906
503.0264	0.129933754928338
501.6094	0.129960468644468
500.1924	0.130506136831209
498.7755	0.129541627694788
497.3585	0.130165989391508
495.9415	0.129536153574282
494.5245	0.129622752283531
493.1076	0.129324551795685
491.6906	0.128550706586697
490.2736	0.129228174641103
488.8566	0.129208387197723
487.4397	0.128911065824169
486.0227	0.128858477779639
484.6057	0.129395692000064
483.1887	0.129264423903282
481.7718	0.129421733831017
480.3548	0.129867995406132
478.9378	0.130092338585984
477.5208	0.130245862512447
476.1039	0.130373867046675
474.6869	0.128894907407636
473.2699	0.128689305411452
471.8529	0.128325628919226
470.436	0.128783723077758
469.019	0.12861146588056
467.602	0.12792281659011
466.185	0.128250228931979
464.768	0.127677499156037
463.3511	0.127431780633532
461.9341	0.128372934582811
460.5171	0.127691152941972
459.1001	0.127205611493779
457.6832	0.127250010697639
456.2662	0.127066943935241
454.8492	0.127618153364122
453.4322	0.127579563633277
452.0153	0.12824331403923
450.5983	0.127555045332338
449.1813	0.127380956292191
447.7643	0.127872140938856
446.3474	0.12841024761949
444.9304	0.128469586736561
443.5134	0.1295786193458
442.0964	0.131498939089262
440.6795	0.133431815367629
439.2625	0.134774165784558
437.8455	0.135375213408472
436.4285	0.137292338250996
435.0116	0.137215978447774
433.5946	0.136796126835433
432.1776	0.136137538356303
430.7606	0.135866544549395
429.3437	0.136336450147443
427.9267	0.137338896921374
426.5097	0.13792852628431
425.0927	0.137875966653719
423.6758	0.139079970566586
422.2588	0.138537374812124
420.8418	0.13938737723468
419.4248	0.13689566744639
418.0078	0.137708619762868
416.5909	0.136316151658007
415.1739	0.13760506998162
413.7569	0.139450804664099
412.3399	0.139570407588993
410.923	0.139911279853194
409.506	0.139882734055893
408.089	0.13961101199965
406.672	0.138639921449936
405.2551	0.140439341250511
403.8381	0.140900333143125
402.4211	0.142481099954656
401.0041	0.1425096114923
