3994.4546	0.0118737456225252
3993.0377	0.0120191568275197
3991.6207	0.0120706244363075
3990.2037	0.0120166231677933
3988.7867	0.0122293371103939
3987.3698	0.0114637685716493
3985.9528	0.0124052100599511
3984.5358	0.0123490239020032
3983.1188	0.0115806289777201
3981.7019	0.0123819878320289
3980.2849	0.0121374714640828
3978.8679	0.0115927931564643
3977.4509	0.0126113077598757
3976.034	0.0119574281560049
3974.617	0.0125420091852008
3973.2	0.0119357640495672
3971.783	0.0116982731687003
3970.3661	0.0123333484737111
3968.9491	0.011919272783281
3967.5321	0.0119200963362634
3966.1151	0.0124324857058997
3964.6982	0.0118248376349582
3963.2812	0.0121871492526422
3961.8642	0.011809587014782
3960.4472	0.0116268947484724
3959.0303	0.0121831839674076
3957.6133	0.0120119228408469
3956.1963	0.0121417534898988
3954.7793	0.0120142572555804
3953.3624	0.012314830340151
3951.9454	0.0123635688626077
3950.5284	0.0115729593336438
3949.1114	0.0120943675026658
3947.6944	0.0122848479346668
3946.2775	0.011507050024606
3944.8605	0.0117153156422206
3943.4435	0.0121687104851153
3942.0265	0.0120381692356675
3940.6096	0.0119416391201971
3939.1926	0.0119771683004592
3937.7756	0.0120175299363725
3936.3586	0.0122671554121238
3934.9417	0.0118246350353588
3933.5247	0.0118520707707781
3932.1077	0.0121759488972638
3930.6907	0.0124042065524272
3929.2738	0.012234082945217
3927.8568	0.0121541282698019
3926.4398	0.012658805281334
3925.0228	0.0120428648436341
3923.6059	0.0120334224224226
3922.1889	0.0115288557231527
3920.7719	0.0115119507739963
3919.3549	0.0120675646949794
3917.938	0.0118878302855651
3916.521	0.0114138483972856
3915.104	0.0120229314014727
3913.687	0.0118355199734789
3912.2701	0.0122847398462152
3910.8531	0.0119658229908538
3909.4361	0.0120910241066468
3908.0191	0.0122253360085112
3906.6022	0.0120327441352405
3905.1852	0.0113594668512084
3903.7682	0.011567601209649
3902.3512	0.0118179886206536
3900.9342	0.0115916456456172
3899.5173	0.0114732183762081
3898.1003	0.0117352835560173
3896.6833	0.0117218879196408
3895.2663	0.0116509076912175
3893.8494	0.0110713155252531
3892.4324	0.0117591036502798
3891.0154	0.0111392439864941
3889.5984	0.0111540581781374
3888.1815	0.0113208999073953
3886.7645	0.0119854194687556
3885.3475	0.0114946081126875
3883.9305	0.0117821089764291
3882.5136	0.0116565877287782
3881.0966	0.0121498692417899
3879.6796	0.0124949668342067
3878.2626	0.0116921386429923
3876.8457	0.0119356188063146
3875.4287	0.0114809766664195
3874.0117	0.0117794173793608
3872.5947	0.0114745848947874
3871.1778	0.0115918141410872
3869.7608	0.0111904051173921
3868.3438	0.0116723102734932
3866.9268	0.0118988372528413
3865.5099	0.0120367773756493
3864.0929	0.0120301270110486
3862.6759	0.0121175480467644
3861.2589	0.012507077003199
3859.842	0.0120482737906438
3858.425	0.0118642281005077
3857.008	0.0118524234434154
3855.591	0.0118507531260616
3854.174	0.0114382897924024
3852.7571	0.011523109854556
3851.3401	0.0118421510801302
3849.9231	0.0117166142922518
3848.5061	0.0114999859725972
3847.0892	0.0117287811266159
3845.6722	0.0113846057256929
3844.2552	0.0117965093741699
3842.8382	0.0114567062175353
3841.4213	0.0111321420280107
3840.0043	0.0107576252790357
3838.5873	0.011317792075265
3837.1703	0.0115887050426761
3835.7534	0.012133314246171
3834.3364	0.0116013072077398
3832.9194	0.0117583217875455
3831.5024	0.0118180959987555
3830.0855	0.0115479909508516
3828.6685	0.0114542099635027
3827.2515	0.0110769435997384
3825.8345	0.0114087930475972
3824.4176	0.0109138723060943
3823.0006	0.0116176455910228
3821.5836	0.0109434469276288
3820.1666	0.0110453768541726
3818.7497	0.0110634829441286
3817.3327	0.0114838814223694
3815.9157	0.0115720437313892
3814.4987	0.011714047419417
3813.0818	0.0117647129269127
3811.6648	0.0116150056947201
3810.2478	0.0114131008828195
3808.8308	0.0116050334594882
3807.4138	0.0113686811161817
3805.9969	0.0112513209408542
3804.5799	0.0110107562866091
3803.1629	0.0117827894533994
3801.7459	0.0118595208313997
3800.329	0.0112534348227802
3798.912	0.0107594820549654
3797.495	0.0119444749958625
3796.078	0.0113488774793294
3794.6611	0.0116707045780863
3793.2441	0.0117015424264157
3791.8271	0.0116077632214703
3790.4101	0.0117707413437604
3788.9932	0.0116011032893156
3787.5762	0.010495706472518
3786.1592	0.0108222406091975
3784.7422	0.0110903331534615
3783.3253	0.0110954812095779
3781.9083	0.0109995356566146
3780.4913	0.0112446295886796
3779.0743	0.0105780234847903
3777.6574	0.0116679568612066
3776.2404	0.0111082384014454
3774.8234	0.011254212766101
3773.4064	0.0113064509469175
3771.9895	0.0111196061156276
3770.5725	0.0109430022493577
3769.1555	0.0112017713432013
3767.7385	0.0114844028206479
3766.3216	0.0111742638558338
3764.9046	0.0109869903180755
3763.4876	0.0114277078285478
3762.0706	0.0109210938116469
3760.6536	0.0111636051112313
3759.2367	0.0110614647576595
3757.8197	0.0109718692249903
3756.4027	0.0110497765181996
3754.9857	0.0110072393038245
3753.5688	0.0112755473499064
3752.1518	0.0104258383761287
3750.7348	0.0111733821678876
3749.3178	0.0113645967377052
3747.9009	0.0110818196993902
3746.4839	0.0108903811689972
3745.0669	0.0112794624348247
3743.6499	0.0111341984626548
3742.233	0.0113069692844824
3740.816	0.0113765957430882
3739.399	0.0104797797532061
3737.982	0.010524077902085
3736.5651	0.0108369043749665
3735.1481	0.0112313491229179
3733.7311	0.0107361828576019
3732.3141	0.0114035475176327
3730.8972	0.0107960523466452
3729.4802	0.0110247559166365
3728.0632	0.0106725717045923
3726.6462	0.0105553657615567
3725.2293	0.0107589477890403
3723.8123	0.0113249165565249
3722.3953	0.0106496031942904
3720.9783	0.0108293660733366
3719.5614	0.0103196967285027
3718.1444	0.0102579215555138
3716.7274	0.0110428815405709
3715.3104	0.0100808264543011
3713.8935	0.0101402067495185
3712.4765	0.0104211072919794
3711.0595	0.010518043889998
3709.6425	0.0104634035425783
3708.2255	0.010703260168865
3706.8086	0.0106880065499244
3705.3916	0.0105435230549689
3703.9746	0.0104803980786817
3702.5576	0.0101154616674018
3701.1407	0.0102427230468557
3699.7237	0.0101932995696804
3698.3067	0.0105680961496501
3696.8897	0.01073099319824
3695.4728	0.0102268093419879
3694.0558	0.0106172551931841
3692.6388	0.0105346816086946
3691.2218	0.0103321604429224
3689.8049	0.0107353183601754
3688.3879	0.0110652922081803
3686.9709	0.0106406535422887
3685.5539	0.0106859837543278
3684.137	0.0108202501768423
3682.72	0.0108933601987525
3681.303	0.0106678567532531
3679.886	0.0104351150673244
3678.4691	0.0100286913407206
3677.0521	0.010557319407556
3675.6351	0.0104885931528658
3674.2181	0.0106249341051992
3672.8012	0.0106778001229633
3671.3842	0.0107321655894907
3669.9672	0.0101973213937227
3668.5502	0.0101896671705589
3667.1333	0.0105712029190806
3665.7163	0.0104013122290945
3664.2993	0.0108103624504481
3662.8823	0.0104882425687158
3661.4653	0.0101713839272011
3660.0484	0.0102538136491334
3658.6314	0.0102565716778853
3657.2144	0.0106549586942297
3655.7974	0.0100733490888067
3654.3805	0.0106008377767561
3652.9635	0.010305293072125
3651.5465	0.0108623071462636
3650.1295	0.0109466604907949
3648.7126	0.0108033461601084
3647.2956	0.0112529572269641
3645.8786	0.0107558519034322
3644.4616	0.0106428412391187
3643.0447	0.0113675227800549
3641.6277	0.0110573333479863
3640.2107	0.0109165777781544
3638.7937	0.0109302446004426
3637.3768	0.0110933935780106
3635.9598	0.0108955633454378
3634.5428	0.0116091607256312
3633.1258	0.010911108386333
3631.7089	0.0112001734968914
3630.2919	0.011112356242278
3628.8749	0.0107497578152311
3627.4579	0.0110711088589577
3626.041	0.011491166309899
3624.624	0.0110920796807343
3623.207	0.0111167932855427
3621.79	0.0113466215500334
3620.3731	0.0112139636672011
3618.9561	0.0111874713990546
3617.5391	0.0117772658693942
3616.1221	0.0113705696278666
3614.7051	0.0120332447422313
3613.2882	0.0113508129057283
3611.8712	0.0122307409104973
3610.4542	0.0116474993671719
3609.0372	0.0124640888849537
3607.6203	0.0129585584827089
3606.2033	0.012479794961432
3604.7863	0.0127531205559438
3603.3693	0.012517041096661
3601.9524	0.0123846867908269
3600.5354	0.0130003225367198
3599.1184	0.0128366796462663
3597.7014	0.0127093567209816
3596.2845	0.0133693429664907
3594.8675	0.0125220230358158
3593.4505	0.0136433585982755
3592.0335	0.013510307144802
3590.6166	0.0135176583325196
3589.1996	0.0131566640225938
3587.7826	0.0137191267092963
3586.3656	0.013748894637451
3584.9487	0.0141220714988202
3583.5317	0.014174802577635
3582.1147	0.0145376972649496
3580.6977	0.0144575465633862
3579.2808	0.0148779813060929
3577.8638	0.0141488838581576
3576.4468	0.0148139815197999
3575.0298	0.0144746371920012
3573.6129	0.0146741172447114
3572.1959	0.0147980789182815
3570.7789	0.0156224047339698
3569.3619	0.015427515161471
3567.9449	0.0153131360623603
3566.528	0.0159003618804835
3565.111	0.016114098086628
3563.694	0.0157926328291013
3562.277	0.0160737356650517
3560.8601	0.0161273057804902
3559.4431	0.0164752140480142
3558.0261	0.0169330480894052
3556.6091	0.0171633809041498
3555.1922	0.0169301692198331
3553.7752	0.0173509990520189
3552.3582	0.0175141200698832
3550.9412	0.0181949031570273
3549.5243	0.0176542230394942
3548.1073	0.0176372631134285
3546.6903	0.0179118270325729
3545.2733	0.0180354867984136
3543.8564	0.0188514407302401
3542.4394	0.0188218912730587
3541.0224	0.0188402759042716
3539.6054	0.0193176877343337
3538.1885	0.0190543249790237
3536.7715	0.0196087920628395
3535.3545	0.0190365056434292
3533.9375	0.0196205370285389
3532.5206	0.019975871893729
3531.1036	0.0200455890090324
3529.6866	0.0199986042528491
3528.2696	0.020345680675175
3526.8527	0.0206835014271919
3525.4357	0.0206538410953107
3524.0187	0.0206709639026823
3522.6017	0.0210500861762412
3521.1847	0.0209149636788683
3519.7678	0.0218465015469504
3518.3508	0.0217264410729676
3516.9338	0.0227811023239268
3515.5168	0.0217123063577593
3514.0999	0.0218135965669613
3512.6829	0.0223285617660841
3511.2659	0.0222431585728107
3509.8489	0.0222630191502797
3508.432	0.0230597078215737
3507.015	0.0231160839134355
3505.598	0.0233030922765195
3504.181	0.0236601116348048
3502.7641	0.023681582402949
3501.3471	0.0243236895822631
3499.9301	0.0245614365839751
3498.5131	0.0239071846012554
3497.0962	0.0242843022406497
3495.6792	0.0246438967685141
3494.2622	0.0244856483351839
3492.8452	0.0249866373539815
3491.4283	0.0257909536693926
3490.0113	0.0245762882940938
3488.5943	0.0250347559563809
3487.1773	0.0256647803635156
3485.7604	0.0260075699918244
3484.3434	0.025897626565695
3482.9264	0.0262328715212872
3481.5094	0.0262570832446515
3480.0925	0.0264406283959195
3478.6755	0.0265255292598988
3477.2585	0.0262488880604744
3475.8415	0.0264724348141642
3474.4245	0.0271118304029361
3473.0076	0.0269548420374975
3471.5906	0.0274116394866091
3470.1736	0.0268232143192496
3468.7566	0.0272493800564514
3467.3397	0.027129094819064
3465.9227	0.0276474582044055
3464.5057	0.0281197955534668
3463.0887	0.0282128074864958
3461.6718	0.0287807692525812
3460.2548	0.0285857972886533
3458.8378	0.0287616438238456
3457.4208	0.0288044096164066
3456.0039	0.0289837802611331
3454.5869	0.0291435569428258
3453.1699	0.0290768556858683
3451.7529	0.0291874807020465
3450.336	0.0294616968383889
3448.919	0.0295398542878557
3447.502	0.0303361740149192
3446.085	0.0306779833309965
3444.6681	0.0308402942283742
3443.2511	0.0308113457279034
3441.8341	0.0312418628566614
3440.4171	0.0311388871018281
3439.0002	0.0313766514234481
3437.5832	0.0314071358076789
3436.1662	0.0320637779302888
3434.7492	0.032065140495842
3433.3323	0.031676827201594
3431.9153	0.0322040200412141
3430.4983	0.0323249816740979
3429.0813	0.032659440379592
3427.6643	0.0320041004401834
3426.2474	0.0326163469635189
3424.8304	0.0327926712457745
3423.4134	0.0327364250116507
3421.9964	0.0330430871132957
3420.5795	0.0328786576867244
3419.1625	0.0333800419456003
3417.7455	0.0327455083980551
3416.3285	0.03305991175216
3414.9116	0.0336439020244005
3413.4946	0.034188022426589
3412.0776	0.0343152141459405
3410.6606	0.0343702092204674
3409.2437	0.0342118712828954
3407.8267	0.0347591865032109
3406.4097	0.0344458139244143
3404.9927	0.0346914046376775
3403.5758	0.0349677848044146
3402.1588	0.0349361785749939
3400.7418	0.03513913027489
3399.3248	0.0355829049673561
3397.9079	0.0356094080375523
3396.4909	0.0356228865574489
3395.0739	0.0359240271514436
3393.6569	0.0359432800046725
3392.24	0.0361545793857731
3390.823	0.0362733942362904
3389.406	0.036284763049457
3387.989	0.0363749085605411
3386.5721	0.0364720111779483
3385.1551	0.0365245380849202
3383.7381	0.0369651467705523
3382.3211	0.0361412200603285
3380.9041	0.0368159733337096
3379.4872	0.037094922922444
3378.0702	0.0375345016381157
3376.6532	0.0377292362487046
3375.2362	0.0373729508423992
3373.8193	0.037328748122113
3372.4023	0.037244845747451
3370.9853	0.0369913662499691
3369.5683	0.0374774182104572
3368.1514	0.0373897828727478
3366.7344	0.0379488514195773
3365.3174	0.0376389457240098
3363.9004	0.0382751079079826
3362.4835	0.0383769055620272
3361.0665	0.037817054092083
3359.6495	0.0378476257214781
3358.2325	0.0381657622143425
3356.8156	0.03779991427308
3355.3986	0.0385916910102717
3353.9816	0.0385793458699474
3352.5646	0.0386878561277169
3351.1477	0.0387189083965696
3349.7307	0.0387069968619754
3348.3137	0.0389005860946989
3346.8967	0.0391999366034288
3345.4798	0.039424827145078
3344.0628	0.0393591678911413
3342.6458	0.0395146351691784
3341.2288	0.0396068841856467
3339.8119	0.0392593128001973
3338.3949	0.0398421989100389
3336.9779	0.0393045691724594
3335.5609	0.0396624491840002
3334.1439	0.0390379945652962
3332.727	0.0391154601028487
3331.31	0.0397353669896091
3329.893	0.0394739730642151
3328.476	0.0398846704114848
3327.0591	0.0397731039860186
3325.6421	0.0407759210966361
3324.2251	0.0400456887021264
3322.8081	0.0397146964801009
3321.3912	0.0401031057016278
3319.9742	0.0394749459474886
3318.5572	0.0398223124368961
3317.1402	0.0402971781225737
3315.7233	0.0400722438073663
3314.3063	0.0400603468762577
3312.8893	0.0407806389962167
3311.4723	0.040634695047101
3310.0554	0.0403495923815618
3308.6384	0.0402946670310902
3307.2214	0.0404550927732478
3305.8044	0.040207266233343
3304.3875	0.0404020873584864
3302.9705	0.0404433496302349
3301.5535	0.0406685503691097
3300.1365	0.0410972939037472
3298.7196	0.0402521436812086
3297.3026	0.040293617861592
3295.8856	0.0407573393134176
3294.4686	0.0406043406582931
3293.0517	0.0407261841287587
3291.6347	0.0408500361136356
3290.2177	0.0407250041246683
3288.8007	0.0405025817650804
3287.3837	0.0402981254667884
3285.9668	0.0402180773112747
3284.5498	0.0402415148858669
3283.1328	0.0409419355009844
3281.7158	0.0409571483830866
3280.2989	0.0410935007253311
3278.8819	0.0407839370312612
3277.4649	0.0409548030984486
3276.0479	0.0404169452239732
3274.631	0.0403651891325775
3273.214	0.040039177479356
3271.797	0.0408718351637228
3270.38	0.0409739778105041
3268.9631	0.0409567310501921
3267.5461	0.0409193135473591
3266.1291	0.0406493127302983
3264.7121	0.0406017476556353
3263.2952	0.0412069711726188
3261.8782	0.0412506283496998
3260.4612	0.0413604533640199
3259.0442	0.0408773873489655
3257.6273	0.0406335262332391
3256.2103	0.040715657116111
3254.7933	0.0399221586060123
3253.3763	0.0400795685551795
3251.9594	0.0403007733577394
3250.5424	0.0403328419320312
3249.1254	0.0407142131487344
3247.7084	0.0404776309917316
3246.2915	0.0406121482616072
3244.8745	0.0410708791113044
3243.4575	0.0399427385662362
3242.0405	0.0406366279121389
3240.6235	0.039862021108672
3239.2066	0.0402249054306011
3237.7896	0.0405437163768433
3236.3726	0.0403835006531004
3234.9556	0.0408247369284394
3233.5387	0.040013592328389
3232.1217	0.0403920850360011
3230.7047	0.0402277187413246
3229.2877	0.0397012104532038
3227.8708	0.0397914040438148
3226.4538	0.0399580168850512
3225.0368	0.0400950741378699
3223.6198	0.0398949744452632
3222.2029	0.0399407331525006
3220.7859	0.0404053474724518
3219.3689	0.0397154677853832
3217.9519	0.0403302320756439
3216.535	0.0396014715656628
3215.118	0.0399274285811618
3213.701	0.0394471022199073
3212.284	0.0397396297121036
3210.8671	0.0395370717011053
3209.4501	0.0393423632595037
3208.0331	0.0394378517713009
3206.6161	0.0391582285253171
3205.1992	0.0386713770442126
3203.7822	0.0387063090164348
3202.3652	0.0391634057434121
3200.9482	0.0389900930366389
3199.5313	0.0385050774494698
3198.1143	0.037891989472757
3196.6973	0.038617311402808
3195.2803	0.0381121930784886
3193.8633	0.0384930181861664
3192.4464	0.0381820358810602
3191.0294	0.0381776227285033
3189.6124	0.0387467576727833
3188.1954	0.0381369190085478
3186.7785	0.0388825325431926
3185.3615	0.0381043956087064
3183.9445	0.0380391139942434
3182.5275	0.0376143427119983
3181.1106	0.0381005476868248
3179.6936	0.0378062295139725
3178.2766	0.0378584607293154
3176.8596	0.0379438832205777
3175.4427	0.0376059638711177
3174.0257	0.0374628639496639
3172.6087	0.037628904670965
3171.1917	0.0373767567803655
3169.7748	0.0372010041748414
3168.3578	0.0370336223233147
3166.9408	0.036943211566233
3165.5238	0.036265161009786
3164.1069	0.0368779511503979
3162.6899	0.0365978820535581
3161.2729	0.036927679641139
3159.8559	0.0361335332599737
3158.439	0.0363465092445756
3157.022	0.0362760774404746
3155.605	0.0367943761228714
3154.188	0.0359453818076707
3152.7711	0.0355718564174558
3151.3541	0.0364918242128223
3149.9371	0.0362096329051965
3148.5201	0.0353993272066534
3147.1031	0.035264862869934
3145.6862	0.0352769961367405
3144.2692	0.0352452633605638
3142.8522	0.0354710977082202
3141.4352	0.0355975202636965
3140.0183	0.035171770928782
3138.6013	0.0347475294837476
3137.1843	0.0345686246260614
3135.7673	0.0351063895486758
3134.3504	0.0347446955169072
3132.9334	0.034492307667781
3131.5164	0.0339446308371254
3130.0994	0.034678552211414
3128.6825	0.0343099900677808
3127.2655	0.033703172189729
3125.8485	0.0339016298903818
3124.4315	0.0337979943337532
3123.0146	0.0335074539697059
3121.5976	0.0335869175769079
3120.1806	0.0333566074557107
3118.7636	0.0330328354573249
3117.3467	0.0325203435236447
3115.9297	0.0331610758937303
3114.5127	0.0329387659067108
3113.0957	0.0332255838951559
3111.6788	0.0329003027396171
3110.2618	0.0325130397700721
3108.8448	0.0330530353960838
3107.4278	0.0328651119416181
3106.0109	0.0330064182758029
3104.5939	0.0323938625689966
3103.1769	0.0326061567641902
3101.7599	0.0323826245771326
3100.3429	0.0318085654125506
3098.926	0.0320424930492903
3097.509	0.031717962161191
3096.092	0.0321622276234448
3094.675	0.0312842829919906
3093.2581	0.0315912238021788
3091.8411	0.0317711848223765
3090.4241	0.0317962989933582
3089.0071	0.031409519853949
3087.5902	0.0311046367318792
3086.1732	0.0308077217083235
3084.7562	0.0306243769692075
3083.3392	0.0311095237300109
3081.9223	0.0306079454148355
3080.5053	0.0299854179897099
3079.0883	0.0298659460029649
3077.6713	0.030285093759968
3076.2544	0.0301166960347577
3074.8374	0.0305180967835332
3073.4204	0.0299030817552685
3072.0034	0.0301163039842297
3070.5865	0.0302574507787326
3069.1695	0.0305423390428334
3067.7525	0.0297622485553571
3066.3355	0.0295098699490223
3064.9186	0.0292789623215491
3063.5016	0.0293901910753327
3062.0846	0.0290537733092873
3060.6676	0.0289652503463938
3059.2507	0.0290695361440203
3057.8337	0.028605623619464
3056.4167	0.0286260970401428
3054.9997	0.0292365508100575
3053.5827	0.0285953309297608
3052.1658	0.028470411799117
3050.7488	0.0281588821976803
3049.3318	0.0282965948755884
3047.9148	0.0282244718998875
3046.4979	0.0281111750148784
3045.0809	0.0279227899865794
3043.6639	0.0277230344184718
3042.2469	0.0276693736638697
3040.83	0.0281155263458984
3039.413	0.0279122569865599
3037.996	0.0276368962159318
3036.579	0.0271846900142337
3035.1621	0.0279542820495163
3033.7451	0.0269945983752338
3032.3281	0.0270135921383141
3030.9111	0.0272664037636594
3029.4942	0.0271332746144599
3028.0772	0.0268390470374266
3026.6602	0.0268252503287409
3025.2432	0.026781804515061
3023.8263	0.0267285493339525
3022.4093	0.0266753162955674
3020.9923	0.0268276771371492
3019.5753	0.0265429564248937
3018.1584	0.0266191767670534
3016.7414	0.0267588155510057
3015.3244	0.0266345983004372
3013.9074	0.0268707038013747
3012.4905	0.0258178818189898
3011.0735	0.0261022744547402
3009.6565	0.0255295114868133
3008.2395	0.0262159033140283
3006.8225	0.025840371711473
3005.4056	0.0262527929690131
3003.9886	0.0258485239068962
3002.5716	0.0260897909738124
3001.1546	0.0257084866802141
2999.7377	0.0258733660617659
2998.3207	0.025969141282908
2996.9037	0.0256729016410093
2995.4867	0.0259949773378715
2994.0698	0.0263843015172906
2992.6528	0.0260602457883881
2991.2358	0.0253425476832088
2989.8188	0.0258681985281404
2988.4019	0.0249666858828206
2986.9849	0.0255591677740218
2985.5679	0.0258260246604139
2984.1509	0.0257341606849525
2982.734	0.0256398767382413
2981.317	0.0258224151465605
2979.9	0.0264731947305444
2978.483	0.0258396616699177
2977.0661	0.0258518102941843
2975.6491	0.026032986893652
2974.2321	0.0261457425789494
2972.8151	0.0261096669983122
2971.3982	0.0263505492633967
2969.9812	0.0267933187452048
2968.5642	0.026257157114024
2967.1472	0.0269164762027548
2965.7303	0.0267346138150892
2964.3133	0.0270016692178936
2962.8963	0.0268928414938499
2961.4793	0.0272650928747867
2960.0623	0.0273705369159414
2958.6454	0.0276847142605842
2957.2284	0.0278490210836707
2955.8114	0.028031596333929
2954.3944	0.0279755491649739
2952.9775	0.0279516821660774
2951.5605	0.0285725629723748
2950.1435	0.0282293937653915
2948.7265	0.028457090626382
2947.3096	0.0289499971593346
2945.8926	0.0294520294517166
2944.4756	0.0296961508973186
2943.0586	0.0295876423225415
2941.6417	0.0298923354190835
2940.2247	0.0303752863576357
2938.8077	0.0304662195580753
2937.3907	0.0308584577223271
2935.9738	0.0304767984327381
2934.5568	0.0305588741423965
2933.1398	0.0313264719023497
2931.7228	0.03122343799566
2930.3059	0.0316709232232565
2928.8889	0.0319460340781899
2927.4719	0.0316882680006746
2926.0549	0.0314873090267443
2924.638	0.0321284209361257
2923.221	0.0318452760457754
2921.804	0.0318743899461766
2920.387	0.0322557305404311
2918.9701	0.0310037871542238
2917.5531	0.0313310345478406
2916.1361	0.0320948861951568
2914.7191	0.0314286251942511
2913.3021	0.0315042773403931
2911.8852	0.0312282908890437
2910.4682	0.0314035888426063
2909.0512	0.0316762834693021
2907.6342	0.0318178128895858
2906.2173	0.0311838522297068
2904.8003	0.0312919526084793
2903.3833	0.031019537085073
2901.9663	0.0316309244176861
2900.5494	0.0310821658915525
2899.1324	0.0312237340379184
2897.7154	0.0314841385253109
2896.2984	0.0310653958104152
2894.8815	0.0313846895131799
2893.4645	0.0309944394304944
2892.0475	0.0310552378863963
2890.6305	0.0308481367108189
2889.2136	0.0304246742424447
2887.7966	0.0307107009778432
2886.3796	0.0309278798280246
2884.9626	0.0311361792620137
2883.5457	0.0307020089317398
2882.1287	0.0305514075268107
2880.7117	0.0302629599422047
2879.2947	0.0305230773823462
2877.8778	0.0302736563683421
2876.4608	0.0301404141191688
2875.0438	0.029802724484487
2873.6268	0.0305006151397955
2872.2099	0.0296582310772636
2870.7929	0.0301214360040735
2869.3759	0.029151527995667
2867.9589	0.0293330816553851
2866.5419	0.0291030118747195
2865.125	0.0290705752982961
2863.708	0.0288202380507865
2862.291	0.0287111230684812
2860.874	0.0286344350921279
2859.4571	0.0282328671631727
2858.0401	0.0286067331186621
2856.6231	0.0286106058814279
2855.2061	0.0283638630083383
2853.7892	0.0283185941354859
2852.3722	0.0278366919135084
2850.9552	0.027948383668552
2849.5382	0.0280306307869029
2848.1213	0.0280544348372871
2846.7043	0.0279477346402963
2845.2873	0.0273126784263346
2843.8703	0.0272684452771962
2842.4534	0.0272936521138465
2841.0364	0.0270665979359827
2839.6194	0.0276428434074152
2838.2024	0.0267575136992298
2836.7855	0.0273121526210919
2835.3685	0.026823987216859
2833.9515	0.0267121240684427
2832.5345	0.0268056190946589
2831.1176	0.0264800197516859
2829.7006	0.0269973117128548
2828.2836	0.0267163938566614
2826.8666	0.026219818255619
2825.4497	0.0260945028421483
2824.0327	0.0263909649897642
2822.6157	0.0258416211905263
2821.1987	0.0262439721743424
2819.7817	0.02561600168197
2818.3648	0.026103351691096
2816.9478	0.0258550727666925
2815.5308	0.0258228440116562
2814.1138	0.0255096690458136
2812.6969	0.0256618111086278
2811.2799	0.0251914457264361
2809.8629	0.0255726792330432
2808.4459	0.0248919127473901
2807.029	0.025183938997245
2805.612	0.025300002866413
2804.195	0.0253568291816068
2802.778	0.0257190924214137
2801.3611	0.0247825784112977
2799.9441	0.0251011580280081
2798.5271	0.0252960812877243
2797.1101	0.025153853819934
2795.6932	0.0253301864503226
2794.2762	0.0248646004294911
2792.8592	0.0246336093742728
2791.4422	0.0246925870083574
2790.0253	0.0245417266397769
2788.6083	0.0248989833232106
2787.1913	0.0245615737568981
2785.7743	0.024036757309331
2784.3574	0.0241899524180933
2782.9404	0.0239281033015031
2781.5234	0.0243807242024993
2780.1064	0.0243710417944961
2778.6895	0.024007334871845
2777.2725	0.0244307075020575
2775.8555	0.0244404973530478
2774.4385	0.0238616682714968
2773.0215	0.0243439976010785
2771.6046	0.0242732434762365
2770.1876	0.0240862279173321
2768.7706	0.024436117741016
2767.3536	0.024158927784421
2765.9367	0.0237832131301417
2764.5197	0.0241762800379063
2763.1027	0.0242247101733107
2761.6857	0.0238483297234007
2760.2688	0.0241182396226047
2758.8518	0.0237878265046177
2757.4348	0.0241094149259561
2756.0178	0.0242080706081411
2754.6009	0.0238955132103335
2753.1839	0.0237853505690117
2751.7669	0.0233540569712831
2750.3499	0.0237643640185706
2748.933	0.0241880969399365
2747.516	0.024189538692048
2746.099	0.0242089181318031
2744.682	0.0236877319827016
2743.2651	0.0234885772448205
2741.8481	0.0237654409342504
2740.4311	0.0238585044550961
2739.0141	0.0233431538815304
2737.5972	0.0233423582309226
2736.1802	0.0234587803918297
2734.7632	0.0235484306182495
2733.3462	0.0232622505465018
2731.9293	0.0232924202929091
2730.5123	0.023171258634597
2729.0953	0.0235960814375429
2727.6783	0.0237747460694738
2726.2613	0.0232004235209763
2724.8444	0.0232482658717297
2723.4274	0.0233544791500466
2722.0104	0.0235664910795579
2720.5934	0.0234032079118782
2719.1765	0.02345027321735
2717.7595	0.0226599579176002
2716.3425	0.0231896344857166
2714.9255	0.0231997564434089
2713.5086	0.0231000189343736
2712.0916	0.0228572256518905
2710.6746	0.0232707142594598
2709.2576	0.0233394227371782
2707.8407	0.0233584618104895
2706.4237	0.0230389727448215
2705.0067	0.0231846252632309
2703.5897	0.0230741738086429
2702.1728	0.0233319267188114
2700.7558	0.0227806935853297
2699.3388	0.0228226364942405
2697.9218	0.0226749854601169
2696.5049	0.0231163064918752
2695.0879	0.0227056548233114
2693.6709	0.0229258685796325
2692.2539	0.0230972512098577
2690.837	0.022435560116847
2689.42	0.0227614487448005
2688.003	0.0225828000728105
2686.586	0.0232240126691059
2685.1691	0.0229229754092274
2683.7521	0.0222080293121293
2682.3351	0.022858086886412
2680.9181	0.0230017453927424
2679.5011	0.0228198723306764
2678.0842	0.022941641695477
2676.6672	0.0228144713075039
2675.2502	0.022955674624254
2673.8332	0.0226950724885142
2672.4163	0.0224373063372347
2670.9993	0.0220739506347336
2669.5823	0.0225010220901974
2668.1653	0.0225889105266993
2666.7484	0.0219894492383774
2665.3314	0.0226193743213888
2663.9144	0.0229500235196439
2662.4974	0.0228200315832434
2661.0805	0.0222979417614585
2659.6635	0.0220848978520518
2658.2465	0.0228332530158014
2656.8295	0.0224015439576254
2655.4126	0.0224268700280036
2653.9956	0.0222996640222078
2652.5786	0.0224964242781363
2651.1616	0.0221101135257607
2649.7447	0.0222518896446643
2648.3277	0.0220343349101835
2646.9107	0.0223054976861287
2645.4937	0.0213328357723348
2644.0768	0.021971564227163
2642.6598	0.0216147047525772
2641.2428	0.022113291106182
2639.8258	0.0219186660427134
2638.4089	0.021908163438697
2636.9919	0.022394860554706
2635.5749	0.0220165763972428
2634.1579	0.021477285447662
2632.741	0.0214196287700392
2631.324	0.0216558944974699
2629.907	0.0217671651250913
2628.49	0.0216454277419084
2627.073	0.0217536013756324
2625.6561	0.0212684270546994
2624.2391	0.0214995362488384
2622.8221	0.0214518205846384
2621.4051	0.0210922780194511
2619.9882	0.021158352026649
2618.5712	0.0216529864492143
2617.1542	0.0210533611901356
2615.7372	0.021329744706236
2614.3203	0.02108593845084
2612.9033	0.0209490363897234
2611.4863	0.0210239368955861
2610.0693	0.0209522539947257
2608.6524	0.020648228921966
2607.2354	0.0211686699304491
2605.8184	0.0209449576008606
2604.4014	0.020674355780785
2602.9845	0.0204416077791549
2601.5675	0.0213375622466755
2600.1505	0.0209765921417644
2598.7335	0.0208235619725713
2597.3166	0.0206770027700696
2595.8996	0.0213250093281261
2594.4826	0.0210107236017795
2593.0656	0.0207493410440174
2591.6487	0.020825199991267
2590.2317	0.0213544828741272
2588.8147	0.0210902882117297
2587.3977	0.0203302931482099
2585.9808	0.0203831854648243
2584.5638	0.0206519230897226
2583.1468	0.020034119290222
2581.7298	0.0202070608972607
2580.3128	0.0208442529666691
2578.8959	0.0203837972645037
2577.4789	0.0206612896868231
2576.0619	0.021308278053758
2574.6449	0.0203025749594713
2573.228	0.0204515334305279
2571.811	0.0204620058455933
2570.394	0.0204174500430416
2568.977	0.0202378119528195
2567.5601	0.0203175632661614
2566.1431	0.0199107801488039
2564.7261	0.0198469579427557
2563.3091	0.0203657370031134
2561.8922	0.0202215638622802
2560.4752	0.0203930047600953
2559.0582	0.0197574109253122
2557.6412	0.0201930274845789
2556.2243	0.0200076532198697
2554.8073	0.0200040881377644
2553.3903	0.020285034069446
2551.9733	0.0200634115827097
2550.5564	0.0196526476125189
2549.1394	0.0196764693568958
2547.7224	0.0198902309831658
2546.3054	0.0195092561309451
2544.8885	0.0202234690017508
2543.4715	0.0199402906223504
2542.0545	0.0194492167553573
2540.6375	0.0197815726342543
2539.2206	0.0194326799512521
2537.8036	0.0193083994798744
2536.3866	0.0192102272789482
2534.9696	0.0196835176373595
2533.5526	0.0198456735093043
2532.1357	0.0191106423515029
2530.7187	0.0196366103759446
2529.3017	0.0195971972938108
2527.8847	0.0201900164653901
2526.4678	0.0197353198066764
2525.0508	0.0198859108768311
2523.6338	0.0191257060385141
2522.2168	0.019941208823728
2520.7999	0.0192523530947055
2519.3829	0.0190734497633408
2517.9659	0.0190652521030232
2516.5489	0.0198070201382291
2515.132	0.0197127921094657
2513.715	0.01950603061605
2512.298	0.0198047788345522
2510.881	0.0195881164095696
2509.4641	0.0196806799164564
2508.0471	0.0197072576467763
2506.6301	0.0194029358287009
2505.2131	0.0192607276222878
2503.7962	0.0191695084436843
2502.3792	0.0190005947833712
2500.9622	0.0192182712420508
2499.5452	0.0187582611082277
2498.1283	0.0193360378062133
2496.7113	0.0192969358497685
2495.2943	0.018917501641672
2493.8773	0.0192818202865345
2492.4604	0.0186665282467854
2491.0434	0.0192477284794034
2489.6264	0.0196348801650667
2488.2094	0.0193825872609633
2486.7924	0.0190847809578347
2485.3755	0.019225715496462
2483.9585	0.0195860879242938
2482.5415	0.0190086918370031
2481.1245	0.019403767089742
2479.7076	0.0195423773727816
2478.2906	0.019327296488825
2476.8736	0.0186550240709109
2475.4566	0.0186720025253458
2474.0397	0.0184398761706882
2472.6227	0.0191729350670063
2471.2057	0.019107006896167
2469.7887	0.0190437462811618
2468.3718	0.018940010902332
2466.9548	0.018220477053608
2465.5378	0.0193519605899894
2464.1208	0.0190805832077909
2462.7039	0.0186259568930941
2461.2869	0.0185983247678481
2459.8699	0.0184948513280843
2458.4529	0.0187539104463882
2457.036	0.0190898415508255
2455.619	0.0189414476682639
2454.202	0.0190292566270523
2452.785	0.0191253810353349
2451.3681	0.0183939052802677
2449.9511	0.0188040930953198
2448.5341	0.0188256576991824
2447.1171	0.018146969035448
2445.7002	0.0189927386612934
2444.2832	0.0187168979189746
2442.8662	0.0186189305104036
2441.4492	0.0188387129607723
2440.0322	0.0188642144523264
2438.6153	0.0185237758410957
2437.1983	0.0187774549042918
2435.7813	0.0185352876456259
2434.3643	0.0182475345493983
2432.9474	0.0189757247067518
2431.5304	0.0188268795232347
2430.1134	0.0184605869680484
2428.6964	0.0180537280683685
2427.2795	0.0181053928726237
2425.8625	0.0182195705661099
2424.4455	0.0186304298182928
2423.0285	0.0185198419713568
2421.6116	0.018197884044354
2420.1946	0.0180711202736817
2418.7776	0.0182096860676086
2417.3606	0.0179091831054441
2415.9437	0.0182486254337392
2414.5267	0.0182511916386837
2413.1097	0.0183865131583777
2411.6927	0.0179360399289953
2410.2758	0.0177890285121739
2408.8588	0.0179836484339886
2407.4418	0.017850337253402
2406.0248	0.0179952146168835
2404.6079	0.0179190436162105
2403.1909	0.0180639861771613
2401.7739	0.0180412840753305
2400.3569	0.018501007401378
2398.94	0.0183301316076559
2397.523	0.0179623663101748
2396.106	0.0182156132314535
2394.689	0.0176604040893511
2393.272	0.0178715011025346
2391.8551	0.0178308577635778
2390.4381	0.0173748200728369
2389.0211	0.0181313943017303
2387.6041	0.0181913575773253
2386.1872	0.0178875395987089
2384.7702	0.017724172172507
2383.3532	0.0178257351531327
2381.9362	0.0178257607790373
2380.5193	0.0179198319434251
2379.1023	0.0180623265617199
2377.6853	0.0177470313961057
2376.2683	0.0178503587808158
2374.8514	0.0187508476205626
2373.4344	0.0179789725314952
2372.0174	0.0181923744861833
2370.6004	0.0172513376028805
2369.1835	0.0170512188837809
2367.7665	0.0169966358272905
2366.3495	0.0174244520160145
2364.9325	0.0179799414288017
2363.5156	0.0178932077737906
2362.0986	0.0182545227590481
2360.6816	0.018817075602742
2359.2646	0.0181345910977143
2357.8477	0.0178192174579672
2356.4307	0.0184243698770814
2355.0137	0.017834704921425
2353.5967	0.0182689545803944
2352.1798	0.0180382366231784
2350.7628	0.0180904591732557
2349.3458	0.0181703333970386
2347.9288	0.0179073476573604
2346.5118	0.0175710845359942
2345.0949	0.0175914491493073
2343.6779	0.0177700594745655
2342.2609	0.0179574409687506
2340.8439	0.0176575205722058
2339.427	0.017581037370852
2338.01	0.0174130132981499
2336.593	0.0173223793064709
2335.176	0.0179520001892286
2333.7591	0.0181120967270066
2332.3421	0.0181297300452258
2330.9251	0.0179349051186291
2329.5081	0.0176040609005968
2328.0912	0.0179587666036172
2326.6742	0.0182959459435565
2325.2572	0.0179788153512649
2323.8402	0.0183979768105908
2322.4233	0.0182343029167422
2321.0063	0.0178507149073458
2319.5893	0.0181155226319252
2318.1723	0.018484575703909
2316.7554	0.0186226758127567
2315.3384	0.0186848518558765
2313.9214	0.0177810703802667
2312.5044	0.0176154565241782
2311.0875	0.0175680419585302
2309.6705	0.0175420159708892
2308.2535	0.0175837888642909
2306.8365	0.0181077417701332
2305.4196	0.0173240564851874
2304.0026	0.0176009817371645
2302.5856	0.0178066698929172
2301.1686	0.0176859889765603
2299.7516	0.0175659484788127
2298.3347	0.0179631166435563
2296.9177	0.018460571864086
2295.5007	0.0178700622810268
2294.0837	0.0175198700790069
2292.6668	0.0180044861132158
2291.2498	0.0177618939633798
2289.8328	0.0169994025945313
2288.4158	0.0173119116541733
2286.9989	0.0174636794904625
2285.5819	0.017597235069323
2284.1649	0.0177374208590152
2282.7479	0.0175848046655012
2281.331	0.0173488704837339
2279.914	0.0173452083803839
2278.497	0.0173863910570174
2277.08	0.0172012117489874
2275.6631	0.017446645451808
2274.2461	0.0174528698779907
2272.8291	0.0170457958634052
2271.4121	0.0175113672017976
2269.9952	0.017637056624796
2268.5782	0.0175311697347747
2267.1612	0.0172953926984592
2265.7442	0.0168781329194318
2264.3273	0.0167780303870848
2262.9103	0.0169820884216819
2261.4933	0.017364337129318
2260.0763	0.0171500605354734
2258.6594	0.0180568897768157
2257.2424	0.0173329272957724
2255.8254	0.01746862782877
2254.4084	0.0178729858167574
2252.9914	0.0169367581544193
2251.5745	0.0170928891039347
2250.1575	0.0169340268291302
2248.7405	0.0170461354381491
2247.3235	0.0171130486963423
2245.9066	0.016977482380012
2244.4896	0.0172637245947013
2243.0726	0.0172918283576919
2241.6556	0.0170317857580549
2240.2387	0.0169909803530463
2238.8217	0.016764737616133
2237.4047	0.0174574263670368
2235.9877	0.016470452722434
2234.5708	0.0167325155510321
2233.1538	0.0170651365567709
2231.7368	0.016862308563749
2230.3198	0.0162970222474358
2228.9029	0.0164744169129989
2227.4859	0.0177865442835635
2226.0689	0.01756980088916
2224.6519	0.0170603209582435
2223.235	0.016905270192278
2221.818	0.0168845848438769
2220.401	0.0168651951013268
2218.984	0.0171480695872582
2217.5671	0.0167862323853453
2216.1501	0.0174355787887454
2214.7331	0.0176410991475344
2213.3161	0.0171904982687031
2211.8992	0.0170539729976922
2210.4822	0.016719159504665
2209.0652	0.0167744019976372
2207.6482	0.017151270996054
2206.2312	0.0167604047200811
2204.8143	0.0174754630782964
2203.3973	0.0167679027846639
2201.9803	0.0174912588153332
2200.5633	0.0174012985425953
2199.1464	0.0167643141062035
2197.7294	0.0170170169464606
2196.3124	0.0169424512704539
2194.8954	0.0172290809953623
2193.4785	0.0168541557654593
2192.0615	0.0171970052977912
2190.6445	0.0164833238616459
2189.2275	0.0167404105286751
2187.8106	0.0161127967827609
2186.3936	0.0162823648311873
2184.9766	0.0169107069728884
2183.5596	0.0163017130143361
2182.1427	0.0162033557597665
2180.7257	0.0163019703528192
2179.3087	0.0167120786420776
2177.8917	0.0163500341285764
2176.4748	0.0164704542611393
2175.0578	0.0158427567051639
2173.6408	0.016565758780126
2172.2238	0.0162863173073319
2170.8069	0.016514435032207
2169.3899	0.016330901616722
2167.9729	0.0161855456304542
2166.5559	0.0162889424978717
2165.139	0.0166020168000804
2163.722	0.0174241577565395
2162.305	0.0170639237881494
2160.888	0.0154273287146642
2159.471	0.01474368817123
2158.0541	0.0143939396623707
2156.6371	0.014405806202345
2155.2201	0.0150092669996295
2153.8031	0.0159490090993891
2152.3862	0.0156404732321151
2150.9692	0.0164876580694095
2149.5522	0.0161346818173842
2148.1352	0.0162882186455887
2146.7183	0.0159172493195216
2145.3013	0.0156413376190115
2143.8843	0.0164618799197296
2142.4673	0.0168189826984721
2141.0504	0.0161340926411679
2139.6334	0.0157943610471032
2138.2164	0.015849035505383
2136.7994	0.0156463077273861
2135.3825	0.0151721674721316
2133.9655	0.0155637356872128
2132.5485	0.0156185941056669
2131.1315	0.0153863672811231
2129.7146	0.0164368403439957
2128.2976	0.0151780961623684
2126.8806	0.0161116199961241
2125.4636	0.0156926698795756
2124.0467	0.0160932051903478
2122.6297	0.0161226026048081
2121.2127	0.0160079542969407
2119.7957	0.0162159394531119
2118.3788	0.0158077499323
2116.9618	0.0165094898973135
2115.5448	0.016675201783325
2114.1278	0.0165624653184502
2112.7108	0.0165211395363575
2111.2939	0.016481652438889
2109.8769	0.0168381500462058
2108.4599	0.0168039572243984
2107.0429	0.0163717838128759
2105.626	0.0164575013825774
2104.209	0.017024108570152
2102.792	0.0166261408102895
2101.375	0.0166609848945539
2099.9581	0.0166251910239098
2098.5411	0.0165028838687114
2097.1241	0.0164357391531945
2095.7071	0.0162877506021225
2094.2902	0.0162721411059331
2092.8732	0.0165542449536488
2091.4562	0.0158717546478906
2090.0392	0.016128581533666
2088.6223	0.0169170905136419
2087.2053	0.0162961815900398
2085.7883	0.0162731022471487
2084.3713	0.0161169028238429
2082.9544	0.0156705151737617
2081.5374	0.015728457357493
2080.1204	0.0157670316173265
2078.7034	0.0158717591135924
2077.2865	0.0153812423057164
2075.8695	0.0158132966274914
2074.4525	0.0158910454282413
2073.0355	0.0164004602361452
2071.6186	0.0157957151935764
2070.2016	0.0159642519173454
2068.7846	0.016337505477696
2067.3676	0.0157268442719739
2065.9506	0.0158006349785059
2064.5337	0.015828477441966
2063.1167	0.01589646740156
2061.6997	0.0161496262705905
2060.2827	0.0159067353678636
2058.8658	0.0156678892662615
2057.4488	0.0164033919006664
2056.0318	0.0156815849638247
2054.6148	0.0154746322791549
2053.1979	0.0153210637775475
2051.7809	0.0157721427042839
2050.3639	0.0163197167725856
2048.9469	0.0163102701693668
2047.53	0.0162524745797993
2046.113	0.0161003882726429
2044.696	0.0156435416718478
2043.279	0.0154510195685049
2041.8621	0.015629346338629
2040.4451	0.0159006187855098
2039.0281	0.0150746554553248
2037.6111	0.0153142027336111
2036.1942	0.0151743343456531
2034.7772	0.0150677007914629
2033.3602	0.0154846800655213
2031.9432	0.0147069810770859
2030.5263	0.0156080084097748
2029.1093	0.0149165920331056
2027.6923	0.0152549191574345
2026.2753	0.0151844289377523
2024.8584	0.015284850111892
2023.4414	0.0153985993570435
2022.0244	0.0155245353499745
2020.6074	0.0157462487658957
2019.1904	0.0149772366144623
2017.7735	0.0147341335602998
2016.3565	0.0146673807052768
2014.9395	0.0140181367926637
2013.5225	0.0145135541990956
2012.1056	0.0145809873305873
2010.6886	0.014408754335376
2009.2716	0.0145149841342407
2007.8546	0.014395489959053
2006.4377	0.0144028296456602
2005.0207	0.0142972821169513
2003.6037	0.0140479537117179
2002.1867	0.0140512643356042
2000.7698	0.014288650511425
1999.3528	0.0142011851379232
1997.9358	0.0137491073899594
1996.5188	0.0140059715235459
1995.1019	0.0142736790187931
1993.6849	0.0141496276010714
1992.2679	0.0140892157146227
1990.8509	0.0150547850467581
1989.434	0.0150686713048716
1988.017	0.0151566212180738
1986.6	0.0143649635173246
1985.183	0.0149468944901084
1983.7661	0.0144501985102889
1982.3491	0.0160666264078466
1980.9321	0.0153614534474064
1979.5151	0.0158213567208028
1978.0982	0.0149099136277372
1976.6812	0.0142770418969251
1975.2642	0.0147234244460479
1973.8472	0.0145136021294764
1972.4302	0.0142215061039599
1971.0133	0.0140271345142365
1969.5963	0.0141645668808927
1968.1793	0.0146424511945643
1966.7623	0.0144971282510674
1965.3454	0.0148157049253109
1963.9284	0.0150221044528783
1962.5114	0.0147254709738745
1961.0944	0.0141921044182836
1959.6775	0.0141236680428255
1958.2605	0.0136118478745003
1956.8435	0.0138070754972718
1955.4265	0.013910956172691
1954.0096	0.013659509031394
1952.5926	0.0143424535311469
1951.1756	0.0139879798638815
1949.7586	0.0146892565344855
1948.3417	0.0139333542784513
1946.9247	0.0146975009701037
1945.5077	0.0148526363587474
1944.0907	0.0140047402109951
1942.6738	0.0144027484553637
1941.2568	0.0143896647388521
1939.8398	0.0148297408129414
1938.4228	0.0146551051612511
1937.0059	0.0149417025863641
1935.5889	0.0147562412437193
1934.1719	0.0143643384423946
1932.7549	0.0141774925572132
1931.338	0.0145580547598958
1929.921	0.0146889515292189
1928.504	0.0138925863774286
1927.087	0.0145984043529431
1925.67	0.0146620990797233
1924.2531	0.0146892532760915
1922.8361	0.0147255419848441
1921.4191	0.0151284686805574
1920.0021	0.0149627832545583
1918.5852	0.014921332190049
1917.1682	0.0146082597614693
1915.7512	0.0148509572800893
1914.3342	0.0147146351967871
1912.9173	0.0149309092150566
1911.5003	0.0152557381547402
1910.0833	0.0151565451870499
1908.6663	0.0147427026594522
1907.2494	0.0142968531957587
1905.8324	0.0151333434491919
1904.4154	0.0148523608330629
1902.9984	0.0149716726570303
1901.5815	0.0154318720562591
1900.1645	0.0151626558877217
1898.7475	0.0148119350430197
1897.3305	0.0147624625321642
1895.9136	0.0143861809735216
1894.4966	0.0150554229592036
1893.0796	0.0151933611733999
1891.6626	0.0146890349774596
1890.2457	0.015341276012557
1888.8287	0.014888899266718
1887.4117	0.0152327548917402
1885.9947	0.014664858118699
1884.5778	0.0149635081578172
1883.1608	0.0144586727839655
1881.7438	0.0145545798808044
1880.3268	0.0146256910246079
1878.9098	0.0150003859521978
1877.4929	0.0147844423611888
1876.0759	0.0144617293041443
1874.6589	0.0147231955848164
1873.2419	0.0146522106953673
1871.825	0.0147381074641658
1870.408	0.0145069342227398
1868.991	0.0149600911852452
1867.574	0.0147315699061062
1866.1571	0.0147708847465357
1864.7401	0.014462399276738
1863.3231	0.0146041858573853
1861.9061	0.0150459603717525
1860.4892	0.0149525012742456
1859.0722	0.0147515110762883
1857.6552	0.0148199726504251
1856.2382	0.0147634600525458
1854.8213	0.0147230412834573
1853.4043	0.0145362012603324
1851.9873	0.0152100775510465
1850.5703	0.0144984538826109
1849.1534	0.0145772741490577
1847.7364	0.0150183323275161
1846.3194	0.0144566262413254
1844.9024	0.0146414022394688
1843.4855	0.0143935992246976
1842.0685	0.0148078250544285
1840.6515	0.0151329932842317
1839.2345	0.0145975669777583
1837.8176	0.0144799318612422
1836.4006	0.0141051258282335
1834.9836	0.0147821285822159
1833.5666	0.0149651987577468
1832.1496	0.014980392486154
1830.7327	0.0145905177599546
1829.3157	0.0148187280943382
1827.8987	0.0144363110345995
1826.4817	0.0144655939008337
1825.0648	0.0143184258712995
1823.6478	0.0145697902562523
1822.2308	0.01485967418133
1820.8138	0.0144626336386769
1819.3969	0.0147372688821963
1817.9799	0.0144362676293462
1816.5629	0.0142623672404274
1815.1459	0.0143143621416807
1813.729	0.014780570767728
1812.312	0.0140547910727031
1810.895	0.0143398150284528
1809.478	0.0141463299786678
1808.0611	0.0137374753855578
1806.6441	0.0137031494424323
1805.2271	0.0146756241003861
1803.8101	0.0153506230273049
1802.3932	0.0140267496827711
1800.9762	0.0145396065844396
1799.5592	0.0143292433862688
1798.1422	0.0143166350784212
1796.7253	0.0148636526211713
1795.3083	0.0139938822061025
1793.8913	0.0143654009344372
1792.4743	0.0146731433679474
1791.0574	0.0147537869882596
1789.6404	0.0150948204247612
1788.2234	0.0146026848952806
1786.8064	0.0146389805590971
1785.3894	0.01480749316096
1783.9725	0.0141932101133111
1782.5555	0.01428132225928
1781.1385	0.0143504908925192
1779.7215	0.0146705597455953
1778.3046	0.0147229645766812
1776.8876	0.0141968469204423
1775.4706	0.0148762137946221
1774.0536	0.0149850891459113
1772.6367	0.0139436465470105
1771.2197	0.0145956458280302
1769.8027	0.0148274603188013
1768.3857	0.0144509340965176
1766.9688	0.0144809327320346
1765.5518	0.0145676036386842
1764.1348	0.0142972021612405
1762.7178	0.0146473474049031
1761.3009	0.0152815829691109
1759.8839	0.0155690921917135
1758.4669	0.0152243244652183
1757.0499	0.0152713466790824
1755.633	0.015166699831782
1754.216	0.0152755851681249
1752.799	0.0150839872210688
1751.382	0.0151208795956143
1749.9651	0.0150771155858036
1748.5481	0.0158291459578061
1747.1311	0.0154652169229621
1745.7141	0.0156229311666101
1744.2972	0.0157349166141616
1742.8802	0.0157425237167194
1741.4632	0.0162128029067085
1740.0462	0.0162559629818905
1738.6292	0.0161688696883316
1737.2123	0.0169569217518375
1735.7953	0.0159245998495404
1734.3783	0.0161530106974802
1732.9613	0.0168965430335449
1731.5444	0.0169551618093031
1730.1274	0.017240591145559
1728.7104	0.0169599747341684
1727.2934	0.0168702601242266
1725.8765	0.0172768356929161
1724.4595	0.0172706508146415
1723.0425	0.0169791924247147
1721.6255	0.0174517303422262
1720.2086	0.0174560905422407
1718.7916	0.0175898338944094
1717.3746	0.0178791564550344
1715.9576	0.0176648605255922
1714.5407	0.0182889587200923
1713.1237	0.0183974308666859
1711.7067	0.0182464064944286
1710.2897	0.0188261134068289
1708.8728	0.0189660106032441
1707.4558	0.0186642680054291
1706.0388	0.0193725867430927
1704.6218	0.0193667881142572
1703.2049	0.0191518755537432
1701.7879	0.0194996094008615
1700.3709	0.0193697326525119
1698.9539	0.0192518622125957
1697.537	0.0196791785022049
1696.12	0.0198802076236661
1694.703	0.0206462236326705
1693.286	0.0199425791972053
1691.869	0.0202900873687734
1690.4521	0.0201782082809484
1689.0351	0.019852894997062
1687.6181	0.0197874905160209
1686.2011	0.0202530384288546
1684.7842	0.019683176168184
1683.3672	0.0204478050206827
1681.9502	0.0207674247411254
1680.5332	0.0204377000527543
1679.1163	0.0207864804718002
1677.6993	0.02056701634291
1676.2823	0.0207626280812956
1674.8653	0.0204928441975952
1673.4484	0.0210628013323802
1672.0314	0.0214116255189294
1670.6144	0.0213191567785254
1669.1974	0.0214309025200075
1667.7805	0.0217683001679526
1666.3635	0.0215261607140587
1664.9465	0.0213309874593309
1663.5295	0.0220458827226392
1662.1126	0.0218476554318129
1660.6956	0.0222132405584777
1659.2786	0.0223527101778363
1657.8616	0.0225819174533012
1656.4447	0.0223662681530474
1655.0277	0.0226993797410013
1653.6107	0.0227307363866847
1652.1937	0.0230782238557398
1650.7768	0.023930454723156
1649.3598	0.0237229424743593
1647.9428	0.0236070189556409
1646.5258	0.024003716004241
1645.1088	0.0248054433496641
1643.6919	0.0250815536545966
1642.2749	0.0255752204075706
1640.8579	0.0254437862861444
1639.4409	0.0255953806156572
1638.024	0.0264392223539877
1636.607	0.0259535410291082
1635.19	0.0271234089622378
1633.773	0.0280087311219256
1632.3561	0.027784385172354
1630.9391	0.0279781936102783
1629.5221	0.0283989119651857
1628.1051	0.0281148599170133
1626.6882	0.0292574250894528
1625.2712	0.0282826762761407
1623.8542	0.0289975882729758
1622.4372	0.0297184348369785
1621.0203	0.0295501282862825
1619.6033	0.0298158758344365
1618.1863	0.029801731927585
1616.7693	0.0297517605248428
1615.3524	0.0307441052908789
1613.9354	0.030782908335231
1612.5184	0.031042617382229
1611.1014	0.0312419520513509
1609.6845	0.0314732495139761
1608.2675	0.0312571699009999
1606.8505	0.0313702298334175
1605.4335	0.0323530412267896
1604.0166	0.0332123037447222
1602.5996	0.0333312654954948
1601.1826	0.0331562434779071
1599.7656	0.0328888054437695
1598.3486	0.0334239286642419
1596.9317	0.0330329084811146
1595.5147	0.0329550111326067
1594.0977	0.0325026321760412
1592.6807	0.0330163577266095
1591.2638	0.0321058112287232
1589.8468	0.0317835979049006
1588.4298	0.0320138176783442
1587.0128	0.0313602095797925
1585.5959	0.031013523849316
1584.1789	0.0306231028120131
1582.7619	0.0306804307441352
1581.3449	0.0306805525251413
1579.928	0.0302068040976286
1578.511	0.0295644469188062
1577.094	0.029249320921382
1575.677	0.0284403600061205
1574.2601	0.0284767541895552
1572.8431	0.0280213893001766
1571.4261	0.0276273800756402
1570.0091	0.0275888211107732
1568.5922	0.0268774786721361
1567.1752	0.0274779537742777
1565.7582	0.0266323338513365
1564.3412	0.026128900704207
1562.9243	0.0252503958375057
1561.5073	0.0251429167430301
1560.0903	0.0246765955403642
1558.6733	0.0246487318559439
1557.2564	0.0239756984912853
1555.8394	0.0234518287483946
1554.4224	0.0240112547096504
1553.0054	0.0235114739573675
1551.5885	0.0227187734824547
1550.1715	0.0227508295577036
1548.7545	0.0220061177327275
1547.3375	0.0217487791094745
1545.9205	0.0215982832949595
1544.5036	0.0213010887926595
1543.0866	0.021349095682646
1541.6696	0.0210736669400844
1540.2526	0.0208055903002032
1538.8357	0.0211452734442224
1537.4187	0.0204958791011098
1536.0017	0.0204469884699527
1534.5847	0.02039706901356
1533.1678	0.0202123096102475
1531.7508	0.0205622599907969
1530.3338	0.020435662655232
1528.9168	0.0207940252641394
1527.4999	0.0210954736728013
1526.0829	0.0209954017417959
1524.6659	0.0210283856075215
1523.2489	0.0210054637984444
1521.832	0.0219825920656719
1520.415	0.0222417494032335
1518.998	0.0235059593933271
1517.581	0.023776674917063
1516.1641	0.0243240035066431
1514.7471	0.0248133867304573
1513.3301	0.0251473679804528
1511.9131	0.025260922132977
1510.4962	0.0256334225698605
1509.0792	0.0256321613683328
1507.6622	0.0258827419658951
1506.2452	0.0258635368534431
1504.8283	0.0256048385825852
1503.4113	0.0250790587480242
1501.9943	0.0247250444051553
1500.5773	0.0238783191715584
1499.1603	0.0236003138146589
1497.7434	0.0226475600676037
1496.3264	0.0221597569756755
1494.9094	0.021992172532563
1493.4924	0.0213272513377908
1492.0755	0.0214814920497603
1490.6585	0.0212706985214933
1489.2415	0.0216856018851125
1487.8245	0.0219064223010751
1486.4076	0.0217144140551724
1484.9906	0.0226950594394297
1483.5736	0.021875358955781
1482.1566	0.0222761738830786
1480.7397	0.0225661890865505
1479.3227	0.02252459651624
1477.9057	0.0230140697191997
1476.4887	0.0227263826851225
1475.0718	0.02294613562634
1473.6548	0.0233586412401266
1472.2378	0.023971525541962
1470.8208	0.0252088504752197
1469.4039	0.0249376263375548
1467.9869	0.0252852470029275
1466.5699	0.0264366535670343
1465.1529	0.0264115469821989
1463.736	0.0274366410719496
1462.319	0.0278886124862867
1460.902	0.0286168192194717
1459.485	0.0285466671034003
1458.0681	0.0289154733840318
1456.6511	0.0289895632485717
1455.2341	0.030115330331103
1453.8171	0.0300619668118483
1452.4001	0.0303842549667352
1450.9832	0.0300349380613093
1449.5662	0.0295713833563371
1448.1492	0.0301193447768392
1446.7322	0.0304126073451037
1445.3153	0.0304058809765217
1443.8983	0.030685655412408
1442.4813	0.030191051117968
1441.0643	0.0302111586804779
1439.6474	0.0300252766542034
1438.2304	0.0305515879132533
1436.8134	0.0306010278075297
1435.3964	0.0307733680668719
1433.9795	0.0312121099235713
1432.5625	0.0313343383328064
1431.1455	0.0316441905447164
1429.7285	0.0321348215017318
1428.3116	0.033217669722659
1426.8946	0.0325483524684066
1425.4776	0.0324156590474077
1424.0606	0.0331919546600533
1422.6437	0.0334604808717727
1421.2267	0.0333284137347549
1419.8097	0.0341378893910249
1418.3927	0.0346048239838855
1416.9758	0.0341671839559032
1415.5588	0.034079358161141
1414.1418	0.0346088548850505
1412.7248	0.0342614118029106
1411.3079	0.0349366544968862
1409.8909	0.0346599647670915
1408.4739	0.0342980962271201
1407.0569	0.0352549327074198
1405.6399	0.0342496204121826
1404.223	0.0348566770152126
1402.806	0.0348351581811926
1401.389	0.0349973321112891
1399.972	0.0345142458377443
1398.5551	0.0351674503776319
1397.1381	0.0353843592997019
1395.7211	0.0351501777177227
1394.3041	0.0355064164070322
1392.8872	0.0350862554972043
1391.4702	0.0358363998522169
1390.0532	0.0365581832688728
1388.6362	0.0363585290247391
1387.2193	0.0370753738171688
1385.8023	0.0371713261462693
1384.3853	0.0367307764478269
1382.9683	0.038024784471808
1381.5514	0.0375356813531526
1380.1344	0.0365704334410401
1378.7174	0.0366537184051451
1377.3004	0.0369047800101926
1375.8835	0.0369078288510487
1374.4665	0.0369822199051999
1373.0495	0.0366419300943588
1371.6325	0.037786979679175
1370.2156	0.037413703781372
1368.7986	0.0379842909816884
1367.3816	0.038736326263214
1365.9646	0.0388791757840363
1364.5477	0.0392019034081406
1363.1307	0.0396354813138596
1361.7137	0.0396908492706263
1360.2967	0.03922284123196
1358.8797	0.039442891122567
1357.4628	0.038819492805932
1356.0458	0.0386178297919613
1354.6288	0.0379658148461007
1353.2118	0.0374867519958326
1351.7949	0.0372494046045285
1350.3779	0.0371082621018548
1348.9609	0.0369701634711046
1347.5439	0.0371588326861461
1346.127	0.0370976112817483
1344.71	0.037495387991418
1343.293	0.0374287510187876
1341.876	0.0374371999211643
1340.4591	0.0383655897544716
1339.0421	0.0384017045572203
1337.6251	0.0384346406390546
1336.2081	0.0382878314223296
1334.7912	0.0377653239174937
1333.3742	0.038647059740129
1331.9572	0.0378735146230189
1330.5402	0.0373432938578306
1329.1233	0.0373103408065607
1327.7063	0.0369056863252453
1326.2893	0.0367424496337847
1324.8723	0.0365516411353911
1323.4554	0.0359826003076602
1322.0384	0.0356340322262264
1320.6214	0.0356839778667108
1319.2044	0.0356961852600778
1317.7875	0.0351756727919126
1316.3705	0.0346154426952518
1314.9535	0.0346699968153178
1313.5365	0.0344128831453486
1312.1195	0.0339255889805744
1310.7026	0.0345558993067718
1309.2856	0.0333506491855335
1307.8686	0.0338865267652284
1306.4516	0.0332806289235711
1305.0347	0.0339163524772677
1303.6177	0.0335090960707362
1302.2007	0.0340048204150293
1300.7837	0.0337637538204455
1299.3668	0.0341176823686403
1297.9498	0.0339849773623924
1296.5328	0.0342727325444528
1295.1158	0.0339595290406613
1293.6989	0.0339862359401297
1292.2819	0.0341300735637438
1290.8649	0.0340130672518573
1289.4479	0.0341685601130162
1288.031	0.0341695161992682
1286.614	0.0340079568125753
1285.197	0.0346341520142743
1283.78	0.0344252878434811
1282.3631	0.0343514158705736
1280.9461	0.0346145871178729
1279.5291	0.0350028749045668
1278.1121	0.035019867510471
1276.6952	0.0358099829832815
1275.2782	0.0357650809189537
1273.8612	0.0360093731737223
1272.4442	0.0367541233757497
1271.0273	0.0366889542447343
1269.6103	0.0369340674061245
1268.1933	0.0374391592678241
1266.7763	0.0368127926336977
1265.3593	0.0362474724633103
1263.9424	0.0364564656602195
1262.5254	0.0363859268129881
1261.1084	0.0361703190662965
1259.6914	0.0360783280829899
1258.2745	0.0367850305950541
1256.8575	0.0364314371048919
1255.4405	0.0363390782718922
1254.0235	0.0361366170236808
1252.6066	0.0362730772050551
1251.1896	0.0361662416740168
1249.7726	0.0364697047507836
1248.3556	0.0358138609485638
1246.9387	0.0358350356885801
1245.5217	0.0359245055611677
1244.1047	0.0352086881807166
1242.6877	0.03572949799971
1241.2708	0.0351315238881915
1239.8538	0.035291044533216
1238.4368	0.0355644517966748
1237.0198	0.0351521694985741
1235.6029	0.0356303370591457
1234.1859	0.0357259593669756
1232.7689	0.0362039546862035
1231.3519	0.0353618474512761
1229.935	0.0352620085267132
1228.518	0.035198047615767
1227.101	0.034487529138614
1225.684	0.0340468189903259
1224.2671	0.0335248698925949
1222.8501	0.033124810008908
1221.4331	0.0325457538212058
1220.0161	0.0320098651348542
1218.5991	0.0317796816152719
1217.1822	0.0313410888812612
1215.7652	0.0310094023973134
1214.3482	0.0313379065022282
1212.9312	0.0309162556899673
1211.5143	0.0304351487677289
1210.0973	0.0309305374693728
1208.6803	0.0299127519439038
1207.2633	0.0301282191606067
1205.8464	0.0302831732752944
1204.4294	0.029693056381803
1203.0124	0.0290149735684629
1201.5954	0.0289902188608743
1200.1785	0.028635410460988
1198.7615	0.0280573668945293
1197.3445	0.0279451368754681
1195.9275	0.02768260497766
1194.5106	0.0270852572413589
1193.0936	0.0271451059002282
1191.6766	0.0269717403346724
1190.2596	0.0263461268416748
1188.8427	0.0269161984496621
1187.4257	0.0258145911789319
1186.0087	0.0249797972295832
1184.5917	0.0253172028967366
1183.1748	0.0252210933110147
1181.7578	0.0245996259321453
1180.3408	0.0250520021884974
1178.9238	0.0245288243968506
1177.5069	0.0255826479147765
1176.0899	0.0261197955446907
1174.6729	0.0263668218671626
1173.2559	0.0272642397222712
1171.8389	0.0277890266403926
1170.422	0.0288663978194945
1169.005	0.0296060942289297
1167.588	0.0309048489786624
1166.171	0.032647888462398
1164.7541	0.0341464770216307
1163.3371	0.0365094988660477
1161.9201	0.0381005515157792
1160.5031	0.0403360650312317
1159.0862	0.0418531051033528
1157.6692	0.0440586240879165
1156.2522	0.0452724146047594
1154.8352	0.0470357302489211
1153.4183	0.0485886215301789
1152.0013	0.0501346401486696
1150.5843	0.0500546737732757
1149.1673	0.0505945887905296
1147.7504	0.0507815804259935
1146.3334	0.050725782878755
1144.9164	0.0509566924831533
1143.4994	0.050295619641083
1142.0825	0.0500330713259945
1140.6655	0.049289850307278
1139.2485	0.0481912994178453
1137.8315	0.0478648960540617
1136.4146	0.0475410474397363
1134.9976	0.0459191862441967
1133.5806	0.0462683344242363
1132.1636	0.0461285587584585
1130.7467	0.0461285832554363
1129.3297	0.0464411527876155
1127.9127	0.0462971396163245
1126.4957	0.0467087630133486
1125.0787	0.0468144470368509
1123.6618	0.0472397670490952
1122.2448	0.0469529286797459
1120.8278	0.0472350973745523
1119.4108	0.0478335959543125
1117.9939	0.04697917400112
1116.5769	0.0479331993326804
1115.1599	0.0484165461650338
1113.7429	0.0485245239148301
1112.326	0.0490998395723463
1110.909	0.049202588410492
1109.492	0.0492948587301981
1108.075	0.0501169075077779
1106.6581	0.0503112763253527
1105.2411	0.0512569696876971
1103.8241	0.0516248288577643
1102.4071	0.0515979355794165
1100.9902	0.0524336738173635
1099.5732	0.0523160832335337
1098.1562	0.052167165687903
1096.7392	0.0529132382291785
1095.3223	0.052435728263027
1093.9053	0.0530210972537146
1092.4883	0.0537840247607981
1091.0713	0.0542276033401082
1089.6544	0.0552528033794679
1088.2374	0.0563967616285045
1086.8204	0.0581766078272369
1085.4034	0.0599009106661995
1083.9865	0.0621061512538354
1082.5695	0.0635589312389755
1081.1525	0.0651823262644578
1079.7355	0.0670060778702244
1078.3185	0.0681401941138269
1076.9016	0.0677792595190004
1075.4846	0.0691422937978777
1074.0676	0.0676748495442906
1072.6506	0.0668636458332118
1071.2337	0.0662893060493868
1069.8167	0.0646808545845536
1068.3997	0.0636929048606465
1066.9827	0.0622997680283058
1065.5658	0.0623147594733596
1064.1488	0.0620017475783855
1062.7318	0.0624906798712929
1061.3148	0.0631012516498362
1059.8979	0.0644260967764569
1058.4809	0.0650142209574989
1057.0639	0.0667112320482149
1055.6469	0.0672346918626381
1054.23	0.0689612816595932
1052.813	0.0695185610976319
1051.396	0.0711736947645364
1049.979	0.0730038859757213
1048.5621	0.0736877462105904
1047.1451	0.0756281590535748
1045.7281	0.0768058537234298
1044.3111	0.0781099657781607
1042.8942	0.0791551157577413
1041.4772	0.0803912376752879
1040.0602	0.0822935593339117
1038.6432	0.0835188610234585
1037.2263	0.0844770040514108
1035.8093	0.0863976228642903
1034.3923	0.0876341277843782
1032.9753	0.0887991250768091
1031.5583	0.0900854119191506
1030.1414	0.0913642257666326
1028.7244	0.0930725579026647
1027.3074	0.0943815420569014
1025.8904	0.0962661397351409
1024.4735	0.0973379914689103
1023.0565	0.0986413049836175
1021.6395	0.100613453328746
1020.2225	0.10206350513695
1018.8056	0.102665175587264
1017.3886	0.10322530442495
1015.9716	0.103836507624211
1014.5546	0.104173866313572
1013.1377	0.104761241726647
1011.7207	0.105322014926384
1010.3037	0.105207891825831
1008.8867	0.105249330115823
1007.4698	0.105377926441784
1006.0528	0.105378976496934
1004.6358	0.105719173633186
1003.2188	0.105889019011222
1001.8019	0.106543006222642
1000.3849	0.106967200465597
998.9679	0.107447327285281
997.5509	0.109030894851254
996.134	0.109308369388105
994.717	0.10980708265201
993.3	0.110059859915187
991.883	0.110671381476519
990.4661	0.11060552272353
989.0491	0.110700841932074
987.6321	0.109994692337565
986.2151	0.109400010554026
984.7981	0.108944743054112
983.3812	0.10784998857613
981.9642	0.106233312920338
980.5472	0.105119905102818
979.1302	0.103597209223891
977.7133	0.102262151422225
976.2963	0.0997950110289886
974.8793	0.0981808772367587
973.4623	0.0964538948645216
972.0454	0.0941842814265165
970.6284	0.0919624911000841
969.2114	0.0904556662607971
967.7944	0.0881059276169868
966.3775	0.0865552689005697
964.9605	0.0839379059251235
963.5435	0.0825119150939944
962.1265	0.0806585693526104
960.7096	0.0791865499123054
959.2926	0.0778247767897172
957.8756	0.0751615101419634
956.4586	0.0741994587063027
955.0417	0.072404954032854
953.6247	0.0710478126864361
952.2077	0.0699814922549407
950.7907	0.068149909709499
949.3738	0.0674186223209974
947.9568	0.0659284669292558
946.5398	0.0657522751125012
945.1228	0.0653011493418023
943.7059	0.0653147500975927
942.2889	0.065328475289628
940.8719	0.0647696707993092
939.4549	0.0655373456140727
938.0379	0.0656593865402252
936.621	0.0658908761819869
935.204	0.0656956727720005
933.787	0.0656534179557404
932.37	0.0660754368189349
930.9531	0.0660025410898845
929.5361	0.0656969239908648
928.1191	0.0657541541819631
926.7021	0.0662924659939181
925.2852	0.0659335459358249
923.8682	0.0658392928283697
922.4512	0.0659749628499735
921.0342	0.0653665695935525
919.6173	0.0648896460002748
918.2003	0.0647709778352024
916.7833	0.0645568819318929
915.3663	0.0643891910892815
913.9494	0.0636763127623954
912.5324	0.0628794008147724
911.1154	0.0629031332438973
909.6984	0.0618308131572144
908.2815	0.0612255123354891
906.8645	0.0602159065063736
905.4475	0.0596168540716247
904.0305	0.0584408824751127
902.6136	0.0583683725463733
901.1966	0.0581917131993449
899.7796	0.0579699441694524
898.3626	0.0573321188211253
896.9457	0.0567344614991185
895.5287	0.0570677836988666
894.1117	0.0561041986643206
892.6947	0.0558475621903917
891.2777	0.0551472748559867
889.8608	0.0549715834673325
888.4438	0.0545112286081364
887.0268	0.0543989378143205
885.6098	0.053752655744029
884.1929	0.0526568465290156
882.7759	0.0526145832596564
881.3589	0.0516437504828744
879.9419	0.0515579573913037
878.525	0.0509817879477335
877.108	0.0508750186639064
875.691	0.0510077258843671
874.274	0.0506497132680636
872.8571	0.0512206869447757
871.4401	0.0516752007525682
870.0231	0.0515403072282032
868.6061	0.0521192397073659
867.1892	0.0526570653747009
865.7722	0.052342664055582
864.3552	0.0525836405611387
862.9382	0.0532307193619444
861.5213	0.0537065401021817
860.1043	0.0533323202022981
858.6873	0.0539720068306823
857.2703	0.053405175252932
855.8534	0.0533426685389859
854.4364	0.0535176037170219
853.0194	0.0535064497816592
851.6024	0.0539836552869974
850.1855	0.0535903606684843
848.7685	0.0534800244421319
847.3515	0.0545513211137325
845.9345	0.0540726355766524
844.5175	0.054273621841327
843.1006	0.053710392681221
841.6836	0.053543816137368
840.2666	0.0532823458421516
838.8496	0.0532496122835728
837.4327	0.0528172230902068
836.0157	0.0522441605075491
834.5987	0.052176006251118
833.1817	0.0517059921969438
831.7648	0.0513329684131083
830.3478	0.0508768203487156
828.9308	0.0508353659506282
827.5138	0.05073677978762
826.0969	0.0499468403930889
824.6799	0.0501048445607985
823.2629	0.0498511765910126
821.8459	0.0500295685592369
820.429	0.0496136233328775
819.012	0.0493800163259379
817.595	0.0488531207052958
816.178	0.0490336632568639
814.7611	0.0489762452668957
813.3441	0.0487826759912645
811.9271	0.0487606522367023
810.5101	0.0482045099707795
809.0932	0.0478777084924888
807.6762	0.0482386196655504
806.2592	0.0476209399124476
804.8422	0.0475270746349333
803.4253	0.0476875378974725
802.0083	0.0479819083243992
800.5913	0.0475804139088937
799.1743	0.0484376151333342
797.7573	0.0479505560296928
796.3404	0.0478741921042095
794.9234	0.0477207900350783
793.5064	0.0483387251137135
792.0894	0.0484695058290305
790.6725	0.0488557551386431
789.2555	0.0489176765008039
787.8385	0.0492644535346822
786.4215	0.0487824010653678
785.0046	0.0494469908001109
783.5876	0.0494003907632948
782.1706	0.049497023325611
780.7536	0.050270829324541
779.3367	0.0505003111750192
777.9197	0.050664876759875
776.5027	0.0512278962676444
775.0857	0.0518344775810222
773.6688	0.0522116067901195
772.2518	0.0525808934738081
770.8348	0.0530138864788933
769.4178	0.0545619415966766
768.0009	0.0545191006753444
766.5839	0.0552407829329406
765.1669	0.0553222038625861
763.7499	0.0558558970837985
762.333	0.0562051111962723
760.916	0.0567063353586476
759.499	0.0570680538523688
758.082	0.0571728049791067
756.6651	0.0569675893301409
755.2481	0.0571803647478299
753.8311	0.0563507991395243
752.4141	0.0556590367105204
750.9971	0.0553938187686625
749.5802	0.0544495733323678
748.1632	0.0542801312335528
746.7462	0.0537534277705471
745.3292	0.0534279444531152
743.9123	0.0530905971288924
742.4953	0.0532666949588108
741.0783	0.0530652909368787
739.6613	0.0519403841604855
738.2444	0.0522249291673462
736.8274	0.0520843887968233
735.4104	0.0519087469635441
733.9934	0.0519373834573528
732.5765	0.0518489325819112
731.1595	0.0519721087518757
729.7425	0.0524599731811618
728.3255	0.0529873494999987
726.9086	0.0528346339265567
725.4916	0.0536570102007342
724.0746	0.0537629360223479
722.6576	0.0539568877499227
721.2407	0.0535681941402323
719.8237	0.0545578277727533
718.4067	0.0556178437061358
716.9897	0.056235321599186
715.5728	0.0565615518398573
714.1558	0.0569973914064976
712.7388	0.0581154188118162
711.3218	0.0588993097996118
709.9049	0.0585636809669818
708.4879	0.0597554055847183
707.0709	0.059616436486175
705.6539	0.0594192281495211
704.2369	0.0599248616062324
702.82	0.0598047961389779
701.403	0.0600745665850129
699.986	0.0601688281009084
698.569	0.0598376108567287
697.1521	0.0599040075848351
695.7351	0.059277873169365
694.3181	0.0589591544029626
692.9011	0.0592375983029226
691.4842	0.0590243460860436
690.0672	0.0587372060983945
688.6502	0.0589641471584459
687.2332	0.0586980681956663
685.8163	0.0589300705760842
684.3993	0.0583648769421689
682.9823	0.0589361656777496
681.5653	0.0593590555634133
680.1484	0.0598335623717904
678.7314	0.0590154044305276
677.3144	0.0594793738590715
675.8974	0.0589412647537428
674.4805	0.0586998626838682
673.0635	0.0588053671747647
671.6465	0.0591251277726571
670.2295	0.0595203471224614
668.8126	0.0598866492602673
667.3956	0.0602662008491634
665.9786	0.0602232060375903
664.5616	0.0612758817027676
663.1447	0.0610160796023734
661.7277	0.0614614535393437
660.3107	0.0617292755982811
658.8937	0.0624058839122872
657.4767	0.06193162569588
656.0598	0.0622935178917003
654.6428	0.0622791228931331
653.2258	0.0623507770795127
651.8088	0.0627609014025115
650.3919	0.0632933871138949
648.9749	0.0627943511331459
647.5579	0.0632793277149754
646.1409	0.0623126237237229
644.724	0.0629979956779244
643.307	0.0630791576829319
641.89	0.0637522438281189
640.473	0.063512671547047
639.0561	0.0634397032156333
637.6391	0.0640683370124538
636.2221	0.0642074785504399
634.8051	0.0643416036717622
633.3882	0.0651659620016121
631.9712	0.0652121594298016
630.5542	0.0657186541591789
629.1372	0.0661887867337401
627.7203	0.0658063150297146
626.3033	0.0663797770046072
624.8863	0.066740197824629
623.4693	0.0670967370927489
622.0524	0.0678262613644297
620.6354	0.0688968932369303
619.2184	0.0697761488686483
617.8014	0.069388164579616
616.3845	0.070419299865833
614.9675	0.0718235348494964
613.5505	0.0720451193161472
612.1335	0.0737001207400424
610.7165	0.0734449004842724
609.2996	0.0739777529498096
607.8826	0.0745818842479372
606.4656	0.0741960166965688
605.0486	0.0746895774619359
603.6317	0.0745434013138571
602.2147	0.0745690880333395
600.7977	0.0750991213917712
599.3807	0.0745173266223998
597.9638	0.0747168929256374
596.5468	0.0751514103099462
595.1298	0.0754856227824891
593.7128	0.0754054243778823
592.2959	0.0760384116093662
590.8789	0.0760088388629974
589.4619	0.075897676186667
588.0449	0.0764593841225468
586.628	0.0770606500467081
585.211	0.0779411634831539
583.794	0.0788598800247398
582.377	0.0789857556757555
580.9601	0.0801560639055225
579.5431	0.0813245248993597
578.1261	0.0830566760392228
576.7091	0.083872060824744
575.2922	0.0850227822294992
573.8752	0.0854170469607382
572.4582	0.0852624165671904
571.0412	0.0854694013164037
569.6243	0.0852474373374588
568.2073	0.0851185573067952
566.7903	0.0859793345781125
565.3733	0.0856435117122226
563.9563	0.0851676158784601
562.5394	0.0841617887336289
561.1224	0.0836136017197562
559.7054	0.0836111323292347
558.2884	0.0835198768338216
556.8715	0.0832021296288774
555.4545	0.0828671936574361
554.0375	0.0835847720271329
552.6205	0.0836890918750036
551.2036	0.0833097136357183
549.7866	0.082666455555217
548.3696	0.082731912153152
546.9526	0.0820634763901359
545.5357	0.0822026633264456
544.1187	0.0818503068703987
542.7017	0.0817099764977876
541.2847	0.082224622104342
539.8678	0.0825161866439497
538.4508	0.0827239354790949
537.0338	0.0829123069455972
535.6168	0.083989919958746
534.1999	0.0850707508386757
532.7829	0.0856536384052436
531.3659	0.0866694380836478
529.9489	0.0877813045851808
528.532	0.0885796045153083
527.115	0.0883222809743806
525.698	0.0892740824037752
524.281	0.0896080812002847
522.8641	0.0896718145672915
521.4471	0.0901099918750853
520.0301	0.0896442494801092
518.6131	0.0896831777591503
517.1962	0.0901808249778347
515.7792	0.0905496956323395
514.3622	0.0910095858175799
512.9452	0.0920357929810741
511.5282	0.0920443471903153
510.1113	0.0918234988741223
508.6943	0.090642550272116
507.2773	0.0906118731480652
505.8603	0.0893574454246313
504.4434	0.0892204052402599
503.0264	0.0886758289654078
501.6094	0.0891519347262181
500.1924	0.0889716074074338
498.7755	0.0889681751548265
497.3585	0.0887909032209804
495.9415	0.0887668750590079
494.5245	0.0891209235623443
493.1076	0.0891514284826792
491.6906	0.0887719569530322
490.2736	0.088832782425269
488.8566	0.0888586115816995
487.4397	0.0889014118238656
486.0227	0.0890949544468101
484.6057	0.0894029987240262
483.1887	0.089759252652401
481.7718	0.0892773108921669
480.3548	0.0895496199179498
478.9378	0.0893412204088713
477.5208	0.0901782992532793
476.1039	0.0901984586146888
474.6869	0.089083002344487
473.2699	0.089920651919487
471.8529	0.0897589111241699
470.436	0.0907535351200523
469.019	0.0909141448253328
467.602	0.0905543139248685
466.185	0.0906519428640878
464.768	0.0893443332179564
463.3511	0.089055445499832
461.9341	0.0890459844611323
460.5171	0.0888560158307547
459.1001	0.088817978287579
457.6832	0.0883609279255691
456.2662	0.0877850474950417
454.8492	0.0878596641367585
453.4322	0.0882378427051682
452.0153	0.0876347314326128
450.5983	0.0871664555405457
449.1813	0.0882166072850569
447.7643	0.0887798448096742
446.3474	0.0895979489096595
444.9304	0.0909271999336133
443.5134	0.0921151228429206
442.0964	0.0931380845426289
440.6795	0.0938764652631285
439.2625	0.0942843827292131
437.8455	0.0938993967072496
436.4285	0.0943416232079066
435.0116	0.0943397255981436
433.5946	0.0948527868862387
432.1776	0.0945776749495534
430.7606	0.093724039478831
429.3437	0.0937919081864258
427.9267	0.0943747430998369
426.5097	0.0946638053510184
425.0927	0.0952059498775022
423.6758	0.0945142731962276
422.2588	0.0938402660933333
420.8418	0.0936778186474588
419.4248	0.0938209129591806
418.0078	0.0950065963622802
416.5909	0.0963572570471342
415.1739	0.0982137471564598
413.7569	0.0984923469683916
412.3399	0.0986066159901162
410.923	0.0972418846944971
409.506	0.0964666286894336
408.089	0.095637145278914
406.672	0.0963890025907692
405.2551	0.0974787274670792
403.8381	0.0981406245687641
402.4211	0.0983747861211299
401.0041	0.0984546933245697
