3994.4546	0.0144151643817882
3993.0377	0.0135065298208885
3991.6207	0.013978887728127
3990.2037	0.0144563756050672
3988.7867	0.0138155269564117
3987.3698	0.0142689359601359
3985.9528	0.0143255441346817
3984.5358	0.0142212036535129
3983.1188	0.0137888127633732
3981.7019	0.0136693274205909
3980.2849	0.0140328917255754
3978.8679	0.0139326115496783
3977.4509	0.0139870104519138
3976.034	0.0135168425422162
3974.617	0.0138574215197548
3973.2	0.0137422798316103
3971.783	0.01370001363174
3970.3661	0.0136451577472461
3968.9491	0.0138582017752897
3967.5321	0.0142275843507523
3966.1151	0.0140249006178393
3964.6982	0.0139718149205852
3963.2812	0.0135162644753415
3961.8642	0.0141580859467225
3960.4472	0.0134999173714475
3959.0303	0.0140751157957742
3957.6133	0.013419278031064
3956.1963	0.0134996430141631
3954.7793	0.0131459703853936
3953.3624	0.0134408163094442
3951.9454	0.0133598336048531
3950.5284	0.0131585000202211
3949.1114	0.0139131657393361
3947.6944	0.0140371680575669
3946.2775	0.0137394492601507
3944.8605	0.0137709553846317
3943.4435	0.0137058420085467
3942.0265	0.0132190334765488
3940.6096	0.0141447384927777
3939.1926	0.0135950218442259
3937.7756	0.0136418147402778
3936.3586	0.0137482123947321
3934.9417	0.0133033871963643
3933.5247	0.013938700155385
3932.1077	0.0134063208943328
3930.6907	0.0137234514583053
3929.2738	0.0137193917200702
3927.8568	0.0128352072199324
3926.4398	0.0137625366340583
3925.0228	0.0138699306231943
3923.6059	0.0134335810872126
3922.1889	0.0130827227478669
3920.7719	0.0130571911606435
3919.3549	0.0139099918043444
3917.938	0.0135403248981688
3916.521	0.0132518625003686
3915.104	0.0132582263896905
3913.687	0.0135869643916923
3912.2701	0.0131471977595581
3910.8531	0.0134874511536835
3909.4361	0.0134293178114117
3908.0191	0.013494796133107
3906.6022	0.0131189123227658
3905.1852	0.0134068369245694
3903.7682	0.0137016210962518
3902.3512	0.0131213916177091
3900.9342	0.0138713858027048
3899.5173	0.0131968587953166
3898.1003	0.0138173871608006
3896.6833	0.014020069514286
3895.2663	0.0138134379971499
3893.8494	0.013426831608075
3892.4324	0.0131556226893014
3891.0154	0.0133592773368821
3889.5984	0.013593871019738
3888.1815	0.0138783799003977
3886.7645	0.0134595777151203
3885.3475	0.0135717610166676
3883.9305	0.0134787808080017
3882.5136	0.0133384324523138
3881.0966	0.0130325732448322
3879.6796	0.0133355569613642
3878.2626	0.0133493563734973
3876.8457	0.0133011292934235
3875.4287	0.0138921741910841
3874.0117	0.012917952956242
3872.5947	0.0129228339921689
3871.1778	0.0134044553647426
3869.7608	0.0134957959777108
3868.3438	0.0134510208885197
3866.9268	0.0140201590329999
3865.5099	0.0137791532610639
3864.0929	0.013724108428988
3862.6759	0.0132285425400445
3861.2589	0.0133802414664674
3859.842	0.013158977430076
3858.425	0.0133399743231508
3857.008	0.0134231402896428
3855.591	0.0127221975189108
3854.174	0.0128470853099616
3852.7571	0.0132129403590245
3851.3401	0.0132593118162175
3849.9231	0.0134730058044658
3848.5061	0.013171763077627
3847.0892	0.0137938708995735
3845.6722	0.0135691989980787
3844.2552	0.0133248262657845
3842.8382	0.0125655732284983
3841.4213	0.0131037405125456
3840.0043	0.0130025265840808
3838.5873	0.0131196222509247
3837.1703	0.0130235634556578
3835.7534	0.0134853335190683
3834.3364	0.0129614365133713
3832.9194	0.0133679885776339
3831.5024	0.0134415620057697
3830.0855	0.0129734254617068
3828.6685	0.0130839811592883
3827.2515	0.0137908875964938
3825.8345	0.0136080623603306
3824.4176	0.0130949314527579
3823.0006	0.013277058713497
3821.5836	0.013531928743485
3820.1666	0.0136410714409477
3818.7497	0.0128217029562077
3817.3327	0.0129491806834182
3815.9157	0.0126418557816944
3814.4987	0.0130802631807477
3813.0818	0.0133654021359062
3811.6648	0.0137789166482896
3810.2478	0.0130730262461844
3808.8308	0.0129039785386823
3807.4138	0.0124900843529698
3805.9969	0.0130912877003311
3804.5799	0.0126410122766625
3803.1629	0.012606463690272
3801.7459	0.0127468823503497
3800.329	0.012781264284411
3798.912	0.0133418228872091
3797.495	0.0130790708369222
3796.078	0.0129748491370459
3794.6611	0.0129735319046661
3793.2441	0.012723925194988
3791.8271	0.0131212437531052
3790.4101	0.0127474105654258
3788.9932	0.0132978131100455
3787.5762	0.01264590773435
3786.1592	0.0130391031943867
3784.7422	0.0123594747098191
3783.3253	0.0128333651195805
3781.9083	0.0127345820031501
3780.4913	0.0130848047973729
3779.0743	0.0128111782033862
3777.6574	0.0129171711832213
3776.2404	0.0129624007043593
3774.8234	0.0121781695634795
3773.4064	0.0124957768973718
3771.9895	0.0122582707692351
3770.5725	0.0132047499293914
3769.1555	0.0119137804228432
3767.7385	0.0129838593510343
3766.3216	0.013025370747097
3764.9046	0.0133190362347544
3763.4876	0.0122529761616275
3762.0706	0.0126692627081162
3760.6536	0.0127038050132052
3759.2367	0.0130106735560722
3757.8197	0.0122968254046058
3756.4027	0.0128330744442669
3754.9857	0.0126110058359274
3753.5688	0.012903369403265
3752.1518	0.0128129891042874
3750.7348	0.0127236535353682
3749.3178	0.0127230929641921
3747.9009	0.0126880114158081
3746.4839	0.0129357639276995
3745.0669	0.0131671478256948
3743.6499	0.0123262000132936
3742.233	0.0126478107288661
3740.816	0.0124611622484332
3739.399	0.0126679952107232
3737.982	0.0121984077639807
3736.5651	0.0122027503126138
3735.1481	0.0127104665594812
3733.7311	0.0123609012124229
3732.3141	0.0119957483287311
3730.8972	0.0119653017578685
3729.4802	0.0122597021738263
3728.0632	0.0121495972242033
3726.6462	0.0125097699093336
3725.2293	0.0118729331095308
3723.8123	0.0124733754218595
3722.3953	0.012650852351613
3720.9783	0.0125579773663891
3719.5614	0.0122527679301907
3718.1444	0.0120000928847444
3716.7274	0.0127622597060042
3715.3104	0.0115759441607172
3713.8935	0.0119415116211996
3712.4765	0.0118283291127111
3711.0595	0.0119512131078142
3709.6425	0.0122441219123686
3708.2255	0.0121259200736742
3706.8086	0.0125724859483461
3705.3916	0.0118714549628666
3703.9746	0.0122684314842348
3702.5576	0.0123113238379691
3701.1407	0.0118425601109596
3699.7237	0.0120901757258819
3698.3067	0.0122517681925438
3696.8897	0.0119890765493495
3695.4728	0.0126188937777967
3694.0558	0.0123333254497199
3692.6388	0.0112526334170116
3691.2218	0.0125070147141589
3689.8049	0.0117056588674756
3688.3879	0.0122168784320976
3686.9709	0.0119021561630396
3685.5539	0.0116507350263135
3684.137	0.0118530199210557
3682.72	0.0117464300460835
3681.303	0.0122458699286022
3679.886	0.0116369515876435
3678.4691	0.0117908273649464
3677.0521	0.0117529018625947
3675.6351	0.011382525703395
3674.2181	0.0114867465546492
3672.8012	0.0120202748245224
3671.3842	0.0119766566259239
3669.9672	0.0120492754290747
3668.5502	0.011429687115314
3667.1333	0.0118680803742365
3665.7163	0.0117500123965411
3664.2993	0.0121499820151326
3662.8823	0.0112640212045153
3661.4653	0.0118168237663195
3660.0484	0.0112254435261386
3658.6314	0.0120200583635957
3657.2144	0.0123558628238956
3655.7974	0.0123201528973424
3654.3805	0.0121338878595475
3652.9635	0.0122566434325407
3651.5465	0.0118876449800304
3650.1295	0.0119963965601978
3648.7126	0.0119556363224085
3647.2956	0.0118126448357814
3645.8786	0.0120155401647135
3644.4616	0.0120189125730293
3643.0447	0.0123271074344217
3641.6277	0.0120485493474087
3640.2107	0.0123758498029127
3638.7937	0.0120938796787672
3637.3768	0.0119764029654046
3635.9598	0.01194096355637
3634.5428	0.0125176169170947
3633.1258	0.0128679107333558
3631.7089	0.0132026995586353
3630.2919	0.0132904027315851
3628.8749	0.0130144617424458
3627.4579	0.0133379866028537
3626.041	0.012862970590621
3624.624	0.0123796045075438
3623.207	0.0128388619753737
3621.79	0.0127428445915251
3620.3731	0.0134571334426929
3618.9561	0.0139577689004779
3617.5391	0.0133865125236631
3616.1221	0.0134281791635784
3614.7051	0.0135363585958474
3613.2882	0.0141332568813504
3611.8712	0.013485507546947
3610.4542	0.0136659100982576
3609.0372	0.0141052460328341
3607.6203	0.0140587284771709
3606.2033	0.0137108997721494
3604.7863	0.0143599383912037
3603.3693	0.0139726275197839
3601.9524	0.0142604047728795
3600.5354	0.0143759149113542
3599.1184	0.0140719136778431
3597.7014	0.0141500795122325
3596.2845	0.01475593953949
3594.8675	0.0144824724716896
3593.4505	0.0153364412266407
3592.0335	0.0149753049827488
3590.6166	0.0155215202198729
3589.1996	0.0146411228429005
3587.7826	0.0151787051512644
3586.3656	0.0153456006558571
3584.9487	0.0152383653892945
3583.5317	0.014863605208463
3582.1147	0.0156954582122956
3580.6977	0.0157442016318428
3579.2808	0.0160871676556166
3577.8638	0.0165531385333023
3576.4468	0.0158871623804409
3575.0298	0.0166849019483723
3573.6129	0.0165373357708398
3572.1959	0.016633500048556
3570.7789	0.0176148187378547
3569.3619	0.0176725555706171
3567.9449	0.0172795244003083
3566.528	0.0171058769231436
3565.111	0.0181524086406069
3563.694	0.0181258881527404
3562.277	0.018061842625895
3560.8601	0.0181912170904102
3559.4431	0.018314966862767
3558.0261	0.0184287213421531
3556.6091	0.0190428973445127
3555.1922	0.0186298286159009
3553.7752	0.01915926929302
3552.3582	0.019131814977382
3550.9412	0.0193233826765876
3549.5243	0.0193851248742479
3548.1073	0.0191961728129197
3546.6903	0.019959117453925
3545.2733	0.0197588041962346
3543.8564	0.0205358572636706
3542.4394	0.0200236178741281
3541.0224	0.0201030730179185
3539.6054	0.020321856375671
3538.1885	0.0209877099425324
3536.7715	0.021250468163449
3535.3545	0.021009745907859
3533.9375	0.0218411694389679
3532.5206	0.0212822448258754
3531.1036	0.0213377946126949
3529.6866	0.0214772935060163
3528.2696	0.0218869682918045
3526.8527	0.0218852460349802
3525.4357	0.0224377847800013
3524.0187	0.0228062931933236
3522.6017	0.0224937763708301
3521.1847	0.0227842009582487
3519.7678	0.0234254968737784
3518.3508	0.0236771368036222
3516.9338	0.0227348066250012
3515.5168	0.023944461859738
3514.0999	0.0239593613907185
3512.6829	0.0237573256433116
3511.2659	0.0241003039892814
3509.8489	0.0245276818865624
3508.432	0.0249472323417568
3507.015	0.0248262448104139
3505.598	0.0247568665008461
3504.181	0.0251132527315654
3502.7641	0.0255448633850417
3501.3471	0.025761546831474
3499.9301	0.026172023224897
3498.5131	0.0265774148430555
3497.0962	0.0260114896201476
3495.6792	0.0261838235586274
3494.2622	0.0262104118018819
3492.8452	0.0273070742823424
3491.4283	0.0266987070622774
3490.0113	0.0273226772171808
3488.5943	0.0273045485908123
3487.1773	0.0273973171916259
3485.7604	0.027862374227238
3484.3434	0.0274041663820485
3482.9264	0.0280533803374454
3481.5094	0.0277674337581861
3480.0925	0.0280767803061979
3478.6755	0.0287976368025401
3477.2585	0.0290688479531099
3475.8415	0.0288890591834006
3474.4245	0.0296347782289704
3473.0076	0.0286298275094726
3471.5906	0.0290281801236344
3470.1736	0.0299434067690419
3468.7566	0.029938077827823
3467.3397	0.0301023603103262
3465.9227	0.0301444417068217
3464.5057	0.0306252386802274
3463.0887	0.0308882525847381
3461.6718	0.0306138218400858
3460.2548	0.030529940156184
3458.8378	0.0311103367681556
3457.4208	0.0312504464896948
3456.0039	0.0308760224412174
3454.5869	0.0315555274482511
3453.1699	0.0319873853964089
3451.7529	0.0321541842107198
3450.336	0.0324240584356112
3448.919	0.0324196428980433
3447.502	0.0327311553882544
3446.085	0.0326033013977178
3444.6681	0.0332421188989853
3443.2511	0.0330653017641305
3441.8341	0.0335916828244961
3440.4171	0.0327718402473733
3439.0002	0.0331652090952727
3437.5832	0.0332011835326243
3436.1662	0.0337828263026958
3434.7492	0.0341454389675416
3433.3323	0.0337334846129647
3431.9153	0.0334051674261854
3430.4983	0.0336827227111099
3429.0813	0.0351210056817572
3427.6643	0.0345748807227136
3426.2474	0.0350508071088962
3424.8304	0.0349336394586857
3423.4134	0.0349834415768599
3421.9964	0.0357760975566985
3420.5795	0.0356196340133013
3419.1625	0.0360736491529422
3417.7455	0.0356848383662407
3416.3285	0.035951763987063
3414.9116	0.0359577765413716
3413.4946	0.036308046821977
3412.0776	0.0371796404131724
3410.6606	0.0370322625483758
3409.2437	0.036629850817915
3407.8267	0.0361995582118201
3406.4097	0.0373755293081043
3404.9927	0.0372004613643435
3403.5758	0.0372122517094385
3402.1588	0.0373765244680788
3400.7418	0.0374973306607941
3399.3248	0.0376837588171311
3397.9079	0.0380854703352559
3396.4909	0.0382222674281503
3395.0739	0.038251604703491
3393.6569	0.0385333592325557
3392.24	0.0385893721775994
3390.823	0.0380946106426783
3389.406	0.039057859362924
3387.989	0.0385397159872092
3386.5721	0.0392282140117528
3385.1551	0.0386213776840352
3383.7381	0.0389674906504237
3382.3211	0.0392923297155594
3380.9041	0.0393861529190344
3379.4872	0.0395913057843475
3378.0702	0.0398422331809194
3376.6532	0.0395261925718369
3375.2362	0.0398885950232889
3373.8193	0.039809257875615
3372.4023	0.0402172207235627
3370.9853	0.0402590283760822
3369.5683	0.0400244277309827
3368.1514	0.0404374600723819
3366.7344	0.040130788629072
3365.3174	0.0405165079675409
3363.9004	0.0407931486337708
3362.4835	0.0406412389752929
3361.0665	0.0409277370620911
3359.6495	0.041051761108396
3358.2325	0.0414851149389662
3356.8156	0.0412046605897147
3355.3986	0.0415318694122999
3353.9816	0.0420988655292786
3352.5646	0.0414633223622652
3351.1477	0.042349555797653
3349.7307	0.0416974291018706
3348.3137	0.0415224321062963
3346.8967	0.0417242956689335
3345.4798	0.0421041696342292
3344.0628	0.0413746205370383
3342.6458	0.0421654989712561
3341.2288	0.0422251016323136
3339.8119	0.0418813713861557
3338.3949	0.0420458893506699
3336.9779	0.0420924192308559
3335.5609	0.0424666588896956
3334.1439	0.0432160875367741
3332.727	0.0429086953773875
3331.31	0.0424728112784298
3329.893	0.0422463344115554
3328.476	0.0425675908702272
3327.0591	0.0428645891834889
3325.6421	0.0427306702416403
3324.2251	0.042884720892576
3322.8081	0.0432111416159656
3321.3912	0.0434378750878271
3319.9742	0.0432981286315846
3318.5572	0.0435785372410574
3317.1402	0.0436774741083107
3315.7233	0.0431080343434023
3314.3063	0.0436121845820502
3312.8893	0.0430816771794198
3311.4723	0.0434090908810797
3310.0554	0.0433069397617647
3308.6384	0.043279119662768
3307.2214	0.0429789871166983
3305.8044	0.0431891974105555
3304.3875	0.0437040064582067
3302.9705	0.0431325750713527
3301.5535	0.0436417244954601
3300.1365	0.0434668569349664
3298.7196	0.0431137404675899
3297.3026	0.0433377489555588
3295.8856	0.0431501812022247
3294.4686	0.044153552767791
3293.0517	0.0432886037538546
3291.6347	0.0436868062348912
3290.2177	0.0435893297634578
3288.8007	0.043251234733239
3287.3837	0.0431328035904388
3285.9668	0.0436523456862304
3284.5498	0.0435140731233816
3283.1328	0.0437402171896698
3281.7158	0.0439841372802101
3280.2989	0.0436188798058922
3278.8819	0.043831612645906
3277.4649	0.0435985967790607
3276.0479	0.0439013409460905
3274.631	0.0428306114879076
3273.214	0.044326859568735
3271.797	0.0440860724788085
3270.38	0.0439907246651898
3268.9631	0.0432391126147993
3267.5461	0.0444793827290362
3266.1291	0.044060132463442
3264.7121	0.0434309361064279
3263.2952	0.0433774153227035
3261.8782	0.0437870313936479
3260.4612	0.0434954077745188
3259.0442	0.0437445896809995
3257.6273	0.0438153473067124
3256.2103	0.0436644230478211
3254.7933	0.0432951385077825
3253.3763	0.0439076242457558
3251.9594	0.0437264044714233
3250.5424	0.0434624848950763
3249.1254	0.0437868464149112
3247.7084	0.0440946836943041
3246.2915	0.0440669629799193
3244.8745	0.0436319284227577
3243.4575	0.0434345272765439
3242.0405	0.0436560251163717
3240.6235	0.0434336578290714
3239.2066	0.0434185289633353
3237.7896	0.0429025552423004
3236.3726	0.0431680157988302
3234.9556	0.0434116576721889
3233.5387	0.0436647143439508
3232.1217	0.0438027083173471
3230.7047	0.0432771471550185
3229.2877	0.0429321350260487
3227.8708	0.0432841287663088
3226.4538	0.0438479009953284
3225.0368	0.0428862163395047
3223.6198	0.0437195661625534
3222.2029	0.0432240674685825
3220.7859	0.0429841748634402
3219.3689	0.042811604797675
3217.9519	0.0429552850277835
3216.535	0.0430531639008972
3215.118	0.0426711247384999
3213.701	0.0427972428578675
3212.284	0.0426383556859415
3210.8671	0.0428963952113029
3209.4501	0.0427502106826469
3208.0331	0.042143278962561
3206.6161	0.0420649582345968
3205.1992	0.0426500330809651
3203.7822	0.0426503954213974
3202.3652	0.0418038954308898
3200.9482	0.0423066417775057
3199.5313	0.0419444885705986
3198.1143	0.0420888344058976
3196.6973	0.0421342352268654
3195.2803	0.0423146540617366
3193.8633	0.0416699179473912
3192.4464	0.041832606398314
3191.0294	0.0413332645086881
3189.6124	0.0414915758543617
3188.1954	0.0407230028730719
3186.7785	0.0411966677968659
3185.3615	0.0411993471570812
3183.9445	0.0410140390328135
3182.5275	0.0415596122107696
3181.1106	0.0410164115879616
3179.6936	0.0407834656436643
3178.2766	0.0403929766591892
3176.8596	0.0409774456359087
3175.4427	0.0404060611113928
3174.0257	0.0405607159079019
3172.6087	0.041087582084827
3171.1917	0.0406010068057959
3169.7748	0.0411537588735894
3168.3578	0.0398404204921656
3166.9408	0.0399940351489854
3165.5238	0.0406008683022524
3164.1069	0.0401769985159025
3162.6899	0.0399388690157313
3161.2729	0.0392471746266562
3159.8559	0.0396930039949738
3158.439	0.0390576722948249
3157.022	0.0390372944694228
3155.605	0.0388510215360813
3154.188	0.0393425670007495
3152.7711	0.0392934581476747
3151.3541	0.0391252397823412
3149.9371	0.0388816170004884
3148.5201	0.0391633818349515
3147.1031	0.0387241489112823
3145.6862	0.0382641451776766
3144.2692	0.0386050124421821
3142.8522	0.0385026121615893
3141.4352	0.0382696580027578
3140.0183	0.0383869825158481
3138.6013	0.038623825787462
3137.1843	0.0375867371583559
3135.7673	0.0376166771227137
3134.3504	0.0378262586600577
3132.9334	0.03758101108637
3131.5164	0.0374185424393076
3130.0994	0.0375006382427682
3128.6825	0.0371057641353963
3127.2655	0.037397585224532
3125.8485	0.0368555067917245
3124.4315	0.03652646409905
3123.0146	0.0367152520295573
3121.5976	0.0367322264467733
3120.1806	0.0370883172621992
3118.7636	0.0362418014648647
3117.3467	0.0360575639546723
3115.9297	0.0359519026760002
3114.5127	0.036051665137149
3113.0957	0.0357310609352483
3111.6788	0.0356832157245729
3110.2618	0.0356260290112743
3108.8448	0.0358414769944474
3107.4278	0.0350835517261283
3106.0109	0.0351292958718107
3104.5939	0.0355243140943757
3103.1769	0.0350556595816146
3101.7599	0.0357232145181972
3100.3429	0.0348716913439293
3098.926	0.035121071465024
3097.509	0.03487948976817
3096.092	0.0346667451498493
3094.675	0.034775898856239
3093.2581	0.0347353709440456
3091.8411	0.034931480025136
3090.4241	0.0346975962371247
3089.0071	0.0344113115051067
3087.5902	0.0334242435068485
3086.1732	0.0335086404111128
3084.7562	0.0338425557878158
3083.3392	0.0337632636910428
3081.9223	0.0334395696455498
3080.5053	0.0335245521202779
3079.0883	0.033308389397375
3077.6713	0.0334398240367157
3076.2544	0.0332671659447995
3074.8374	0.0333297289065424
3073.4204	0.0328261536927318
3072.0034	0.0327987438432857
3070.5865	0.0325037715891297
3069.1695	0.0331729650180868
3067.7525	0.033093098562604
3066.3355	0.0326374587246764
3064.9186	0.0326021053444081
3063.5016	0.0324466605335687
3062.0846	0.0315511654218001
3060.6676	0.031769171040052
3059.2507	0.0317436534576633
3057.8337	0.0319448124023342
3056.4167	0.0318235364473312
3054.9997	0.0316683820923644
3053.5827	0.0314953692861559
3052.1658	0.031456568983639
3050.7488	0.0315043238136444
3049.3318	0.0312143794075407
3047.9148	0.0311908477764893
3046.4979	0.0309414452935638
3045.0809	0.0313305974724293
3043.6639	0.0307878339083421
3042.2469	0.0310897058562949
3040.83	0.0307204969090567
3039.413	0.03020331114276
3037.996	0.0305882962998879
3036.579	0.0303984343131514
3035.1621	0.0301079742617628
3033.7451	0.0300518796249397
3032.3281	0.0297214874991305
3030.9111	0.0299501310363677
3029.4942	0.0289536421820878
3028.0772	0.029487310941027
3026.6602	0.0291411389210949
3025.2432	0.0296324960400138
3023.8263	0.0295183883460533
3022.4093	0.029264034115124
3020.9923	0.0293812684967584
3019.5753	0.0291646300647223
3018.1584	0.0295875404027677
3016.7414	0.0295233161136236
3015.3244	0.0296505566191806
3013.9074	0.0291678851264921
3012.4905	0.0291377581770688
3011.0735	0.0286998544974295
3009.6565	0.0287195880416881
3008.2395	0.0285360731193082
3006.8225	0.0285499802370622
3005.4056	0.0286130657467073
3003.9886	0.0279559015246305
3002.5716	0.0283425407210943
3001.1546	0.0290022062087582
2999.7377	0.0286541641182976
2998.3207	0.0285462196343433
2996.9037	0.0286366265957173
2995.4867	0.0283679074496662
2994.0698	0.0284347989651978
2992.6528	0.0278233216077677
2991.2358	0.0283550581778051
2989.8188	0.0277626435501126
2988.4019	0.0279309838496258
2986.9849	0.028366520168264
2985.5679	0.0282631498068846
2984.1509	0.0280200850765201
2982.734	0.0284624920675728
2981.317	0.0285966014546834
2979.9	0.0284705262676591
2978.483	0.0281109043772065
2977.0661	0.0286788277322961
2975.6491	0.0287416434570636
2974.2321	0.029160780464915
2972.8151	0.0290500996041642
2971.3982	0.0291728371932107
2969.9812	0.0287402310824322
2968.5642	0.0291413845363229
2967.1472	0.029448842694493
2965.7303	0.029348345829057
2964.3133	0.0295017059625799
2962.8963	0.0300520244687971
2961.4793	0.0296018428232393
2960.0623	0.0299151606130433
2958.6454	0.0299994206477012
2957.2284	0.030294593459492
2955.8114	0.0305852330475258
2954.3944	0.0305690367752432
2952.9775	0.0310707567119367
2951.5605	0.0310595321370912
2950.1435	0.0313738131804754
2948.7265	0.0313186778057325
2947.3096	0.0317514585720754
2945.8926	0.0320239502341174
2944.4756	0.0329487864951962
2943.0586	0.0329159587060629
2941.6417	0.0326486975493218
2940.2247	0.0325921132263694
2938.8077	0.032864043295048
2937.3907	0.0335604466445669
2935.9738	0.0337480863861326
2934.5568	0.0331230545400415
2933.1398	0.033966384630736
2931.7228	0.0340760028206274
2930.3059	0.0344357399735996
2928.8889	0.0338192789291734
2927.4719	0.0341948884164996
2926.0549	0.034464869179038
2924.638	0.0347131079244025
2923.221	0.034221917150744
2921.804	0.0342502270891221
2920.387	0.0341713728094533
2918.9701	0.0344798733751623
2917.5531	0.0343807070020731
2916.1361	0.0348637738572369
2914.7191	0.0340769182224112
2913.3021	0.0341975926759843
2911.8852	0.034177195654688
2910.4682	0.0348617422078895
2909.0512	0.0337953491220993
2907.6342	0.03420964996551
2906.2173	0.0341483042508623
2904.8003	0.0341968666274418
2903.3833	0.0334433309965401
2901.9663	0.0335141053622117
2900.5494	0.0337760482689273
2899.1324	0.0337753332393975
2897.7154	0.0339269411464096
2896.2984	0.0334801455640477
2894.8815	0.0337481681331722
2893.4645	0.0339715538160625
2892.0475	0.0338495092304858
2890.6305	0.0337343077995417
2889.2136	0.0335687494097453
2887.7966	0.0333326328290554
2886.3796	0.0336920176500732
2884.9626	0.033988730548516
2883.5457	0.0327677355271874
2882.1287	0.0335981196399832
2880.7117	0.033814959393506
2879.2947	0.0330657410177594
2877.8778	0.0333289642772848
2876.4608	0.0330905881814343
2875.0438	0.0329956644404507
2873.6268	0.0330029185615196
2872.2099	0.032346587847015
2870.7929	0.0326177105947045
2869.3759	0.0322564672704688
2867.9589	0.0321971298564216
2866.5419	0.031741983907633
2865.125	0.032009658087901
2863.708	0.031791922012106
2862.291	0.0315320018955965
2860.874	0.0313236444188499
2859.4571	0.0313868599506177
2858.0401	0.0315212759905559
2856.6231	0.0315343422187645
2855.2061	0.0309459139868993
2853.7892	0.0309235312248559
2852.3722	0.0307258577742381
2850.9552	0.0308274642378263
2849.5382	0.0308455038717129
2848.1213	0.0304656911948269
2846.7043	0.0308787410677712
2845.2873	0.0306683743014605
2843.8703	0.030501483567868
2842.4534	0.0304461967111198
2841.0364	0.0298799974084188
2839.6194	0.0298082912797689
2838.2024	0.0294136060671156
2836.7855	0.0293759341785596
2835.3685	0.0299333226013343
2833.9515	0.0291261568487737
2832.5345	0.0297352221830857
2831.1176	0.029193929583683
2829.7006	0.029817430252259
2828.2836	0.0292946773329146
2826.8666	0.0293494300184347
2825.4497	0.0298876183781812
2824.0327	0.028902260016134
2822.6157	0.0288837318568166
2821.1987	0.0286736011014097
2819.7817	0.0287646154913756
2818.3648	0.0285870880792602
2816.9478	0.0279107217711387
2815.5308	0.0287723376452637
2814.1138	0.0288599393925091
2812.6969	0.028427075267032
2811.2799	0.0278314927407134
2809.8629	0.0287799236409487
2808.4459	0.0278993602874497
2807.029	0.0282104787704236
2805.612	0.0270886595609097
2804.195	0.0282273749952281
2802.778	0.0275017140655429
2801.3611	0.0279997969156087
2799.9441	0.0275136705898526
2798.5271	0.0277025046603467
2797.1101	0.0275509666195495
2795.6932	0.0277367473322411
2794.2762	0.0280080211199089
2792.8592	0.0271695879774183
2791.4422	0.0272322713697374
2790.0253	0.0273767387354053
2788.6083	0.0278178376658602
2787.1913	0.0275003579344985
2785.7743	0.0272306230928588
2784.3574	0.027001602478451
2782.9404	0.0272952495976125
2781.5234	0.0274452022961808
2780.1064	0.0269384352295133
2778.6895	0.0268413947230698
2777.2725	0.0266954677601827
2775.8555	0.0268080917541191
2774.4385	0.0264415791627204
2773.0215	0.0264051954133762
2771.6046	0.026481954619841
2770.1876	0.0265762989144928
2768.7706	0.0269896870921532
2767.3536	0.0266007944116591
2765.9367	0.0264844052955919
2764.5197	0.027012248085352
2763.1027	0.0263029655917249
2761.6857	0.026245841725023
2760.2688	0.0268801089278855
2758.8518	0.026522014122412
2757.4348	0.0266703439943965
2756.0178	0.0265638458807132
2754.6009	0.0268412392281887
2753.1839	0.0269392179935457
2751.7669	0.0267311296938457
2750.3499	0.0264879445108166
2748.933	0.026440143714816
2747.516	0.0268395067891621
2746.099	0.0268079128525172
2744.682	0.0255671884337516
2743.2651	0.026225107981511
2741.8481	0.0262301736907069
2740.4311	0.0265272126576222
2739.0141	0.0262252415293118
2737.5972	0.0259517652059436
2736.1802	0.0265160057547357
2734.7632	0.0266684505605346
2733.3462	0.0256021887996357
2731.9293	0.0262011989214901
2730.5123	0.0262502579425093
2729.0953	0.0260245184904315
2727.6783	0.0261362983054651
2726.2613	0.0261402012050125
2724.8444	0.026322169008397
2723.4274	0.0258420335506415
2722.0104	0.0256003215673823
2720.5934	0.0260471446470591
2719.1765	0.02675230788247
2717.7595	0.0263456272694183
2716.3425	0.0258142595067021
2714.9255	0.0257804945063754
2713.5086	0.0255418112798982
2712.0916	0.0258047962885565
2710.6746	0.0262711870727946
2709.2576	0.0256910889551345
2707.8407	0.0258479812660683
2706.4237	0.0259981047811356
2705.0067	0.0255959838584613
2703.5897	0.0257375287223424
2702.1728	0.0259483669037927
2700.7558	0.0255700781402305
2699.3388	0.0257960719254014
2697.9218	0.0254086727291144
2696.5049	0.0255073467370909
2695.0879	0.0253702774143852
2693.6709	0.0255873875241281
2692.2539	0.025372424317679
2690.837	0.0252223065125885
2689.42	0.0254097163228109
2688.003	0.0251215229732563
2686.586	0.0254552038411153
2685.1691	0.0256994692707887
2683.7521	0.0251007198809577
2682.3351	0.0256060681750452
2680.9181	0.025048152245455
2679.5011	0.0254460215620719
2678.0842	0.0257669816010074
2676.6672	0.0252329296241301
2675.2502	0.0254004096138831
2673.8332	0.0255775166510102
2672.4163	0.0258423377746586
2670.9993	0.0249227994278257
2669.5823	0.0249830428208902
2668.1653	0.0252110664841621
2666.7484	0.0248693907817071
2665.3314	0.02531474365459
2663.9144	0.0254883828248448
2662.4974	0.0252830916812077
2661.0805	0.0253079649330061
2659.6635	0.0252695307589681
2658.2465	0.0250393685042419
2656.8295	0.0249886733641706
2655.4126	0.025129742842485
2653.9956	0.0247875176370313
2652.5786	0.0250640658713685
2651.1616	0.0256276006553906
2649.7447	0.0249085759696575
2648.3277	0.0250830125555375
2646.9107	0.0248279510154838
2645.4937	0.0250399743426147
2644.0768	0.024949577223819
2642.6598	0.0248813889670843
2641.2428	0.0241415800350493
2639.8258	0.0246786394432523
2638.4089	0.0245388825733119
2636.9919	0.0244807023879706
2635.5749	0.0242052821893972
2634.1579	0.0245031987827018
2632.741	0.0237769634776666
2631.324	0.024508575825317
2629.907	0.0246957228739246
2628.49	0.0240896676008451
2627.073	0.0238464522618583
2625.6561	0.0244939625587027
2624.2391	0.0237640424318932
2622.8221	0.024004518429857
2621.4051	0.0235729639696504
2619.9882	0.0234269262604378
2618.5712	0.0241668409570381
2617.1542	0.0239430404314322
2615.7372	0.023613807327145
2614.3203	0.0235567114254604
2612.9033	0.0241032910403374
2611.4863	0.0235677789765574
2610.0693	0.0239354369421949
2608.6524	0.023074982986583
2607.2354	0.0237261198614745
2605.8184	0.0236819782712183
2604.4014	0.0234982814069022
2602.9845	0.0236581062879733
2601.5675	0.0233869505411117
2600.1505	0.0234647845792422
2598.7335	0.0232155916282847
2597.3166	0.0233519033226878
2595.8996	0.0240903857320222
2594.4826	0.0233609515157033
2593.0656	0.0234647957299957
2591.6487	0.0230971530694214
2590.2317	0.0234011832071966
2588.8147	0.0230220577376226
2587.3977	0.0228536422574362
2585.9808	0.0231384398323653
2584.5638	0.0231584889119053
2583.1468	0.0231867453311379
2581.7298	0.0237031111080452
2580.3128	0.0230090989224447
2578.8959	0.0231675232072603
2577.4789	0.0228736487025189
2576.0619	0.0233400565207639
2574.6449	0.0225635064363788
2573.228	0.0232026919421632
2571.811	0.0229014043308142
2570.394	0.0228117580373937
2568.977	0.0229264259184213
2567.5601	0.0226394814607841
2566.1431	0.022759394383364
2564.7261	0.0230002182090689
2563.3091	0.02264946977992
2561.8922	0.0229228567338605
2560.4752	0.022085623799385
2559.0582	0.0224368566947204
2557.6412	0.0226161508966433
2556.2243	0.0230403982745952
2554.8073	0.0228029412010286
2553.3903	0.0232628670987407
2551.9733	0.0225760979607356
2550.5564	0.0219627435068077
2549.1394	0.0223645401469089
2547.7224	0.0227397114188488
2546.3054	0.0224245230056965
2544.8885	0.0225124969755077
2543.4715	0.0222575469004986
2542.0545	0.0223759540641766
2540.6375	0.0224537926136489
2539.2206	0.0221787764086303
2537.8036	0.0229997353298004
2536.3866	0.0221404853165719
2534.9696	0.0222531202747051
2533.5526	0.0217670340784564
2532.1357	0.0220528642333674
2530.7187	0.0222797247501188
2529.3017	0.0223490607321579
2527.8847	0.0225430431867608
2526.4678	0.0223504579759089
2525.0508	0.0213074029607912
2523.6338	0.0229182560167144
2522.2168	0.0224964329794771
2520.7999	0.0225905858778562
2519.3829	0.0220884315107485
2517.9659	0.0215586865123127
2516.5489	0.0218181481917634
2515.132	0.0221244178964425
2513.715	0.0219119458425431
2512.298	0.02173329869375
2510.881	0.0221051658739808
2509.4641	0.0217690585097131
2508.0471	0.0217475663684562
2506.6301	0.0221850772916004
2505.2131	0.0219169896678499
2503.7962	0.0219782191627665
2502.3792	0.021978417267639
2500.9622	0.0222302730580718
2499.5452	0.0224958691849731
2498.1283	0.0218575834632023
2496.7113	0.0216716061381054
2495.2943	0.0221509604666905
2493.8773	0.0217340322642233
2492.4604	0.0217737428683385
2491.0434	0.0217019921227708
2489.6264	0.0216315230491431
2488.2094	0.021719090588926
2486.7924	0.0214011262338807
2485.3755	0.021644398861824
2483.9585	0.0212189175204674
2482.5415	0.0217313537479843
2481.1245	0.0223212696038589
2479.7076	0.0214483200011783
2478.2906	0.0217050984195644
2476.8736	0.0212533696640294
2475.4566	0.0216364088266697
2474.0397	0.0214990000558279
2472.6227	0.0218550203229984
2471.2057	0.0211286521480472
2469.7887	0.0207416506445881
2468.3718	0.0215141606779527
2466.9548	0.0215027813417269
2465.5378	0.021936643843595
2464.1208	0.0218249376597878
2462.7039	0.0214760720228027
2461.2869	0.0218073573776748
2459.8699	0.0218742707278847
2458.4529	0.0215875816148447
2457.036	0.0212100410714955
2455.619	0.0210705990375812
2454.202	0.0213578278391055
2452.785	0.0217316082089274
2451.3681	0.0213414049272448
2449.9511	0.0209248399394397
2448.5341	0.0216294555303309
2447.1171	0.0213152605684422
2445.7002	0.0213718936153323
2444.2832	0.0214238213086981
2442.8662	0.0211288935070659
2441.4492	0.0212487130392806
2440.0322	0.0211580606257509
2438.6153	0.020790717942376
2437.1983	0.0208907088849004
2435.7813	0.0212625090511367
2434.3643	0.0214179919227018
2432.9474	0.0210399160100927
2431.5304	0.0210754221826535
2430.1134	0.0209954555334545
2428.6964	0.0206664527499384
2427.2795	0.0206516566725344
2425.8625	0.0205070486981154
2424.4455	0.0205899386372806
2423.0285	0.0209273693493435
2421.6116	0.0204567708526721
2420.1946	0.0212591958890111
2418.7776	0.0206021067235501
2417.3606	0.0210855620044845
2415.9437	0.0207284737086682
2414.5267	0.0207576951196749
2413.1097	0.0204262811610561
2411.6927	0.0206005442835563
2410.2758	0.0208057388536234
2408.8588	0.0211894080490674
2407.4418	0.0207663302574817
2406.0248	0.0208691591866428
2404.6079	0.0207679515390402
2403.1909	0.0210005289899087
2401.7739	0.0204522171737146
2400.3569	0.0203105012777486
2398.94	0.0209642342198728
2397.523	0.0203078009865875
2396.106	0.0209120750776689
2394.689	0.0203846757290132
2393.272	0.020562109327414
2391.8551	0.0204809151334444
2390.4381	0.0203044441310781
2389.0211	0.0202521734988223
2387.6041	0.0202054909895558
2386.1872	0.0205174698829924
2384.7702	0.0199436073779847
2383.3532	0.0203241763191066
2381.9362	0.0201852889681232
2380.5193	0.0202298441416898
2379.1023	0.0205884691155704
2377.6853	0.0209757875824959
2376.2683	0.0198344090207322
2374.8514	0.0205275432246718
2373.4344	0.0203041213304224
2372.0174	0.0195476791514088
2370.6004	0.0196907016773817
2369.1835	0.0202333695898648
2367.7665	0.0201927211832298
2366.3495	0.0203489203472095
2364.9325	0.0199640434074631
2363.5156	0.0200548803778458
2362.0986	0.0199485382922367
2360.6816	0.0203709449162109
2359.2646	0.0204167193609692
2357.8477	0.0206203953302561
2356.4307	0.0203157460652081
2355.0137	0.0199338813273361
2353.5967	0.0204164627513757
2352.1798	0.0203433421299299
2350.7628	0.020318196745671
2349.3458	0.0202870253485684
2347.9288	0.0198727418203923
2346.5118	0.0203863101232544
2345.0949	0.0203686999999036
2343.6779	0.0209392242793153
2342.2609	0.0196474329422966
2340.8439	0.0204334099670518
2339.427	0.0195009057674844
2338.01	0.0205706963614981
2336.593	0.0199964863571086
2335.176	0.0193627413962212
2333.7591	0.0204398910046145
2332.3421	0.0203316052532622
2330.9251	0.0199046725153308
2329.5081	0.0204081968296233
2328.0912	0.0207989953005767
2326.6742	0.0201630298794979
2325.2572	0.0207258400253206
2323.8402	0.0206265466385019
2322.4233	0.0206259708663402
2321.0063	0.0201838340792829
2319.5893	0.0201119825668192
2318.1723	0.0202801235592119
2316.7554	0.0203163226909727
2315.3384	0.0201341347880856
2313.9214	0.0204817205148765
2312.5044	0.0201619723929168
2311.0875	0.0205910217126917
2309.6705	0.0203824857936512
2308.2535	0.0201296661987813
2306.8365	0.0195151323705699
2305.4196	0.0206020333036875
2304.0026	0.0197192025821725
2302.5856	0.0199783423513988
2301.1686	0.0195893583215087
2299.7516	0.020005556754459
2298.3347	0.02023958667281
2296.9177	0.0194749350957973
2295.5007	0.0199613299064902
2294.0837	0.0197948596281872
2292.6668	0.0200344000831916
2291.2498	0.0202859835310411
2289.8328	0.0198820524515702
2288.4158	0.0200506721133062
2286.9989	0.020372284234328
2285.5819	0.0203476472133847
2284.1649	0.0201658222673069
2282.7479	0.0201481870346339
2281.331	0.0197838623944622
2279.914	0.0196467602589242
2278.497	0.019742916092723
2277.08	0.0194985488394924
2275.6631	0.019426888826129
2274.2461	0.0194405357118947
2272.8291	0.018870380717584
2271.4121	0.0202073737597962
2269.9952	0.0195594669430853
2268.5782	0.0194331488944971
2267.1612	0.0194213672502094
2265.7442	0.0195746587594368
2264.3273	0.0195069189011586
2262.9103	0.0197987140614375
2261.4933	0.0196998410830203
2260.0763	0.0194233310779504
2258.6594	0.019471871100337
2257.2424	0.019964474306727
2255.8254	0.0192574816463163
2254.4084	0.0197030668794345
2252.9914	0.0196922857328941
2251.5745	0.0194878867517758
2250.1575	0.0187691955819509
2248.7405	0.0185721388091071
2247.3235	0.020323713913709
2245.9066	0.0198861106508989
2244.4896	0.0192292532347701
2243.0726	0.0191275566005179
2241.6556	0.0185873256061405
2240.2387	0.0192032221340084
2238.8217	0.0197375404942989
2237.4047	0.0192775132035502
2235.9877	0.0191604098333294
2234.5708	0.0181105995701105
2233.1538	0.0186815914445151
2231.7368	0.0192322675985678
2230.3198	0.019290410620221
2228.9029	0.0195843643218026
2227.4859	0.0194165507268109
2226.0689	0.0198534182021804
2224.6519	0.0194478783419647
2223.235	0.0195911777572002
2221.818	0.0195054784557719
2220.401	0.0193347607584844
2218.984	0.0187827357632856
2217.5671	0.0192152324112819
2216.1501	0.0185886515896628
2214.7331	0.0187320432040784
2213.3161	0.0188201437748817
2211.8992	0.018617513327444
2210.4822	0.018627162540851
2209.0652	0.0189381423915561
2207.6482	0.0187564705442982
2206.2312	0.0194639003267314
2204.8143	0.0196985214495313
2203.3973	0.0191542857122884
2201.9803	0.0198649336295241
2200.5633	0.0195096276548593
2199.1464	0.0194651205971324
2197.7294	0.0186720281384437
2196.3124	0.0192680474217722
2194.8954	0.0195864624352713
2193.4785	0.020198102960552
2192.0615	0.0207801649529528
2190.6445	0.0208234735461017
2189.2275	0.020742742508217
2187.8106	0.0197243648142901
2186.3936	0.0201580435105428
2184.9766	0.0196520222251577
2183.5596	0.0196453555442451
2182.1427	0.0198415631068889
2180.7257	0.0195235120201744
2179.3087	0.0191116758756501
2177.8917	0.0193961714139937
2176.4748	0.0191903338845608
2175.0578	0.0191650781131472
2173.6408	0.0181677815156094
2172.2238	0.0189324849210922
2170.8069	0.0183534266111266
2169.3899	0.018306038042873
2167.9729	0.0185032364339024
2166.5559	0.0190719847319688
2165.139	0.0192394009285634
2163.722	0.0192625395988957
2162.305	0.0200953975828062
2160.888	0.0187621992335883
2159.471	0.0188120005765995
2158.0541	0.0182311069658335
2156.6371	0.0182001346198585
2155.2201	0.0175806428910124
2153.8031	0.0178523841093136
2152.3862	0.0176482118550664
2150.9692	0.0186775077825843
2149.5522	0.0183153978037864
2148.1352	0.017715917598037
2146.7183	0.0182685945304665
2145.3013	0.0182151824215723
2143.8843	0.0182251943877745
2142.4673	0.0181575936348245
2141.0504	0.0181676930624667
2139.6334	0.0179995845267908
2138.2164	0.0185969124476853
2136.7994	0.0181421050597567
2135.3825	0.0185347419850365
2133.9655	0.017486832400078
2132.5485	0.0180588331333781
2131.1315	0.0176857922965534
2129.7146	0.0177990337995172
2128.2976	0.0180208302523931
2126.8806	0.0179172141204823
2125.4636	0.0182332972706005
2124.0467	0.0186229460520439
2122.6297	0.0181319661090161
2121.2127	0.0189668679759514
2119.7957	0.0186989696045947
2118.3788	0.0186944918346711
2116.9618	0.018297608361296
2115.5448	0.0188107568450665
2114.1278	0.0190285873234911
2112.7108	0.0192577890879766
2111.2939	0.0192833822167632
2109.8769	0.0190364156713366
2108.4599	0.0189289689779932
2107.0429	0.0191628906895354
2105.626	0.0185355173923702
2104.209	0.0189630237921304
2102.792	0.0187880867850064
2101.375	0.0189216544638527
2099.9581	0.0188541404346851
2098.5411	0.0182836069491867
2097.1241	0.0188057321575253
2095.7071	0.0185447352452638
2094.2902	0.018351502441133
2092.8732	0.0179324973594464
2091.4562	0.0185910933896021
2090.0392	0.0190094595430659
2088.6223	0.0184348687379953
2087.2053	0.0183460211423228
2085.7883	0.017998032089363
2084.3713	0.018411688172074
2082.9544	0.01841506083516
2081.5374	0.0188090535604604
2080.1204	0.0191109564351937
2078.7034	0.0185759105741825
2077.2865	0.0186728915904605
2075.8695	0.0185747754781762
2074.4525	0.0191593165787823
2073.0355	0.0179881149408723
2071.6186	0.0178952434994897
2070.2016	0.0185774842915959
2068.7846	0.018364668627793
2067.3676	0.0183051655834784
2065.9506	0.0190837736491577
2064.5337	0.0183036879041892
2063.1167	0.0180561471004733
2061.6997	0.0187653258074858
2060.2827	0.0183438782679337
2058.8658	0.0183802680950177
2057.4488	0.0180597406578198
2056.0318	0.0188078176981021
2054.6148	0.0185010614824342
2053.1979	0.0191457131960139
2051.7809	0.0183426496324604
2050.3639	0.0178478882616085
2048.9469	0.0176474059369701
2047.53	0.0174063873696098
2046.113	0.018055986673988
2044.696	0.0178102977734165
2043.279	0.0188094797318508
2041.8621	0.0188424376136269
2040.4451	0.0182828146522064
2039.0281	0.0178441782009997
2037.6111	0.0179076353394106
2036.1942	0.0183099475687413
2034.7772	0.0183352530176404
2033.3602	0.0178981482272562
2031.9432	0.0181107196298815
2030.5263	0.0173530901596828
2029.1093	0.0174947012246699
2027.6923	0.0170181944291144
2026.2753	0.016661457064149
2024.8584	0.0172064294866767
2023.4414	0.0174044966053198
2022.0244	0.0174196491573703
2020.6074	0.0185866801377674
2019.1904	0.0181857882375625
2017.7735	0.0179897541830004
2016.3565	0.0173936099703237
2014.9395	0.0173023179984162
2013.5225	0.0167201567711618
2012.1056	0.0160329682817702
2010.6886	0.0165393291964385
2009.2716	0.0165783531351567
2007.8546	0.0169732116699034
2006.4377	0.0168763999139728
2005.0207	0.0166229204136066
2003.6037	0.0169496650626888
2002.1867	0.0167726112214329
2000.7698	0.0173759029678686
1999.3528	0.01741727969434
1997.9358	0.0175906295798863
1996.5188	0.0169284130007531
1995.1019	0.0172898591525625
1993.6849	0.0165052374024324
1992.2679	0.0163657481167936
1990.8509	0.0168299693127785
1989.434	0.017524090339167
1988.017	0.0176189278416488
1986.6	0.0179648039090287
1985.183	0.0184958796302091
1983.7661	0.018061680662055
1982.3491	0.0177992603260203
1980.9321	0.0184512327501561
1979.5151	0.0178178453389172
1978.0982	0.0180237293112578
1976.6812	0.0172411704438231
1975.2642	0.0167835259360628
1973.8472	0.0175789625108363
1972.4302	0.017440308356846
1971.0133	0.0172854899722124
1969.5963	0.0167336243062425
1968.1793	0.017018477536687
1966.7623	0.016840455221091
1965.3454	0.0170196234752968
1963.9284	0.0170273941243735
1962.5114	0.0173735155485771
1961.0944	0.0174659618399833
1959.6775	0.0171753432435388
1958.2605	0.0174530564929749
1956.8435	0.01707918271843
1955.4265	0.0167879814961327
1954.0096	0.0170753809515582
1952.5926	0.0173686648399284
1951.1756	0.0173100032010605
1949.7586	0.0175128466083941
1948.3417	0.0166674980480907
1946.9247	0.0171455364517395
1945.5077	0.0169243566995837
1944.0907	0.0168388979031237
1942.6738	0.0170833180654932
1941.2568	0.0175976590836055
1939.8398	0.0174930421849087
1938.4228	0.0178185317307294
1937.0059	0.0173788418737805
1935.5889	0.0173439285581623
1934.1719	0.0170831912834515
1932.7549	0.0167467924044768
1931.338	0.0170367881666083
1929.921	0.0169030825865158
1928.504	0.0170171919043956
1927.087	0.017166191566396
1925.67	0.0169225625260012
1924.2531	0.0170362417980384
1922.8361	0.0179416723104057
1921.4191	0.0174612269819287
1920.0021	0.0175611546025147
1918.5852	0.0173525079798746
1917.1682	0.0170123046468918
1915.7512	0.0177541129645846
1914.3342	0.0176881454585513
1912.9173	0.0174996546058907
1911.5003	0.0165471628241207
1910.0833	0.0172554376895318
1908.6663	0.0172196994717417
1907.2494	0.017150778171394
1905.8324	0.017640329640504
1904.4154	0.0175901938061193
1902.9984	0.0169070561259112
1901.5815	0.016908632328106
1900.1645	0.0166512736935097
1898.7475	0.0170104580530387
1897.3305	0.0173919685948498
1895.9136	0.0167492068360448
1894.4966	0.0168240905539523
1893.0796	0.0171609147538088
1891.6626	0.016876925176532
1890.2457	0.0168642819414851
1888.8287	0.0174614404310161
1887.4117	0.0171761015121781
1885.9947	0.017062095932781
1884.5778	0.0168153682700713
1883.1608	0.0176928922595925
1881.7438	0.0171847638755568
1880.3268	0.0172667360006209
1878.9098	0.0171279570803596
1877.4929	0.0168507918380933
1876.0759	0.0165994677364266
1874.6589	0.0168473147322894
1873.2419	0.016528680215236
1871.825	0.0166409671194754
1870.408	0.0171444572307436
1868.991	0.0167668454831637
1867.574	0.0170104166287719
1866.1571	0.0167716349578847
1864.7401	0.0167079848356451
1863.3231	0.0175335224964756
1861.9061	0.0169531494961631
1860.4892	0.0170115313201185
1859.0722	0.0175962068836806
1857.6552	0.0167759616956217
1856.2382	0.0167182977849238
1854.8213	0.0172196575209301
1853.4043	0.0164505573657463
1851.9873	0.0163325205096181
1850.5703	0.017266743649057
1849.1534	0.0165184778605438
1847.7364	0.016882491987221
1846.3194	0.0167008425857046
1844.9024	0.0165128898497366
1843.4855	0.0166842013623267
1842.0685	0.0167703016395822
1840.6515	0.0167992399048711
1839.2345	0.0168321128100054
1837.8176	0.0162730794131221
1836.4006	0.0164351175597532
1834.9836	0.0167496518345215
1833.5666	0.0164246211146923
1832.1496	0.0170633374248099
1830.7327	0.0162353579831481
1829.3157	0.0169125768647839
1827.8987	0.0162141106299717
1826.4817	0.0163505271457935
1825.0648	0.0160731427070613
1823.6478	0.0163277846959018
1822.2308	0.0162597613867162
1820.8138	0.0162836791928112
1819.3969	0.0170057910134808
1817.9799	0.0164270081808253
1816.5629	0.0164753116105622
1815.1459	0.0161554965996469
1813.729	0.0162472023668709
1812.312	0.0164758621125456
1810.895	0.0168055051599584
1809.478	0.0163187672122741
1808.0611	0.0156951062398019
1806.6441	0.0161059562223088
1805.2271	0.0162904238130908
1803.8101	0.0163677533585239
1802.3932	0.0164170521524343
1800.9762	0.0158895280632323
1799.5592	0.0162625433733165
1798.1422	0.0165527920756044
1796.7253	0.0165853329987592
1795.3083	0.0162100265026911
1793.8913	0.0165196568589717
1792.4743	0.0166956733705334
1791.0574	0.0166356926404258
1789.6404	0.0166321359327123
1788.2234	0.016645325441961
1786.8064	0.0167500404219351
1785.3894	0.0164637230338003
1783.9725	0.0161437816552566
1782.5555	0.0173221393257943
1781.1385	0.0168842663736203
1779.7215	0.016152764154494
1778.3046	0.0167720875643615
1776.8876	0.016092833123585
1775.4706	0.0166972057348588
1774.0536	0.01600133561614
1772.6367	0.0170662646231732
1771.2197	0.0164889504973901
1769.8027	0.01707438310321
1768.3857	0.0167865916696364
1766.9688	0.0166573654515773
1765.5518	0.0163664528840831
1764.1348	0.0169913086779499
1762.7178	0.0170895132147144
1761.3009	0.0162803097971324
1759.8839	0.017183908157989
1758.4669	0.0164709202724411
1757.0499	0.0172996452796308
1755.633	0.0170443668127313
1754.216	0.0174219452063582
1752.799	0.0168185949770673
1751.382	0.0175000651408714
1749.9651	0.0175727493982638
1748.5481	0.0172560873802838
1747.1311	0.0176567622751907
1745.7141	0.0171977701048034
1744.2972	0.018357551278128
1742.8802	0.0180053810740543
1741.4632	0.0177087240565699
1740.0462	0.0183242842633543
1738.6292	0.0173966785471808
1737.2123	0.0186180805119593
1735.7953	0.0182172728598396
1734.3783	0.0185629558041649
1732.9613	0.0186125689414934
1731.5444	0.0193304284276838
1730.1274	0.0191203883945901
1728.7104	0.0190299061181359
1727.2934	0.0192442837854567
1725.8765	0.0192019952540674
1724.4595	0.0194850202213378
1723.0425	0.0193555286412661
1721.6255	0.0194535530247961
1720.2086	0.0196517663303129
1718.7916	0.0203430862035475
1717.3746	0.0203841886847452
1715.9576	0.0207269784490073
1714.5407	0.0208590860940126
1713.1237	0.021029835637792
1711.7067	0.0206177004734609
1710.2897	0.0210559709636079
1708.8728	0.0208098392759707
1707.4558	0.0214511484088617
1706.0388	0.0210930559053288
1704.6218	0.0218103092367067
1703.2049	0.0216101733627395
1701.7879	0.0211276001288942
1700.3709	0.0218088508541796
1698.9539	0.0212714733462124
1697.537	0.0220404566886845
1696.12	0.0214254102335206
1694.703	0.0220528101233827
1693.286	0.0220254020225954
1691.869	0.0222006449829962
1690.4521	0.0228493585054268
1689.0351	0.0222122029818206
1687.6181	0.0220501212158796
1686.2011	0.0222404805055843
1684.7842	0.0225995812894431
1683.3672	0.0228043887732727
1681.9502	0.023075544386445
1680.5332	0.0234180867697775
1679.1163	0.0233445173764317
1677.6993	0.0222229411334511
1676.2823	0.0229839848150926
1674.8653	0.0226277477383728
1673.4484	0.0234116884671507
1672.0314	0.023318250872777
1670.6144	0.0227908372059494
1669.1974	0.0231927968013856
1667.7805	0.0243520827947124
1666.3635	0.0243062203077533
1664.9465	0.0237504067499014
1663.5295	0.0246706844248589
1662.1126	0.0241361880126064
1660.6956	0.0246533519437964
1659.2786	0.0244512837459338
1657.8616	0.0247895539426449
1656.4447	0.0249054006150533
1655.0277	0.024482668271711
1653.6107	0.0253807772510222
1652.1937	0.0260878642870232
1650.7768	0.0264274695000166
1649.3598	0.0259887975732095
1647.9428	0.0260845687897641
1646.5258	0.0269383459961507
1645.1088	0.0272559897402328
1643.6919	0.0275431708671397
1642.2749	0.0277199942654488
1640.8579	0.0286221266569509
1639.4409	0.0292498268149097
1638.024	0.0288631838320798
1636.607	0.0293910631201246
1635.19	0.0303216752811488
1633.773	0.0309460736093196
1632.3561	0.0308883587015774
1630.9391	0.0310706384617742
1629.5221	0.0312674860993439
1628.1051	0.0312635645975228
1626.6882	0.0315547610693614
1625.2712	0.03173620979558
1623.8542	0.0322764415154107
1622.4372	0.0326369132162899
1621.0203	0.0330621705859515
1619.6033	0.032828842931297
1618.1863	0.033754586267239
1616.7693	0.0337724905658529
1615.3524	0.0336813557788174
1613.9354	0.0343515575449164
1612.5184	0.0343601342029826
1611.1014	0.0352585737769558
1609.6845	0.0345434721607225
1608.2675	0.0354788559129711
1606.8505	0.0361762194452922
1605.4335	0.036463466564589
1604.0166	0.0371156394453575
1602.5996	0.0374288995719385
1601.1826	0.0371764353984933
1599.7656	0.0375462149838822
1598.3486	0.0372294723508535
1596.9317	0.0378351064928328
1595.5147	0.036607216961065
1594.0977	0.0370427009804863
1592.6807	0.0369477266670685
1591.2638	0.0365130439809253
1589.8468	0.0358264081481332
1588.4298	0.0361358940853629
1587.0128	0.0358692558034749
1585.5959	0.0353980229309423
1584.1789	0.0361270660125489
1582.7619	0.0350815874490782
1581.3449	0.0339776237769589
1579.928	0.0336779569414793
1578.511	0.0337463346382893
1577.094	0.0325925144017027
1575.677	0.0330060000736223
1574.2601	0.0326951511416764
1572.8431	0.031748263920179
1571.4261	0.0312476849067239
1570.0091	0.0315917032464607
1568.5922	0.0311611015935825
1567.1752	0.0309407348742684
1565.7582	0.0301249886915062
1564.3412	0.0300109299542609
1562.9243	0.0295948419577963
1561.5073	0.027967598746978
1560.0903	0.0281560075954108
1558.6733	0.0274929156507189
1557.2564	0.0279455532965208
1555.8394	0.0272263441730107
1554.4224	0.026717242568001
1553.0054	0.0258657636109672
1551.5885	0.0261688673199562
1550.1715	0.025316436773678
1548.7545	0.0254083124150536
1547.3375	0.0244316416005941
1545.9205	0.0247013663474735
1544.5036	0.0235639406839538
1543.0866	0.0244400293067421
1541.6696	0.0239092349413843
1540.2526	0.0243702167882326
1538.8357	0.0233892376512177
1537.4187	0.0232492172915496
1536.0017	0.0234648066541864
1534.5847	0.0232663996770807
1533.1678	0.022760963944952
1531.7508	0.0238373423044596
1530.3338	0.0233122682654723
1528.9168	0.02326751349823
1527.4999	0.0233230726093408
1526.0829	0.0236572037665247
1524.6659	0.0239218757835699
1523.2489	0.025061042490288
1521.832	0.0253549980402606
1520.415	0.0262629942755284
1518.998	0.0266943234666911
1517.581	0.0265512060408684
1516.1641	0.0275461869116604
1514.7471	0.0278943126811454
1513.3301	0.0280210929202734
1511.9131	0.0280637564093558
1510.4962	0.0290538036812439
1509.0792	0.029586399419225
1507.6622	0.0291334545208166
1506.2452	0.029571734971291
1504.8283	0.0291595788883842
1503.4113	0.0285951524292639
1501.9943	0.0284782908158864
1500.5773	0.0272401906152705
1499.1603	0.0264640613738617
1497.7434	0.0253943221511019
1496.3264	0.0245812070108057
1494.9094	0.0247023751012833
1493.4924	0.0246399489382691
1492.0755	0.0238118559832051
1490.6585	0.0234642431206512
1489.2415	0.0235532537141723
1487.8245	0.0246276012536135
1486.4076	0.0238899079826909
1484.9906	0.0245956138106183
1483.5736	0.02487237366543
1482.1566	0.0256325572000324
1480.7397	0.0257076138791803
1479.3227	0.0258101607388142
1477.9057	0.026081035704455
1476.4887	0.0255292872015914
1475.0718	0.0251949617251055
1473.6548	0.0262648541185101
1472.2378	0.0272198537550264
1470.8208	0.027661671554625
1469.4039	0.0274970833445584
1467.9869	0.0284344658007026
1466.5699	0.0290662035969454
1465.1529	0.0294861314869558
1463.736	0.0306906913597228
1462.319	0.0308518483109455
1460.902	0.0307491500141087
1459.485	0.0313214542293717
1458.0681	0.0320597533077622
1456.6511	0.0323233699536799
1455.2341	0.0333821285150439
1453.8171	0.0334761797897943
1452.4001	0.0327643943017117
1450.9832	0.0331098929326866
1449.5662	0.032921700467744
1448.1492	0.0338827306220279
1446.7322	0.0334392243567913
1445.3153	0.0332353055189329
1443.8983	0.0334348836827067
1442.4813	0.0331818727559946
1441.0643	0.033624311544104
1439.6474	0.0336869879617852
1438.2304	0.0333075423002627
1436.8134	0.0337666610462382
1435.3964	0.0343005672849302
1433.9795	0.0346522336422182
1432.5625	0.0351578364749401
1431.1455	0.0349683612190029
1429.7285	0.0357060187280948
1428.3116	0.0362492948611871
1426.8946	0.0362997670361017
1425.4776	0.0359597734352765
1424.0606	0.0366288717678792
1422.6437	0.0368992249648608
1421.2267	0.0368353368112513
1419.8097	0.0373765246044094
1418.3927	0.0379210664665528
1416.9758	0.0377397205745774
1415.5588	0.0378001633074213
1414.1418	0.0381418032579104
1412.7248	0.0378794044213953
1411.3079	0.0381990286620514
1409.8909	0.0377876509013873
1408.4739	0.0385664608445197
1407.0569	0.0382798879066077
1405.6399	0.0376071361365927
1404.223	0.0383142336584199
1402.806	0.0384748224625039
1401.389	0.0392037170008454
1399.972	0.0385727996780596
1398.5551	0.0382915607308336
1397.1381	0.037994514144126
1395.7211	0.0394967562643768
1394.3041	0.0391318717098826
1392.8872	0.039212423789642
1391.4702	0.0400979992576352
1390.0532	0.0401789547063115
1388.6362	0.0401425724517263
1387.2193	0.0410581057156631
1385.8023	0.04080648251883
1384.3853	0.0411409053140314
1382.9683	0.0415446715919891
1381.5514	0.0415981561825519
1380.1344	0.0411552975142522
1378.7174	0.0412068576479328
1377.3004	0.0407071104364695
1375.8835	0.0402605171652635
1374.4665	0.0408943883685624
1373.0495	0.0416238274597834
1371.6325	0.0413530625628569
1370.2156	0.0420238345342074
1368.7986	0.0423245770108769
1367.3816	0.0427145521884719
1365.9646	0.0430959417148879
1364.5477	0.0433196928716279
1363.1307	0.0431787048685019
1361.7137	0.0440623980168545
1360.2967	0.0434809353289546
1358.8797	0.043335964996904
1357.4628	0.0431522025026151
1356.0458	0.0424413315268077
1354.6288	0.0416578489568632
1353.2118	0.0420904023216619
1351.7949	0.0410883895733708
1350.3779	0.0405455699864358
1348.9609	0.0412946283023411
1347.5439	0.041184139410799
1346.127	0.0416807415491496
1344.71	0.0415493873037212
1343.293	0.0414857806637867
1341.876	0.0424532788035097
1340.4591	0.0421775411093377
1339.0421	0.0418341046266019
1337.6251	0.0418283317636774
1336.2081	0.0427086508231983
1334.7912	0.0421372918340876
1333.3742	0.0422256014816263
1331.9572	0.0424928212277655
1330.5402	0.041153743037743
1329.1233	0.0411123716316793
1327.7063	0.0412404406534998
1326.2893	0.0407595400896098
1324.8723	0.0403599299594505
1323.4554	0.0401013073566739
1322.0384	0.0393906795953029
1320.6214	0.039412521887885
1319.2044	0.0393495581334897
1317.7875	0.0383069235930731
1316.3705	0.0386103758710863
1314.9535	0.0388980819555098
1313.5365	0.0375552008129488
1312.1195	0.0373724900116927
1310.7026	0.0377306573852667
1309.2856	0.0376442840391744
1307.8686	0.0371235312590744
1306.4516	0.0374373002745737
1305.0347	0.0368084725817034
1303.6177	0.037951604441711
1302.2007	0.0375680435534601
1300.7837	0.0373633704784687
1299.3668	0.0376263667898189
1297.9498	0.0375233344771896
1296.5328	0.0383239150345671
1295.1158	0.0370020058627767
1293.6989	0.0374608723531346
1292.2819	0.0377061289457407
1290.8649	0.0374381638601816
1289.4479	0.0375077645152408
1288.031	0.0372671363728994
1286.614	0.0377845844070532
1285.197	0.0380386461815827
1283.78	0.0382673469903828
1282.3631	0.0378596507695976
1280.9461	0.0383696440200624
1279.5291	0.0387369776363778
1278.1121	0.0399056403538789
1276.6952	0.0401820598017598
1275.2782	0.0402355285064734
1273.8612	0.0402721718954069
1272.4442	0.0408910716562926
1271.0273	0.0411651226740549
1269.6103	0.0411858633855527
1268.1933	0.0410240186077693
1266.7763	0.0408313520237511
1265.3593	0.0408987040477342
1263.9424	0.040830262476675
1262.5254	0.0407507354376334
1261.1084	0.040531108458444
1259.6914	0.0398513321277321
1258.2745	0.0402511168877305
1256.8575	0.0401339796643223
1255.4405	0.040730012733968
1254.0235	0.0399693949184384
1252.6066	0.0399683298100319
1251.1896	0.0401494786919803
1249.7726	0.0402371435429145
1248.3556	0.0396376952927097
1246.9387	0.0396217734639032
1245.5217	0.0393227264664695
1244.1047	0.0388218596644314
1242.6877	0.0387445565180063
1241.2708	0.0393882272252275
1239.8538	0.0400139748323454
1238.4368	0.0402007829635082
1237.0198	0.0407721652738487
1235.6029	0.0398166244855645
1234.1859	0.0404332782342438
1232.7689	0.040195683555485
1231.3519	0.0394965510271629
1229.935	0.0401418052639391
1228.518	0.0392607744966175
1227.101	0.0376751863336505
1225.684	0.0379134663390052
1224.2671	0.0370678309723312
1222.8501	0.0367733911211608
1221.4331	0.0366490281321099
1220.0161	0.0365811626580507
1218.5991	0.0352236637949015
1217.1822	0.035208421769499
1215.7652	0.034978004035632
1214.3482	0.0345633811574292
1212.9312	0.0349456420921238
1211.5143	0.0347095038534358
1210.0973	0.0345291166746005
1208.6803	0.0340763605069979
1207.2633	0.0337526420905647
1205.8464	0.0331921228999596
1204.4294	0.0327063048710786
1203.0124	0.0326791911246869
1201.5954	0.0329844087966304
1200.1785	0.0316659174870281
1198.7615	0.031760157605585
1197.3445	0.0313314023725995
1195.9275	0.0312848918571632
1194.5106	0.031097616806646
1193.0936	0.0302117746306389
1191.6766	0.0303172735565436
1190.2596	0.0293641341230554
1188.8427	0.0285096427045517
1187.4257	0.0291763939696727
1186.0087	0.0286921421539809
1184.5917	0.0286332516384087
1183.1748	0.0280101407963614
1181.7578	0.0282806828443313
1180.3408	0.0276849032362139
1178.9238	0.0286721080290918
1177.5069	0.0286575299124009
1176.0899	0.0287602137182965
1174.6729	0.0285930663853584
1173.2559	0.0298373639216767
1171.8389	0.0309468029215332
1170.422	0.0314944533384907
1169.005	0.0328660161298127
1167.588	0.0344082794071383
1166.171	0.0361206832381407
1164.7541	0.0377124785971664
1163.3371	0.0399822542019234
1161.9201	0.0411265629724943
1160.5031	0.0435034203250658
1159.0862	0.0461646256637345
1157.6692	0.0474728375560461
1156.2522	0.0492209034411098
1154.8352	0.0517036275332694
1153.4183	0.0525210978354239
1152.0013	0.0540756497344915
1150.5843	0.055091709135148
1149.1673	0.0550943811041621
1147.7504	0.0560199503967498
1146.3334	0.0558490491360035
1144.9164	0.0559792649656755
1143.4994	0.055345434026438
1142.0825	0.0543329677705064
1140.6655	0.0536951193558984
1139.2485	0.0533230595723777
1137.8315	0.0522215162810743
1136.4146	0.0514672956338042
1134.9976	0.0512053368340047
1133.5806	0.0505831228640544
1132.1636	0.0507140252106609
1130.7467	0.0502448268611913
1129.3297	0.0503112315410382
1127.9127	0.0512050102391777
1126.4957	0.0508113288550423
1125.0787	0.0516081058830982
1123.6618	0.051708215632937
1122.2448	0.0518283098512985
1120.8278	0.0523702305347011
1119.4108	0.0521186036165346
1117.9939	0.0526523493697766
1116.5769	0.0528066484884949
1115.1599	0.0531636400986182
1113.7429	0.0525218159029844
1112.326	0.0534353086459155
1110.909	0.0536838637471601
1109.492	0.0534022147438869
1108.075	0.0548492849446396
1106.6581	0.0549434768544954
1105.2411	0.0555125483523108
1103.8241	0.0559403900075787
1102.4071	0.057095647081633
1100.9902	0.0573882267915461
1099.5732	0.0573494827663897
1098.1562	0.0577039360590606
1096.7392	0.0572521920696335
1095.3223	0.0584341585151807
1093.9053	0.0582067776747462
1092.4883	0.0586156497213031
1091.0713	0.0591962421785097
1089.6544	0.060554546504433
1088.2374	0.0615914832545171
1086.8204	0.0629412936321625
1085.4034	0.0653414995127417
1083.9865	0.0668142709116754
1082.5695	0.0688355713200189
1081.1525	0.0705252312103417
1079.7355	0.0724044440269645
1078.3185	0.073557704359284
1076.9016	0.0747046958993627
1075.4846	0.0741007443429969
1074.0676	0.0739766647473715
1072.6506	0.0729140313972038
1071.2337	0.0709191966309568
1069.8167	0.0708326603765489
1068.3997	0.0688860489452897
1066.9827	0.0680227549390086
1065.5658	0.0683024263503314
1064.1488	0.0679450963997845
1062.7318	0.0683664691342806
1061.3148	0.0691752063776344
1059.8979	0.0702542161576094
1058.4809	0.0714656557270333
1057.0639	0.0724390261075657
1055.6469	0.0731088540408099
1054.23	0.074555918592471
1052.813	0.0763889682476677
1051.396	0.0774252273004991
1049.979	0.0787261705474355
1048.5621	0.080462139473284
1047.1451	0.0812254824052302
1045.7281	0.083380003532406
1044.3111	0.084966608886328
1042.8942	0.0863515757744674
1041.4772	0.0877619772488886
1040.0602	0.08889820544061
1038.6432	0.0902194557229079
1037.2263	0.0921365512493203
1035.8093	0.0928400969660124
1034.3923	0.0950127268315327
1032.9753	0.0962155114567867
1031.5583	0.0979195467965672
1030.1414	0.0990673216109927
1028.7244	0.10065241464995
1027.3074	0.102776987855645
1025.8904	0.104118299577325
1024.4735	0.105374074456371
1023.0565	0.107467645520385
1021.6395	0.108697875308664
1020.2225	0.109854172372593
1018.8056	0.111438990915125
1017.3886	0.112560810402618
1015.9716	0.113224251937912
1014.5546	0.113822743042934
1013.1377	0.11388881039564
1011.7207	0.114013415873951
1010.3037	0.113990616398142
1008.8867	0.114155422431602
1007.4698	0.115219744706378
1006.0528	0.115091105788408
1004.6358	0.114630773915545
1003.2188	0.11558607593441
1001.8019	0.115931113788695
1000.3849	0.116829758389062
998.9679	0.11763200962686
997.5509	0.118339557424183
996.134	0.118697321621435
994.717	0.118836115187432
993.3	0.119444657715105
991.883	0.119806920594673
990.4661	0.119777917216254
989.0491	0.119835391020698
987.6321	0.1195638214327
986.2151	0.118112673529611
984.7981	0.117581618445602
983.3812	0.116918440400248
981.9642	0.115086803816426
980.5472	0.11354097440638
979.1302	0.111981813200605
977.7133	0.109562687251524
976.2963	0.108113487199961
974.8793	0.105910769335664
973.4623	0.104652018547633
972.0454	0.102223881537286
970.6284	0.100080012597537
969.2114	0.0980066832952907
967.7944	0.0955778287984464
966.3775	0.0940273235898271
964.9605	0.0922405741669677
963.5435	0.0897304933477181
962.1265	0.0871414726318345
960.7096	0.0856451813270396
959.2926	0.0845800114038189
957.8756	0.0823891716607251
956.4586	0.0809783984125881
955.0417	0.0786698172149787
953.6247	0.0770021630966108
952.2077	0.0767546650355783
950.7907	0.0744578741577698
949.3738	0.0737045419791804
947.9568	0.0727060153327957
946.5398	0.0717395012260117
945.1228	0.0714415187441498
943.7059	0.0716744479079749
942.2889	0.070713271558155
940.8719	0.0709189314810917
939.4549	0.0710197133948435
938.0379	0.0712242000177271
936.621	0.0713579323815083
935.204	0.0726866642625771
933.787	0.0716544872987781
932.37	0.0720954024371861
930.9531	0.0718406137830747
929.5361	0.072221576908336
928.1191	0.0720840633177226
926.7021	0.071982923106992
925.2852	0.0717983685130844
923.8682	0.0714795325062935
922.4512	0.0714104030566022
921.0342	0.071038012369862
919.6173	0.0712493599469254
918.2003	0.0703703935374224
916.7833	0.0699090315367948
915.3663	0.0698906522522326
913.9494	0.0683237458568611
912.5324	0.0687882209023535
911.1154	0.067546566459386
909.6984	0.0666398273391644
908.2815	0.0664607836279828
906.8645	0.0660577447463868
905.4475	0.0659589694998977
904.0305	0.0642562064496414
902.6136	0.0647276908069782
901.1966	0.0639624363006443
899.7796	0.0631895609451703
898.3626	0.0626038740095507
896.9457	0.0626102264742596
895.5287	0.0620662450340982
894.1117	0.0610330178969005
892.6947	0.0612199295411587
891.2777	0.060792598401367
889.8608	0.0599402957986188
888.4438	0.0594719687946389
887.0268	0.0590993509653355
885.6098	0.0587293310961253
884.1929	0.0580419891082237
882.7759	0.0577783004280728
881.3589	0.0568836047406709
879.9419	0.056999931406579
878.525	0.0558148793406976
877.108	0.0561580383671231
875.691	0.0557913245649956
874.274	0.056055834963375
872.8571	0.0557038700066802
871.4401	0.0561486006338503
870.0231	0.056452198778
868.6061	0.0570768550198392
867.1892	0.0570727638473206
865.7722	0.0577050138379416
864.3552	0.0579199983942171
862.9382	0.0579834479854311
861.5213	0.0588400558869199
860.1043	0.0588857549388313
858.6873	0.0582233286304609
857.2703	0.0587970878858456
855.8534	0.05978956226544
854.4364	0.059599951859274
853.0194	0.0592908358228843
851.6024	0.0590085201319876
850.1855	0.0594471050253307
848.7685	0.0590789889728061
847.3515	0.0597329628430918
845.9345	0.0595475462995636
844.5175	0.0592399528859781
843.1006	0.058557101529355
841.6836	0.0589581641693087
840.2666	0.0580385261771034
838.8496	0.0585613053430197
837.4327	0.0578670767508983
836.0157	0.0569145088131229
834.5987	0.0566879407868206
833.1817	0.056686053816814
831.7648	0.0563166887665868
830.3478	0.0560174670571806
828.9308	0.0561879116459546
827.5138	0.0556327016314892
826.0969	0.0561606636990756
824.6799	0.0552067976881588
823.2629	0.0547706360311874
821.8459	0.0557300968496047
820.429	0.054939918797906
819.012	0.0545385042170351
817.595	0.0540402427334226
816.178	0.0532513331194348
814.7611	0.0541398696393719
813.3441	0.0527792254103665
811.9271	0.0537833553177565
810.5101	0.053157904650587
809.0932	0.0535816980966204
807.6762	0.0528794335035501
806.2592	0.0525131087940562
804.8422	0.0529966793009049
803.4253	0.0523811009132455
802.0083	0.0523069728594434
800.5913	0.0530460992568049
799.1743	0.0521079039376612
797.7573	0.0524894474693943
796.3404	0.0522609580970119
794.9234	0.0532229616791434
793.5064	0.0530314603288632
792.0894	0.0529489589715281
790.6725	0.0529795912605755
789.2555	0.0539300282472976
787.8385	0.053211792800339
786.4215	0.0539612952040846
785.0046	0.0538998372671247
783.5876	0.0544390092534677
782.1706	0.0546030596600785
780.7536	0.0548259410537203
779.3367	0.0551342887908691
777.9197	0.055684924355827
776.5027	0.0564312410305543
775.0857	0.056729648047194
773.6688	0.0579754041069675
772.2518	0.0582635970698063
770.8348	0.0583920218484588
769.4178	0.0593258991577519
768.0009	0.0604594435734709
766.5839	0.0607408344553958
765.1669	0.0608592901822762
763.7499	0.0616515110030596
762.333	0.0618586513287824
760.916	0.0625724894008219
759.499	0.062664629687034
758.082	0.0624213492220083
756.6651	0.0627026352170252
755.2481	0.0619823284995352
753.8311	0.0610398737586815
752.4141	0.0610749028100254
750.9971	0.0600882867765648
749.5802	0.0598055995331062
748.1632	0.059151965196401
746.7462	0.0589118790376415
745.3292	0.0583189045775735
743.9123	0.0574924995508357
742.4953	0.0575319422081201
741.0783	0.0571814869199794
739.6613	0.057773174696836
738.2444	0.0568103813055688
736.8274	0.0571364618708517
735.4104	0.0569184329885209
733.9934	0.0576148623188609
732.5765	0.0573637220381895
731.1595	0.0574123516164946
729.7425	0.0577495033653064
728.3255	0.0576039986667228
726.9086	0.0582166851920492
725.4916	0.058120114210221
724.0746	0.0592064949503172
722.6576	0.0581885851990545
721.2407	0.0596842791750894
719.8237	0.0603014889586157
718.4067	0.060808715593019
716.9897	0.0610810403895832
715.5728	0.0614331495214844
714.1558	0.0622290217258689
712.7388	0.0627617435992913
711.3218	0.0638581595538829
709.9049	0.0637184437082097
708.4879	0.0646638044839887
707.0709	0.0652095871716016
705.6539	0.0658493053670633
704.2369	0.0652720079563861
702.82	0.065354852217453
701.403	0.0653767071177008
699.986	0.0649190877109216
698.569	0.0654258778344382
697.1521	0.0652698800994671
695.7351	0.0650789694094154
694.3181	0.0643739255247471
692.9011	0.0651567678294477
691.4842	0.0648117737908871
690.0672	0.0643999278332288
688.6502	0.0646426582852396
687.2332	0.0646321893517796
685.8163	0.0647738293914843
684.3993	0.0650062898630409
682.9823	0.0660021663921507
681.5653	0.0649727262440927
680.1484	0.0649798426425862
678.7314	0.0653186077101385
677.3144	0.0652251718213884
675.8974	0.0660228438300765
674.4805	0.0654304160014568
673.0635	0.0656811858036242
671.6465	0.0656217662125961
670.2295	0.0655233851879554
668.8126	0.0660336094833942
667.3956	0.0664871293891864
665.9786	0.0676443553134886
664.5616	0.0670666545808381
663.1447	0.0667214365232646
661.7277	0.0667721828731109
660.3107	0.0665652368307117
658.8937	0.0670350088442401
657.4767	0.0674151763068883
656.0598	0.0674873402726942
654.6428	0.0677277329956231
653.2258	0.0680717029240042
651.8088	0.0684164382293064
650.3919	0.0686271474211546
648.9749	0.0685504540834131
647.5579	0.0689572814606811
646.1409	0.0686853970790526
644.724	0.069593708502626
643.307	0.0697886334421293
641.89	0.0697192215363587
640.473	0.0694922895327596
639.0561	0.0706778069979221
637.6391	0.0704451312562374
636.2221	0.0707127104873639
634.8051	0.0700056865994835
633.3882	0.0705912639113246
631.9712	0.070178632751557
630.5542	0.0719467583263357
629.1372	0.0710595395450192
627.7203	0.0713928423129447
626.3033	0.0726299027763786
624.8863	0.0730858611392944
623.4693	0.0730760610657906
622.0524	0.0729276017061887
620.6354	0.0750184170832738
619.2184	0.0757316580296343
617.8014	0.0762901492555384
616.3845	0.0777633331728975
614.9675	0.0782156247244503
613.5505	0.0785989621393859
612.1335	0.0785524081080818
610.7165	0.0796165804129715
609.2996	0.0804067551720676
607.8826	0.0811219597747592
606.4656	0.0812345099193185
605.0486	0.0812441409223374
603.6317	0.0816650225608492
602.2147	0.0820972691623476
600.7977	0.0822563140243381
599.3807	0.0819317006859283
597.9638	0.08212134694485
596.5468	0.0818533340923138
595.1298	0.0817617558368973
593.7128	0.0822789137281233
592.2959	0.0818932384686462
590.8789	0.082476729896348
589.4619	0.0827512711397367
588.0449	0.0831828438498023
586.628	0.084024437367736
585.211	0.085138528963498
583.794	0.0861661948929627
582.377	0.0877731653539469
580.9601	0.0886895311755498
579.5431	0.0900514970492442
578.1261	0.090744656297549
576.7091	0.0922068341394114
575.2922	0.091994037034393
573.8752	0.0942874059183428
572.4582	0.093735442799811
571.0412	0.0945036321376639
569.6243	0.0936014049540675
568.2073	0.0937510521206071
566.7903	0.0934776277334813
565.3733	0.093670160535239
563.9563	0.0927790740569502
562.5394	0.0920694324376335
561.1224	0.091514418895021
559.7054	0.0916222239921239
558.2884	0.0911621713045001
556.8715	0.0909771847206393
555.4545	0.0912154464765492
554.0375	0.0909179087307
552.6205	0.091203403713545
551.2036	0.0898753378007806
549.7866	0.0899324534066052
548.3696	0.0895259923604402
546.9526	0.0890072169263623
545.5357	0.0892890270609638
544.1187	0.0890707949418457
542.7017	0.0898491369101244
541.2847	0.0904535677952752
539.8678	0.0900880743848327
538.4508	0.0906506232259363
537.0338	0.0916676391991707
535.6168	0.0925657551672891
534.1999	0.0935456335316043
532.7829	0.0938437707514434
531.3659	0.0951645710714921
529.9489	0.0953651828385104
528.532	0.0965649886589171
527.115	0.0965775570010923
525.698	0.0971905664182382
524.281	0.09858134235023
522.8641	0.0981711577304834
521.4471	0.0984622589828407
520.0301	0.0981360806072752
518.6131	0.0988004953669061
517.1962	0.0992737971974625
515.7792	0.0988774369426566
514.3622	0.0992934586879095
512.9452	0.0992306529015893
511.5282	0.0991280873237708
510.1113	0.0989722511289909
508.6943	0.0989828510655461
507.2773	0.0988068342717819
505.8603	0.0981056841109536
504.4434	0.0978664689876899
503.0264	0.0972281545054699
501.6094	0.0976741602625787
500.1924	0.0968486085919213
498.7755	0.0977645035598057
497.3585	0.097593338735378
495.9415	0.0970680594829069
494.5245	0.0968757018515575
493.1076	0.0965353190909322
491.6906	0.0969585618323271
490.2736	0.0962884054684079
488.8566	0.0966275854622072
487.4397	0.0958794792978552
486.0227	0.0970382899570784
484.6057	0.0967096338381099
483.1887	0.097788823742691
481.7718	0.0985069362088997
480.3548	0.0985430975077309
478.9378	0.0982195667958729
477.5208	0.0987294679649991
476.1039	0.0984074575538549
474.6869	0.0978116371930598
473.2699	0.0981467662542632
471.8529	0.0985288101837456
470.436	0.0980003994163502
469.019	0.0970529855851428
467.602	0.0966826127133079
466.185	0.0967214701772079
464.768	0.0964451183450949
463.3511	0.0963533721509785
461.9341	0.0961721044800618
460.5171	0.0966519706622602
459.1001	0.0968331581719765
457.6832	0.0972938489511469
456.2662	0.0973856844558284
454.8492	0.096984952458192
453.4322	0.0973525478185343
452.0153	0.0969949066778553
450.5983	0.0969453315771301
449.1813	0.0971503748265396
447.7643	0.0979388756952061
446.3474	0.0984180358246494
444.9304	0.0988898087481797
443.5134	0.100011978497642
442.0964	0.101413343457528
440.6795	0.102495660196107
439.2625	0.103082683197792
437.8455	0.102787550563695
436.4285	0.103312376780881
435.0116	0.10338885198271
433.5946	0.10338855372792
432.1776	0.104425196211175
430.7606	0.105145841763719
429.3437	0.106271705118013
427.9267	0.105884947541705
426.5097	0.10666185013235
425.0927	0.106968705194368
423.6758	0.107459046061692
422.2588	0.107781469386456
420.8418	0.108617207374289
419.4248	0.108483371330624
418.0078	0.109024767032955
416.5909	0.108226024648839
415.1739	0.107974757921831
413.7569	0.107488436923787
412.3399	0.106986088158329
410.923	0.108249022271334
409.506	0.109371773291623
408.089	0.111074855793803
406.672	0.110312110732757
405.2551	0.110379112099404
403.8381	0.110106395907096
402.4211	0.109848349319824
401.0041	0.110152841112808
