3994.4546	0.0149593533778279
3993.0377	0.0149585156967057
3991.6207	0.0148959414024839
3990.2037	0.0153132484405563
3988.7867	0.0152532439444347
3987.3698	0.0144779737573079
3985.9528	0.0147063575727868
3984.5358	0.015135633275648
3983.1188	0.0148171128718202
3981.7019	0.014367266049385
3980.2849	0.0145642958961909
3978.8679	0.0144559027853122
3977.4509	0.0151664798832275
3976.034	0.0147964990706287
3974.617	0.0148422082850114
3973.2	0.0149497619750825
3971.783	0.0151188074819705
3970.3661	0.0150388784356022
3968.9491	0.0151944527072182
3967.5321	0.0152431175457351
3966.1151	0.0146974636908086
3964.6982	0.0146959018509409
3963.2812	0.0151066763498815
3961.8642	0.0148822270827158
3960.4472	0.0149624409560475
3959.0303	0.01485726958113
3957.6133	0.0152394683849531
3956.1963	0.0151977011198319
3954.7793	0.0155955179528343
3953.3624	0.0156341713123087
3951.9454	0.01516866656713
3950.5284	0.0152886816784222
3949.1114	0.0145593935463396
3947.6944	0.0149526640661019
3946.2775	0.0149982055798348
3944.8605	0.0151040637163515
3943.4435	0.0151997807137555
3942.0265	0.0147989788172337
3940.6096	0.014491373008548
3939.1926	0.0150142236518066
3937.7756	0.015464109875951
3936.3586	0.0135703706582205
3934.9417	0.0145596785253481
3933.5247	0.0151815931435751
3932.1077	0.0145461697822476
3930.6907	0.0149325019465167
3929.2738	0.0148045200970525
3927.8568	0.0139590775480872
3926.4398	0.014148869487073
3925.0228	0.0147286212527264
3923.6059	0.0144880143010139
3922.1889	0.0144701294688822
3920.7719	0.0147841323414469
3919.3549	0.014581770910116
3917.938	0.0144706073476002
3916.521	0.0146829616380967
3915.104	0.0153042452748499
3913.687	0.0141843820027545
3912.2701	0.0151919764040384
3910.8531	0.0149676371401521
3909.4361	0.0155456192706511
3908.0191	0.0143612420312774
3906.6022	0.0147980033964199
3905.1852	0.0148008264105496
3903.7682	0.0153742775071621
3902.3512	0.0151777966230314
3900.9342	0.0148744903753084
3899.5173	0.0146584267681141
3898.1003	0.0151993121595672
3896.6833	0.0150588946027844
3895.2663	0.0147555279167949
3893.8494	0.0146555367882033
3892.4324	0.014742759066099
3891.0154	0.014913987763886
3889.5984	0.0149790700974389
3888.1815	0.0150064932983216
3886.7645	0.014656380116773
3885.3475	0.014893717707618
3883.9305	0.0143843834472015
3882.5136	0.0141247534009344
3881.0966	0.014032694720461
3879.6796	0.0142703307053927
3878.2626	0.0151418855754993
3876.8457	0.0146941041597849
3875.4287	0.0144046065994651
3874.0117	0.0141306550182046
3872.5947	0.0144094556000386
3871.1778	0.0148140552991144
3869.7608	0.0144179398834238
3868.3438	0.0146391329007289
3866.9268	0.0146958485905135
3865.5099	0.0135594016858947
3864.0929	0.0143821917210419
3862.6759	0.0144968378791543
3861.2589	0.0144479649241379
3859.842	0.0143606266390205
3858.425	0.0150245326572304
3857.008	0.0144914900402167
3855.591	0.0143399353317957
3854.174	0.0142499035781629
3852.7571	0.0145202297403159
3851.3401	0.014593572911716
3849.9231	0.0145844991727791
3848.5061	0.014676068625114
3847.0892	0.0144077916999434
3845.6722	0.0144971459833753
3844.2552	0.0145554976484077
3842.8382	0.0146160109649345
3841.4213	0.0139859508519789
3840.0043	0.0140409191560925
3838.5873	0.0145082918810625
3837.1703	0.0144043200614036
3835.7534	0.0146396690737153
3834.3364	0.0144222321571683
3832.9194	0.0144726608234796
3831.5024	0.0139533494955246
3830.0855	0.0143662942296661
3828.6685	0.0142843146550548
3827.2515	0.0139744722277953
3825.8345	0.0140348445259759
3824.4176	0.0147025270831649
3823.0006	0.0143929408436526
3821.5836	0.01442326558505
3820.1666	0.0148377372055057
3818.7497	0.0143786049456091
3817.3327	0.0146022433472852
3815.9157	0.0144794680649081
3814.4987	0.0142508308690315
3813.0818	0.0137645211714433
3811.6648	0.0145609847528651
3810.2478	0.0144429550190537
3808.8308	0.0142102017705242
3807.4138	0.0139755119268419
3805.9969	0.0146951781832837
3804.5799	0.0141086795282923
3803.1629	0.0142370244301154
3801.7459	0.0141674544082896
3800.329	0.0146795040291123
3798.912	0.0142993391230022
3797.495	0.0135508930675228
3796.078	0.0144261714435716
3794.6611	0.0141606646321723
3793.2441	0.0136500374173934
3791.8271	0.0142615599147196
3790.4101	0.0142687999638863
3788.9932	0.014580444167901
3787.5762	0.0146159918860852
3786.1592	0.0140442838964873
3784.7422	0.0138385967592659
3783.3253	0.0139152725164408
3781.9083	0.0136616452196013
3780.4913	0.0135015088492952
3779.0743	0.0140621021191282
3777.6574	0.0136904882176378
3776.2404	0.0141045848850805
3774.8234	0.0138059478585059
3773.4064	0.0139339698504737
3771.9895	0.0143318838943086
3770.5725	0.0135439694410836
3769.1555	0.0139655687443746
3767.7385	0.0141831406263673
3766.3216	0.0142061433958678
3764.9046	0.0138964505852758
3763.4876	0.0137635257952987
3762.0706	0.0140475688340811
3760.6536	0.0137807539435999
3759.2367	0.0137800036853099
3757.8197	0.0140359126101483
3756.4027	0.0135934687348653
3754.9857	0.0136285855226448
3753.5688	0.0143429965574122
3752.1518	0.0140040063467268
3750.7348	0.0134379060174212
3749.3178	0.0149150092869783
3747.9009	0.0142010270812869
3746.4839	0.0137728246450751
3745.0669	0.0139832638889596
3743.6499	0.0134330148999418
3742.233	0.0142027389543668
3740.816	0.0134771601629095
3739.399	0.0136839724965771
3737.982	0.0135895564962448
3736.5651	0.0143977721316946
3735.1481	0.0139961029576739
3733.7311	0.0133539398040918
3732.3141	0.0138434445774403
3730.8972	0.0136140906909238
3729.4802	0.0135182165240307
3728.0632	0.0130176006615446
3726.6462	0.0138347131402584
3725.2293	0.0139972810196728
3723.8123	0.0139648129647028
3722.3953	0.0134052654363768
3720.9783	0.0129391568965346
3719.5614	0.0132777610997945
3718.1444	0.0136056906431646
3716.7274	0.0133404275296226
3715.3104	0.0132439130907797
3713.8935	0.0135688024926368
3712.4765	0.0132977547761922
3711.0595	0.0135601022033913
3709.6425	0.0133890178494978
3708.2255	0.0138625267999807
3706.8086	0.0134934927847895
3705.3916	0.0138398688362674
3703.9746	0.0135197467202931
3702.5576	0.0130578800050479
3701.1407	0.0137399839968665
3699.7237	0.0132526735842515
3698.3067	0.014110258771645
3696.8897	0.0133712597192479
3695.4728	0.0128756143131374
3694.0558	0.0134256709317583
3692.6388	0.0132435512822951
3691.2218	0.0128520496987648
3689.8049	0.0129700636911789
3688.3879	0.0132661632373567
3686.9709	0.0135611336399934
3685.5539	0.013361078496529
3684.137	0.0130709175558663
3682.72	0.0124633633173979
3681.303	0.0135932098460665
3679.886	0.0129394045857962
3678.4691	0.0129647764563876
3677.0521	0.0135225333992342
3675.6351	0.0131623653738988
3674.2181	0.0133740142015888
3672.8012	0.0135362973475693
3671.3842	0.0125831056442785
3669.9672	0.0130405386977928
3668.5502	0.0133250460961302
3667.1333	0.0133051290924655
3665.7163	0.0132736293259383
3664.2993	0.0136678243800303
3662.8823	0.0131421652088869
3661.4653	0.0134672956443943
3660.0484	0.0134779026923507
3658.6314	0.0134877315739053
3657.2144	0.0133866490945288
3655.7974	0.0133438523575726
3654.3805	0.0130528164760583
3652.9635	0.0131902580143428
3651.5465	0.0129668413051802
3650.1295	0.0129548810050773
3648.7126	0.0131413452401098
3647.2956	0.0137434034674858
3645.8786	0.0136717151897906
3644.4616	0.0137951486573236
3643.0447	0.0136916618699357
3641.6277	0.0135985310778773
3640.2107	0.0136025368391006
3638.7937	0.013554484691919
3637.3768	0.0141847794815115
3635.9598	0.0143240238413941
3634.5428	0.0130489296391485
3633.1258	0.0136999194830979
3631.7089	0.0141645530552317
3630.2919	0.0134328937415167
3628.8749	0.0136930401867355
3627.4579	0.0142112143381474
3626.041	0.0141908998783954
3624.624	0.0148016372949811
3623.207	0.0143924819222334
3621.79	0.0151420867663861
3620.3731	0.0147135086126611
3618.9561	0.0149228927595915
3617.5391	0.0143512331019448
3616.1221	0.0149846007883341
3614.7051	0.0155693570315316
3613.2882	0.0153449657966554
3611.8712	0.015621563897915
3610.4542	0.0149499476359301
3609.0372	0.01503551079763
3607.6203	0.0149872128605304
3606.2033	0.0157138978761595
3604.7863	0.0156324212051222
3603.3693	0.0158698263560983
3601.9524	0.0157166860089111
3600.5354	0.0159603859377122
3599.1184	0.0154414465163049
3597.7014	0.0168021075708474
3596.2845	0.0169020429836296
3594.8675	0.0163417167984944
3593.4505	0.0169465732231533
3592.0335	0.0164289547067061
3590.6166	0.0172404135052068
3589.1996	0.0168031688994958
3587.7826	0.0169621214468974
3586.3656	0.0175130545376178
3584.9487	0.0177006683226591
3583.5317	0.0177886529028828
3582.1147	0.0184173725388967
3580.6977	0.0176375891615245
3579.2808	0.0179464129247719
3577.8638	0.0177526847259599
3576.4468	0.0186111229347864
3575.0298	0.0181247869993023
3573.6129	0.0187414884936382
3572.1959	0.0184989791794932
3570.7789	0.0188340489435721
3569.3619	0.0190853901465971
3567.9449	0.0191933645797866
3566.528	0.0192370579401288
3565.111	0.019845662591599
3563.694	0.0201700271247069
3562.277	0.0204169748647016
3560.8601	0.0200727239084091
3559.4431	0.0201305529543528
3558.0261	0.021253636035016
3556.6091	0.0215306452233223
3555.1922	0.0205441296363318
3553.7752	0.0211135692463398
3552.3582	0.0211427075140845
3550.9412	0.0213472336281031
3549.5243	0.0218470186541862
3548.1073	0.0220072795822415
3546.6903	0.0220797800385976
3545.2733	0.0221853046712133
3543.8564	0.022430818944892
3542.4394	0.0233124197245494
3541.0224	0.0230468431037711
3539.6054	0.0231393968616063
3538.1885	0.0236670959613137
3536.7715	0.0236194065098885
3535.3545	0.0235864901880193
3533.9375	0.0244991588475992
3532.5206	0.0242590458367877
3531.1036	0.0245819786070826
3529.6866	0.024647807627104
3528.2696	0.0244566200709547
3526.8527	0.024781139243175
3525.4357	0.0253392822420274
3524.0187	0.0259301030014929
3522.6017	0.026025968396191
3521.1847	0.0263468593026968
3519.7678	0.0268999623670243
3518.3508	0.0262834723907825
3516.9338	0.026779449586152
3515.5168	0.0261844511994339
3514.0999	0.027668198163545
3512.6829	0.0277791131804272
3511.2659	0.0277726232035971
3509.8489	0.0277589554553449
3508.432	0.0277897977279474
3507.015	0.027632911021625
3505.598	0.0279758287960661
3504.181	0.0289530605287018
3502.7641	0.028765347828868
3501.3471	0.0291042670069419
3499.9301	0.029622697405508
3498.5131	0.0296169814922833
3497.0962	0.0295853073605174
3495.6792	0.0304989310576896
3494.2622	0.0300899339206949
3492.8452	0.030796795019705
3491.4283	0.0301062701837352
3490.0113	0.0303819023685913
3488.5943	0.031198450031172
3487.1773	0.0308735490068212
3485.7604	0.0311504620095048
3484.3434	0.030824637712447
3482.9264	0.0316822471332648
3481.5094	0.0316288091829287
3480.0925	0.032586411584279
3478.6755	0.0324075130285356
3477.2585	0.0331527208348288
3475.8415	0.0334392133249564
3474.4245	0.0331949666439178
3473.0076	0.0332509214490387
3471.5906	0.0335613168469826
3470.1736	0.0338973597387709
3468.7566	0.034313476821545
3467.3397	0.0338029923087728
3465.9227	0.0343153281933084
3464.5057	0.035179008167949
3463.0887	0.034446409888348
3461.6718	0.0346392146594972
3460.2548	0.0347650686466248
3458.8378	0.0357211673155969
3457.4208	0.0352630943749598
3456.0039	0.0354849269063777
3454.5869	0.035672738605371
3453.1699	0.0360800905000013
3451.7529	0.0361143901261632
3450.336	0.0360095791818706
3448.919	0.0366140511644205
3447.502	0.0369096986025981
3446.085	0.0365998203548307
3444.6681	0.0366080702282599
3443.2511	0.0377052458995335
3441.8341	0.0377428121662354
3440.4171	0.0378722420114352
3439.0002	0.0385213850811724
3437.5832	0.0390446821505617
3436.1662	0.0391287129818817
3434.7492	0.0384946934548008
3433.3323	0.0387366290489728
3431.9153	0.0394124468921886
3430.4983	0.0396651790539853
3429.0813	0.0402108498148825
3427.6643	0.0391851737452924
3426.2474	0.0406111198273011
3424.8304	0.0400084517179385
3423.4134	0.0400660289133436
3421.9964	0.0406626800144078
3420.5795	0.0404755726005391
3419.1625	0.0406234685933561
3417.7455	0.0409677783518978
3416.3285	0.0411973537382761
3414.9116	0.0414029678146064
3413.4946	0.0420106168890682
3412.0776	0.0417316383018337
3410.6606	0.0420212258194882
3409.2437	0.0425416179098402
3407.8267	0.041956372675872
3406.4097	0.0427939211004864
3404.9927	0.042058693000517
3403.5758	0.0427245698685162
3402.1588	0.0424539445113781
3400.7418	0.0426622546800753
3399.3248	0.0426877715970618
3397.9079	0.0431140566946218
3396.4909	0.0435184349155542
3395.0739	0.0433640049822169
3393.6569	0.0436486325839785
3392.24	0.0444141210072578
3390.823	0.0441488413998509
3389.406	0.0437077932037342
3387.989	0.0442740841530045
3386.5721	0.0442782156376268
3385.1551	0.0440748800957448
3383.7381	0.0444647308164724
3382.3211	0.0450951279145208
3380.9041	0.045182564436038
3379.4872	0.0454491420511265
3378.0702	0.0459258524034722
3376.6532	0.0449343331365565
3375.2362	0.0460798569701981
3373.8193	0.0455458776647616
3372.4023	0.0458188111938944
3370.9853	0.0455652305799415
3369.5683	0.045827313220172
3368.1514	0.046028155618661
3366.7344	0.0467161663100267
3365.3174	0.0464288458487153
3363.9004	0.0462428694087788
3362.4835	0.0458942295286395
3361.0665	0.0468765511006811
3359.6495	0.0471323839450631
3358.2325	0.0473132182554118
3356.8156	0.0468950348918011
3355.3986	0.0471253170743412
3353.9816	0.0472832937332834
3352.5646	0.0470954904418374
3351.1477	0.0476348052803664
3349.7307	0.0478249643775972
3348.3137	0.0474914739147291
3346.8967	0.0480738504546446
3345.4798	0.0480920933438768
3344.0628	0.0471651788828791
3342.6458	0.0475003231236536
3341.2288	0.0482543228344813
3339.8119	0.0480890698616753
3338.3949	0.0485374538440213
3336.9779	0.0482227660056099
3335.5609	0.0481318216001995
3334.1439	0.0484430269624616
3332.727	0.0485857242930484
3331.31	0.0487596404327155
3329.893	0.0483761489495573
3328.476	0.0486282020874159
3327.0591	0.048816391133214
3325.6421	0.0494166497425297
3324.2251	0.0491388919164987
3322.8081	0.048735539599151
3321.3912	0.0488899525079452
3319.9742	0.0493662649424369
3318.5572	0.0486233610912553
3317.1402	0.0490841143283328
3315.7233	0.0490471339113858
3314.3063	0.0490185665081506
3312.8893	0.0493296975918482
3311.4723	0.0491190768843109
3310.0554	0.0494589122742512
3308.6384	0.0490817651061555
3307.2214	0.0491412014742031
3305.8044	0.0494270648987401
3304.3875	0.0496034635142856
3302.9705	0.0490892612976514
3301.5535	0.0497769105114215
3300.1365	0.0498379410151258
3298.7196	0.0501446463355245
3297.3026	0.0496282098652013
3295.8856	0.0504237376327601
3294.4686	0.0494294791009701
3293.0517	0.0498837693205449
3291.6347	0.049650104771233
3290.2177	0.0490736043421038
3288.8007	0.0502052429487857
3287.3837	0.049633372527016
3285.9668	0.0502504818860896
3284.5498	0.0500808314506668
3283.1328	0.0498359145748762
3281.7158	0.0502034160582986
3280.2989	0.0494904055287014
3278.8819	0.0498328252489117
3277.4649	0.0500458460117488
3276.0479	0.0495897524711792
3274.631	0.0496425851911617
3273.214	0.0498632899008572
3271.797	0.0502905283550237
3270.38	0.0496485347650806
3268.9631	0.0501529528254295
3267.5461	0.0500838929756801
3266.1291	0.0497751918065088
3264.7121	0.0502359446928015
3263.2952	0.05042481337748
3261.8782	0.0500181817262496
3260.4612	0.0490851988214419
3259.0442	0.0493336081381042
3257.6273	0.0497447215314012
3256.2103	0.049894956732705
3254.7933	0.0499436243544967
3253.3763	0.0498585778560825
3251.9594	0.0496396439662121
3250.5424	0.0494542408827932
3249.1254	0.0492597584517841
3247.7084	0.0494978669269616
3246.2915	0.0492758954227542
3244.8745	0.0492555469214265
3243.4575	0.0490064157103373
3242.0405	0.0492236319601447
3240.6235	0.0497523219662479
3239.2066	0.0492889269437908
3237.7896	0.0490227811651957
3236.3726	0.049169047077991
3234.9556	0.0502523421375376
3233.5387	0.0491863252872258
3232.1217	0.0493137408536927
3230.7047	0.048840241212242
3229.2877	0.0488182570026913
3227.8708	0.0495422855955497
3226.4538	0.0486974853221001
3225.0368	0.0485992343801614
3223.6198	0.0488283577953843
3222.2029	0.0488139231748753
3220.7859	0.0490627735552917
3219.3689	0.0482070546890462
3217.9519	0.0485308682166417
3216.535	0.0483518246416782
3215.118	0.0485937608260988
3213.701	0.048274010216996
3212.284	0.0488923471948405
3210.8671	0.0474157796858568
3209.4501	0.0477879494616967
3208.0331	0.0475442333381889
3206.6161	0.0482040856703978
3205.1992	0.0472998689339342
3203.7822	0.0485502726499778
3202.3652	0.0475838246311387
3200.9482	0.04804576279752
3199.5313	0.0473534307676918
3198.1143	0.0474682053142989
3196.6973	0.0474241572852022
3195.2803	0.0480358464949472
3193.8633	0.0468455977541081
3192.4464	0.0467166676626009
3191.0294	0.0474797505575196
3189.6124	0.0473033520149617
3188.1954	0.0470153118682426
3186.7785	0.0468058961958352
3185.3615	0.0463290153131738
3183.9445	0.0464956302088925
3182.5275	0.0462083065930587
3181.1106	0.0466826292071607
3179.6936	0.0462638362856743
3178.2766	0.0459508306746826
3176.8596	0.0457115106285583
3175.4427	0.0463141839936471
3174.0257	0.0455523879620859
3172.6087	0.0459997265691198
3171.1917	0.0457283179454613
3169.7748	0.0451089220257375
3168.3578	0.0452827292859317
3166.9408	0.0449578061985287
3165.5238	0.0451958275228844
3164.1069	0.0451053786690302
3162.6899	0.045048718564035
3161.2729	0.0448638002774483
3159.8559	0.0442151210140057
3158.439	0.044407276804372
3157.022	0.0443600040778737
3155.605	0.0441626971718751
3154.188	0.0446826383579476
3152.7711	0.0438062207731481
3151.3541	0.0438256858663811
3149.9371	0.0434531659463577
3148.5201	0.0430698527410682
3147.1031	0.0430017600513508
3145.6862	0.0427000695333822
3144.2692	0.043308768628703
3142.8522	0.0429886427300926
3141.4352	0.0435106273749249
3140.0183	0.0425987455697737
3138.6013	0.0423456147666316
3137.1843	0.0426537296025694
3135.7673	0.0425777087835846
3134.3504	0.0419142339782791
3132.9334	0.0421955860860737
3131.5164	0.0416030330017246
3130.0994	0.0418652593737738
3128.6825	0.0412506270590974
3127.2655	0.042011004660769
3125.8485	0.0412712637179932
3124.4315	0.0410168663670383
3123.0146	0.0412390220851435
3121.5976	0.0407867664685797
3120.1806	0.0405603599393827
3118.7636	0.0406693685588802
3117.3467	0.0406670466181776
3115.9297	0.040316171655178
3114.5127	0.0404165837809924
3113.0957	0.0403030827434696
3111.6788	0.0403091146910656
3110.2618	0.0405176969274882
3108.8448	0.0402920332837411
3107.4278	0.0395313473779512
3106.0109	0.0399337099247221
3104.5939	0.0392858740406612
3103.1769	0.0392805843679292
3101.7599	0.0397926509494222
3100.3429	0.040325432767509
3098.926	0.0393408388550774
3097.509	0.0388962817904328
3096.092	0.0385461978588811
3094.675	0.0382296850743166
3093.2581	0.0390784111533481
3091.8411	0.0388097705581128
3090.4241	0.0383692799210411
3089.0071	0.0379293884293704
3087.5902	0.038233026221642
3086.1732	0.0374797168667753
3084.7562	0.0381468951487692
3083.3392	0.0376174121652827
3081.9223	0.036924125065963
3080.5053	0.0373466487429814
3079.0883	0.0369490875799069
3077.6713	0.0371263866016309
3076.2544	0.0367967019932682
3074.8374	0.0368423500405626
3073.4204	0.036282555076922
3072.0034	0.0368010142936218
3070.5865	0.0360190427207038
3069.1695	0.0367336997514142
3067.7525	0.0369448833808096
3066.3355	0.0365047636129942
3064.9186	0.0360859627261094
3063.5016	0.0357508465865793
3062.0846	0.0354910667393849
3060.6676	0.0358949625862972
3059.2507	0.0352569016343877
3057.8337	0.0358301288543201
3056.4167	0.0353595058284572
3054.9997	0.0356598803099249
3053.5827	0.0352281027697893
3052.1658	0.0347544131022904
3050.7488	0.034785617805645
3049.3318	0.0350405475303769
3047.9148	0.0349524225358423
3046.4979	0.0347068909301921
3045.0809	0.0338675197467444
3043.6639	0.0344739674776376
3042.2469	0.0342116095943486
3040.83	0.0342532634617791
3039.413	0.0337147512838031
3037.996	0.0347944730868859
3036.579	0.0333691052374054
3035.1621	0.0332778461921861
3033.7451	0.0333636555750706
3032.3281	0.032957153654457
3030.9111	0.0337272385738971
3029.4942	0.0334312197732412
3028.0772	0.0328121221035087
3026.6602	0.0331454910091526
3025.2432	0.0333768018404869
3023.8263	0.0329361694619114
3022.4093	0.0320599670353092
3020.9923	0.0321279312916569
3019.5753	0.031757576308751
3018.1584	0.0322862621822384
3016.7414	0.032161593251341
3015.3244	0.031788354945104
3013.9074	0.032202300720663
3012.4905	0.0323726514981926
3011.0735	0.0311268779044199
3009.6565	0.0312430938165889
3008.2395	0.0321101511801887
3006.8225	0.0313746874334601
3005.4056	0.0313077353115056
3003.9886	0.0312689822010071
3002.5716	0.0314750956607101
3001.1546	0.0311248697198947
2999.7377	0.031275814956519
2998.3207	0.0313542534021342
2996.9037	0.0310046811112661
2995.4867	0.0315830891374112
2994.0698	0.0304362758514767
2992.6528	0.0315236632263344
2991.2358	0.0314656457480449
2989.8188	0.0317625513419614
2988.4019	0.0314253433666326
2986.9849	0.0313402826292851
2985.5679	0.0311098420157999
2984.1509	0.0315934653137393
2982.734	0.0310831558427746
2981.317	0.032257574408666
2979.9	0.0312380156565417
2978.483	0.0316336942236264
2977.0661	0.0320630776995081
2975.6491	0.031909961630132
2974.2321	0.0320824599565283
2972.8151	0.0325791945342963
2971.3982	0.032678372471745
2969.9812	0.0324412101791453
2968.5642	0.0320716035536485
2967.1472	0.0325659982022601
2965.7303	0.0325344690024471
2964.3133	0.0326303962081759
2962.8963	0.0327215568476537
2961.4793	0.0328653065387383
2960.0623	0.0339990050675954
2958.6454	0.0333733620270562
2957.2284	0.0333077645844978
2955.8114	0.0328327201964624
2954.3944	0.0345518271225678
2952.9775	0.0347172247085191
2951.5605	0.0344810884581534
2950.1435	0.0351426181577233
2948.7265	0.0352300296028169
2947.3096	0.0353608723876912
2945.8926	0.0360068110298268
2944.4756	0.0357259308543153
2943.0586	0.0354983809082412
2941.6417	0.0366839713753989
2940.2247	0.0368244769658385
2938.8077	0.0366241112890802
2937.3907	0.0370817054271314
2935.9738	0.0374779655024457
2934.5568	0.0375057580486358
2933.1398	0.0380846705137716
2931.7228	0.0386859861012694
2930.3059	0.038064941387566
2928.8889	0.0384999599039714
2927.4719	0.0379427445214117
2926.0549	0.0384061870668108
2924.638	0.0383043727622533
2923.221	0.0389946218564314
2921.804	0.0385939843324158
2920.387	0.0386188970912002
2918.9701	0.0387854899971098
2917.5531	0.0383051909058417
2916.1361	0.0386897255059285
2914.7191	0.0387301301019786
2913.3021	0.038346513109118
2911.8852	0.0378173123103286
2910.4682	0.0380038979106283
2909.0512	0.0380059892231719
2907.6342	0.0376235866101951
2906.2173	0.037533257925473
2904.8003	0.0385149325499104
2903.3833	0.0384547855524915
2901.9663	0.0380803081039888
2900.5494	0.0376811196565107
2899.1324	0.0383906992474415
2897.7154	0.0375060935362086
2896.2984	0.0377191200105822
2894.8815	0.0375860401367364
2893.4645	0.0381237015604675
2892.0475	0.0377756372539211
2890.6305	0.0379351171925013
2889.2136	0.0378708415735313
2887.7966	0.0375105168575867
2886.3796	0.0373931238483882
2884.9626	0.0372093311777413
2883.5457	0.03690452283758
2882.1287	0.0370668299970786
2880.7117	0.0373216022839089
2879.2947	0.0373426187623026
2877.8778	0.0369374952582841
2876.4608	0.0373035042817003
2875.0438	0.0371483723467635
2873.6268	0.0365388493723635
2872.2099	0.0366165441303867
2870.7929	0.0358436232910674
2869.3759	0.0354591815016942
2867.9589	0.0354632433216781
2866.5419	0.0358077640621231
2865.125	0.0353624482925745
2863.708	0.0354561477736789
2862.291	0.0344924229225928
2860.874	0.0346647446030591
2859.4571	0.0348323765770331
2858.0401	0.0346699619823671
2856.6231	0.0341187490580133
2855.2061	0.0344935900693585
2853.7892	0.0337858973311456
2852.3722	0.0342467242075259
2850.9552	0.0335969525898165
2849.5382	0.0343332007600939
2848.1213	0.0339543028677846
2846.7043	0.0341534095143582
2845.2873	0.0334156097050353
2843.8703	0.0330042416437538
2842.4534	0.0332152307287067
2841.0364	0.0328302912457095
2839.6194	0.0333518059198417
2838.2024	0.0330559402294713
2836.7855	0.0331697857965973
2835.3685	0.0325127465783802
2833.9515	0.0327032442994032
2832.5345	0.0319726860702133
2831.1176	0.0322234512205798
2829.7006	0.0329809815120959
2828.2836	0.0325588455618258
2826.8666	0.0321888907460406
2825.4497	0.031914866304689
2824.0327	0.0317585324461406
2822.6157	0.0314213540160611
2821.1987	0.031368616128235
2819.7817	0.0313286739488892
2818.3648	0.0314935162211203
2816.9478	0.0308525932555831
2815.5308	0.0315912450893564
2814.1138	0.0318281753624782
2812.6969	0.0314329861159777
2811.2799	0.0309735225660786
2809.8629	0.0307665455433183
2808.4459	0.0310869083970277
2807.029	0.0308937265271818
2805.612	0.031096041671754
2804.195	0.0305806745012179
2802.778	0.0306374082661322
2801.3611	0.0300765904685621
2799.9441	0.0300255523571863
2798.5271	0.0307386203512146
2797.1101	0.0299976813857728
2795.6932	0.0303357344077584
2794.2762	0.0303233687830877
2792.8592	0.0301331090189008
2791.4422	0.0298277652438519
2790.0253	0.030229261980428
2788.6083	0.029574664988974
2787.1913	0.0296122828228507
2785.7743	0.0301077220949014
2784.3574	0.0292497129895821
2782.9404	0.0295023734920587
2781.5234	0.0289549489756611
2780.1064	0.0298627371879766
2778.6895	0.0292393242057553
2777.2725	0.0295857445299167
2775.8555	0.0293331703991952
2774.4385	0.0298632363826931
2773.0215	0.0298693973329872
2771.6046	0.0291677133780346
2770.1876	0.0293569369407674
2768.7706	0.02929214220849
2767.3536	0.0291730172103928
2765.9367	0.0291429242927264
2764.5197	0.0290440101284073
2763.1027	0.0294149973483654
2761.6857	0.0292153552462515
2760.2688	0.0295149217980212
2758.8518	0.0292680930866206
2757.4348	0.0285054662629504
2756.0178	0.0289558115208643
2754.6009	0.0287391600266936
2753.1839	0.028300960363953
2751.7669	0.0295864407909599
2750.3499	0.0287971334252234
2748.933	0.0287942699840198
2747.516	0.0285388834444801
2746.099	0.0287698636977688
2744.682	0.028334914388523
2743.2651	0.0282697754421207
2741.8481	0.0287042195508747
2740.4311	0.0284900816348725
2739.0141	0.0288695600116611
2737.5972	0.0287990453379914
2736.1802	0.0284656659170777
2734.7632	0.028618974336782
2733.3462	0.0283279701175032
2731.9293	0.0286206587446075
2730.5123	0.0283246588314953
2729.0953	0.0285830458497628
2727.6783	0.028671080460475
2726.2613	0.0288019731440888
2724.8444	0.0285220412032005
2723.4274	0.0286710901853744
2722.0104	0.0281674777636445
2720.5934	0.0279881213783311
2719.1765	0.0280464995698683
2717.7595	0.0289211287017948
2716.3425	0.0281952732175915
2714.9255	0.0277405300023482
2713.5086	0.0288071111164765
2712.0916	0.0286359568814707
2710.6746	0.0283375659889979
2709.2576	0.0278299927834204
2707.8407	0.0287253938930269
2706.4237	0.0281120815528429
2705.0067	0.0278226394977195
2703.5897	0.0280576890095283
2702.1728	0.0282300122881251
2700.7558	0.0283681792164586
2699.3388	0.0282015421469432
2697.9218	0.0282131755486329
2696.5049	0.0272562050074679
2695.0879	0.0283609301071125
2693.6709	0.0275115060918107
2692.2539	0.0276865163968972
2690.837	0.0272272716835469
2689.42	0.027650652753726
2688.003	0.0277861765481044
2686.586	0.0277934637692794
2685.1691	0.0278720629281945
2683.7521	0.0272497796476929
2682.3351	0.0277408809191859
2680.9181	0.0276028732706952
2679.5011	0.027772135829288
2678.0842	0.0274221389816746
2676.6672	0.0272144592407169
2675.2502	0.0269476325625801
2673.8332	0.0268696723147466
2672.4163	0.0273889041772443
2670.9993	0.0268305282989357
2669.5823	0.0273418680427998
2668.1653	0.0269949658177465
2666.7484	0.027304519069757
2665.3314	0.0268213354914846
2663.9144	0.0270532055551995
2662.4974	0.0272461151107329
2661.0805	0.0271652970280135
2659.6635	0.0264820178803794
2658.2465	0.0272202821248212
2656.8295	0.0271817535370299
2655.4126	0.026834127475966
2653.9956	0.0268796214263809
2652.5786	0.0271050397658387
2651.1616	0.0270453777127549
2649.7447	0.0271757763312263
2648.3277	0.0267298785901362
2646.9107	0.0268626684332546
2645.4937	0.0269459367497486
2644.0768	0.0271154248819699
2642.6598	0.0269447639739951
2641.2428	0.0261956858067024
2639.8258	0.0266538121132756
2638.4089	0.0260417721121917
2636.9919	0.0262593502389026
2635.5749	0.026224071885832
2634.1579	0.0264907386398548
2632.741	0.0267509501578516
2631.324	0.02618305047693
2629.907	0.0265402221714422
2628.49	0.0262775182280689
2627.073	0.0263954878759372
2625.6561	0.0259792881437956
2624.2391	0.0263184859599767
2622.8221	0.0259154350906524
2621.4051	0.0260620459762558
2619.9882	0.0263176484855015
2618.5712	0.0254638276513398
2617.1542	0.0263027974988125
2615.7372	0.0251115693725178
2614.3203	0.0257188311707001
2612.9033	0.0254206931647109
2611.4863	0.0253948028668714
2610.0693	0.0254321515634301
2608.6524	0.0251803530087732
2607.2354	0.025525454020625
2605.8184	0.0256063193763034
2604.4014	0.0251772053034904
2602.9845	0.0257015178081244
2601.5675	0.0253070281422101
2600.1505	0.0252453200627481
2598.7335	0.0247207142230095
2597.3166	0.0250867504904246
2595.8996	0.0251075170488931
2594.4826	0.0253437952266626
2593.0656	0.024905161036938
2591.6487	0.0255204745421278
2590.2317	0.0258693701341747
2588.8147	0.0249835181023727
2587.3977	0.0251047859618754
2585.9808	0.0249867607390159
2584.5638	0.0252411177479154
2583.1468	0.0255971132389105
2581.7298	0.0250495777140552
2580.3128	0.0255529434715569
2578.8959	0.0242341676017154
2577.4789	0.0248547509675336
2576.0619	0.0248004626914805
2574.6449	0.0242802261954664
2573.228	0.0248897355757302
2571.811	0.024608816646251
2570.394	0.0241960262272122
2568.977	0.0250422220510226
2567.5601	0.0246562254811555
2566.1431	0.0241881029050324
2564.7261	0.0247525637717826
2563.3091	0.0247926286126252
2561.8922	0.0236922279611566
2560.4752	0.0250266046778738
2559.0582	0.0242346507622408
2557.6412	0.0238756947948359
2556.2243	0.0240172048211205
2554.8073	0.0244831306207371
2553.3903	0.023952474292757
2551.9733	0.0241166240607605
2550.5564	0.0245842130252286
2549.1394	0.0230128233938741
2547.7224	0.0242099091894915
2546.3054	0.0238644210506294
2544.8885	0.0238972232537358
2543.4715	0.0236347638492912
2542.0545	0.024205755978046
2540.6375	0.0243819266709029
2539.2206	0.0240522104155093
2537.8036	0.0236277269136149
2536.3866	0.0242374407667037
2534.9696	0.0241683198987165
2533.5526	0.0236882596643249
2532.1357	0.024029547041989
2530.7187	0.0237391401265033
2529.3017	0.0240091442423613
2527.8847	0.0236828259752058
2526.4678	0.0237656215860212
2525.0508	0.0235822529923341
2523.6338	0.0231361471955289
2522.2168	0.0238566804460328
2520.7999	0.0237612483551034
2519.3829	0.0233452343350458
2517.9659	0.0231221611811079
2516.5489	0.0230462993612892
2515.132	0.0234286272645986
2513.715	0.0229965901247676
2512.298	0.0229511356930795
2510.881	0.0234890969861486
2509.4641	0.0235284743149394
2508.0471	0.0228908048572011
2506.6301	0.0232130216748123
2505.2131	0.0225687169389976
2503.7962	0.0233775223990179
2502.3792	0.0237560327491531
2500.9622	0.0232035574087671
2499.5452	0.0236351953394068
2498.1283	0.0228571425295301
2496.7113	0.0233882788081678
2495.2943	0.0233371874619194
2493.8773	0.0223006059121106
2492.4604	0.0231061381012032
2491.0434	0.0234231598337146
2489.6264	0.0233510702428849
2488.2094	0.0229730984448368
2486.7924	0.023313787262026
2485.3755	0.0234635061043207
2483.9585	0.0230610891690917
2482.5415	0.0228640637593282
2481.1245	0.0231502362730397
2479.7076	0.0231942669358721
2478.2906	0.0230100328756668
2476.8736	0.022986667992126
2475.4566	0.0232775521695475
2474.0397	0.023454243924729
2472.6227	0.0233250213828387
2471.2057	0.022811678372994
2469.7887	0.0228425702111142
2468.3718	0.0229527097878387
2466.9548	0.0227815563483135
2465.5378	0.022492707137251
2464.1208	0.0229378176614395
2462.7039	0.0228573085157638
2461.2869	0.0224489316386167
2459.8699	0.0227405777157679
2458.4529	0.0226326364703017
2457.036	0.0226490502809977
2455.619	0.0229898766292513
2454.202	0.023132135144181
2452.785	0.0229723158002601
2451.3681	0.0219926229272422
2449.9511	0.0221692432692304
2448.5341	0.0227489371455761
2447.1171	0.0220831471733305
2445.7002	0.0223032669110208
2444.2832	0.0226552301162924
2442.8662	0.0229593198162826
2441.4492	0.0224593699707924
2440.0322	0.0228485169162252
2438.6153	0.0229484318464033
2437.1983	0.0225094932762342
2435.7813	0.0223255915587304
2434.3643	0.0225442168064601
2432.9474	0.0219856062724834
2431.5304	0.0223713874804969
2430.1134	0.0225067255150611
2428.6964	0.02175837849911
2427.2795	0.0219701703820372
2425.8625	0.0222948100943191
2424.4455	0.0221827341495879
2423.0285	0.0222847418548033
2421.6116	0.0223079574244302
2420.1946	0.0220287552339847
2418.7776	0.0217989592121062
2417.3606	0.0222193105557598
2415.9437	0.0218696076404922
2414.5267	0.021633770314664
2413.1097	0.0219805525844511
2411.6927	0.022300570848741
2410.2758	0.0216839489046475
2408.8588	0.0221017237377482
2407.4418	0.0216363833230908
2406.0248	0.0216313750628951
2404.6079	0.0217976870622294
2403.1909	0.0224494745301961
2401.7739	0.0216406754959766
2400.3569	0.021637434799881
2398.94	0.0216621423647147
2397.523	0.0223410321416565
2396.106	0.0214446993620555
2394.689	0.0215778509202674
2393.272	0.0215795448235263
2391.8551	0.0219283194239651
2390.4381	0.0221589835513849
2389.0211	0.021444753265438
2387.6041	0.0218619289382139
2386.1872	0.0209893242164085
2384.7702	0.021604462068014
2383.3532	0.0213783554725843
2381.9362	0.0217074433678414
2380.5193	0.0216417337684398
2379.1023	0.0220376227523004
2377.6853	0.0218907779032085
2376.2683	0.022174048574716
2374.8514	0.0215001134496765
2373.4344	0.0211467296260628
2372.0174	0.0202766945738742
2370.6004	0.0205964266521878
2369.1835	0.0210710499923554
2367.7665	0.021370958792215
2366.3495	0.0213754538705879
2364.9325	0.0210559108853491
2363.5156	0.0210943728391115
2362.0986	0.0217061530579207
2360.6816	0.0222161371557177
2359.2646	0.0213971656502025
2357.8477	0.0210401661696206
2356.4307	0.0206807261861211
2355.0137	0.0215534123411964
2353.5967	0.0212553499290897
2352.1798	0.0214856937790437
2350.7628	0.0218095933106895
2349.3458	0.0216648185381972
2347.9288	0.0221505339133281
2346.5118	0.0216104995645621
2345.0949	0.0217036495919823
2343.6779	0.0214347542868823
2342.2609	0.0221106090644565
2340.8439	0.0217692861722522
2339.427	0.0213762554067191
2338.01	0.02131871460043
2336.593	0.0209752011705291
2335.176	0.0211087492088652
2333.7591	0.0217430423003812
2332.3421	0.0207786205392936
2330.9251	0.0214324541943812
2329.5081	0.0220730254215703
2328.0912	0.0215162916685087
2326.6742	0.0211072889642625
2325.2572	0.022263857611075
2323.8402	0.0220781675265671
2322.4233	0.0218057318643931
2321.0063	0.0218450525844023
2319.5893	0.0222278858803869
2318.1723	0.021459464238862
2316.7554	0.0208319239762366
2315.3384	0.0221378787313543
2313.9214	0.0208988372869936
2312.5044	0.0213889649381707
2311.0875	0.0214800767752699
2309.6705	0.0201655604569103
2308.2535	0.0209682971528804
2306.8365	0.020799380269594
2305.4196	0.0208392471437703
2304.0026	0.0212370753079414
2302.5856	0.0202377192145242
2301.1686	0.02094419231924
2299.7516	0.0205191923163262
2298.3347	0.02098193230305
2296.9177	0.0207936100220176
2295.5007	0.0213933237925328
2294.0837	0.0210280658202805
2292.6668	0.0205743528400841
2291.2498	0.0213470266939357
2289.8328	0.020939249705484
2288.4158	0.0213401241177272
2286.9989	0.0212298412467129
2285.5819	0.0210312125665535
2284.1649	0.0209924114194694
2282.7479	0.0212532788103886
2281.331	0.0212721876335189
2279.914	0.0208399547582759
2278.497	0.0211675494704963
2277.08	0.0203063361014799
2275.6631	0.0203208849951269
2274.2461	0.0205367600079463
2272.8291	0.020401400896615
2271.4121	0.021143076102171
2269.9952	0.02087217319344
2268.5782	0.0216901264715634
2267.1612	0.0207285002581083
2265.7442	0.0205734499213684
2264.3273	0.020329775213261
2262.9103	0.0199313589700237
2261.4933	0.0198361014820577
2260.0763	0.0197623717566184
2258.6594	0.020560876153076
2257.2424	0.0200570435543612
2255.8254	0.0192623461390394
2254.4084	0.0203991990251091
2252.9914	0.0202633067239204
2251.5745	0.0200610557133233
2250.1575	0.0199603690298221
2248.7405	0.0206479796174238
2247.3235	0.0197703379523009
2245.9066	0.0203322213354584
2244.4896	0.0196097240648583
2243.0726	0.0200032654874872
2241.6556	0.0203379378224946
2240.2387	0.0199721954229058
2238.8217	0.020033883585924
2237.4047	0.019974943119881
2235.9877	0.0199012368239368
2234.5708	0.0202693265911518
2233.1538	0.0205493417819507
2231.7368	0.0200861906786481
2230.3198	0.0196894047395733
2228.9029	0.019653352446473
2227.4859	0.0196192670862543
2226.0689	0.0204516875705635
2224.6519	0.0196830734465385
2223.235	0.0199956407734085
2221.818	0.0195046111248279
2220.401	0.0200945495157667
2218.984	0.0196789750381279
2217.5671	0.0207054558732231
2216.1501	0.0204956707985836
2214.7331	0.0196292599214804
2213.3161	0.0199751140450204
2211.8992	0.018803048645766
2210.4822	0.0195640002221653
2209.0652	0.019371833375429
2207.6482	0.0201741879644788
2206.2312	0.0197956501384966
2204.8143	0.019795173690448
2203.3973	0.0208438393533151
2201.9803	0.0200014356173802
2200.5633	0.020092572298971
2199.1464	0.0195348783394153
2197.7294	0.0200055545230288
2196.3124	0.0198097455264261
2194.8954	0.0200573463483523
2193.4785	0.0209215164932052
2192.0615	0.0201658509885714
2190.6445	0.020275404245304
2189.2275	0.0189976713978125
2187.8106	0.0179792606953707
2186.3936	0.0190456514021121
2184.9766	0.0186808261058396
2183.5596	0.0202946040043906
2182.1427	0.0198732602579603
2180.7257	0.0190899220696461
2179.3087	0.0196089271220684
2177.8917	0.0199361984194859
2176.4748	0.0192206282262301
2175.0578	0.0190959078473294
2173.6408	0.0194402093774775
2172.2238	0.0187609901147314
2170.8069	0.0195666216293914
2169.3899	0.0197853307871914
2167.9729	0.020567819893697
2166.5559	0.0204915911587404
2165.139	0.0197732961626486
2163.722	0.0192720868528576
2162.305	0.0187263601687433
2160.888	0.0185363978634806
2159.471	0.017806530543321
2158.0541	0.0168300612890643
2156.6371	0.0164201678818519
2155.2201	0.0167094650037719
2153.8031	0.0168204936782523
2152.3862	0.0169525641086792
2150.9692	0.0175014981659404
2149.5522	0.0175113372210716
2148.1352	0.0175362218318252
2146.7183	0.0173092401535577
2145.3013	0.0177270259826053
2143.8843	0.017288176316716
2142.4673	0.0173612490900276
2141.0504	0.0178054232775996
2139.6334	0.0174466489462649
2138.2164	0.0183339037079596
2136.7994	0.018978793714999
2135.3825	0.0187104725503183
2133.9655	0.0183137808183333
2132.5485	0.0189609733108888
2131.1315	0.0185612360047973
2129.7146	0.0183898599699026
2128.2976	0.0185477559723859
2126.8806	0.0190903466972755
2125.4636	0.0196866152370642
2124.0467	0.0189173535211687
2122.6297	0.0190976385189969
2121.2127	0.0193501708470761
2119.7957	0.0199329216313172
2118.3788	0.0191502836095873
2116.9618	0.0193110857193808
2115.5448	0.0188218091986794
2114.1278	0.0198204781931824
2112.7108	0.0199643006483043
2111.2939	0.0199765670011912
2109.8769	0.019570377954611
2108.4599	0.0198270778854592
2107.0429	0.0195459550669242
2105.626	0.0189523867779104
2104.209	0.0190028103578455
2102.792	0.0193189754105715
2101.375	0.0193020146896084
2099.9581	0.0190669626012106
2098.5411	0.019851676041286
2097.1241	0.0195749698615924
2095.7071	0.0188839397774261
2094.2902	0.0191002100655405
2092.8732	0.0186855175976071
2091.4562	0.0194642641221616
2090.0392	0.0188923245393939
2088.6223	0.0187127769360652
2087.2053	0.0189113866663696
2085.7883	0.018700273795609
2084.3713	0.0189780421460705
2082.9544	0.0192994735537946
2081.5374	0.0194502625278127
2080.1204	0.0194997200613787
2078.7034	0.0188502018172586
2077.2865	0.0186703493950011
2075.8695	0.0180653132434197
2074.4525	0.0188130043113823
2073.0355	0.0190002308293877
2071.6186	0.0188209479021673
2070.2016	0.0186836310394762
2068.7846	0.0189091441406544
2067.3676	0.0188108271235144
2065.9506	0.0188203030360626
2064.5337	0.0183758479260773
2063.1167	0.018934392765617
2061.6997	0.0182741163568915
2060.2827	0.0182814591906407
2058.8658	0.0177155181769112
2057.4488	0.0185131047228911
2056.0318	0.0192219632781858
2054.6148	0.0188858942014846
2053.1979	0.0196016121783076
2051.7809	0.0194711437751927
2050.3639	0.019173062990205
2048.9469	0.0186141811983523
2047.53	0.0178294004751913
2046.113	0.0176457529265687
2044.696	0.0175470749805561
2043.279	0.0175798499512063
2041.8621	0.0180997124957752
2040.4451	0.0180207280929139
2039.0281	0.0173374031403789
2037.6111	0.0181038613388113
2036.1942	0.0176993146073098
2034.7772	0.017206663629727
2033.3602	0.0180180767703251
2031.9432	0.0171076309059845
2030.5263	0.0166389989187155
2029.1093	0.0169295501220003
2027.6923	0.0171468151347809
2026.2753	0.016822616397821
2024.8584	0.0166409711253018
2023.4414	0.0173619893971831
2022.0244	0.015962786199258
2020.6074	0.0160544349847319
2019.1904	0.0159639162877721
2017.7735	0.0154967070584409
2016.3565	0.015206984612666
2014.9395	0.0154846974270371
2013.5225	0.0161170609473793
2012.1056	0.0164815275160042
2010.6886	0.0170407171504828
2009.2716	0.016864511797448
2007.8546	0.0165914017925591
2006.4377	0.0159571799906998
2005.0207	0.0158488267497287
2003.6037	0.0155847250923932
2002.1867	0.0157719647042867
2000.7698	0.0167076168581188
1999.3528	0.0164764874120111
1997.9358	0.0160711311098029
1996.5188	0.0167297870279378
1995.1019	0.0161765203601546
1993.6849	0.0163675691579208
1992.2679	0.0166524543432988
1990.8509	0.0170647292152491
1989.434	0.0165626912988543
1988.017	0.0162848784132792
1986.6	0.0163819621373775
1985.183	0.0177595478408193
1983.7661	0.0173302238457525
1982.3491	0.0181251052204678
1980.9321	0.0175492940641943
1979.5151	0.0169129813537919
1978.0982	0.0164133214555249
1976.6812	0.0162454410421072
1975.2642	0.0155277171138466
1973.8472	0.014984172753817
1972.4302	0.0160214265869142
1971.0133	0.0161473515537277
1969.5963	0.0160634499092375
1968.1793	0.0165168737502714
1966.7623	0.0154309057067635
1965.3454	0.0151748550181205
1963.9284	0.0155484530326198
1962.5114	0.0156040420223622
1961.0944	0.0155575808921721
1959.6775	0.0161686612308776
1958.2605	0.0156098974583267
1956.8435	0.0151549422293837
1955.4265	0.0160993488396662
1954.0096	0.0166167538738016
1952.5926	0.0161438957492722
1951.1756	0.0162464719117157
1949.7586	0.0171170770384547
1948.3417	0.016561479276996
1946.9247	0.0162447030042188
1945.5077	0.0165558632261247
1944.0907	0.016627293380667
1942.6738	0.0163828168503841
1941.2568	0.0163694824366796
1939.8398	0.0172207961889566
1938.4228	0.0169061101416694
1937.0059	0.017504230588541
1935.5889	0.0164965609345005
1934.1719	0.0177203538338232
1932.7549	0.0170530801899198
1931.338	0.0169594020296792
1929.921	0.0166634246943622
1928.504	0.017802588788159
1927.087	0.0168211826722827
1925.67	0.0171777056188062
1924.2531	0.0172137109030457
1922.8361	0.0170998051695109
1921.4191	0.0176202569281252
1920.0021	0.0170343124695349
1918.5852	0.0174394391810167
1917.1682	0.0174839314040708
1915.7512	0.0173859263457428
1914.3342	0.0170037889668288
1912.9173	0.0174755959823889
1911.5003	0.0170509539776063
1910.0833	0.0170260143376988
1908.6663	0.0176577635229633
1907.2494	0.0175797149576077
1905.8324	0.0179315707493696
1904.4154	0.0177090184476206
1902.9984	0.0175568906144833
1901.5815	0.0184560462782061
1900.1645	0.017753507660293
1898.7475	0.0173275059034435
1897.3305	0.0173592104553266
1895.9136	0.017898277194126
1894.4966	0.0173539044272664
1893.0796	0.0172475271176132
1891.6626	0.0178433883396204
1890.2457	0.0175232182455792
1888.8287	0.0172330641968099
1887.4117	0.0174994955917157
1885.9947	0.017540688419635
1884.5778	0.0173497321844294
1883.1608	0.0174682999071537
1881.7438	0.0177804489110782
1880.3268	0.0170278114029374
1878.9098	0.0174816179241665
1877.4929	0.0178597068366744
1876.0759	0.0171368813255681
1874.6589	0.0172683422365449
1873.2419	0.01780445531288
1871.825	0.0173449819180444
1870.408	0.0173956888207305
1868.991	0.0177265682724045
1867.574	0.0171053345506825
1866.1571	0.017296880367154
1864.7401	0.0174064465176265
1863.3231	0.017566361677445
1861.9061	0.0177800087194868
1860.4892	0.0172306194578928
1859.0722	0.0170832529691577
1857.6552	0.0175856372482719
1856.2382	0.0172995393770401
1854.8213	0.017499204651971
1853.4043	0.0179529422072231
1851.9873	0.017861060286
1850.5703	0.017523326648253
1849.1534	0.0178118040900149
1847.7364	0.0181849922933166
1846.3194	0.0181716881535995
1844.9024	0.0170133445648887
1843.4855	0.0171037723327322
1842.0685	0.0177720534800338
1840.6515	0.0175640234625042
1839.2345	0.0173817110490003
1837.8176	0.0177863206867798
1836.4006	0.0172546244688236
1834.9836	0.0169402002098531
1833.5666	0.0171688595061494
1832.1496	0.0167298552639607
1830.7327	0.0164062044483871
1829.3157	0.0171848359989728
1827.8987	0.0177208108729164
1826.4817	0.016785782301987
1825.0648	0.0172339273971554
1823.6478	0.0178529920378956
1822.2308	0.0172259135218184
1820.8138	0.0167701632471651
1819.3969	0.0168308360738191
1817.9799	0.0178897646767267
1816.5629	0.0166925129118197
1815.1459	0.0167497494077491
1813.729	0.017352758419371
1812.312	0.0172190668100278
1810.895	0.0170569945834249
1809.478	0.0173957014370478
1808.0611	0.0173652647104367
1806.6441	0.0173713986749482
1805.2271	0.0171661838924484
1803.8101	0.0168107226140513
1802.3932	0.0166415252203944
1800.9762	0.0169023755856217
1799.5592	0.017101192027445
1798.1422	0.0170855912512644
1796.7253	0.0175438629671982
1795.3083	0.017596083687362
1793.8913	0.0177522797176741
1792.4743	0.0167077200897331
1791.0574	0.0171617039654995
1789.6404	0.0175954440102007
1788.2234	0.017896781199468
1786.8064	0.0177335783647165
1785.3894	0.0173772101331165
1783.9725	0.01742383392319
1782.5555	0.0172701353255996
1781.1385	0.0176533148293663
1779.7215	0.0174491714038024
1778.3046	0.0176539117682844
1776.8876	0.0173216666754149
1775.4706	0.0174097550864352
1774.0536	0.0179205554055657
1772.6367	0.0179591155603773
1771.2197	0.0173209256454957
1769.8027	0.0177010930796027
1768.3857	0.0170339270695118
1766.9688	0.0168048667400666
1765.5518	0.0180795372320489
1764.1348	0.0179496410749894
1762.7178	0.0179528672949359
1761.3009	0.0178997521526232
1759.8839	0.0182956406284027
1758.4669	0.0176446393906537
1757.0499	0.0177814949068332
1755.633	0.0179162489762817
1754.216	0.0185372993777613
1752.799	0.0185375780736535
1751.382	0.0188023647573194
1749.9651	0.0181176165150324
1748.5481	0.0185512020697407
1747.1311	0.0187713629703534
1745.7141	0.0184620221793245
1744.2972	0.0192736593890877
1742.8802	0.0184499687106107
1741.4632	0.019221619136564
1740.0462	0.0190682348874301
1738.6292	0.0192012447019628
1737.2123	0.0196225504921037
1735.7953	0.019377208498442
1734.3783	0.0192464674799891
1732.9613	0.0201259770319387
1731.5444	0.019833058556047
1730.1274	0.0197000442864232
1728.7104	0.0198764779321361
1727.2934	0.0213316699277995
1725.8765	0.0199695227073561
1724.4595	0.0204193019402753
1723.0425	0.0220046582088742
1721.6255	0.0209576298309849
1720.2086	0.0213135328645081
1718.7916	0.0216210059129319
1717.3746	0.021819243363726
1715.9576	0.0217006417571272
1714.5407	0.0224783672218548
1713.1237	0.021739923136639
1711.7067	0.0223908140296047
1710.2897	0.0230335967050718
1708.8728	0.0227598977096817
1707.4558	0.0233101903410883
1706.0388	0.0226899013963522
1704.6218	0.0224373150615437
1703.2049	0.0236859816884721
1701.7879	0.0239378007529269
1700.3709	0.0230141131958854
1698.9539	0.0240282391174755
1697.537	0.0236265811708212
1696.12	0.0239686014096617
1694.703	0.0237914823943455
1693.286	0.024024582856847
1691.869	0.0241562262117912
1690.4521	0.0241371386584463
1689.0351	0.0247025879362196
1687.6181	0.0240694365569747
1686.2011	0.02431186931604
1684.7842	0.0243179332228876
1683.3672	0.0248658833608511
1681.9502	0.0244232533851409
1680.5332	0.0247028987998153
1679.1163	0.0252487214068282
1677.6993	0.0255938261177664
1676.2823	0.0253180299013939
1674.8653	0.0247494158717437
1673.4484	0.0256403440645973
1672.0314	0.0251532024346894
1670.6144	0.025506812861079
1669.1974	0.025624108437231
1667.7805	0.0250661257926067
1666.3635	0.0255861742509736
1664.9465	0.0261714577884013
1663.5295	0.0260963552384548
1662.1126	0.0260534147935826
1660.6956	0.0262794356818944
1659.2786	0.0271169515380164
1657.8616	0.0266245956354891
1656.4447	0.0270627625114793
1655.0277	0.0270887727073654
1653.6107	0.0276308806420316
1652.1937	0.0280607366427211
1650.7768	0.0281281152812397
1649.3598	0.0277999169960716
1647.9428	0.0285793104594597
1646.5258	0.028939022715775
1645.1088	0.0293269450865373
1643.6919	0.0303248108855768
1642.2749	0.030249736806368
1640.8579	0.0309345986806438
1639.4409	0.0319488530234717
1638.024	0.0323026229740614
1636.607	0.0329028087129195
1635.19	0.0327566694679692
1633.773	0.0336053012978898
1632.3561	0.0335883463570304
1630.9391	0.0338664021115612
1629.5221	0.0341366268195548
1628.1051	0.034821988078876
1626.6882	0.0347159976274054
1625.2712	0.0354000635113333
1623.8542	0.0358920207981582
1622.4372	0.0362683321553184
1621.0203	0.0366172979309619
1619.6033	0.0360385159228083
1618.1863	0.0366364038567881
1616.7693	0.0371521485919588
1615.3524	0.0374983666377204
1613.9354	0.0371914816335462
1612.5184	0.037814172241819
1611.1014	0.0380380865209902
1609.6845	0.0381592011707813
1608.2675	0.0393562360917024
1606.8505	0.0395801282534895
1605.4335	0.0402667493829307
1604.0166	0.0395982904772736
1602.5996	0.0408151271735482
1601.1826	0.0408983884270808
1599.7656	0.041075921030767
1598.3486	0.041176929797404
1596.9317	0.041323217938944
1595.5147	0.0402535720760777
1594.0977	0.0401617930538781
1592.6807	0.0400394234793381
1591.2638	0.040329205174275
1589.8468	0.0397322185709922
1588.4298	0.0398439018775786
1587.0128	0.0392804904242358
1585.5959	0.0382278845221864
1584.1789	0.0378801601109565
1582.7619	0.0372074375714518
1581.3449	0.0375329105282074
1579.928	0.0364515642218742
1578.511	0.0361276478711413
1577.094	0.0355231610897614
1575.677	0.0352795021724938
1574.2601	0.0351015720601936
1572.8431	0.0340161672012063
1571.4261	0.0340360936114289
1570.0091	0.0338390503032271
1568.5922	0.0332407817248072
1567.1752	0.0326743907303046
1565.7582	0.0324448968373324
1564.3412	0.0321939582073714
1562.9243	0.0309047026897494
1561.5073	0.0309450275195436
1560.0903	0.0301019331604453
1558.6733	0.0292679909660865
1557.2564	0.0285699990641714
1555.8394	0.0284864144749142
1554.4224	0.0276761123897185
1553.0054	0.0278904077343812
1551.5885	0.0274096727448373
1550.1715	0.0268937822594973
1548.7545	0.0263742256287685
1547.3375	0.0260877693251362
1545.9205	0.0261330428693695
1544.5036	0.0257916450230609
1543.0866	0.0258571184495863
1541.6696	0.025556717534667
1540.2526	0.0253334459558733
1538.8357	0.0250149831168796
1537.4187	0.0248584211737839
1536.0017	0.0244287735082377
1534.5847	0.0247374162278387
1533.1678	0.0250042257575756
1531.7508	0.0244444156304874
1530.3338	0.0245078963472634
1528.9168	0.0249565752200894
1527.4999	0.024844514840802
1526.0829	0.0253272205057458
1524.6659	0.0247533890471896
1523.2489	0.0256807916276575
1521.832	0.0267122418761364
1520.415	0.02807343020232
1518.998	0.0283448505661708
1517.581	0.0288501140545919
1516.1641	0.029736556571517
1514.7471	0.0300618798578609
1513.3301	0.0307811254633969
1511.9131	0.0309475430104269
1510.4962	0.0308019871874102
1509.0792	0.0315215726019275
1507.6622	0.0315744557437778
1506.2452	0.0314682625882371
1504.8283	0.0303340660351993
1503.4113	0.0305936241082132
1501.9943	0.0298862358572313
1500.5773	0.0291271851231909
1499.1603	0.0285112194467422
1497.7434	0.0276989165455175
1496.3264	0.0275392367152732
1494.9094	0.026595266653702
1493.4924	0.0262471805529567
1492.0755	0.026040680896322
1490.6585	0.0256881878563193
1489.2415	0.0257237353918705
1487.8245	0.0259776260686865
1486.4076	0.0264365473218614
1484.9906	0.0266963752317837
1483.5736	0.0268342884752458
1482.1566	0.0270800594797204
1480.7397	0.027981493075623
1479.3227	0.0282730395487978
1477.9057	0.0280668272771397
1476.4887	0.028173118452689
1475.0718	0.0281687472916101
1473.6548	0.0289861783128152
1472.2378	0.0294429365988004
1470.8208	0.0296110233235271
1469.4039	0.0299631520953335
1467.9869	0.0313119175609481
1466.5699	0.0315307225900242
1465.1529	0.0322169485769233
1463.736	0.0337699563927056
1462.319	0.0334439190903849
1460.902	0.0340737869299243
1459.485	0.034706411231693
1458.0681	0.0350380417585131
1456.6511	0.0350601547653598
1455.2341	0.035783463127606
1453.8171	0.0364765822426426
1452.4001	0.0366293846877119
1450.9832	0.0371030476987865
1449.5662	0.0364837236295682
1448.1492	0.03659920658019
1446.7322	0.0367375037084541
1445.3153	0.0366289543475241
1443.8983	0.0370253232645756
1442.4813	0.0371944734918572
1441.0643	0.0370645230484735
1439.6474	0.0370631408377178
1438.2304	0.0371515102158871
1436.8134	0.0380721281406424
1435.3964	0.0373960225057136
1433.9795	0.0373641059111936
1432.5625	0.038890842339972
1431.1455	0.0387625692185527
1429.7285	0.0388250921251209
1428.3116	0.0399026657428225
1426.8946	0.0396648860255946
1425.4776	0.0401201862035568
1424.0606	0.0405896421200787
1422.6437	0.0409923944016412
1421.2267	0.0407696133724702
1419.8097	0.0411747159354326
1418.3927	0.0415831875402878
1416.9758	0.0417804863728638
1415.5588	0.0415263499475744
1414.1418	0.0422313654115498
1412.7248	0.0423555255416385
1411.3079	0.0420355734095106
1409.8909	0.042260195241193
1408.4739	0.0419805882780092
1407.0569	0.0421069634400733
1405.6399	0.0421291958092511
1404.223	0.0424481292864069
1402.806	0.0429768319333043
1401.389	0.0422577778804766
1399.972	0.0423754340326349
1398.5551	0.04207118441598
1397.1381	0.0420324944069041
1395.7211	0.0431548420715847
1394.3041	0.0427632935522909
1392.8872	0.0435119220698545
1391.4702	0.0436769591360097
1390.0532	0.0439127662761791
1388.6362	0.0446295344804758
1387.2193	0.0452241194770988
1385.8023	0.0451689568881262
1384.3853	0.0452177157598983
1382.9683	0.0451631837181096
1381.5514	0.0455529824339509
1380.1344	0.0446381296717401
1378.7174	0.0451517950507174
1377.3004	0.044990804505273
1375.8835	0.0452604864252113
1374.4665	0.0449383242205553
1373.0495	0.0451217466407192
1371.6325	0.04588697777972
1370.2156	0.0454855886241408
1368.7986	0.0466997066844782
1367.3816	0.0470148224189631
1365.9646	0.047134469658456
1364.5477	0.0481560919259825
1363.1307	0.0482364095725324
1361.7137	0.0478929823042156
1360.2967	0.04810439929744
1358.8797	0.0475526584888888
1357.4628	0.0467893752307979
1356.0458	0.0474766355223257
1354.6288	0.0463287570332997
1353.2118	0.04580943548497
1351.7949	0.0462266908926392
1350.3779	0.0456616132547345
1348.9609	0.0453495977504904
1347.5439	0.046541851089094
1346.127	0.0450805372867025
1344.71	0.0458502991385556
1343.293	0.0468193152713613
1341.876	0.045433336642369
1340.4591	0.0460636632706364
1339.0421	0.0457114662123206
1337.6251	0.0458265756066564
1336.2081	0.0461140048238838
1334.7912	0.0459120024759415
1333.3742	0.0459597024987049
1331.9572	0.0463152576905241
1330.5402	0.0458076589345966
1329.1233	0.0457629715997193
1327.7063	0.0449801180007784
1326.2893	0.0449252016049745
1324.8723	0.0438047403419356
1323.4554	0.0438587864034194
1322.0384	0.0428544638478895
1320.6214	0.0436262798256655
1319.2044	0.0427283697103165
1317.7875	0.0423414582287059
1316.3705	0.0422513570469555
1314.9535	0.0414485575731925
1313.5365	0.0410622324404238
1312.1195	0.0410014569382936
1310.7026	0.04178318564436
1309.2856	0.0412424703130706
1307.8686	0.0413077117686275
1306.4516	0.0401091326129727
1305.0347	0.0405521396253564
1303.6177	0.0409509867498574
1302.2007	0.0415801533827039
1300.7837	0.0409300883490907
1299.3668	0.0410202511105508
1297.9498	0.0415307410443216
1296.5328	0.0418304652927222
1295.1158	0.041112249705449
1293.6989	0.0413168340699352
1292.2819	0.0410628698765573
1290.8649	0.0407515232058748
1289.4479	0.0410866763296226
1288.031	0.0412765699371001
1286.614	0.0416687195307652
1285.197	0.0413284433756088
1283.78	0.04185692615952
1282.3631	0.0421386374100455
1280.9461	0.0419074606245498
1279.5291	0.0425610208429389
1278.1121	0.0430559866487077
1276.6952	0.0439394270178983
1275.2782	0.043487368308633
1273.8612	0.0443651483517503
1272.4442	0.0444123675002886
1271.0273	0.0455037258834042
1269.6103	0.0450930602496992
1268.1933	0.0452633771168242
1266.7763	0.0439796120128959
1265.3593	0.0449317873360394
1263.9424	0.0451468821586756
1262.5254	0.04466231792927
1261.1084	0.0448215565224471
1259.6914	0.0439505916043807
1258.2745	0.0439016899120534
1256.8575	0.0443166291372168
1255.4405	0.0447076968623829
1254.0235	0.0444251347264288
1252.6066	0.0443307297216897
1251.1896	0.0443585340654972
1249.7726	0.0439966844255785
1248.3556	0.0438259948895487
1246.9387	0.0430324942298688
1245.5217	0.0443071789854793
1244.1047	0.0437660303266166
1242.6877	0.0432901767355255
1241.2708	0.0428994803898867
1239.8538	0.0435419478793138
1238.4368	0.0434297665342605
1237.0198	0.044044082196592
1235.6029	0.0436386530750959
1234.1859	0.0446002679154801
1232.7689	0.0438866862180029
1231.3519	0.043336346692409
1229.935	0.0435299288988151
1228.518	0.0433961746928659
1227.101	0.0417816896414849
1225.684	0.0417692201890374
1224.2671	0.04035282368414
1222.8501	0.0403346486134819
1221.4331	0.0400493196908951
1220.0161	0.0396501903192249
1218.5991	0.0381359088937139
1217.1822	0.0387104901288993
1215.7652	0.0383881833195757
1214.3482	0.0387988539003093
1212.9312	0.037246535909091
1211.5143	0.0375159544230923
1210.0973	0.037730940590751
1208.6803	0.037326147784412
1207.2633	0.0371184205043835
1205.8464	0.0365802744118711
1204.4294	0.0358404440821742
1203.0124	0.0356316086753465
1201.5954	0.0355698674300753
1200.1785	0.0356655956179744
1198.7615	0.0353253255080684
1197.3445	0.0347508374129059
1195.9275	0.0342821769200109
1194.5106	0.0340158313498486
1193.0936	0.0335772913318942
1191.6766	0.0330670605824469
1190.2596	0.0324410158565028
1188.8427	0.0315498391654672
1187.4257	0.0317730443730857
1186.0087	0.0313183751486826
1184.5917	0.0304964911876892
1183.1748	0.0316065773124639
1181.7578	0.0305419914649562
1180.3408	0.0315478103923617
1178.9238	0.0312462147842801
1177.5069	0.0319123454537947
1176.0899	0.0323780380691414
1174.6729	0.0320923349078239
1173.2559	0.0331591872064259
1171.8389	0.0340833572937894
1170.422	0.0356933469924035
1169.005	0.0367016759013354
1167.588	0.0388423693427963
1166.171	0.0399472191087978
1164.7541	0.0417484680562186
1163.3371	0.0444850051749246
1161.9201	0.0465263552797137
1160.5031	0.0485823138725731
1159.0862	0.0508860907593854
1157.6692	0.0537927289880095
1156.2522	0.0548418640337753
1154.8352	0.0572058421147897
1153.4183	0.0591858265231243
1152.0013	0.0600884007569785
1150.5843	0.0610776543279356
1149.1673	0.0619220817237907
1147.7504	0.0626038089678207
1146.3334	0.0617837856213754
1144.9164	0.061643883212204
1143.4994	0.0620541390279979
1142.0825	0.0608180848407715
1140.6655	0.0604310299307621
1139.2485	0.0590550425187264
1137.8315	0.0578968144484778
1136.4146	0.057400583081507
1134.9976	0.0573913988154581
1133.5806	0.0566752217676275
1132.1636	0.0560508547348823
1130.7467	0.0560452143321042
1129.3297	0.0565138300072193
1127.9127	0.0559959832573104
1126.4957	0.0569358853560179
1125.0787	0.0577573968550779
1123.6618	0.0576864241730204
1122.2448	0.0581555286212461
1120.8278	0.0585484883564198
1119.4108	0.0577627035963404
1117.9939	0.0578961495902981
1116.5769	0.0589369779602162
1115.1599	0.0583702074578514
1113.7429	0.0586206658051887
1112.326	0.0596216979984202
1110.909	0.0597024561835611
1109.492	0.0606144927247862
1108.075	0.0607716659983554
1106.6581	0.0618103379033715
1105.2411	0.0622542178598169
1103.8241	0.0624985960021036
1102.4071	0.0636466140782613
1100.9902	0.0634238983796084
1099.5732	0.0641926132169693
1098.1562	0.0645855864920964
1096.7392	0.063977248377697
1095.3223	0.0641274817420943
1093.9053	0.0646134442945101
1092.4883	0.0653911625600635
1091.0713	0.0659679768492327
1089.6544	0.0673188553511899
1088.2374	0.0690123755304408
1086.8204	0.0709771458261057
1085.4034	0.0725684227751586
1083.9865	0.074466315822766
1082.5695	0.0769035096026399
1081.1525	0.0800853296489862
1079.7355	0.0804043974991128
1078.3185	0.0820725445642453
1076.9016	0.0828557983035126
1075.4846	0.0831356150574097
1074.0676	0.0825861881442609
1072.6506	0.0815961020391929
1071.2337	0.0799413957817011
1069.8167	0.0792312282014906
1068.3997	0.0772869278172189
1066.9827	0.0768745381430647
1065.5658	0.0755832533541849
1064.1488	0.0756814542919931
1062.7318	0.0760453129450633
1061.3148	0.0771525557673875
1059.8979	0.0780020185534096
1058.4809	0.0800574777089064
1057.0639	0.0801924644780667
1055.6469	0.0824342858658934
1054.23	0.0835379894399443
1052.813	0.0852142979540352
1051.396	0.086729876497126
1049.979	0.0882177638722958
1048.5621	0.0896428816905131
1047.1451	0.091807670036165
1045.7281	0.0928506773154264
1044.3111	0.0953169243211397
1042.8942	0.0968301487486419
1041.4772	0.0976242271270807
1040.0602	0.0995432266767517
1038.6432	0.10120451079475
1037.2263	0.102532416961785
1035.8093	0.103916375334887
1034.3923	0.10630291427371
1032.9753	0.107640471527046
1031.5583	0.109852228256876
1030.1414	0.111361884518099
1028.7244	0.113246307423354
1027.3074	0.115317912977762
1025.8904	0.11601393034533
1024.4735	0.118356409754016
1023.0565	0.120150805687742
1021.6395	0.121837284421825
1020.2225	0.123118943229309
1018.8056	0.123959147243393
1017.3886	0.125733002946823
1015.9716	0.126369457943839
1014.5546	0.126700713181127
1013.1377	0.127522183131473
1011.7207	0.127623288782169
1010.3037	0.127657650361465
1008.8867	0.127919980379006
1007.4698	0.127867005664706
1006.0528	0.128600763479839
1004.6358	0.128328151176746
1003.2188	0.129123491297994
1001.8019	0.128604050354573
1000.3849	0.130373437043069
998.9679	0.130654126358668
997.5509	0.131466480285429
996.134	0.132272853757028
994.717	0.132484428048154
993.3	0.133581070428257
991.883	0.133915740939405
990.4661	0.132973178018939
989.0491	0.132791153961511
987.6321	0.132651327511078
986.2151	0.132225880858102
984.7981	0.130172610697598
983.3812	0.129373771962238
981.9642	0.127728996993408
980.5472	0.125812852913253
979.1302	0.124007530090386
977.7133	0.121965133136234
976.2963	0.119719687780296
974.8793	0.117582724384993
973.4623	0.114812138341714
972.0454	0.11228828967719
970.6284	0.109998093139162
969.2114	0.107323514279642
967.7944	0.105335936120376
966.3775	0.102944037891844
964.9605	0.099938094777267
963.5435	0.0985104988066431
962.1265	0.0959334998170095
960.7096	0.0939334243754511
959.2926	0.0914540658817256
957.8756	0.0899098645601696
956.4586	0.0882874503896817
955.0417	0.0863532007924325
953.6247	0.0846711878450083
952.2077	0.0827115253433367
950.7907	0.0812159479167887
949.3738	0.0799625231840771
947.9568	0.0790880028316933
946.5398	0.078231024110354
945.1228	0.0775469516722342
943.7059	0.0776083084132997
942.2889	0.0768144952457597
940.8719	0.0776216606530078
939.4549	0.0782783483870134
938.0379	0.0780452170126958
936.621	0.0776021795941902
935.204	0.0782893204734994
933.787	0.0791230532066641
932.37	0.0786931305930636
930.9531	0.0784197500142902
929.5361	0.0787614014142734
928.1191	0.0780310830406343
926.7021	0.078120838258836
925.2852	0.0779507359148363
923.8682	0.0773248743455757
922.4512	0.0779736374456491
921.0342	0.0778365943258502
919.6173	0.0776802504790986
918.2003	0.0766945436324524
916.7833	0.07625613916607
915.3663	0.0756803078457847
913.9494	0.0753428954751661
912.5324	0.0744670812888295
911.1154	0.0742778441757598
909.6984	0.0735881712340993
908.2815	0.0724858457444653
906.8645	0.0720253038794546
905.4475	0.0711800113756311
904.0305	0.0698981406321273
902.6136	0.069029723814081
901.1966	0.0689934187599808
899.7796	0.0679675808123978
898.3626	0.0679779213105345
896.9457	0.0671001602230473
895.5287	0.0668911465997346
894.1117	0.066343237471837
892.6947	0.0658426741124546
891.2777	0.0658743374657533
889.8608	0.0650965147235923
888.4438	0.0646266460411438
887.0268	0.0635008536096182
885.6098	0.0631738471944544
884.1929	0.0632623077823092
882.7759	0.0618553664925067
881.3589	0.0613335039435125
879.9419	0.0608511496228005
878.525	0.0602502054831055
877.108	0.0602316972883872
875.691	0.0596391747808881
874.274	0.0605907982928152
872.8571	0.060148292609922
871.4401	0.0601761987767106
870.0231	0.0602487625128649
868.6061	0.0612361435205524
867.1892	0.0612937820321345
865.7722	0.0618539560674154
864.3552	0.0626336644840408
862.9382	0.0624941905783494
861.5213	0.0637153856069771
860.1043	0.0634882989099356
858.6873	0.0636907015854658
857.2703	0.0633737145920373
855.8534	0.0640645865642655
854.4364	0.0638783717275601
853.0194	0.064028764543459
851.6024	0.0640438731833382
850.1855	0.0635928829543871
848.7685	0.0637892198076294
847.3515	0.0642904753623203
845.9345	0.0645217420386143
844.5175	0.0637839944477876
843.1006	0.0641892433098268
841.6836	0.0633143789617061
840.2666	0.0638861080948375
838.8496	0.0629112928758086
837.4327	0.062007231554294
836.0157	0.061922607975061
834.5987	0.0617478424130551
833.1817	0.0610319323998789
831.7648	0.0605835233857201
830.3478	0.0606772392112616
828.9308	0.0600518737454158
827.5138	0.0591743378261422
826.0969	0.0597635990050295
824.6799	0.0591299533099991
823.2629	0.0593166981638101
821.8459	0.0588811509584513
820.429	0.0587116072464475
819.012	0.0589523710354093
817.595	0.0583934671011882
816.178	0.0579298039973313
814.7611	0.0575417511788149
813.3441	0.0579824426995923
811.9271	0.05802477244638
810.5101	0.0571159066774985
809.0932	0.0579962325989275
807.6762	0.0570085583286784
806.2592	0.0578066273195776
804.8422	0.0568575422563716
803.4253	0.0558253284570135
802.0083	0.0562317031223155
800.5913	0.0562177105907237
799.1743	0.0572911921093153
797.7573	0.0564011145806798
796.3404	0.0557508646446919
794.9234	0.056585336376581
793.5064	0.057016590253808
792.0894	0.0566168196446139
790.6725	0.0575162529455771
789.2555	0.0568459699685883
787.8385	0.0575481200483706
786.4215	0.0576089180809209
785.0046	0.0580435266437888
783.5876	0.0584758407569862
782.1706	0.0590836000184589
780.7536	0.0591269738885535
779.3367	0.0592747498301797
777.9197	0.060821051965207
776.5027	0.0608096643816184
775.0857	0.0611340945725703
773.6688	0.0620490671991057
772.2518	0.0619511474417461
770.8348	0.0636448595171317
769.4178	0.0644393859132533
768.0009	0.0651578705839991
766.5839	0.0661472977261291
765.1669	0.0663047550111589
763.7499	0.0673019596343846
762.333	0.0670737449243118
760.916	0.067455183443617
759.499	0.0674268846031108
758.082	0.0674215911709293
756.6651	0.0673478374358114
755.2481	0.0669560256686127
753.8311	0.0661760123590974
752.4141	0.0659693766057483
750.9971	0.0657573049060393
749.5802	0.0642621128561377
748.1632	0.0647202344210976
746.7462	0.0634957196738965
745.3292	0.0627479572573724
743.9123	0.0624244954717046
742.4953	0.0621754655873083
741.0783	0.0617395564339027
739.6613	0.0611341219716151
738.2444	0.061691601970285
736.8274	0.0616495670629852
735.4104	0.0615680815030395
733.9934	0.0608531791958265
732.5765	0.0615172765538615
731.1595	0.0619994602645758
729.7425	0.0621549986020435
728.3255	0.0628676664729633
726.9086	0.0628066016700326
725.4916	0.0627399011238281
724.0746	0.063732474943603
722.6576	0.0637231434254103
721.2407	0.06372061637212
719.8237	0.0639346591935367
718.4067	0.0653016329656439
716.9897	0.0663827586506357
715.5728	0.0671417442733031
714.1558	0.0675477540856333
712.7388	0.0687493667345783
711.3218	0.0689270917447845
709.9049	0.0694103558928201
708.4879	0.069957773608871
707.0709	0.0704659331198147
705.6539	0.0707641019673533
704.2369	0.0713490002766497
702.82	0.0709760487056825
701.403	0.07106928176254
699.986	0.0710910553977237
698.569	0.0704113025204883
697.1521	0.0705877201701041
695.7351	0.0697282349575057
694.3181	0.0689886037470184
692.9011	0.0694544062137531
691.4842	0.0695744086030412
690.0672	0.0698965616247951
688.6502	0.0697319421213699
687.2332	0.06993840711783
685.8163	0.0692969126862712
684.3993	0.0694854534549012
682.9823	0.0698846444212281
681.5653	0.0700457227224791
680.1484	0.0705830987503361
678.7314	0.0711202426498704
677.3144	0.0712084040335294
675.8974	0.0712501295863538
674.4805	0.0707958280810925
673.0635	0.0708101221370716
671.6465	0.0720709843372682
670.2295	0.0718393344507071
668.8126	0.0718585573664686
667.3956	0.0723457435851116
665.9786	0.0717569740080886
664.5616	0.0720756094831604
663.1447	0.072136018488554
661.7277	0.0724834952780813
660.3107	0.0724591631774271
658.8937	0.0730010612691956
657.4767	0.073194559199267
656.0598	0.0729420557630889
654.6428	0.0739234020621982
653.2258	0.073417186462223
651.8088	0.0738268485933095
650.3919	0.0740540444308542
648.9749	0.0746708481979666
647.5579	0.0753074447666623
646.1409	0.0755264632674941
644.724	0.0754254127472701
643.307	0.0758473153469605
641.89	0.0753901821535543
640.473	0.0755441455211112
639.0561	0.0765370923227551
637.6391	0.0762022592176303
636.2221	0.0768384533194341
634.8051	0.0771615462313232
633.3882	0.0769006803313461
631.9712	0.0772633288179934
630.5542	0.0774432038362706
629.1372	0.0779347851478629
627.7203	0.0777166536972643
626.3033	0.077834342038633
624.8863	0.0793303084918485
623.4693	0.0795725174628696
622.0524	0.0808690374017689
620.6354	0.0811945970409719
619.2184	0.0826219182496257
617.8014	0.0832209543934447
616.3845	0.0838139126499155
614.9675	0.0846965703199959
613.5505	0.0860359884144204
612.1335	0.085533877604046
610.7165	0.0870504511922176
609.2996	0.087329564982118
607.8826	0.0884953448496079
606.4656	0.0885731638111355
605.0486	0.0890532226826031
603.6317	0.0895041103101637
602.2147	0.089198581071574
600.7977	0.0890102785891718
599.3807	0.0880687986731991
597.9638	0.0878858779086383
596.5468	0.0881775678493751
595.1298	0.0895742691503564
593.7128	0.0904048917018878
592.2959	0.0906062451462835
590.8789	0.0898486285438096
589.4619	0.0900100684703317
588.0449	0.0914452577344869
586.628	0.0921806500961023
585.211	0.0923344031329053
583.794	0.0934484611957049
582.377	0.0947575948992731
580.9601	0.0952755210513239
579.5431	0.0965040489044029
578.1261	0.0984425057248649
576.7091	0.0988714538405002
575.2922	0.0998990335094261
573.8752	0.101350403345481
572.4582	0.101986261885903
571.0412	0.10200699537891
569.6243	0.102207991590753
568.2073	0.102271438228309
566.7903	0.101784122933508
565.3733	0.101191643958564
563.9563	0.100342299000951
562.5394	0.0992334298055535
561.1224	0.099586537760598
559.7054	0.0986593962218731
558.2884	0.0992362641866008
556.8715	0.0991290494882296
555.4545	0.0989101797662388
554.0375	0.0978640638629302
552.6205	0.0978155537238757
551.2036	0.0968451562160074
549.7866	0.0961840744605501
548.3696	0.0967433238861557
546.9526	0.0963181845035153
545.5357	0.0956948057839256
544.1187	0.0964226636100959
542.7017	0.0965334517385403
541.2847	0.0969905593626064
539.8678	0.0976882415154456
538.4508	0.0981159821473686
537.0338	0.0990157136008335
535.6168	0.0994774775945281
534.1999	0.0995980542475077
532.7829	0.0996820864729707
531.3659	0.101087865858407
529.9489	0.103231408825264
528.532	0.103837625908219
527.115	0.104877180408931
525.698	0.10599838093404
524.281	0.107484536046051
522.8641	0.107236285949901
521.4471	0.107592035383849
520.0301	0.106839028019768
518.6131	0.107502979162642
517.1962	0.106962725387072
515.7792	0.106649259315657
514.3622	0.106848526211635
512.9452	0.106522912458969
511.5282	0.106607241156475
510.1113	0.105725895451492
508.6943	0.105311074502855
507.2773	0.104791684633748
505.8603	0.10445626048175
504.4434	0.104701942653586
503.0264	0.105190853295185
501.6094	0.105087144713929
500.1924	0.104616586226756
498.7755	0.105126242781618
497.3585	0.103999309365488
495.9415	0.104372462842291
494.5245	0.103797682198867
493.1076	0.103919335095071
491.6906	0.103549636328815
490.2736	0.103744181850854
488.8566	0.104354381306724
487.4397	0.103862676222937
486.0227	0.103407516442315
484.6057	0.104109756848425
483.1887	0.1041934383721
481.7718	0.103253519908373
480.3548	0.104329491072295
478.9378	0.104645405391691
477.5208	0.104721055026879
476.1039	0.104345029021931
474.6869	0.103948236606902
473.2699	0.103775898442492
471.8529	0.102920687293101
470.436	0.103505183115469
469.019	0.103219643612188
467.602	0.103157644902671
466.185	0.103048566228958
464.768	0.102672232722611
463.3511	0.102898167695871
461.9341	0.103010253185782
460.5171	0.102861721204567
459.1001	0.102606013611459
457.6832	0.102598653446864
456.2662	0.102373788535115
454.8492	0.102602912302696
453.4322	0.10256231061459
452.0153	0.102316688389809
450.5983	0.102265954606764
449.1813	0.102728282814794
447.7643	0.102761198655503
446.3474	0.102615448514644
444.9304	0.104272140801424
443.5134	0.105466299380557
442.0964	0.106529165659295
440.6795	0.107560229661915
439.2625	0.109035237690243
437.8455	0.109817437268363
436.4285	0.110530570729485
435.0116	0.111313766342436
433.5946	0.111281183052492
432.1776	0.110700550198036
430.7606	0.110200060878586
429.3437	0.110876581792754
427.9267	0.110843674248316
426.5097	0.112000772563644
425.0927	0.113045772883159
423.6758	0.113635721402686
422.2588	0.113708417123261
420.8418	0.114005124257496
419.4248	0.113085081185139
418.0078	0.111716110881631
416.5909	0.111175507332045
415.1739	0.112253759432245
413.7569	0.113101097459635
412.3399	0.114278003474121
410.923	0.11355266766815
409.506	0.113767473226649
408.089	0.113491605450956
406.672	0.113528245412435
405.2551	0.113451795483018
403.8381	0.114897389727647
402.4211	0.115222298454531
401.0041	0.116200760827236
