3994.4546	0.0202320740366241
3993.0377	0.0206873205114117
3991.6207	0.0205939916010314
3990.2037	0.0207209106178464
3988.7867	0.020104280325101
3987.3698	0.0206453603560335
3985.9528	0.0208309323681579
3984.5358	0.0208325822082055
3983.1188	0.0198606383967205
3981.7019	0.0199086257859812
3980.2849	0.0209708954422939
3978.8679	0.0194585230230574
3977.4509	0.0209252987745864
3976.034	0.0204951949827442
3974.617	0.0201174027348083
3973.2	0.0198742532680979
3971.783	0.0204571314987235
3970.3661	0.0211913531930144
3968.9491	0.0202678237164583
3967.5321	0.0206086549039664
3966.1151	0.0207876020215842
3964.6982	0.0200195962875934
3963.2812	0.0199351560827292
3961.8642	0.021002740377514
3960.4472	0.0199684033369111
3959.0303	0.0212483125932057
3957.6133	0.0200844762699217
3956.1963	0.0208311330392472
3954.7793	0.020241026725836
3953.3624	0.0205586171072697
3951.9454	0.0212337819787317
3950.5284	0.0205083718001506
3949.1114	0.0200828983300793
3947.6944	0.0201776337184702
3946.2775	0.0208799124105908
3944.8605	0.0198227909258121
3943.4435	0.0206702672400696
3942.0265	0.0198557998289925
3940.6096	0.0198455008913717
3939.1926	0.0207171830285925
3937.7756	0.020623834323297
3936.3586	0.0199349767884862
3934.9417	0.0205529231533313
3933.5247	0.0198261635060413
3932.1077	0.0199109188157321
3930.6907	0.0206545517492732
3929.2738	0.0200057850701152
3927.8568	0.0200250166226603
3926.4398	0.020060932798762
3925.0228	0.0201710973424091
3923.6059	0.0196496695801327
3922.1889	0.0206194396911169
3920.7719	0.0203904535070603
3919.3549	0.0199329512289549
3917.938	0.020120623706934
3916.521	0.0201611120008569
3915.104	0.0201503800970357
3913.687	0.0193813848488153
3912.2701	0.0200807654204046
3910.8531	0.020687661206689
3909.4361	0.0193339064997354
3908.0191	0.0198131179358485
3906.6022	0.0193809843199498
3905.1852	0.0190832331922781
3903.7682	0.0201046240882628
3902.3512	0.020583384735977
3900.9342	0.0201425481595226
3899.5173	0.0197107522237872
3898.1003	0.0199150253110144
3896.6833	0.0197223497766842
3895.2663	0.0199264512899276
3893.8494	0.0188711057583117
3892.4324	0.0198311657012802
3891.0154	0.0192265610963815
3889.5984	0.0207218151316566
3888.1815	0.0201704099574602
3886.7645	0.0198147106784042
3885.3475	0.0201260363000774
3883.9305	0.0197714815202582
3882.5136	0.0203022554926995
3881.0966	0.0197152612395057
3879.6796	0.0196251054246774
3878.2626	0.0197443542054464
3876.8457	0.0198936922515649
3875.4287	0.01969217014651
3874.0117	0.020304953678008
3872.5947	0.0194197693844824
3871.1778	0.0192502367801632
3869.7608	0.0196055971826467
3868.3438	0.02024826325439
3866.9268	0.0199091595744293
3865.5099	0.0198766547660041
3864.0929	0.0197949392026648
3862.6759	0.020293274741772
3861.2589	0.0201013045988028
3859.842	0.0205127671791552
3858.425	0.0191017343197692
3857.008	0.0187933665957827
3855.591	0.0193102739562178
3854.174	0.0190058766136736
3852.7571	0.020074036242794
3851.3401	0.0194181609101842
3849.9231	0.0191968485122446
3848.5061	0.0191147276086809
3847.0892	0.019052393801225
3845.6722	0.0190868068203162
3844.2552	0.0187191738051889
3842.8382	0.019924435955071
3841.4213	0.0190637672094232
3840.0043	0.0198500565002054
3838.5873	0.0199399610458322
3837.1703	0.0188513467830092
3835.7534	0.0193440644869177
3834.3364	0.0192256760252961
3832.9194	0.019417459185686
3831.5024	0.0195394900604875
3830.0855	0.019416184340519
3828.6685	0.019605193821441
3827.2515	0.0193292896195173
3825.8345	0.0188623853474248
3824.4176	0.0196909036499281
3823.0006	0.0192642874942829
3821.5836	0.0199784087280349
3820.1666	0.0189729739031274
3818.7497	0.0192298067082367
3817.3327	0.0192216005160093
3815.9157	0.0193813540754552
3814.4987	0.0191329654328364
3813.0818	0.0189709926705029
3811.6648	0.0191105978865131
3810.2478	0.0188317740062677
3808.8308	0.0188536945137937
3807.4138	0.0201996073008848
3805.9969	0.0191823455799168
3804.5799	0.0192881532739417
3803.1629	0.0195874427598693
3801.7459	0.019516531661423
3800.329	0.0189815970762877
3798.912	0.0183876764984737
3797.495	0.0183605609180886
3796.078	0.0195717355931343
3794.6611	0.0185913866700717
3793.2441	0.0195647868702058
3791.8271	0.0187925457692169
3790.4101	0.0190660354017664
3788.9932	0.0191264187868716
3787.5762	0.0194521516134505
3786.1592	0.0192913044317563
3784.7422	0.0195223615156524
3783.3253	0.019143226079824
3781.9083	0.019551469025432
3780.4913	0.0196666647077779
3779.0743	0.0194421221265946
3777.6574	0.0184897602031346
3776.2404	0.0187695854176503
3774.8234	0.0182360122845781
3773.4064	0.0185401259968161
3771.9895	0.0188454030718276
3770.5725	0.0181931453468897
3769.1555	0.018271451716694
3767.7385	0.0184101580018809
3766.3216	0.0192539830948635
3764.9046	0.0186013057383646
3763.4876	0.0185709299529444
3762.0706	0.0194525448131284
3760.6536	0.0189050300480675
3759.2367	0.0188041915869304
3757.8197	0.0182575217949408
3756.4027	0.01812605582628
3754.9857	0.0191325654993187
3753.5688	0.0189559865054427
3752.1518	0.0189386343453625
3750.7348	0.0184281834566105
3749.3178	0.0188106324125088
3747.9009	0.0192266383728321
3746.4839	0.0192857550026031
3745.0669	0.018746180576597
3743.6499	0.0192621916353916
3742.233	0.0188321893290243
3740.816	0.0180442869713471
3739.399	0.0180129182623949
3737.982	0.0190436123858268
3736.5651	0.0183172566571297
3735.1481	0.0180213963558684
3733.7311	0.0178632703432513
3732.3141	0.0179725238639773
3730.8972	0.0186903757887064
3729.4802	0.0176081573466296
3728.0632	0.0179139652308891
3726.6462	0.018902943256944
3725.2293	0.0187881608271173
3723.8123	0.0186441377948062
3722.3953	0.0186648756555187
3720.9783	0.0190565520289886
3719.5614	0.0188480731813816
3718.1444	0.018004371623258
3716.7274	0.0184783386427025
3715.3104	0.0177347272920669
3713.8935	0.0178930131561957
3712.4765	0.0183931848045977
3711.0595	0.0179891286710106
3709.6425	0.0186111502737185
3708.2255	0.0178525921722548
3706.8086	0.0176395966157182
3705.3916	0.0176901342643704
3703.9746	0.0183624691690519
3702.5576	0.0180889165849146
3701.1407	0.0188360065792941
3699.7237	0.018047151569691
3698.3067	0.0180068940522561
3696.8897	0.017971431531594
3695.4728	0.017502650377369
3694.0558	0.017987137399135
3692.6388	0.017528421749127
3691.2218	0.0181540250914488
3689.8049	0.017808514847989
3688.3879	0.0174931169721174
3686.9709	0.0177397523380413
3685.5539	0.0174213325283997
3684.137	0.0182872402549773
3682.72	0.0176004032712753
3681.303	0.0171364086706281
3679.886	0.0181080217074013
3678.4691	0.017406530291819
3677.0521	0.0180042498186147
3675.6351	0.0178653119933624
3674.2181	0.016938795706441
3672.8012	0.0183913413392803
3671.3842	0.018524083225128
3669.9672	0.0187212779049607
3668.5502	0.0180559481838769
3667.1333	0.0178063740296964
3665.7163	0.0183665284113325
3664.2993	0.0177663707062663
3662.8823	0.0178490046365448
3661.4653	0.0179848841492045
3660.0484	0.0174353954690821
3658.6314	0.0177487205453954
3657.2144	0.0179043823160712
3655.7974	0.0181406948048597
3654.3805	0.0179942239915035
3652.9635	0.018352287939862
3651.5465	0.0179121382329752
3650.1295	0.0172850328528242
3648.7126	0.0176542434846396
3647.2956	0.0184296314267025
3645.8786	0.018664881101817
3644.4616	0.0191027820357939
3643.0447	0.0191478347157626
3641.6277	0.0181004623384015
3640.2107	0.0188525628937382
3638.7937	0.0188356179183369
3637.3768	0.0181077742736211
3635.9598	0.0191368869366389
3634.5428	0.0184358358230006
3633.1258	0.0189363940543389
3631.7089	0.0194995666549923
3630.2919	0.018965835704786
3628.8749	0.0191993987998436
3627.4579	0.0194330758861035
3626.041	0.0193546522082718
3624.624	0.0199822191799618
3623.207	0.0198925299337616
3621.79	0.0198490622158441
3620.3731	0.0197907831238794
3618.9561	0.0196507181645336
3617.5391	0.0199729711561469
3616.1221	0.0206616050710956
3614.7051	0.020146085613038
3613.2882	0.0195011868533928
3611.8712	0.0202535800199723
3610.4542	0.0208718318895876
3609.0372	0.0202387629144144
3607.6203	0.0205743567079052
3606.2033	0.0213230510701581
3604.7863	0.0220845256384185
3603.3693	0.0208104666398343
3601.9524	0.0214878026917735
3600.5354	0.0213644069208746
3599.1184	0.0215062451814712
3597.7014	0.0216032997231176
3596.2845	0.0226814035869074
3594.8675	0.022292695807884
3593.4505	0.0230012915739436
3592.0335	0.023154309374343
3590.6166	0.0227545305924719
3589.1996	0.0233354868216344
3587.7826	0.0238897088297422
3586.3656	0.023690619342
3584.9487	0.0230085463879496
3583.5317	0.0238327530905336
3582.1147	0.0236379109793653
3580.6977	0.0237117572866281
3579.2808	0.0252401654269237
3577.8638	0.025232703974927
3576.4468	0.0248324353895048
3575.0298	0.0259749983066379
3573.6129	0.0251164941790369
3572.1959	0.0255997266797729
3570.7789	0.0253440870765393
3569.3619	0.0260057125721438
3567.9449	0.0265212045748293
3566.528	0.0262017726468041
3565.111	0.0267900066395148
3563.694	0.0275297749708045
3562.277	0.0272317384075575
3560.8601	0.0277228450603114
3559.4431	0.0285710179432973
3558.0261	0.0284464634516129
3556.6091	0.0279386998242082
3555.1922	0.0287740500124184
3553.7752	0.0289322882727588
3552.3582	0.0294439289403818
3550.9412	0.029675181916789
3549.5243	0.0294165099209466
3548.1073	0.0306861659593761
3546.6903	0.0300884063924562
3545.2733	0.0306811446174835
3543.8564	0.0311508240584064
3542.4394	0.0314199093620821
3541.0224	0.0320423668882401
3539.6054	0.032056868632964
3538.1885	0.0327493432649851
3536.7715	0.0327876951392279
3535.3545	0.0327081762389624
3533.9375	0.0327012607741039
3532.5206	0.0339674791824867
3531.1036	0.0338519059477915
3529.6866	0.0330067241682922
3528.2696	0.0337103738183992
3526.8527	0.0346372323689765
3525.4357	0.0351401875553694
3524.0187	0.0358324402988162
3522.6017	0.0353047713128054
3521.1847	0.0360002837766496
3519.7678	0.0359698582164876
3518.3508	0.0364137051082208
3516.9338	0.0375235390868342
3515.5168	0.0376939228415976
3514.0999	0.0373915418879974
3512.6829	0.0379272957448229
3511.2659	0.0373985277702239
3509.8489	0.038207687027203
3508.432	0.038203313252522
3507.015	0.0386704841819515
3505.598	0.0391496772342533
3504.181	0.0392970853242246
3502.7641	0.0401202704619661
3501.3471	0.039524427251309
3499.9301	0.0384833012392493
3498.5131	0.0400807735114312
3497.0962	0.0407274986192939
3495.6792	0.0413198866897719
3494.2622	0.0416130141672133
3492.8452	0.0418449229529957
3491.4283	0.0415064121841072
3490.0113	0.0418278998978885
3488.5943	0.0425160137149474
3487.1773	0.0437957111713324
3485.7604	0.0430453100672857
3484.3434	0.043537626941831
3482.9264	0.0432509429048114
3481.5094	0.0440866866620417
3480.0925	0.0438908525974473
3478.6755	0.0448405047235606
3477.2585	0.0456572800244486
3475.8415	0.0461063878854611
3474.4245	0.0461059077144872
3473.0076	0.0465301797994012
3471.5906	0.0465396249388247
3470.1736	0.047017637729253
3468.7566	0.0468805278361779
3467.3397	0.0469875422866539
3465.9227	0.047780842322235
3464.5057	0.0481194235191416
3463.0887	0.0475996836029313
3461.6718	0.0478741047207314
3460.2548	0.0485965198260098
3458.8378	0.049263301964757
3457.4208	0.0490262648315421
3456.0039	0.0495205466092792
3454.5869	0.0499466802020288
3453.1699	0.0500433822964187
3451.7529	0.0505864897079921
3450.336	0.0507889576006242
3448.919	0.0504298657306076
3447.502	0.0513687282857234
3446.085	0.0506060377373438
3444.6681	0.0510883663944964
3443.2511	0.0515119910370324
3441.8341	0.0519364818873197
3440.4171	0.0523008043249058
3439.0002	0.0525106534595713
3437.5832	0.0525313238165704
3436.1662	0.0537704120559023
3434.7492	0.0534760626680913
3433.3323	0.0531299406090829
3431.9153	0.0537773765351401
3430.4983	0.0538730699693024
3429.0813	0.0549148316594009
3427.6643	0.0543857489462152
3426.2474	0.0553594263506056
3424.8304	0.0561572280279375
3423.4134	0.0561509386265118
3421.9964	0.0555312537345767
3420.5795	0.0556322366042193
3419.1625	0.0564401578597582
3417.7455	0.0573952567359478
3416.3285	0.0571667470314619
3414.9116	0.0567762920913257
3413.4946	0.0580030298941048
3412.0776	0.0574846576324393
3410.6606	0.0580845116381414
3409.2437	0.0575660407824896
3407.8267	0.0585811552739158
3406.4097	0.0582591693124458
3404.9927	0.0587880475055035
3403.5758	0.0584692091352531
3402.1588	0.0589715468049589
3400.7418	0.0592487777966411
3399.3248	0.0593834368408511
3397.9079	0.0603109570867661
3396.4909	0.0600410594747658
3395.0739	0.0609057070554502
3393.6569	0.060745750556699
3392.24	0.0613975918771709
3390.823	0.0606281229535313
3389.406	0.0606482838138656
3387.989	0.0614897551219548
3386.5721	0.061808096690422
3385.1551	0.0616252615273895
3383.7381	0.0618078672924255
3382.3211	0.0620335669123946
3380.9041	0.0629586559884897
3379.4872	0.0631113628684894
3378.0702	0.0631112641797184
3376.6532	0.0629366030471416
3375.2362	0.0632862542007052
3373.8193	0.0638439996150641
3372.4023	0.0638281382104149
3370.9853	0.062958314965705
3369.5683	0.0639440967856552
3368.1514	0.0626319496215322
3366.7344	0.0647329150880425
3365.3174	0.0636995406257522
3363.9004	0.0635162643459655
3362.4835	0.0646609620236289
3361.0665	0.0648614423923521
3359.6495	0.0649692325950738
3358.2325	0.0643755882276811
3356.8156	0.0658044333013654
3355.3986	0.064590279515665
3353.9816	0.0655553914412542
3352.5646	0.0650448869513003
3351.1477	0.0652575302366491
3349.7307	0.0656363071156975
3348.3137	0.0656769164321959
3346.8967	0.0662666125790158
3345.4798	0.0664380731689588
3344.0628	0.0655682105785179
3342.6458	0.0667027067611801
3341.2288	0.0659377050452666
3339.8119	0.0667567034252618
3338.3949	0.0666532423048994
3336.9779	0.0671623060153673
3335.5609	0.0667759850856264
3334.1439	0.0665024904072445
3332.727	0.0675213626928523
3331.31	0.0673447606629693
3329.893	0.067038346987892
3328.476	0.0673479694884858
3327.0591	0.0676119666664656
3325.6421	0.0672013819079062
3324.2251	0.0674563229045449
3322.8081	0.0678249694584932
3321.3912	0.0679230035395106
3319.9742	0.0671440648731369
3318.5572	0.067038411088603
3317.1402	0.0682472905995444
3315.7233	0.0676557441383402
3314.3063	0.0680652721761457
3312.8893	0.0687387856691495
3311.4723	0.0679444733497732
3310.0554	0.0684774744090611
3308.6384	0.0687018517996909
3307.2214	0.0677892883458164
3305.8044	0.0686492496578653
3304.3875	0.0688459546796752
3302.9705	0.0692219536071007
3301.5535	0.0690998676335108
3300.1365	0.0682423405934572
3298.7196	0.068386484061268
3297.3026	0.0692966323594985
3295.8856	0.0684636869332765
3294.4686	0.0689862926141708
3293.0517	0.0684628474909266
3291.6347	0.0681812128927411
3290.2177	0.06923783649769
3288.8007	0.0680605630106916
3287.3837	0.0685757813394061
3285.9668	0.0685163064371877
3284.5498	0.0683500583877441
3283.1328	0.0687155073747376
3281.7158	0.0689947433621399
3280.2989	0.0693039541133642
3278.8819	0.0682525444637343
3277.4649	0.0688871158575428
3276.0479	0.0683226729844072
3274.631	0.06949622869602
3273.214	0.0686588492610693
3271.797	0.0687361168924927
3270.38	0.0687518544756583
3268.9631	0.0697603786954431
3267.5461	0.0689922371014756
3266.1291	0.0689679114952791
3264.7121	0.0690138193305548
3263.2952	0.0692146143724834
3261.8782	0.0689010263768314
3260.4612	0.0692626530959116
3259.0442	0.0685036696933878
3257.6273	0.0683389636208119
3256.2103	0.0690084826914276
3254.7933	0.0686296772489442
3253.3763	0.0683076773944585
3251.9594	0.0690711706833918
3250.5424	0.0680609215164631
3249.1254	0.0684011068792634
3247.7084	0.0686779010954445
3246.2915	0.0684162122699413
3244.8745	0.0687077613845796
3243.4575	0.068060290750448
3242.0405	0.0677360975726829
3240.6235	0.0691335950732569
3239.2066	0.0680601323444715
3237.7896	0.0686354832426818
3236.3726	0.0686348015200656
3234.9556	0.0686143182281604
3233.5387	0.068684705503858
3232.1217	0.0676300451319473
3230.7047	0.068218749670491
3229.2877	0.0686011026670179
3227.8708	0.0674169550486312
3226.4538	0.0681539185099287
3225.0368	0.0678883461822131
3223.6198	0.0681117242674471
3222.2029	0.0683758423046375
3220.7859	0.0675099326584489
3219.3689	0.067577170008043
3217.9519	0.0670411402396166
3216.535	0.0673936197325808
3215.118	0.0676018189757536
3213.701	0.06711170730717
3212.284	0.0669452979970832
3210.8671	0.0676072793285366
3209.4501	0.0663132612144872
3208.0331	0.0668716978095891
3206.6161	0.0668549054947008
3205.1992	0.0660856474047847
3203.7822	0.0669841975427748
3202.3652	0.0654704901764202
3200.9482	0.0673228983044446
3199.5313	0.066399430429209
3198.1143	0.0660084159527387
3196.6973	0.0657385586909928
3195.2803	0.0655497664904499
3193.8633	0.0658055435150801
3192.4464	0.065576055459762
3191.0294	0.0657317378853098
3189.6124	0.064944190228679
3188.1954	0.0650752754896437
3186.7785	0.0644728048187619
3185.3615	0.0649712449586371
3183.9445	0.0648345410410231
3182.5275	0.0640844951276895
3181.1106	0.0643900660254796
3179.6936	0.0649786644023486
3178.2766	0.063250361736991
3176.8596	0.0635089081236721
3175.4427	0.0630385873982225
3174.0257	0.0637637850548554
3172.6087	0.0632698522883781
3171.1917	0.0634738046439686
3169.7748	0.0627264179223862
3168.3578	0.0627916872353327
3166.9408	0.0630955891275988
3165.5238	0.062354627251067
3164.1069	0.0623483560381685
3162.6899	0.0610801645060819
3161.2729	0.0617848230094654
3159.8559	0.0605413192604857
3158.439	0.0621696506592659
3157.022	0.0611234431822668
3155.605	0.0616182227098252
3154.188	0.0600035379662816
3152.7711	0.061260776494573
3151.3541	0.0610016929920645
3149.9371	0.0603142454895062
3148.5201	0.0603134008746498
3147.1031	0.060856689662025
3145.6862	0.0602815809169048
3144.2692	0.0594259419445843
3142.8522	0.0594302600263656
3141.4352	0.0598417982555002
3140.0183	0.058976222473384
3138.6013	0.0586343491808465
3137.1843	0.0591324159750846
3135.7673	0.0582425313402985
3134.3504	0.0588374647086649
3132.9334	0.0586167338080566
3131.5164	0.0581290455496373
3130.0994	0.0574816235258057
3128.6825	0.057469038956057
3127.2655	0.0577738017420532
3125.8485	0.057311460367648
3124.4315	0.0575431832488066
3123.0146	0.0574326646766652
3121.5976	0.0576471764545917
3120.1806	0.057066194961272
3118.7636	0.0565595047463753
3117.3467	0.056243513913619
3115.9297	0.0558350876847686
3114.5127	0.0555773958924426
3113.0957	0.0562258150721536
3111.6788	0.0549059638561342
3110.2618	0.0550347090742516
3108.8448	0.0550697395448585
3107.4278	0.0549574580297131
3106.0109	0.0554108737363153
3104.5939	0.0536072553477615
3103.1769	0.0535550886437236
3101.7599	0.0543181689626907
3100.3429	0.0541786023319727
3098.926	0.0543953423333109
3097.509	0.053370534028056
3096.092	0.0536621729997889
3094.675	0.0531569474831142
3093.2581	0.0530424086727897
3091.8411	0.0537549643141078
3090.4241	0.0533402798594605
3089.0071	0.052504458990331
3087.5902	0.0523464305083242
3086.1732	0.0526141864539527
3084.7562	0.0520492847145925
3083.3392	0.0523879900730124
3081.9223	0.0521477554736094
3080.5053	0.0512430146983515
3079.0883	0.0519918307949247
3077.6713	0.0517418641951576
3076.2544	0.0514661393452027
3074.8374	0.0506378515421221
3073.4204	0.0517570118080491
3072.0034	0.0507536082474833
3070.5865	0.0510790880784648
3069.1695	0.0509093280287445
3067.7525	0.0507409176122489
3066.3355	0.0500394842883322
3064.9186	0.0498142199784625
3063.5016	0.0500482909294924
3062.0846	0.0491621070698082
3060.6676	0.0497880121903517
3059.2507	0.0493854236132032
3057.8337	0.0485263201745619
3056.4167	0.0488911169010612
3054.9997	0.04893506190987
3053.5827	0.0472677832432378
3052.1658	0.0476665600788791
3050.7488	0.0480652631899339
3049.3318	0.0482471790798779
3047.9148	0.0479652972614512
3046.4979	0.0483713954422066
3045.0809	0.0467471234812197
3043.6639	0.0464057236221671
3042.2469	0.0466554066310582
3040.83	0.0475539583724262
3039.413	0.0463786956074506
3037.996	0.0480822178636259
3036.579	0.0461702988034885
3035.1621	0.0461465141110907
3033.7451	0.0465687060465125
3032.3281	0.0461374446655227
3030.9111	0.0461040255852913
3029.4942	0.045623246742796
3028.0772	0.0448009708070568
3026.6602	0.0452731982895249
3025.2432	0.0456294440730561
3023.8263	0.0451981463161065
3022.4093	0.044892968934186
3020.9923	0.0454733012850485
3019.5753	0.0447297307145763
3018.1584	0.044191256375711
3016.7414	0.0435807584330675
3015.3244	0.0445175772810308
3013.9074	0.0443841276280533
3012.4905	0.0444249544385581
3011.0735	0.0437158657626857
3009.6565	0.0441300096150446
3008.2395	0.0435790505537504
3006.8225	0.0441907935638945
3005.4056	0.043192748201337
3003.9886	0.0433042045579929
3002.5716	0.0435237083467468
3001.1546	0.043696333912125
2999.7377	0.0433111454692392
2998.3207	0.0426288089405341
2996.9037	0.0440666423445776
2995.4867	0.0444468934522545
2994.0698	0.0434407592387086
2992.6528	0.0437367637261332
2991.2358	0.0440416650691692
2989.8188	0.0427163106331209
2988.4019	0.043685862582937
2986.9849	0.0434398921297818
2985.5679	0.0441607098983453
2984.1509	0.0436927143407646
2982.734	0.04399882244065
2981.317	0.0437056316688324
2979.9	0.0436423957028519
2978.483	0.0442649297423522
2977.0661	0.0443717018283538
2975.6491	0.0443666398265578
2974.2321	0.043982127105387
2972.8151	0.0445235073672509
2971.3982	0.0446877099778043
2969.9812	0.0449137553123365
2968.5642	0.0457031807226214
2967.1472	0.0453711833396863
2965.7303	0.0458383954515417
2964.3133	0.04565018233894
2962.8963	0.0462317981988824
2961.4793	0.0458050000983396
2960.0623	0.0460427818366966
2958.6454	0.0458988039812932
2957.2284	0.0468639614112278
2955.8114	0.0476187923101072
2954.3944	0.04744936556924
2952.9775	0.0477616866357061
2951.5605	0.047751273803258
2950.1435	0.0487732793306331
2948.7265	0.0492340841397787
2947.3096	0.0492742348457454
2945.8926	0.0486187068773331
2944.4756	0.0504600200915784
2943.0586	0.0502843953910362
2941.6417	0.0502112472965141
2940.2247	0.0513970201726208
2938.8077	0.0520215763537909
2937.3907	0.0524068039129751
2935.9738	0.0523263835349444
2934.5568	0.0519165434315614
2933.1398	0.0526423931178689
2931.7228	0.0535106139824389
2930.3059	0.0534442580857995
2928.8889	0.0530387400477135
2927.4719	0.0534501971338475
2926.0549	0.0537895038485562
2924.638	0.0548299399546706
2923.221	0.0535657612578076
2921.804	0.0547765546239301
2920.387	0.0541805025079047
2918.9701	0.0540789614871073
2917.5531	0.0544919967717784
2916.1361	0.0539660668980097
2914.7191	0.0533836226109061
2913.3021	0.052883726854866
2911.8852	0.0525253862887768
2910.4682	0.0531745229484346
2909.0512	0.0533231683741572
2907.6342	0.0528135369334083
2906.2173	0.0523913421306032
2904.8003	0.0524453412893884
2903.3833	0.0519689261429416
2901.9663	0.0527555097684709
2900.5494	0.0519692258470187
2899.1324	0.0521960572333804
2897.7154	0.0526576282408818
2896.2984	0.0520875130197545
2894.8815	0.0520137858547
2893.4645	0.0516898891565265
2892.0475	0.0524293352217961
2890.6305	0.052648748685215
2889.2136	0.0523177048228766
2887.7966	0.0522231750200769
2886.3796	0.0516591472135262
2884.9626	0.0522365122781611
2883.5457	0.0518932788733624
2882.1287	0.0517847989400026
2880.7117	0.0510973763169416
2879.2947	0.0514049244520105
2877.8778	0.050963119889556
2876.4608	0.0503121289793809
2875.0438	0.0504080688527519
2873.6268	0.0500764298037816
2872.2099	0.0504679995029004
2870.7929	0.050061390236547
2869.3759	0.0503117745107343
2867.9589	0.0494306062904644
2866.5419	0.0493236158270426
2865.125	0.0486694251500894
2863.708	0.0488860603940885
2862.291	0.0488687106915865
2860.874	0.0486141722131836
2859.4571	0.0483850351913208
2858.0401	0.0480913659829593
2856.6231	0.0480416489872038
2855.2061	0.047646542368968
2853.7892	0.0478583604693043
2852.3722	0.0471160413364457
2850.9552	0.048109402765588
2849.5382	0.0470607344145827
2848.1213	0.0465338576119042
2846.7043	0.047748880564941
2845.2873	0.0457803282920068
2843.8703	0.0476410371734815
2842.4534	0.0457353026254278
2841.0364	0.0462675523917534
2839.6194	0.0461379764292188
2838.2024	0.0458999394742585
2836.7855	0.0456619158694674
2835.3685	0.0452641881660291
2833.9515	0.0450298781109081
2832.5345	0.0449913167918249
2831.1176	0.044720788032921
2829.7006	0.0441411347047095
2828.2836	0.0440078635095111
2826.8666	0.0438019274275844
2825.4497	0.0428617617368563
2824.0327	0.0437763903328402
2822.6157	0.044018224063632
2821.1987	0.0431975160088304
2819.7817	0.0442350053633939
2818.3648	0.0427942335515422
2816.9478	0.0439347763085931
2815.5308	0.0422001949092654
2814.1138	0.0418973270354805
2812.6969	0.0426702349981247
2811.2799	0.0423309977160468
2809.8629	0.0427159194023689
2808.4459	0.0418702032855373
2807.029	0.0422855950176496
2805.612	0.0409976868688681
2804.195	0.0424484182438283
2802.778	0.0423346918951317
2801.3611	0.0417263466822673
2799.9441	0.0411225980372834
2798.5271	0.0409624137871186
2797.1101	0.0410556822196573
2795.6932	0.0418969169617682
2794.2762	0.0413908082311931
2792.8592	0.0413580564384552
2791.4422	0.0412315364087881
2790.0253	0.0415993302002144
2788.6083	0.0402206343895769
2787.1913	0.0411349693603626
2785.7743	0.041128196174169
2784.3574	0.0409542339553971
2782.9404	0.0408470294715103
2781.5234	0.0408753054467093
2780.1064	0.0403360271407398
2778.6895	0.0412319165536782
2777.2725	0.0407823715951968
2775.8555	0.040144405074937
2774.4385	0.0400503843645555
2773.0215	0.0409089007569566
2771.6046	0.0404632296707092
2770.1876	0.0403980943750584
2768.7706	0.0398070590724674
2767.3536	0.040301714392666
2765.9367	0.0398563587459052
2764.5197	0.040241014043958
2763.1027	0.0402851912540716
2761.6857	0.0398943692587243
2760.2688	0.0407846894792998
2758.8518	0.0394311388906687
2757.4348	0.0400095426948495
2756.0178	0.0398378449977103
2754.6009	0.0390690555456642
2753.1839	0.0395284360661334
2751.7669	0.0393525483004784
2750.3499	0.039627383316269
2748.933	0.0394837303571128
2747.516	0.0395939048841814
2746.099	0.0388762981953583
2744.682	0.0395171905234577
2743.2651	0.0395501405720343
2741.8481	0.0395584277876609
2740.4311	0.039508927999005
2739.0141	0.0397641232087569
2737.5972	0.0391156571419241
2736.1802	0.0393491348067921
2734.7632	0.0395116550224374
2733.3462	0.0395944309470162
2731.9293	0.0395075046524034
2730.5123	0.0396469378644478
2729.0953	0.0393839403299122
2727.6783	0.0388168228254893
2726.2613	0.0387726025694284
2724.8444	0.0385150302163343
2723.4274	0.0383950366465143
2722.0104	0.0392745048730789
2720.5934	0.0390754899695054
2719.1765	0.0391417600806292
2717.7595	0.0389520511310112
2716.3425	0.0386245588270374
2714.9255	0.037857517937202
2713.5086	0.0381824041638262
2712.0916	0.0386873260559634
2710.6746	0.0389525518693524
2709.2576	0.0371230163629911
2707.8407	0.0379853795804584
2706.4237	0.0382650132384825
2705.0067	0.0381337111608577
2703.5897	0.0386732771681282
2702.1728	0.0377310502655587
2700.7558	0.0389076004978974
2699.3388	0.0379374039457842
2697.9218	0.0379473689934555
2696.5049	0.0385287449787812
2695.0879	0.0379210076192736
2693.6709	0.0375124707180867
2692.2539	0.037187881203922
2690.837	0.0381711574024256
2689.42	0.0374082206262016
2688.003	0.0377901416730279
2686.586	0.0374555419148616
2685.1691	0.037686973096918
2683.7521	0.0384964931200382
2682.3351	0.0373383856206091
2680.9181	0.0372263651318745
2679.5011	0.0375395027304306
2678.0842	0.0380163024793167
2676.6672	0.036903916279522
2675.2502	0.0370138117634212
2673.8332	0.0368068514653902
2672.4163	0.0380233884232498
2670.9993	0.0372418795483528
2669.5823	0.0370129764443452
2668.1653	0.0378012463693165
2666.7484	0.0372681543984906
2665.3314	0.037709568160597
2663.9144	0.0374364171927825
2662.4974	0.0382414974267993
2661.0805	0.0367517684041028
2659.6635	0.0375903909129042
2658.2465	0.0369622519408319
2656.8295	0.0365044475759515
2655.4126	0.0375316371655227
2653.9956	0.0365137409324209
2652.5786	0.0367309889263641
2651.1616	0.0370492425098908
2649.7447	0.0365916625680026
2648.3277	0.0371730970509071
2646.9107	0.0365598468949323
2645.4937	0.0357138190778981
2644.0768	0.0363056057622604
2642.6598	0.036425382678551
2641.2428	0.0358798600585526
2639.8258	0.035805940384281
2638.4089	0.0360775329814395
2636.9919	0.0359003078604945
2635.5749	0.0355807056308677
2634.1579	0.035607950109704
2632.741	0.0359214319186541
2631.324	0.0356897425028341
2629.907	0.0359651275294412
2628.49	0.0356604675916296
2627.073	0.0359614672682536
2625.6561	0.0355367550008057
2624.2391	0.0356213741812896
2622.8221	0.0356527755889803
2621.4051	0.0351276944865278
2619.9882	0.035173391829422
2618.5712	0.0356097837235111
2617.1542	0.0356447941744979
2615.7372	0.0349801487104063
2614.3203	0.0352516532122923
2612.9033	0.0346799675941364
2611.4863	0.0351575560395156
2610.0693	0.0346269755159065
2608.6524	0.034537000658487
2607.2354	0.0343952631156118
2605.8184	0.0348202677778468
2604.4014	0.0344766748658841
2602.9845	0.0346626182202372
2601.5675	0.0346964333763771
2600.1505	0.0344894815931304
2598.7335	0.0342606269947231
2597.3166	0.0350831278830428
2595.8996	0.0340822892899685
2594.4826	0.0331345078246379
2593.0656	0.033531376759465
2591.6487	0.0341633829238952
2590.2317	0.0345618523116661
2588.8147	0.034532187126769
2587.3977	0.0339639767518352
2585.9808	0.0332083601843143
2584.5638	0.0337755619638347
2583.1468	0.033965700362238
2581.7298	0.0341899035607639
2580.3128	0.0349118986803506
2578.8959	0.0338959050496669
2577.4789	0.033690464162068
2576.0619	0.0341257504963068
2574.6449	0.034078535403912
2573.228	0.0325422743464992
2571.811	0.0334225113998088
2570.394	0.0329933782516034
2568.977	0.0324890549374553
2567.5601	0.0336498815013228
2566.1431	0.0337773191379272
2564.7261	0.0331443184974003
2563.3091	0.033569852726456
2561.8922	0.0332290125746064
2560.4752	0.0341024282601618
2559.0582	0.0336213068458487
2557.6412	0.0337349069848254
2556.2243	0.0340739521527559
2554.8073	0.0327104744227968
2553.3903	0.0329431840986371
2551.9733	0.0322861193397208
2550.5564	0.0325470652352393
2549.1394	0.0324014760880574
2547.7224	0.0332023471147121
2546.3054	0.0333878174980768
2544.8885	0.0326106035257799
2543.4715	0.0321067066373942
2542.0545	0.0328641671089838
2540.6375	0.033114080861577
2539.2206	0.0326578948624268
2537.8036	0.0324979889255548
2536.3866	0.0325386199566154
2534.9696	0.0329837074593406
2533.5526	0.032545074346863
2532.1357	0.031932115743439
2530.7187	0.0319946446482315
2529.3017	0.0331056143142958
2527.8847	0.0321849601045553
2526.4678	0.0323707924580432
2525.0508	0.0310981464013938
2523.6338	0.0323465566326426
2522.2168	0.0322526781934145
2520.7999	0.0312177136202666
2519.3829	0.0318057904844996
2517.9659	0.0314360943016612
2516.5489	0.0315091268646183
2515.132	0.0319384270061955
2513.715	0.0321573130379556
2512.298	0.0323075494698436
2510.881	0.0319473431831499
2509.4641	0.0320312041865266
2508.0471	0.031857152146232
2506.6301	0.0315838766392241
2505.2131	0.0314238085100063
2503.7962	0.0318607856876289
2502.3792	0.0315211422172736
2500.9622	0.0311163457251867
2499.5452	0.0308725840409302
2498.1283	0.0311950282425184
2496.7113	0.0321339731233637
2495.2943	0.030990831026563
2493.8773	0.0305504556367256
2492.4604	0.0308008001177779
2491.0434	0.0314141431665668
2489.6264	0.0315917414469312
2488.2094	0.0317529877727023
2486.7924	0.0312611516787188
2485.3755	0.0322451740078697
2483.9585	0.0320008138072217
2482.5415	0.0316165961774627
2481.1245	0.0314107527042242
2479.7076	0.0310229835006679
2478.2906	0.0316790394091888
2476.8736	0.0310995579462243
2475.4566	0.031350284733005
2474.0397	0.030858098748327
2472.6227	0.0304322618598048
2471.2057	0.0311307584926626
2469.7887	0.0306200223848943
2468.3718	0.0297061444326452
2466.9548	0.0309921479555762
2465.5378	0.0308749321456075
2464.1208	0.0307738293403559
2462.7039	0.0305617413643842
2461.2869	0.0310292186987701
2459.8699	0.0306125930240153
2458.4529	0.0306059702100924
2457.036	0.0307624065849624
2455.619	0.0313010164583416
2454.202	0.0311354348998604
2452.785	0.0304493760671403
2451.3681	0.0308242734349739
2449.9511	0.0302785808041621
2448.5341	0.0311514284992229
2447.1171	0.0306668575894498
2445.7002	0.0300657610747238
2444.2832	0.0307510564802329
2442.8662	0.0310776949740446
2441.4492	0.0302706976397993
2440.0322	0.0311284525109437
2438.6153	0.0296772089190046
2437.1983	0.0309849095634303
2435.7813	0.0304524643377935
2434.3643	0.0304882761371267
2432.9474	0.0306033667424085
2431.5304	0.029965762276978
2430.1134	0.0304063305911687
2428.6964	0.0299976787652299
2427.2795	0.0312749395773118
2425.8625	0.0304507484311636
2424.4455	0.0305571643986792
2423.0285	0.0300050527064393
2421.6116	0.0297919826814688
2420.1946	0.0299570753935551
2418.7776	0.0300866531674173
2417.3606	0.0290940531066363
2415.9437	0.0293801312919445
2414.5267	0.0298844332586084
2413.1097	0.0297044232807869
2411.6927	0.0294888245750598
2410.2758	0.0295003181587999
2408.8588	0.0297103136420311
2407.4418	0.0299265325304024
2406.0248	0.029002433283888
2404.6079	0.0291180740531423
2403.1909	0.0293075950559791
2401.7739	0.0296646833539662
2400.3569	0.0292431357446339
2398.94	0.0296195444520048
2397.523	0.0290756861734552
2396.106	0.0289779292490786
2394.689	0.0290322097640074
2393.272	0.0297805945309219
2391.8551	0.0297352974218712
2390.4381	0.0288096395505182
2389.0211	0.0283793459426924
2387.6041	0.0292723409907488
2386.1872	0.0292624348552557
2384.7702	0.0292288260271323
2383.3532	0.0291780942025623
2381.9362	0.0282766742960747
2380.5193	0.0288245515675439
2379.1023	0.0292461750850948
2377.6853	0.028999273944425
2376.2683	0.0294774505221036
2374.8514	0.0289981151510999
2373.4344	0.0288493015992794
2372.0174	0.0285540202530414
2370.6004	0.0278028199752116
2369.1835	0.0287167543959228
2367.7665	0.0295671994813396
2366.3495	0.0291389457394907
2364.9325	0.0286144464778397
2363.5156	0.0296182164983164
2362.0986	0.0291376059152218
2360.6816	0.0295369876248878
2359.2646	0.0291167214246858
2357.8477	0.0290864599728048
2356.4307	0.0284517900519255
2355.0137	0.0288991214351605
2353.5967	0.0297081957293202
2352.1798	0.0289488977858366
2350.7628	0.0293786652893709
2349.3458	0.0295626325115731
2347.9288	0.0289361150791309
2346.5118	0.029227171973656
2345.0949	0.0297007894818101
2343.6779	0.0287097395888847
2342.2609	0.0295548987801966
2340.8439	0.0298709567352264
2339.427	0.0292011804099432
2338.01	0.0283024973967514
2336.593	0.0298500486562679
2335.176	0.0287293978978644
2333.7591	0.0289505901670836
2332.3421	0.0290783113418072
2330.9251	0.0288139726270727
2329.5081	0.0292017700541685
2328.0912	0.0289012951322921
2326.6742	0.0292696569882594
2325.2572	0.0293937647387754
2323.8402	0.0303279937130615
2322.4233	0.0303220678265433
2321.0063	0.0297505554547763
2319.5893	0.0295572432387974
2318.1723	0.028684681905501
2316.7554	0.0280560404338254
2315.3384	0.0294242670465401
2313.9214	0.0280995035235085
2312.5044	0.0289899503272576
2311.0875	0.0280922025233013
2309.6705	0.0279385995934539
2308.2535	0.0279115943158199
2306.8365	0.0293430103969671
2305.4196	0.0284832901523993
2304.0026	0.0285860237453943
2302.5856	0.0282896152631949
2301.1686	0.0286186520236681
2299.7516	0.0289990548980576
2298.3347	0.0283734214759711
2296.9177	0.0290413583733929
2295.5007	0.0290628129988579
2294.0837	0.0281982573856067
2292.6668	0.0290737875081119
2291.2498	0.0275925186286479
2289.8328	0.0281067122306917
2288.4158	0.0274330644286118
2286.9989	0.029286463990315
2285.5819	0.0286839516298957
2284.1649	0.0283833996365766
2282.7479	0.0282811143152605
2281.331	0.027858130533797
2279.914	0.0289891610676621
2278.497	0.0279337788828243
2277.08	0.0282696155840737
2275.6631	0.028634424856398
2274.2461	0.0273855495959599
2272.8291	0.0282882697640892
2271.4121	0.0270631925912687
2269.9952	0.0275514687463875
2268.5782	0.0276199306176913
2267.1612	0.027718692983864
2265.7442	0.0281952948410823
2264.3273	0.0273558472308541
2262.9103	0.0277550560059778
2261.4933	0.0268636049596961
2260.0763	0.027613842743836
2258.6594	0.0276443653515672
2257.2424	0.0278903435753735
2255.8254	0.0270831175739373
2254.4084	0.0269652242673312
2252.9914	0.0273420936755362
2251.5745	0.0259387322299317
2250.1575	0.0266666449777325
2248.7405	0.0266908970385365
2247.3235	0.0271868215438096
2245.9066	0.0264960372269884
2244.4896	0.0273598112159482
2243.0726	0.0271912317096009
2241.6556	0.026617713715425
2240.2387	0.0272080618046268
2238.8217	0.0271332567075815
2237.4047	0.0267423454734981
2235.9877	0.0271051676911016
2234.5708	0.0273126738628679
2233.1538	0.0277342727269483
2231.7368	0.0276719238040918
2230.3198	0.0266723916381693
2228.9029	0.0267798219042637
2227.4859	0.0263977798814083
2226.0689	0.026206967407692
2224.6519	0.0263429567609757
2223.235	0.0259545290965217
2221.818	0.0272485599755163
2220.401	0.0262494173713514
2218.984	0.0252701117485258
2217.5671	0.0260730474419551
2216.1501	0.0257331983058363
2214.7331	0.0260239946491881
2213.3161	0.0263519578669388
2211.8992	0.0256826093406516
2210.4822	0.025486643387514
2209.0652	0.0250764240050926
2207.6482	0.0267907806439814
2206.2312	0.0266095752677394
2204.8143	0.0267761469688491
2203.3973	0.0267620425398542
2201.9803	0.0270446546106697
2200.5633	0.0257235465347167
2199.1464	0.0255648418580007
2197.7294	0.0269328456309462
2196.3124	0.0265075129841702
2194.8954	0.0260756982256652
2193.4785	0.0270426098778933
2192.0615	0.0266039951035273
2190.6445	0.0261791435017851
2189.2275	0.0252934833944722
2187.8106	0.0258806687971777
2186.3936	0.0258389720584729
2184.9766	0.0255378227518271
2183.5596	0.025062657654697
2182.1427	0.0245120564989412
2180.7257	0.0247072415289344
2179.3087	0.0239208244499586
2177.8917	0.0249536686400742
2176.4748	0.0257220514213732
2175.0578	0.0246751291015176
2173.6408	0.0252352657318174
2172.2238	0.0263467877035342
2170.8069	0.0264613808489578
2169.3899	0.0260911342666516
2167.9729	0.0270100436658392
2166.5559	0.0257416416792341
2165.139	0.0251367201786198
2163.722	0.0263926657384785
2162.305	0.0254559787120965
2160.888	0.0245913453833307
2159.471	0.0238410250457663
2158.0541	0.0230073151603087
2156.6371	0.0231170214378866
2155.2201	0.0219541511627867
2153.8031	0.0228878164174629
2152.3862	0.0243525788990312
2150.9692	0.0238433329874713
2149.5522	0.0235960225083384
2148.1352	0.0244927523186697
2146.7183	0.0237580139650261
2145.3013	0.0237629318441125
2143.8843	0.0245110011875189
2142.4673	0.0241947023963465
2141.0504	0.0240980072122634
2139.6334	0.0241925413850495
2138.2164	0.024483986352535
2136.7994	0.0244391201365891
2135.3825	0.0243457126265285
2133.9655	0.0243340818204286
2132.5485	0.023576567891772
2131.1315	0.0238135214789482
2129.7146	0.0245944692991176
2128.2976	0.0239362238228804
2126.8806	0.0247440924160916
2125.4636	0.0250431917025409
2124.0467	0.0261382193871256
2122.6297	0.0264806238173763
2121.2127	0.0269878704758381
2119.7957	0.0257483043131573
2118.3788	0.0263886394205355
2116.9618	0.0259340631539561
2115.5448	0.0272402542556117
2114.1278	0.0263933373404796
2112.7108	0.0266994154163477
2111.2939	0.0260984786908132
2109.8769	0.0264780998197912
2108.4599	0.0259048425534247
2107.0429	0.0250459085097517
2105.626	0.0251320523250909
2104.209	0.0257587332835633
2102.792	0.0262368937788844
2101.375	0.0263623417914671
2099.9581	0.0260724619910803
2098.5411	0.0258500238947786
2097.1241	0.0256588289370321
2095.7071	0.0257076885190986
2094.2902	0.025235905057181
2092.8732	0.0257798931562265
2091.4562	0.0249388227317139
2090.0392	0.0245010981059591
2088.6223	0.026581017319261
2087.2053	0.0259587949889858
2085.7883	0.0252963045126094
2084.3713	0.0250251151232759
2082.9544	0.0256893843565003
2081.5374	0.0256982255025316
2080.1204	0.0260904303977877
2078.7034	0.0261096739324708
2077.2865	0.0270359282187776
2075.8695	0.0259570062389672
2074.4525	0.0258239253329556
2073.0355	0.026557618183777
2071.6186	0.0257278780090498
2070.2016	0.0252123486875496
2068.7846	0.026541231139139
2067.3676	0.0261531391771158
2065.9506	0.0253741022978734
2064.5337	0.0251295365495342
2063.1167	0.0254284141356173
2061.6997	0.0252199214790441
2060.2827	0.0240958055915241
2058.8658	0.0245970611267177
2057.4488	0.0242310678739329
2056.0318	0.0252099531765945
2054.6148	0.0244677652007392
2053.1979	0.024900633182534
2051.7809	0.0250130870368248
2050.3639	0.0256459301781859
2048.9469	0.0244239230908324
2047.53	0.0239338416620298
2046.113	0.0250823150442607
2044.696	0.023833016220041
2043.279	0.0238555071266376
2041.8621	0.0235199007370223
2040.4451	0.0234444273447407
2039.0281	0.0236329011625119
2037.6111	0.0243201985663381
2036.1942	0.023307380536832
2034.7772	0.0230907260275929
2033.3602	0.0234706662549845
2031.9432	0.023764715217024
2030.5263	0.0229976743544291
2029.1093	0.023483517620288
2027.6923	0.0224145740871723
2026.2753	0.0214167008677184
2024.8584	0.0220173499283817
2023.4414	0.0214189169629985
2022.0244	0.0219801430646573
2020.6074	0.0208747671345672
2019.1904	0.0216478687351343
2017.7735	0.0223784745889728
2016.3565	0.0223353854311921
2014.9395	0.0221147985426742
2013.5225	0.0213685079089434
2012.1056	0.021525383131101
2010.6886	0.0216822683390432
2009.2716	0.0206632856707135
2007.8546	0.0209961710029896
2006.4377	0.0214641709098518
2005.0207	0.0216592293122484
2003.6037	0.0214688617497909
2002.1867	0.0220077515005596
2000.7698	0.0218847803348813
1999.3528	0.0219608012204495
1997.9358	0.0228618478409411
1996.5188	0.0224584725462636
1995.1019	0.0214082919397925
1993.6849	0.0217636515294216
1992.2679	0.0220456446787209
1990.8509	0.0216395025990999
1989.434	0.0215961109318109
1988.017	0.0217856351021461
1986.6	0.0223092903674602
1985.183	0.0223056748911911
1983.7661	0.0226045868672669
1982.3491	0.0231049015143914
1980.9321	0.0231238047975735
1979.5151	0.0223145159587503
1978.0982	0.0222388045563976
1976.6812	0.0214749143907391
1975.2642	0.0217548024822028
1973.8472	0.0213582857367069
1972.4302	0.0209322703969922
1971.0133	0.0209122981230346
1969.5963	0.0210251480081454
1968.1793	0.0207780283486855
1966.7623	0.0214899624613638
1965.3454	0.021815963961336
1963.9284	0.0213548140541405
1962.5114	0.0217175398141632
1961.0944	0.021726681039988
1959.6775	0.0215553752448262
1958.2605	0.0225264818726105
1956.8435	0.0217058489726167
1955.4265	0.0215223332767462
1954.0096	0.0219804416598219
1952.5926	0.0226320009859092
1951.1756	0.022326585159446
1949.7586	0.0222919518504426
1948.3417	0.0227928068522749
1946.9247	0.0219088021870593
1945.5077	0.021853700737213
1944.0907	0.0221072041558067
1942.6738	0.0224064520840614
1941.2568	0.0222307054788734
1939.8398	0.0231286279882485
1938.4228	0.0232933868351226
1937.0059	0.0233023160224555
1935.5889	0.0229580081608412
1934.1719	0.0233179802902738
1932.7549	0.0236051733767779
1931.338	0.0231557347954342
1929.921	0.0231760624546961
1928.504	0.0234113338933933
1927.087	0.0222521447691598
1925.67	0.0238645072217866
1924.2531	0.0221731019934401
1922.8361	0.0229424228771423
1921.4191	0.0235940111585362
1920.0021	0.0234038274608015
1918.5852	0.0237052999074778
1917.1682	0.0237032411852369
1915.7512	0.0231341493403472
1914.3342	0.0224993908514468
1912.9173	0.0235907032564264
1911.5003	0.0229469745644534
1910.0833	0.0232222565740983
1908.6663	0.0239037812643596
1907.2494	0.0240390300356972
1905.8324	0.0239479389730142
1904.4154	0.0231040624023308
1902.9984	0.0235076530642677
1901.5815	0.0231580544841576
1900.1645	0.0234221807524989
1898.7475	0.0229037703321653
1897.3305	0.0229083691993468
1895.9136	0.0238136674423865
1894.4966	0.024118785130927
1893.0796	0.0236434604667638
1891.6626	0.0233824745307649
1890.2457	0.023147007354831
1888.8287	0.0233697634467391
1887.4117	0.0238411003872636
1885.9947	0.022884124978296
1884.5778	0.0242882938883127
1883.1608	0.0238919492314469
1881.7438	0.0231209336446058
1880.3268	0.0230005812421636
1878.9098	0.0232631072091069
1877.4929	0.0226220733486261
1876.0759	0.0224755988972232
1874.6589	0.0227404618011599
1873.2419	0.0233934616533958
1871.825	0.0232631921139277
1870.408	0.0237098147273036
1868.991	0.0235892575049233
1867.574	0.0236255287551968
1866.1571	0.0232911480758222
1864.7401	0.0238888928950587
1863.3231	0.0234833549934788
1861.9061	0.0240954667205449
1860.4892	0.0235384914502508
1859.0722	0.0230390366134918
1857.6552	0.0239015742552347
1856.2382	0.023294498482417
1854.8213	0.0237082593442461
1853.4043	0.0239174482235551
1851.9873	0.0233110689397276
1850.5703	0.0227422360133642
1849.1534	0.023545582681245
1847.7364	0.0233304958671875
1846.3194	0.023081084295651
1844.9024	0.0226061419572044
1843.4855	0.0234742651588833
1842.0685	0.0232274127507099
1840.6515	0.0239942108099785
1839.2345	0.0229457385683289
1837.8176	0.0230347121527917
1836.4006	0.0233428970174884
1834.9836	0.0236688224008423
1833.5666	0.0230340043903494
1832.1496	0.0228097012867609
1830.7327	0.023360127076131
1829.3157	0.0226250498848082
1827.8987	0.022914022154961
1826.4817	0.0235902564818197
1825.0648	0.0238458072480084
1823.6478	0.0237223134839605
1822.2308	0.023136103484319
1820.8138	0.0232238249347764
1819.3969	0.0229457358154804
1817.9799	0.0230802993450879
1816.5629	0.0230514186207957
1815.1459	0.023129778246142
1813.729	0.0225521595460823
1812.312	0.0223025097722447
1810.895	0.0227515315072483
1809.478	0.0237429214807229
1808.0611	0.0231993520910395
1806.6441	0.0233535694752774
1805.2271	0.0232100413205463
1803.8101	0.0237780386138035
1802.3932	0.0235848571410448
1800.9762	0.0232651113757515
1799.5592	0.0233102515538282
1798.1422	0.0228100958772028
1796.7253	0.0226725441133487
1795.3083	0.0231866914605606
1793.8913	0.0245805344045583
1792.4743	0.0223672552144838
1791.0574	0.0228915656528496
1789.6404	0.0236085550872728
1788.2234	0.0236227205280431
1786.8064	0.0235857372133588
1785.3894	0.023854510485998
1783.9725	0.0225086786970961
1782.5555	0.0238089692681464
1781.1385	0.0238748545893503
1779.7215	0.0240713757605622
1778.3046	0.0240869476036411
1776.8876	0.0235424173343629
1775.4706	0.0243337022658366
1774.0536	0.0236879282655877
1772.6367	0.0230505000937073
1771.2197	0.0234587338980022
1769.8027	0.0241263111637889
1768.3857	0.0232651154200036
1766.9688	0.0238881677455402
1765.5518	0.0240047778157414
1764.1348	0.0244884814208596
1762.7178	0.0240173558534291
1761.3009	0.0241799155641451
1759.8839	0.0246157577484617
1758.4669	0.0250148414069295
1757.0499	0.0251522194949414
1755.633	0.0246837263528648
1754.216	0.0247499312850337
1752.799	0.024573624556247
1751.382	0.0253549467918278
1749.9651	0.0256329467642218
1748.5481	0.0251270215734443
1747.1311	0.0246964836555275
1745.7141	0.0257968716577537
1744.2972	0.0264035539519521
1742.8802	0.0254959489399924
1741.4632	0.0264979753782857
1740.0462	0.0259829780387592
1738.6292	0.0268497278261836
1737.2123	0.0262331790516222
1735.7953	0.0265471546717074
1734.3783	0.0270118885807165
1732.9613	0.0274189184884894
1731.5444	0.0273852398313355
1730.1274	0.0281669874537766
1728.7104	0.0275111176492009
1727.2934	0.0290109478011914
1725.8765	0.0289933572047375
1724.4595	0.028973141944728
1723.0425	0.0286019017844674
1721.6255	0.0279536120839328
1720.2086	0.0296633379617696
1718.7916	0.0292716518158974
1717.3746	0.0293297296519598
1715.9576	0.0299123575723963
1714.5407	0.0304682803253958
1713.1237	0.0313073282778878
1711.7067	0.0313201642698281
1710.2897	0.0306189762368554
1708.8728	0.0317971963741338
1707.4558	0.0311039647861289
1706.0388	0.0310568428812213
1704.6218	0.0321016628638429
1703.2049	0.0316035396027266
1701.7879	0.0317084172382599
1700.3709	0.032015096809453
1698.9539	0.0324441928405151
1697.537	0.0326618061855226
1696.12	0.032591301056259
1694.703	0.0339962795929521
1693.286	0.0335920723569559
1691.869	0.0327278659620179
1690.4521	0.0336300126109486
1689.0351	0.0330090423422758
1687.6181	0.0333962770989305
1686.2011	0.0336435878576372
1684.7842	0.034279433139694
1683.3672	0.0348267475070277
1681.9502	0.0337452009355769
1680.5332	0.0334059119698735
1679.1163	0.0342960535443304
1677.6993	0.0341014502191918
1676.2823	0.0347103998197674
1674.8653	0.0347070900966829
1673.4484	0.0351619454093991
1672.0314	0.0349827702337217
1670.6144	0.0342968671862998
1669.1974	0.035451218753052
1667.7805	0.0354741315361909
1666.3635	0.0362760115741185
1664.9465	0.0371430200596639
1663.5295	0.0360526894425652
1662.1126	0.0363097942398579
1660.6956	0.036967148512963
1659.2786	0.0374583227668645
1657.8616	0.0374216361107715
1656.4447	0.0373322134451945
1655.0277	0.0374877987199213
1653.6107	0.0388300705600708
1652.1937	0.0391564284548846
1650.7768	0.0388322566696238
1649.3598	0.0397467369435692
1647.9428	0.0394784950133637
1646.5258	0.0400288505332667
1645.1088	0.0407244462094564
1643.6919	0.0412247097207523
1642.2749	0.0425516334309218
1640.8579	0.0436059023087333
1639.4409	0.0442081108396704
1638.024	0.043997398562509
1636.607	0.0448573349053218
1635.19	0.0458878961587411
1633.773	0.0463177187066149
1632.3561	0.0466405972048254
1630.9391	0.0471089908799606
1629.5221	0.0478785763074892
1628.1051	0.047776531912342
1626.6882	0.0491973403770593
1625.2712	0.0499840862270235
1623.8542	0.0495457538988344
1622.4372	0.0503120102662823
1621.0203	0.0511468379191223
1619.6033	0.0507552279346947
1618.1863	0.0504627967968828
1616.7693	0.0521886523675993
1615.3524	0.0521018338524622
1613.9354	0.052528462223978
1612.5184	0.0529534872008779
1611.1014	0.0530715854442532
1609.6845	0.053629502237178
1608.2675	0.0547631743048469
1606.8505	0.0552169662058489
1605.4335	0.0553920207343945
1604.0166	0.0571447105949023
1602.5996	0.0566571110980485
1601.1826	0.0573266182609977
1599.7656	0.0575838090854356
1598.3486	0.0568629008421051
1596.9317	0.0578152793315225
1595.5147	0.0573018632948749
1594.0977	0.0565060929902806
1592.6807	0.0559159947129254
1591.2638	0.0558473582841175
1589.8468	0.0551141988723619
1588.4298	0.0540747685380217
1587.0128	0.055085450043188
1585.5959	0.0539716383662421
1584.1789	0.0533792925144847
1582.7619	0.0520357857869899
1581.3449	0.0519979681943332
1579.928	0.0518566474463871
1578.511	0.0511636529635034
1577.094	0.049824845405228
1575.677	0.0490302992283995
1574.2601	0.0484408206722416
1572.8431	0.0481401923945939
1571.4261	0.0481533359168204
1570.0091	0.0470853359396812
1568.5922	0.04732959712946
1567.1752	0.0459476516575885
1565.7582	0.0452749612782904
1564.3412	0.0447438575837711
1562.9243	0.0441774403462634
1561.5073	0.0428246167593485
1560.0903	0.0421309704014218
1558.6733	0.0406872885965847
1557.2564	0.0399290894893589
1555.8394	0.0403608521784765
1554.4224	0.0385939474023447
1553.0054	0.0390163242419523
1551.5885	0.0378398003688223
1550.1715	0.0377626488536968
1548.7545	0.0370448517270432
1547.3375	0.0369382941565673
1545.9205	0.0369367425762176
1544.5036	0.0354160701970384
1543.0866	0.0354284947407977
1541.6696	0.0348268365939364
1540.2526	0.0345845436451411
1538.8357	0.035147083706235
1537.4187	0.0342341342338439
1536.0017	0.0342768451230561
1534.5847	0.0344001806437828
1533.1678	0.034389375700523
1531.7508	0.034203026170203
1530.3338	0.0348414407658446
1528.9168	0.0341767900555578
1527.4999	0.0347468839427558
1526.0829	0.034902632347779
1524.6659	0.035556163352893
1523.2489	0.0353457291836729
1521.832	0.0380207381020206
1520.415	0.0388367124052863
1518.998	0.0393092749270155
1517.581	0.0401419305508518
1516.1641	0.0411531040452378
1514.7471	0.042713554364745
1513.3301	0.0418241634632175
1511.9131	0.0430073683856391
1510.4962	0.0426787424600342
1509.0792	0.0439959251809226
1507.6622	0.0439921088352789
1506.2452	0.0445242484147657
1504.8283	0.0433103065272613
1503.4113	0.0424444654867353
1501.9943	0.0420768123177017
1500.5773	0.0408105170149627
1499.1603	0.0396829854953538
1497.7434	0.0388893344072159
1496.3264	0.0389112020328897
1494.9094	0.036528918746847
1493.4924	0.0365630590677748
1492.0755	0.0349607716880882
1490.6585	0.0361778336646907
1489.2415	0.0356525937633723
1487.8245	0.0359282921540668
1486.4076	0.0366743673974026
1484.9906	0.0378441701270621
1483.5736	0.037443218379572
1482.1566	0.0379650245389192
1480.7397	0.0380495160576391
1479.3227	0.0384116423837455
1477.9057	0.0394805079142516
1476.4887	0.0389583518714098
1475.0718	0.038721211344428
1473.6548	0.0398278709053136
1472.2378	0.0399888276571043
1470.8208	0.0412443693534047
1469.4039	0.0417788320650666
1467.9869	0.0427788936493457
1466.5699	0.0439846729902121
1465.1529	0.0448397866711905
1463.736	0.0455545029792978
1462.319	0.0463645977137436
1460.902	0.0474412006714624
1459.485	0.0474418743914466
1458.0681	0.0490650654087332
1456.6511	0.0494687365614288
1455.2341	0.050272961683045
1453.8171	0.0502317189152939
1452.4001	0.0503937487777355
1450.9832	0.0498348229381498
1449.5662	0.0504487336030288
1448.1492	0.0505808257946455
1446.7322	0.0504055768370181
1445.3153	0.0498117875164562
1443.8983	0.0504397145528973
1442.4813	0.0505336023667311
1441.0643	0.0514794557026953
1439.6474	0.0520488458330267
1438.2304	0.0502270274284926
1436.8134	0.0509990992482563
1435.3964	0.0518300295891045
1433.9795	0.0526393242383029
1432.5625	0.0528450041896793
1431.1455	0.0537439826141912
1429.7285	0.0542330415423856
1428.3116	0.0551252236529777
1426.8946	0.0552902732699233
1425.4776	0.055154513200418
1424.0606	0.0559080901277891
1422.6437	0.0569154090479366
1421.2267	0.0570760527311075
1419.8097	0.0574630261046208
1418.3927	0.0577399918036346
1416.9758	0.0581648164631725
1415.5588	0.0576773343422622
1414.1418	0.0581037974927988
1412.7248	0.0586115098381291
1411.3079	0.0579300615470222
1409.8909	0.0575841381302931
1408.4739	0.0579936025746426
1407.0569	0.0578795642354745
1405.6399	0.0586341749021393
1404.223	0.0583197814026055
1402.806	0.0583165113560178
1401.389	0.0591103880459691
1399.972	0.0588928569567877
1398.5551	0.0595446877888245
1397.1381	0.0599513648211634
1395.7211	0.0592808959199129
1394.3041	0.0597289895222316
1392.8872	0.0607590104671829
1391.4702	0.0608256262861023
1390.0532	0.0606975892906084
1388.6362	0.0622254918770457
1387.2193	0.0633059777612244
1385.8023	0.0626914305013601
1384.3853	0.0634850400743241
1382.9683	0.0629612300604461
1381.5514	0.0632454805910184
1380.1344	0.0628053083918733
1378.7174	0.0627242454686179
1377.3004	0.0625719095211358
1375.8835	0.0614888603186794
1374.4665	0.0625504743871758
1373.0495	0.0617242127170804
1371.6325	0.0630366581865071
1370.2156	0.0642217326689227
1368.7986	0.0644579962609125
1367.3816	0.0650271371401231
1365.9646	0.065751737522078
1364.5477	0.0661750042335703
1363.1307	0.0663886824719679
1361.7137	0.0662442937486284
1360.2967	0.0662549848756261
1358.8797	0.0657741274981015
1357.4628	0.0652229197976879
1356.0458	0.0641048291972982
1354.6288	0.0634705061739775
1353.2118	0.062275128785875
1351.7949	0.0623868653549266
1350.3779	0.0625365399191981
1348.9609	0.0628626258471647
1347.5439	0.0621582054246928
1346.127	0.0625531678770854
1344.71	0.0632171419143977
1343.293	0.0633241573322511
1341.876	0.0631380053396934
1340.4591	0.0640761600369259
1339.0421	0.0636804772924678
1337.6251	0.0633586317611371
1336.2081	0.0637698883807384
1334.7912	0.0647539865962499
1333.3742	0.063576317461726
1331.9572	0.0636249651891049
1330.5402	0.0633455122418211
1329.1233	0.0622518911651906
1327.7063	0.0629174652564209
1326.2893	0.0616927380216799
1324.8723	0.0604389296114261
1323.4554	0.0603230979268331
1322.0384	0.0601816809792734
1320.6214	0.0593406568252056
1319.2044	0.0587176660376243
1317.7875	0.0577440925132503
1316.3705	0.0579677375942733
1314.9535	0.0570641159136177
1313.5365	0.0570773764986891
1312.1195	0.0573761993829571
1310.7026	0.0564019711796599
1309.2856	0.0561638122484331
1307.8686	0.0556807695306189
1306.4516	0.0562438627073118
1305.0347	0.0565578348844428
1303.6177	0.0561334450500946
1302.2007	0.0575935086750258
1300.7837	0.0562732868807659
1299.3668	0.0567669224319102
1297.9498	0.0566960743671539
1296.5328	0.056909670377142
1295.1158	0.0573883494716788
1293.6989	0.0567215149863634
1292.2819	0.057030386372913
1290.8649	0.0567448319421394
1289.4479	0.0570068052010049
1288.031	0.0566183525545843
1286.614	0.0573446728724281
1285.197	0.0572328918823658
1283.78	0.0574222808108454
1282.3631	0.057891519680514
1280.9461	0.0574519013718479
1279.5291	0.0591370547306172
1278.1121	0.0593693416244088
1276.6952	0.0605098940919478
1275.2782	0.0604272553721044
1273.8612	0.0610189475127034
1272.4442	0.062083287928998
1271.0273	0.0630721969288698
1269.6103	0.0629539385102841
1268.1933	0.0626482124529249
1266.7763	0.0623184835668236
1265.3593	0.062123808625594
1263.9424	0.0625813083594422
1262.5254	0.0620577577001192
1261.1084	0.0613701278386155
1259.6914	0.0606022705236441
1258.2745	0.0610515307587275
1256.8575	0.0617341490460098
1255.4405	0.0615171507986712
1254.0235	0.061995678559939
1252.6066	0.0615037918838515
1251.1896	0.0611434030898802
1249.7726	0.0605866641675736
1248.3556	0.0613677152908428
1246.9387	0.0605270610441664
1245.5217	0.0603502976966487
1244.1047	0.0594451300044162
1242.6877	0.0603522389971892
1241.2708	0.0599058262877193
1239.8538	0.0603654680959107
1238.4368	0.0607106331439638
1237.0198	0.060558721037402
1235.6029	0.06082081992767
1234.1859	0.060449801121944
1232.7689	0.0604340643489018
1231.3519	0.0603114748725963
1229.935	0.060534685008775
1228.518	0.0584144363485033
1227.101	0.0574145234888188
1225.684	0.0577352072324449
1224.2671	0.0562736493456847
1222.8501	0.0566218131649315
1221.4331	0.0540342907309507
1220.0161	0.0540571330543107
1218.5991	0.0548280463007883
1217.1822	0.0533914156582009
1215.7652	0.0534204026819818
1214.3482	0.0531987964675583
1212.9312	0.0530993337409421
1211.5143	0.0529343896259278
1210.0973	0.0521574661427959
1208.6803	0.0523230694049271
1207.2633	0.051192133452036
1205.8464	0.0509444699573317
1204.4294	0.0501682731354619
1203.0124	0.0497155686411951
1201.5954	0.0487142456710919
1200.1785	0.0492312276943537
1198.7615	0.0477056222489899
1197.3445	0.0474853668490359
1195.9275	0.0469563764869388
1194.5106	0.0469612975524048
1193.0936	0.0461969302635355
1191.6766	0.0458391089667613
1190.2596	0.0448282339007852
1188.8427	0.0443045311537094
1187.4257	0.0443007184421482
1186.0087	0.0432899728054989
1184.5917	0.0430204403138046
1183.1748	0.0426746812286512
1181.7578	0.0424631014080551
1180.3408	0.042947698133763
1178.9238	0.0424311236884725
1177.5069	0.0436636820590687
1176.0899	0.0441066484720839
1174.6729	0.0448671281290643
1173.2559	0.0467086364055459
1171.8389	0.0475547119620177
1170.422	0.049056884360342
1169.005	0.0503731433225138
1167.588	0.0531515535682
1166.171	0.0544190631008899
1164.7541	0.0578067010727419
1163.3371	0.061411062856175
1161.9201	0.0634613838561011
1160.5031	0.0673647990789946
1159.0862	0.0698019065370677
1157.6692	0.0724188771936846
1156.2522	0.0752877475853737
1154.8352	0.0783840586062873
1153.4183	0.0800075997635304
1152.0013	0.0821543986083819
1150.5843	0.0832820911338203
1149.1673	0.0851539726044958
1147.7504	0.0844757390229056
1146.3334	0.0849506943818701
1144.9164	0.0858311940448953
1143.4994	0.0844346322237915
1142.0825	0.0829848649006372
1140.6655	0.0819165461152457
1139.2485	0.0807377894991707
1137.8315	0.0803575697755792
1136.4146	0.0784340902783321
1134.9976	0.0769335155168767
1133.5806	0.0771184658962883
1132.1636	0.0768947200066677
1130.7467	0.0769169949161533
1129.3297	0.0766845782642913
1127.9127	0.0772528059898984
1126.4957	0.0790891959375278
1125.0787	0.0787913945966938
1123.6618	0.0795996628626665
1122.2448	0.0797829928970956
1120.8278	0.0803350500684445
1119.4108	0.0801190151106935
1117.9939	0.0790881045639209
1116.5769	0.0800215017543775
1115.1599	0.0800136428110105
1113.7429	0.0806050819477529
1112.326	0.081443127823424
1110.909	0.0816338933742629
1109.492	0.0822390571096651
1108.075	0.0837543410686871
1106.6581	0.0850495341084289
1105.2411	0.084782472608897
1103.8241	0.085972461367055
1102.4071	0.0864580377464851
1100.9902	0.0870131536061686
1099.5732	0.0871328610213816
1098.1562	0.0882445981295505
1096.7392	0.0875967496067154
1095.3223	0.0879430668176803
1093.9053	0.0886469697168757
1092.4883	0.0900177224011427
1091.0713	0.0899483404374892
1089.6544	0.0918558174053877
1088.2374	0.0941778834415644
1086.8204	0.0970985137616022
1085.4034	0.0982045897580872
1083.9865	0.102735178939408
1082.5695	0.104407309159541
1081.1525	0.107477337238736
1079.7355	0.110051682912691
1078.3185	0.112733033707089
1076.9016	0.113636648372622
1075.4846	0.11335009166245
1074.0676	0.112887402627548
1072.6506	0.111734058663554
1071.2337	0.110062516868205
1069.8167	0.106634870350366
1068.3997	0.105631382517967
1066.9827	0.103738870058184
1065.5658	0.104047391951698
1064.1488	0.103502841226689
1062.7318	0.104128746950455
1061.3148	0.105061819159408
1059.8979	0.106920966314332
1058.4809	0.107985708460505
1057.0639	0.110494543942639
1055.6469	0.111909274302314
1054.23	0.11394734900633
1052.813	0.116227391055914
1051.396	0.118762482260111
1049.979	0.120312447767968
1048.5621	0.12195390245302
1047.1451	0.123810458062422
1045.7281	0.126913519661787
1044.3111	0.129327999125683
1042.8942	0.131652233331157
1041.4772	0.133774096644645
1040.0602	0.135895835434286
1038.6432	0.138028106481319
1037.2263	0.140806708372342
1035.8093	0.142591649907978
1034.3923	0.144984261310172
1032.9753	0.14694983667572
1031.5583	0.149850664152227
1030.1414	0.15089651159406
1028.7244	0.154560528129385
1027.3074	0.156874199578952
1025.8904	0.159654312620778
1024.4735	0.161334427357
1023.0565	0.163354439942478
1021.6395	0.165503373443493
1020.2225	0.167562915847151
1018.8056	0.169669753804722
1017.3886	0.171835879362368
1015.9716	0.172442475808763
1014.5546	0.173617678148162
1013.1377	0.173207969545166
1011.7207	0.172864881185796
1010.3037	0.173524824452051
1008.8867	0.174384434778338
1007.4698	0.1749925419545
1006.0528	0.175665461757769
1004.6358	0.176182959770889
1003.2188	0.175584108520192
1001.8019	0.176578320867695
1000.3849	0.177734418449871
998.9679	0.178393587133233
997.5509	0.179757509695802
996.134	0.181234251637399
994.717	0.181738427491369
993.3	0.182534856341177
991.883	0.18168352751175
990.4661	0.182261182391163
989.0491	0.182601389173796
987.6321	0.181469897219447
986.2151	0.180845061257646
984.7981	0.179211627117802
983.3812	0.176189755792248
981.9642	0.175057263696814
980.5472	0.173039261443106
979.1302	0.170394028349324
977.7133	0.166182924933265
976.2963	0.163994751173932
974.8793	0.160921667359706
973.4623	0.158115755509989
972.0454	0.154873554508538
970.6284	0.150639300107595
969.2114	0.146533429521202
967.7944	0.14410657739946
966.3775	0.141045025258426
964.9605	0.137465138877134
963.5435	0.134018893042697
962.1265	0.131501074211768
960.7096	0.1287226699768
959.2926	0.125559169205087
957.8756	0.123555371790599
956.4586	0.121232906373964
955.0417	0.118511928421141
953.6247	0.115791894638137
952.2077	0.11404149801991
950.7907	0.110686411174963
949.3738	0.108685688963749
947.9568	0.107825477412941
946.5398	0.107738545779026
945.1228	0.106571299710465
943.7059	0.10580339385404
942.2889	0.104980395790777
940.8719	0.105866793789971
939.4549	0.106539091716992
938.0379	0.106769502766609
936.621	0.106666825357404
935.204	0.10680284007125
933.787	0.107618159290928
932.37	0.106814661236219
930.9531	0.106916235610877
929.5361	0.107634691291745
928.1191	0.107052517929898
926.7021	0.106689689176786
925.2852	0.106317510856018
923.8682	0.106790044039361
922.4512	0.105492149101744
921.0342	0.106031820729343
919.6173	0.105838653744627
918.2003	0.105167747621392
916.7833	0.104132272411298
915.3663	0.103936433768689
913.9494	0.102260138715118
912.5324	0.103060361568029
911.1154	0.100722487141228
909.6984	0.100422474596965
908.2815	0.0996434217582993
906.8645	0.098407355100622
905.4475	0.0960019613508959
904.0305	0.094319525245892
902.6136	0.0944377011401059
901.1966	0.09441329255437
899.7796	0.092468338465316
898.3626	0.0923313968768579
896.9457	0.091662540615606
895.5287	0.0911863325362927
894.1117	0.0897619411747648
892.6947	0.0900936584698471
891.2777	0.0890006506618141
889.8608	0.0888293662900978
888.4438	0.0875648855467318
887.0268	0.0871030172836666
885.6098	0.0862214778511479
884.1929	0.084759559549484
882.7759	0.0837550180384098
881.3589	0.0835363893223079
879.9419	0.0831162799028449
878.525	0.082552425161842
877.108	0.0826818622811892
875.691	0.0819904433978335
874.274	0.0814502503025121
872.8571	0.0808277116669218
871.4401	0.0817641742798772
870.0231	0.0814573499650557
868.6061	0.0824113181382639
867.1892	0.0843508702862215
865.7722	0.0841283234362874
864.3552	0.0847629412896771
862.9382	0.0859582690074102
861.5213	0.0855871291569253
860.1043	0.0863788094455622
858.6873	0.0859204213666634
857.2703	0.0860421056748924
855.8534	0.0865902238586133
854.4364	0.0866353555164767
853.0194	0.0859219403415523
851.6024	0.0875959717575541
850.1855	0.0870875438734236
848.7685	0.0866330554115847
847.3515	0.0869235878146459
845.9345	0.0867045852544659
844.5175	0.0871227817271676
843.1006	0.0852559520225874
841.6836	0.0858678957249327
840.2666	0.0859346281288681
838.8496	0.0849944792477335
837.4327	0.0845338379547049
836.0157	0.0839800145188301
834.5987	0.0832976394726102
833.1817	0.0829549650591522
831.7648	0.0817324814102255
830.3478	0.082832261090313
828.9308	0.0809757802050948
827.5138	0.0807101863021642
826.0969	0.0813038987142937
824.6799	0.0799989672500594
823.2629	0.0805569440219272
821.8459	0.0803361612614782
820.429	0.0809456226300913
819.012	0.0803707794679582
817.595	0.0800757447103352
816.178	0.0793496553486624
814.7611	0.0793777069796556
813.3441	0.0788773569753385
811.9271	0.0780120277166052
810.5101	0.0783384534652711
809.0932	0.0780810540829531
807.6762	0.0775672553833838
806.2592	0.0766164759736447
804.8422	0.0768138341397679
803.4253	0.0775150387747933
802.0083	0.076661677104998
800.5913	0.0768557845742758
799.1743	0.077213451597232
797.7573	0.076157460134125
796.3404	0.0761156652315353
794.9234	0.0761980214265574
793.5064	0.0772346384566869
792.0894	0.0780703872885777
790.6725	0.0768640295068858
789.2555	0.0790791031083827
787.8385	0.0789457107390674
786.4215	0.0789241715922121
785.0046	0.0797144065652682
783.5876	0.0802693451744906
782.1706	0.0797530110828041
780.7536	0.0812358021256269
779.3367	0.0816474473455649
777.9197	0.08140057099113
776.5027	0.0823760021113458
775.0857	0.0839107473795077
773.6688	0.0844157158689923
772.2518	0.0853887771374777
770.8348	0.0859340264069851
769.4178	0.0879596317858466
768.0009	0.0882999200347011
766.5839	0.0899416476762709
765.1669	0.0918249096374977
763.7499	0.090954900926252
762.333	0.0908531023161365
760.916	0.0917577224683662
759.499	0.0922949802239062
758.082	0.0914334452239792
756.6651	0.0911405818808062
755.2481	0.0906707851840458
753.8311	0.09038832002061
752.4141	0.0898232726188415
750.9971	0.0891610483727461
749.5802	0.0877398211903037
748.1632	0.0878150685095262
746.7462	0.0860741630559542
745.3292	0.0859035372574235
743.9123	0.0853905604745757
742.4953	0.0846413727081261
741.0783	0.0836132579681498
739.6613	0.0835171427442731
738.2444	0.0831766998564867
736.8274	0.0839272985221294
735.4104	0.0843482555942676
733.9934	0.0835621450254717
732.5765	0.084229783817319
731.1595	0.083602283053018
729.7425	0.084359449171048
728.3255	0.085700794527801
726.9086	0.0845851443975176
725.4916	0.0854569077424231
724.0746	0.0869918500636444
722.6576	0.0875215325844527
721.2407	0.0882132778021308
719.8237	0.0895290759591213
718.4067	0.0909401357602623
716.9897	0.0904650756223419
715.5728	0.0918148036186689
714.1558	0.0918378085500498
712.7388	0.0926783869538504
711.3218	0.0939493483307357
709.9049	0.0945532670326412
708.4879	0.0946295093562405
707.0709	0.0952525373879032
705.6539	0.0965830062969634
704.2369	0.0970872642849033
702.82	0.0973483114533002
701.403	0.0965516620553132
699.986	0.0955643635856382
698.569	0.0956461382542134
697.1521	0.095694544384315
695.7351	0.096301748814538
694.3181	0.0961715008247186
692.9011	0.0954817067557363
691.4842	0.0948266411657695
690.0672	0.0948375096259035
688.6502	0.0955215424004051
687.2332	0.0945982814405774
685.8163	0.0957105680281295
684.3993	0.0962303308875592
682.9823	0.0964365279922254
681.5653	0.0959950541523707
680.1484	0.0962592036947758
678.7314	0.095868368065697
677.3144	0.0962438461247736
675.8974	0.0964217476175106
674.4805	0.0972080825901591
673.0635	0.0964354002132136
671.6465	0.0964013118886764
670.2295	0.0972578550085414
668.8126	0.0972345698449985
667.3956	0.0976121147871562
665.9786	0.0979554905042939
664.5616	0.098520603222613
663.1447	0.0998828370234383
661.7277	0.0997677946541493
660.3107	0.0996200888218646
658.8937	0.0995604725844572
657.4767	0.100563019019436
656.0598	0.101224689879504
654.6428	0.100553547394636
653.2258	0.100362928432114
651.8088	0.101120342386603
650.3919	0.101580070911319
648.9749	0.101930378628912
647.5579	0.101960495329715
646.1409	0.10189692098644
644.724	0.102898279445279
643.307	0.102989470876513
641.89	0.102879498018299
640.473	0.104232588177677
639.0561	0.103905856192058
637.6391	0.104365548344965
636.2221	0.104550274942849
634.8051	0.104171188687489
633.3882	0.105519322439612
631.9712	0.104631850469087
630.5542	0.105068952963813
629.1372	0.105277366399764
627.7203	0.107096028219881
626.3033	0.107194733946148
624.8863	0.107984997827899
623.4693	0.108835060110882
622.0524	0.109424217083696
620.6354	0.110258768055372
619.2184	0.111307334051405
617.8014	0.112487604278781
616.3845	0.114255080114437
614.9675	0.115418659931134
613.5505	0.116697718828059
612.1335	0.117579045896228
610.7165	0.118277199688563
609.2996	0.11914315245744
607.8826	0.119244725827133
606.4656	0.120785139317259
605.0486	0.120861432196105
603.6317	0.120439986603798
602.2147	0.12066160948167
600.7977	0.119929995785093
599.3807	0.121944739073869
597.9638	0.12207685111005
596.5468	0.121342972858903
595.1298	0.121035253986385
593.7128	0.121778116364897
592.2959	0.122177519542523
590.8789	0.12197757099676
589.4619	0.123468044298826
588.0449	0.123298195195981
586.628	0.124144173163899
585.211	0.125976062100206
583.794	0.126522061934672
582.377	0.128616422467123
580.9601	0.129853604798158
579.5431	0.131501290772006
578.1261	0.1334745556724
576.7091	0.13511615022431
575.2922	0.137492168799189
573.8752	0.138250693221363
572.4582	0.139670803810349
571.0412	0.13909711168685
569.6243	0.139261390986194
568.2073	0.138443021731358
566.7903	0.138797328928314
565.3733	0.138667749331248
563.9563	0.137130572253381
562.5394	0.137144776307982
561.1224	0.13583882820214
559.7054	0.134285702215825
558.2884	0.134896134123092
556.8715	0.133899382818336
555.4545	0.134320641720723
554.0375	0.133851556061107
552.6205	0.133178754836018
551.2036	0.132767960708491
549.7866	0.132584782660261
548.3696	0.132863881503648
546.9526	0.131771780010103
545.5357	0.132223551682911
544.1187	0.131373774733097
542.7017	0.13192489671437
541.2847	0.132364167494601
539.8678	0.132659769553697
538.4508	0.133787217617089
537.0338	0.134741141014526
535.6168	0.136002322255604
534.1999	0.136342456756186
532.7829	0.137752461602807
531.3659	0.139858920188716
529.9489	0.140743337864066
528.532	0.142180832077468
527.115	0.14289157199422
525.698	0.143956746321098
524.281	0.14317340548943
522.8641	0.143578405387801
521.4471	0.144105597692367
520.0301	0.144467598118336
518.6131	0.145422275679069
517.1962	0.144787980112083
515.7792	0.145728743406217
514.3622	0.145414856300842
512.9452	0.143654732805048
511.5282	0.143975306813554
510.1113	0.144227898593265
508.6943	0.14416817606709
507.2773	0.144019207528316
505.8603	0.143053877811657
504.4434	0.142666025247144
503.0264	0.14309032712462
501.6094	0.141855328776379
500.1924	0.142175658898448
498.7755	0.142762143994658
497.3585	0.142254101994783
495.9415	0.142438664204664
494.5245	0.141669946389449
493.1076	0.140548119517458
491.6906	0.141649637314134
490.2736	0.141019055197948
488.8566	0.14086266443333
487.4397	0.14123172061699
486.0227	0.142236148952042
484.6057	0.142757112133988
483.1887	0.143348250095373
481.7718	0.142348329161325
480.3548	0.14102553986869
478.9378	0.141863141359988
477.5208	0.141343076113251
476.1039	0.142208236623055
474.6869	0.141778077964506
473.2699	0.140506382345163
471.8529	0.14046035126431
470.436	0.141276891215155
469.019	0.142166854112125
467.602	0.141266788521037
466.185	0.140538397308165
464.768	0.141233478161805
463.3511	0.140640484585303
461.9341	0.13965952306244
460.5171	0.13974680640206
459.1001	0.138811748380145
457.6832	0.139746147197168
456.2662	0.139498414592726
454.8492	0.139539490758678
453.4322	0.139087994199697
452.0153	0.139856833536836
450.5983	0.13989528759476
449.1813	0.141935144319137
447.7643	0.141776457780744
446.3474	0.142377200120752
444.9304	0.143383234501426
443.5134	0.144207117305336
442.0964	0.144417913538792
440.6795	0.14515935376411
439.2625	0.145436685436358
437.8455	0.146589777746667
436.4285	0.147170987017558
435.0116	0.14993571062637
433.5946	0.149754704075127
432.1776	0.150329190483197
430.7606	0.149008300562245
429.3437	0.14863470191772
427.9267	0.148426856063529
426.5097	0.148230601088977
425.0927	0.148970306923607
423.6758	0.148658772907422
422.2588	0.148565386930078
420.8418	0.148653033948417
419.4248	0.147472709328402
418.0078	0.148366807601057
416.5909	0.149457667619598
415.1739	0.150563562322334
413.7569	0.151682288561205
412.3399	0.15332367679021
410.923	0.153699580908233
409.506	0.154948444770738
408.089	0.15551594475056
406.672	0.156469393939472
405.2551	0.1550210041819
403.8381	0.155334179343568
402.4211	0.154969167972275
401.0041	0.154681902128617
