3994.4546	0.0190963657039469
3993.0377	0.0191827411716826
3991.6207	0.0189847575782845
3990.2037	0.0190618124910667
3988.7867	0.0189918169044505
3987.3698	0.0190296022716631
3985.9528	0.0191193400543725
3984.5358	0.0188129276972687
3983.1188	0.0187693232636586
3981.7019	0.0186274894836665
3980.2849	0.0186420799738379
3978.8679	0.018737663014612
3977.4509	0.0193997509006941
3976.034	0.0190188097238287
3974.617	0.0189599144331072
3973.2	0.0190904800770689
3971.783	0.0193280910453172
3970.3661	0.0196257373140533
3968.9491	0.0187505821144281
3967.5321	0.0186901648323422
3966.1151	0.0186912824388861
3964.6982	0.0186936966604332
3963.2812	0.0183514346902636
3961.8642	0.0189859210757819
3960.4472	0.0187526536857388
3959.0303	0.0189260155861388
3957.6133	0.0188742029316527
3956.1963	0.0175134136227354
3954.7793	0.0183228458292083
3953.3624	0.0185225141350081
3951.9454	0.0185493644993816
3950.5284	0.0191076337024405
3949.1114	0.0184575926604219
3947.6944	0.0183012237057238
3946.2775	0.018669409470031
3944.8605	0.0188811221907106
3943.4435	0.0183513501540571
3942.0265	0.0186288642350311
3940.6096	0.0189534722034526
3939.1926	0.0186898388511029
3937.7756	0.0186062407901074
3936.3586	0.0179068927831516
3934.9417	0.018474285328632
3933.5247	0.0185252303802448
3932.1077	0.0196291491600765
3930.6907	0.0182220978644544
3929.2738	0.018972071880965
3927.8568	0.0180262311337131
3926.4398	0.0189464869482793
3925.0228	0.0190088162028693
3923.6059	0.0189080376018942
3922.1889	0.0184072243285851
3920.7719	0.0185438115377878
3919.3549	0.0184965647058691
3917.938	0.0185341617909105
3916.521	0.0185592108018875
3915.104	0.0181083361489747
3913.687	0.0184291004928062
3912.2701	0.0190019652926899
3910.8531	0.018263752661998
3909.4361	0.0176975636436561
3908.0191	0.0178982600210077
3906.6022	0.0187456490530891
3905.1852	0.0182467323896862
3903.7682	0.0181460310362393
3902.3512	0.01791447231077
3900.9342	0.018721516897255
3899.5173	0.0183933713793921
3898.1003	0.0187990280468432
3896.6833	0.0187089147349318
3895.2663	0.0177913285685184
3893.8494	0.0183807175297027
3892.4324	0.0175827327272707
3891.0154	0.0181351452097856
3889.5984	0.0187171660951697
3888.1815	0.0186036947688734
3886.7645	0.018019422403102
3885.3475	0.0176336597534918
3883.9305	0.0188752044858272
3882.5136	0.018089008438018
3881.0966	0.0190433898512551
3879.6796	0.0186979543937722
3878.2626	0.0180591517113748
3876.8457	0.018594987958889
3875.4287	0.0184840952091718
3874.0117	0.0179591526338577
3872.5947	0.0186080091893079
3871.1778	0.0178680860823385
3869.7608	0.0176181800319618
3868.3438	0.0181539857520628
3866.9268	0.0174825703494347
3865.5099	0.0180459505901489
3864.0929	0.0179612701345052
3862.6759	0.0182348230244097
3861.2589	0.0178911051394861
3859.842	0.0176027020242125
3858.425	0.018590735956004
3857.008	0.0179049168651112
3855.591	0.0173567964916856
3854.174	0.018119742234046
3852.7571	0.0186699945562788
3851.3401	0.0187170779147787
3849.9231	0.018155274114001
3848.5061	0.0185660754995799
3847.0892	0.0180894564591453
3845.6722	0.0179740718933432
3844.2552	0.0182123206318612
3842.8382	0.0184804608611793
3841.4213	0.0179434883985358
3840.0043	0.0175339856852636
3838.5873	0.0176027302859567
3837.1703	0.0180060866243907
3835.7534	0.0184011017707169
3834.3364	0.0182684115135866
3832.9194	0.0179506412064803
3831.5024	0.0180447979735736
3830.0855	0.0187816527945614
3828.6685	0.0178823112303893
3827.2515	0.0190025824245196
3825.8345	0.0179140393324878
3824.4176	0.0177847392504396
3823.0006	0.017481673046863
3821.5836	0.0173831471669433
3820.1666	0.0177384089322785
3818.7497	0.0185053508247296
3817.3327	0.0183900308181957
3815.9157	0.0177959957596347
3814.4987	0.0187407464400322
3813.0818	0.0181434453435252
3811.6648	0.0183330540605494
3810.2478	0.0182588375266224
3808.8308	0.0173285377254621
3807.4138	0.0180796198679127
3805.9969	0.0173853676229028
3804.5799	0.0175807616790477
3803.1629	0.0176631985658143
3801.7459	0.0175630733202107
3800.329	0.0179549662604264
3798.912	0.0178155283426982
3797.495	0.0176237440301154
3796.078	0.018086509184931
3794.6611	0.0182320436973789
3793.2441	0.0179921863776145
3791.8271	0.0180935288314945
3790.4101	0.0172166941554247
3788.9932	0.0180095844583448
3787.5762	0.0178140009399635
3786.1592	0.0170810805887254
3784.7422	0.0180849533362537
3783.3253	0.0176370860930177
3781.9083	0.0175057251677643
3780.4913	0.0171673457764623
3779.0743	0.0179584829798857
3777.6574	0.018046778027304
3776.2404	0.0176892074803078
3774.8234	0.017542290856265
3773.4064	0.0176285745715046
3771.9895	0.0177947360839716
3770.5725	0.0174639174056602
3769.1555	0.0171832543113288
3767.7385	0.0169260432389718
3766.3216	0.0172086574322241
3764.9046	0.0172990376598917
3763.4876	0.0174072051581071
3762.0706	0.0168271348676225
3760.6536	0.0173213968569267
3759.2367	0.0175673569918334
3757.8197	0.0166757294799192
3756.4027	0.016742974623909
3754.9857	0.0171035262924422
3753.5688	0.017553663504986
3752.1518	0.0178339607803866
3750.7348	0.0173141296966508
3749.3178	0.0174799753685569
3747.9009	0.0174128474700495
3746.4839	0.0174997360901265
3745.0669	0.0172829193652312
3743.6499	0.0181845319987446
3742.233	0.0178148644224018
3740.816	0.0166755877801822
3739.399	0.0171813076108315
3737.982	0.017294004493461
3736.5651	0.0170175586872673
3735.1481	0.0172111624878347
3733.7311	0.0169603918515065
3732.3141	0.0173450855657003
3730.8972	0.0170865671985291
3729.4802	0.0167628984082217
3728.0632	0.0166879523211915
3726.6462	0.0174192943347978
3725.2293	0.0170160750190178
3723.8123	0.017311788048122
3722.3953	0.0168152317221591
3720.9783	0.0173815833643423
3719.5614	0.0166607694380974
3718.1444	0.0165501467368112
3716.7274	0.0168564003168497
3715.3104	0.0168084715936377
3713.8935	0.0166561282267523
3712.4765	0.0166608368543187
3711.0595	0.0168104449271435
3709.6425	0.0172274135679137
3708.2255	0.0172544835719583
3706.8086	0.0170991702172726
3705.3916	0.0169832290357576
3703.9746	0.0171400283978707
3702.5576	0.0168855743864619
3701.1407	0.0168633181592131
3699.7237	0.0167493727196711
3698.3067	0.0167406480756164
3696.8897	0.016114452408167
3695.4728	0.0163961483856279
3694.0558	0.0168254847840843
3692.6388	0.0168975800426075
3691.2218	0.0166512532373826
3689.8049	0.0167981811866372
3688.3879	0.0166840861468173
3686.9709	0.0162209383084079
3685.5539	0.016292295472688
3684.137	0.0171469493988502
3682.72	0.0166062118874301
3681.303	0.0167185290951409
3679.886	0.0163659741393696
3678.4691	0.0163762613150407
3677.0521	0.0167088207510766
3675.6351	0.0161421929747971
3674.2181	0.0166959340481006
3672.8012	0.0169709385813525
3671.3842	0.0175355451141243
3669.9672	0.0160863904166576
3668.5502	0.0165987752483656
3667.1333	0.0162234295798944
3665.7163	0.0170200551668606
3664.2993	0.016319229879166
3662.8823	0.0161323312402376
3661.4653	0.0173156832843639
3660.0484	0.0165516791891328
3658.6314	0.0163310425059491
3657.2144	0.0169631757478686
3655.7974	0.0165559102105204
3654.3805	0.0169685468494041
3652.9635	0.0168783119698092
3651.5465	0.0164759877254674
3650.1295	0.017251274849678
3648.7126	0.0171622135774821
3647.2956	0.0168886947160577
3645.8786	0.0165889752348567
3644.4616	0.0167006381296477
3643.0447	0.0167082392221785
3641.6277	0.0163361114222859
3640.2107	0.0175450765360124
3638.7937	0.0162477960154909
3637.3768	0.0173014869046118
3635.9598	0.0172468611482205
3634.5428	0.0172093451393121
3633.1258	0.0169154792084409
3631.7089	0.0175828612609806
3630.2919	0.0170641804849797
3628.8749	0.0178002369940962
3627.4579	0.0180718376765632
3626.041	0.0177935429545868
3624.624	0.0174338955504166
3623.207	0.0180314623601484
3621.79	0.0175973000010919
3620.3731	0.0176543666007592
3618.9561	0.0181449781534137
3617.5391	0.0191575029385969
3616.1221	0.0188724991431889
3614.7051	0.0184713889197097
3613.2882	0.0187016635574136
3611.8712	0.0185884644989229
3610.4542	0.0191720710466469
3609.0372	0.0183689589556804
3607.6203	0.0189003674387904
3606.2033	0.0194099800436883
3604.7863	0.019409794403872
3603.3693	0.0198117524241627
3601.9524	0.0196579972073521
3600.5354	0.0192118441410835
3599.1184	0.019678398368579
3597.7014	0.0206069552471037
3596.2845	0.0204068924886526
3594.8675	0.0208027734127556
3593.4505	0.0200581364198486
3592.0335	0.0202549044598217
3590.6166	0.0206519253938426
3589.1996	0.0213159380156616
3587.7826	0.0211083467827627
3586.3656	0.0219380928373468
3584.9487	0.021505830429893
3583.5317	0.0221448964296213
3582.1147	0.0219339030994392
3580.6977	0.0216354901732674
3579.2808	0.022530034220797
3577.8638	0.0223788820109553
3576.4468	0.0226004781707753
3575.0298	0.022651929374823
3573.6129	0.0227728358434431
3572.1959	0.022913240761501
3570.7789	0.0231708246309569
3569.3619	0.0235494823093987
3567.9449	0.0232056212820523
3566.528	0.0240200664218195
3565.111	0.0251834308489475
3563.694	0.0244333397893279
3562.277	0.0250173250424074
3560.8601	0.0247180605390799
3559.4431	0.0256515937092252
3558.0261	0.0249136433599569
3556.6091	0.02555984359251
3555.1922	0.0258746383328927
3553.7752	0.0256582976575258
3552.3582	0.0259980845046413
3550.9412	0.0267302535094222
3549.5243	0.0262582516487035
3548.1073	0.0268429131405347
3546.6903	0.0268691569799237
3545.2733	0.0271193275371926
3543.8564	0.0279817780359767
3542.4394	0.0284731052402177
3541.0224	0.0277355280706893
3539.6054	0.0280787657600931
3538.1885	0.0290763826536271
3536.7715	0.0288637170194681
3535.3545	0.0289985939395042
3533.9375	0.0299559784869479
3532.5206	0.0295466864840628
3531.1036	0.0299275446407746
3529.6866	0.0298268144084252
3528.2696	0.0304231264511254
3526.8527	0.0303084946085615
3525.4357	0.0308184425987642
3524.0187	0.0315859934791919
3522.6017	0.0312554350920706
3521.1847	0.0321683236460956
3519.7678	0.0322558274593129
3518.3508	0.0323301228247697
3516.9338	0.0322165490215911
3515.5168	0.0328452499775297
3514.0999	0.0320725966763189
3512.6829	0.0332577987573379
3511.2659	0.0334237658844481
3509.8489	0.0346933557057411
3508.432	0.0346527331641492
3507.015	0.0334213452584002
3505.598	0.0335952134799935
3504.181	0.0351174412536018
3502.7641	0.0345307182737699
3501.3471	0.0353073759591963
3499.9301	0.0355377348277822
3498.5131	0.0354704814468705
3497.0962	0.0363483819748303
3495.6792	0.0361513010860554
3494.2622	0.0369280625547294
3492.8452	0.0370938288314623
3491.4283	0.0373259544710851
3490.0113	0.0375214454943913
3488.5943	0.0383563511554838
3487.1773	0.0383809176615356
3485.7604	0.0384904180451994
3484.3434	0.0390316013151703
3482.9264	0.0375843928233568
3481.5094	0.0394538722588143
3480.0925	0.0391734557984521
3478.6755	0.0390297884300646
3477.2585	0.0402266389981753
3475.8415	0.039329602888433
3474.4245	0.0405593540292969
3473.0076	0.0406566153756315
3471.5906	0.0414180625946237
3470.1736	0.0406059616043818
3468.7566	0.041998968659903
3467.3397	0.0414411555995759
3465.9227	0.0415024499381804
3464.5057	0.0414532281897539
3463.0887	0.0411514622480689
3461.6718	0.0425933977051816
3460.2548	0.0421980774823749
3458.8378	0.0435430498857007
3457.4208	0.0432257411012913
3456.0039	0.0441976876521271
3454.5869	0.044066760453381
3453.1699	0.0433727249745473
3451.7529	0.0443028934629964
3450.336	0.044680911694657
3448.919	0.0444624758039239
3447.502	0.0444883397079326
3446.085	0.0454415890462838
3444.6681	0.0450512709692577
3443.2511	0.0459512125304815
3441.8341	0.0461715352388803
3440.4171	0.045632963832274
3439.0002	0.0461691815830492
3437.5832	0.0464647798227418
3436.1662	0.0466618690631267
3434.7492	0.0468345739550642
3433.3323	0.0477037903568323
3431.9153	0.047689362445219
3430.4983	0.0485586915791275
3429.0813	0.0476730978581696
3427.6643	0.047603282820708
3426.2474	0.0481106230487851
3424.8304	0.0482873759807693
3423.4134	0.0486269218111848
3421.9964	0.0496677886821973
3420.5795	0.0498193685969142
3419.1625	0.0493371208561904
3417.7455	0.0497732136085929
3416.3285	0.0500213409841521
3414.9116	0.0500861943923954
3413.4946	0.0501056005731531
3412.0776	0.0497949496343477
3410.6606	0.0508301246111403
3409.2437	0.050782001883276
3407.8267	0.0502450006368968
3406.4097	0.0515728627457016
3404.9927	0.0515771489843804
3403.5758	0.0517046576509064
3402.1588	0.052005043540344
3400.7418	0.0520327265325858
3399.3248	0.0524945584448395
3397.9079	0.0523355599086526
3396.4909	0.0530441585636264
3395.0739	0.0525075255104221
3393.6569	0.0534387985628507
3392.24	0.0529182643007375
3390.823	0.0535592383972477
3389.406	0.0537551002823492
3387.989	0.0540114886052578
3386.5721	0.0539920371985915
3385.1551	0.0535061365519759
3383.7381	0.0546049221815439
3382.3211	0.054422168979423
3380.9041	0.0543983568135736
3379.4872	0.0554028612506932
3378.0702	0.0555787084455858
3376.6532	0.0554678813701086
3375.2362	0.0551203568962204
3373.8193	0.0560025092142932
3372.4023	0.0549519280086984
3370.9853	0.0557783364201002
3369.5683	0.0553406247053279
3368.1514	0.0555423224545792
3366.7344	0.0557935034154932
3365.3174	0.0562288767612025
3363.9004	0.0563663812218156
3362.4835	0.0565782692899655
3361.0665	0.0565584565295637
3359.6495	0.0565335987467895
3358.2325	0.0569711000354118
3356.8156	0.0574090327899563
3355.3986	0.0572554170795916
3353.9816	0.0567391180480479
3352.5646	0.058077796309318
3351.1477	0.0579812332218489
3349.7307	0.057550810320433
3348.3137	0.0573230820138547
3346.8967	0.0579539965103946
3345.4798	0.058341410671958
3344.0628	0.0580479656878189
3342.6458	0.0582585701288405
3341.2288	0.0586099359455366
3339.8119	0.0582545923759747
3338.3949	0.0590394698879634
3336.9779	0.0581201010112759
3335.5609	0.0578065941156273
3334.1439	0.0586856091663337
3332.727	0.0586773174586551
3331.31	0.0583690467215924
3329.893	0.0583724988362366
3328.476	0.0592934088586871
3327.0591	0.0594722599222773
3325.6421	0.0595526293755132
3324.2251	0.0588158554648475
3322.8081	0.0598345947324386
3321.3912	0.0602106569183261
3319.9742	0.0598517436398915
3318.5572	0.0598419944863894
3317.1402	0.0602032316915779
3315.7233	0.0598196118705368
3314.3063	0.060369329791284
3312.8893	0.0595555269159579
3311.4723	0.0596967375933619
3310.0554	0.0604029014902044
3308.6384	0.0600796033367156
3307.2214	0.059832357828586
3305.8044	0.0601211686216116
3304.3875	0.0601195403926744
3302.9705	0.0610017781655933
3301.5535	0.0604171638506007
3300.1365	0.0602250994136528
3298.7196	0.0599344288355968
3297.3026	0.0597540345375394
3295.8856	0.0604290001112977
3294.4686	0.0608315566815294
3293.0517	0.0601548173280746
3291.6347	0.0598714239880629
3290.2177	0.0600787965564394
3288.8007	0.0606292382895
3287.3837	0.0602950338153961
3285.9668	0.0611868204852249
3284.5498	0.0607497955383288
3283.1328	0.0603402507167876
3281.7158	0.06067103817932
3280.2989	0.0600726653485411
3278.8819	0.0606663897476586
3277.4649	0.0606391524563351
3276.0479	0.0599058710454502
3274.631	0.0607539843380101
3273.214	0.0602323703896089
3271.797	0.0598963214344101
3270.38	0.060815554321674
3268.9631	0.0607822159376321
3267.5461	0.0609915261409932
3266.1291	0.0602028103831069
3264.7121	0.0601640189003724
3263.2952	0.0601889388443552
3261.8782	0.0604587828567956
3260.4612	0.0602942765389273
3259.0442	0.0606321983471555
3257.6273	0.0604630177887772
3256.2103	0.0595714248522648
3254.7933	0.0605864126321291
3253.3763	0.0602084766433125
3251.9594	0.0607015954046404
3250.5424	0.0594028317307892
3249.1254	0.0600450882510294
3247.7084	0.0598203351195428
3246.2915	0.0597699783788541
3244.8745	0.0598330627121687
3243.4575	0.060112074240742
3242.0405	0.059879994247767
3240.6235	0.060356263377207
3239.2066	0.0592788500890864
3237.7896	0.0601261160118029
3236.3726	0.0598891115621111
3234.9556	0.0598649990387751
3233.5387	0.0593877381901499
3232.1217	0.0598796785554668
3230.7047	0.0597156809386227
3229.2877	0.0591688420736063
3227.8708	0.0592230339646284
3226.4538	0.0587543556985956
3225.0368	0.0594083556115106
3223.6198	0.0594704083573018
3222.2029	0.0593698856392128
3220.7859	0.0592346223328766
3219.3689	0.0595492077230347
3217.9519	0.0586471822548331
3216.535	0.0591975192938329
3215.118	0.0590334645846158
3213.701	0.0591128778381554
3212.284	0.0592365258752992
3210.8671	0.0584870395657562
3209.4501	0.0578278303235548
3208.0331	0.0581206874763741
3206.6161	0.0581172986357312
3205.1992	0.0585775470456863
3203.7822	0.058321508768468
3202.3652	0.0582612788550262
3200.9482	0.0579676158656998
3199.5313	0.0573500077861036
3198.1143	0.0569835459839385
3196.6973	0.0581765411260805
3195.2803	0.0574555372073998
3193.8633	0.0574990593916283
3192.4464	0.0572627280451108
3191.0294	0.056953106278943
3189.6124	0.057314654374632
3188.1954	0.057215256196558
3186.7785	0.0572229898183307
3185.3615	0.0564355890626819
3183.9445	0.0561381238479851
3182.5275	0.0561692988408208
3181.1106	0.0563818852936898
3179.6936	0.0561528730594898
3178.2766	0.0566466061164151
3176.8596	0.0552581296431947
3175.4427	0.0557404094249746
3174.0257	0.0561172116047838
3172.6087	0.0549592250400499
3171.1917	0.055024860452472
3169.7748	0.0549636247890611
3168.3578	0.0551073416750627
3166.9408	0.0544102514100205
3165.5238	0.0552511924002623
3164.1069	0.0544809784432835
3162.6899	0.0552703024159088
3161.2729	0.0544203965088299
3159.8559	0.0536448922828028
3158.439	0.054310162603758
3157.022	0.0539642218656769
3155.605	0.0540939238522118
3154.188	0.053538470621728
3152.7711	0.053643639793743
3151.3541	0.0538119069380537
3149.9371	0.0529345903487863
3148.5201	0.0527479480605737
3147.1031	0.0531096945502894
3145.6862	0.0529445673268679
3144.2692	0.0526650465418845
3142.8522	0.0523103612097892
3141.4352	0.0527880310614124
3140.0183	0.0514719000242569
3138.6013	0.0517189981160257
3137.1843	0.0516455636142406
3135.7673	0.0527991751788102
3134.3504	0.0515660686022272
3132.9334	0.0514043953593671
3131.5164	0.0514738785378698
3130.0994	0.0508492456476516
3128.6825	0.0514931197384383
3127.2655	0.0505583181101268
3125.8485	0.0507749094979584
3124.4315	0.0507929608385361
3123.0146	0.0498355047721348
3121.5976	0.0501825062607069
3120.1806	0.0494820015730716
3118.7636	0.0502851325084714
3117.3467	0.0501424705389381
3115.9297	0.0493230744200147
3114.5127	0.0498846774697372
3113.0957	0.0489753287502289
3111.6788	0.0493194344842221
3110.2618	0.0487315086523781
3108.8448	0.0487665384335274
3107.4278	0.0488718640075086
3106.0109	0.0483536711643516
3104.5939	0.0475770167561445
3103.1769	0.0480426290146898
3101.7599	0.0474750918336071
3100.3429	0.0480284937497243
3098.926	0.0466613902523722
3097.509	0.0473486660466982
3096.092	0.0477441442614732
3094.675	0.0468731084665072
3093.2581	0.0466622011465421
3091.8411	0.0466116664990195
3090.4241	0.0471557805882199
3089.0071	0.0470358666704456
3087.5902	0.0467325849675316
3086.1732	0.0462656308685271
3084.7562	0.0461531949056323
3083.3392	0.0456755390825496
3081.9223	0.0460792254281892
3080.5053	0.0463482256267347
3079.0883	0.0455445138464467
3077.6713	0.045171573061763
3076.2544	0.0454719457810223
3074.8374	0.0447383258901443
3073.4204	0.0451609924743761
3072.0034	0.0449881542963276
3070.5865	0.0454480015837205
3069.1695	0.0449521261976895
3067.7525	0.0446937132864629
3066.3355	0.0439477188118777
3064.9186	0.044808149888891
3063.5016	0.0446190806838888
3062.0846	0.0433445691253299
3060.6676	0.0440008947299223
3059.2507	0.0433924757768518
3057.8337	0.0437328119560014
3056.4167	0.0431783831720318
3054.9997	0.043481824293371
3053.5827	0.0431712275245673
3052.1658	0.0438337783834896
3050.7488	0.0432385606425375
3049.3318	0.0427162162922658
3047.9148	0.0425038842491597
3046.4979	0.0416588630343521
3045.0809	0.0422475097673429
3043.6639	0.0416382692013732
3042.2469	0.0417579805059814
3040.83	0.0418724021153608
3039.413	0.0413396908907927
3037.996	0.0412947052523332
3036.579	0.0409307419528667
3035.1621	0.0407929399061171
3033.7451	0.0407647914656723
3032.3281	0.0414677431434791
3030.9111	0.0403539025785278
3029.4942	0.0414634579244896
3028.0772	0.0408997916305987
3026.6602	0.0405682555096051
3025.2432	0.040636160109418
3023.8263	0.0405356041627886
3022.4093	0.0405992479909015
3020.9923	0.0395568781941166
3019.5753	0.0398626457563738
3018.1584	0.0400072191166447
3016.7414	0.0388686455568906
3015.3244	0.0394176387301015
3013.9074	0.0395209517860467
3012.4905	0.0392630807388197
3011.0735	0.0390850692026947
3009.6565	0.039641535249927
3008.2395	0.0391557661462586
3006.8225	0.0391182390611983
3005.4056	0.0388208915547684
3003.9886	0.0388012186928305
3002.5716	0.038299353168101
3001.1546	0.0383883681632392
2999.7377	0.0380435427427027
2998.3207	0.038296348573666
2996.9037	0.0379443673762537
2995.4867	0.0380233080774448
2994.0698	0.0385063131287829
2992.6528	0.0386509913939942
2991.2358	0.0386988260083644
2989.8188	0.0390372207973012
2988.4019	0.0388990438338978
2986.9849	0.0391977040075707
2985.5679	0.0386197376362139
2984.1509	0.0385138076112856
2982.734	0.0391203403234422
2981.317	0.0389189691151238
2979.9	0.0390846327430851
2978.483	0.0396507618437614
2977.0661	0.0397771110509588
2975.6491	0.0400482842993175
2974.2321	0.0393211005782851
2972.8151	0.0392003597409876
2971.3982	0.0394723972171495
2969.9812	0.0396797477938674
2968.5642	0.0393450820628358
2967.1472	0.0403922186017555
2965.7303	0.0407475747018089
2964.3133	0.0408624908080181
2962.8963	0.0394846106260011
2961.4793	0.0404969284782567
2960.0623	0.0411264354857268
2958.6454	0.0418687827689658
2957.2284	0.0427066608277628
2955.8114	0.0416168724753444
2954.3944	0.0424550072220644
2952.9775	0.0418346823249238
2951.5605	0.0420615835498087
2950.1435	0.0429414602499267
2948.7265	0.0433158909002409
2947.3096	0.0438475182219267
2945.8926	0.0440186883550688
2944.4756	0.0444189540888525
2943.0586	0.0440512283068593
2941.6417	0.0447047482780377
2940.2247	0.0451951866308966
2938.8077	0.045800285700253
2937.3907	0.0455137694786636
2935.9738	0.0459089459805531
2934.5568	0.0464665165048398
2933.1398	0.0461426531940322
2931.7228	0.0462967403003125
2930.3059	0.0474937906802829
2928.8889	0.0474981320203102
2927.4719	0.0475389007222649
2926.0549	0.0476552169618588
2924.638	0.0474751054345241
2923.221	0.0467603753202825
2921.804	0.0477090748391485
2920.387	0.0474685950243232
2918.9701	0.0473129616381188
2917.5531	0.0471098961707476
2916.1361	0.04722245425638
2914.7191	0.0471779753068465
2913.3021	0.04709700095509
2911.8852	0.0470798737103178
2910.4682	0.046519690795211
2909.0512	0.0466415483919763
2907.6342	0.0466261988826049
2906.2173	0.0465575411943566
2904.8003	0.047169507587493
2903.3833	0.0468344203642965
2901.9663	0.0458240922827071
2900.5494	0.0469685893376599
2899.1324	0.0458882870115781
2897.7154	0.0458854876413773
2896.2984	0.0467315270202608
2894.8815	0.0459921917343324
2893.4645	0.046047977172105
2892.0475	0.0459504536406716
2890.6305	0.0463555224234322
2889.2136	0.0462383838685593
2887.7966	0.0459811956133097
2886.3796	0.0463285693338642
2884.9626	0.045425177722611
2883.5457	0.0457339427501747
2882.1287	0.0458599668915388
2880.7117	0.0453342158656112
2879.2947	0.0456105264034865
2877.8778	0.044666992145023
2876.4608	0.0453377061370385
2875.0438	0.0446583176397335
2873.6268	0.0440321929824961
2872.2099	0.0438381095479674
2870.7929	0.0444737401407432
2869.3759	0.0441543219095097
2867.9589	0.0440528508383932
2866.5419	0.0435309960934059
2865.125	0.0429771475702039
2863.708	0.0435749554387201
2862.291	0.0428413631000778
2860.874	0.042934076214757
2859.4571	0.0426278955460102
2858.0401	0.0425586680775392
2856.6231	0.0422135367865569
2855.2061	0.0424551041134601
2853.7892	0.0429120043227288
2852.3722	0.0419992786125242
2850.9552	0.0425939283669927
2849.5382	0.0417386331187244
2848.1213	0.0414729043917113
2846.7043	0.0425762279144355
2845.2873	0.0427752358522525
2843.8703	0.0423017840309427
2842.4534	0.0416687440924532
2841.0364	0.041421038536489
2839.6194	0.0406793333549202
2838.2024	0.040695628483324
2836.7855	0.0405734493899145
2835.3685	0.0407447706838049
2833.9515	0.0402254924450545
2832.5345	0.0399949881776848
2831.1176	0.0399536890135126
2829.7006	0.0397537292704502
2828.2836	0.0396358430156143
2826.8666	0.0389197396434519
2825.4497	0.0393371064295288
2824.0327	0.0384591344429079
2822.6157	0.0387644720472623
2821.1987	0.0391634486128997
2819.7817	0.0382207779637054
2818.3648	0.039166120266241
2816.9478	0.0394070784950585
2815.5308	0.0392779004151306
2814.1138	0.0386560004658512
2812.6969	0.0382013358054519
2811.2799	0.0379623185257458
2809.8629	0.0388946717975629
2808.4459	0.0379252047315659
2807.029	0.0380638620766167
2805.612	0.0381979293152467
2804.195	0.0375504141030288
2802.778	0.0370475612436163
2801.3611	0.0371086633879971
2799.9441	0.037614677839759
2798.5271	0.0374120174396524
2797.1101	0.0371217785043039
2795.6932	0.0370804643288447
2794.2762	0.0362890913839164
2792.8592	0.0372534843130563
2791.4422	0.0370974658430285
2790.0253	0.0360326271249802
2788.6083	0.0369958485763282
2787.1913	0.0368182971511084
2785.7743	0.0364429848305054
2784.3574	0.037019313327077
2782.9404	0.0362194059479927
2781.5234	0.0364018994158801
2780.1064	0.0359809777442345
2778.6895	0.0365731219604399
2777.2725	0.0369614118617678
2775.8555	0.0366016514933724
2774.4385	0.0364637945144683
2773.0215	0.0366074131042133
2771.6046	0.0362014118315288
2770.1876	0.0359056723514908
2768.7706	0.0364136788446384
2767.3536	0.0356091390478356
2765.9367	0.0361180149656029
2764.5197	0.0366235873808545
2763.1027	0.0360577925888732
2761.6857	0.0354141063516924
2760.2688	0.0351150062528752
2758.8518	0.0364555106304931
2757.4348	0.0358357257248912
2756.0178	0.0361431014149099
2754.6009	0.0361770347436681
2753.1839	0.0357357630880957
2751.7669	0.0357521832340449
2750.3499	0.0354271569062611
2748.933	0.0347459025719643
2747.516	0.0354785928987092
2746.099	0.0359279283608745
2744.682	0.035591836308653
2743.2651	0.0351153316511233
2741.8481	0.0356428498525553
2740.4311	0.0356932144330156
2739.0141	0.0359590326277966
2737.5972	0.0349143065373085
2736.1802	0.0358396907752528
2734.7632	0.0358880594209647
2733.3462	0.0349654587638126
2731.9293	0.0354377417046385
2730.5123	0.0357449317940479
2729.0953	0.0354700293489345
2727.6783	0.0348350265694083
2726.2613	0.0353167464595009
2724.8444	0.0351912078591575
2723.4274	0.0353993927688753
2722.0104	0.0353524173854209
2720.5934	0.0354851072637892
2719.1765	0.0348611190316711
2717.7595	0.0347487530070046
2716.3425	0.0344221917328374
2714.9255	0.0345518276029769
2713.5086	0.034135521256469
2712.0916	0.0343979121484551
2710.6746	0.0343311143538997
2709.2576	0.0350134690602415
2707.8407	0.0346381103469639
2706.4237	0.0348362629537613
2705.0067	0.033980932964248
2703.5897	0.0343560694912989
2702.1728	0.0345803791712366
2700.7558	0.0350923659945191
2699.3388	0.0343218441560712
2697.9218	0.0348781596116696
2696.5049	0.0348897090152215
2695.0879	0.0342923956983891
2693.6709	0.035280781507171
2692.2539	0.0339587382601445
2690.837	0.0343931351094637
2689.42	0.0341037252615184
2688.003	0.0340426707732873
2686.586	0.0347262916518788
2685.1691	0.0334698080908024
2683.7521	0.0341505281239056
2682.3351	0.0338133308880813
2680.9181	0.0336476493206445
2679.5011	0.0338757214970967
2678.0842	0.0337542326847686
2676.6672	0.0344937218684697
2675.2502	0.0343200143568597
2673.8332	0.0337715881396575
2672.4163	0.0342472988190578
2670.9993	0.0336219728453565
2669.5823	0.0338274330785674
2668.1653	0.0338651215766478
2666.7484	0.0332965681735455
2665.3314	0.0343451982080696
2663.9144	0.0335239164389512
2662.4974	0.0332705943823228
2661.0805	0.0337417110681067
2659.6635	0.0332934527482948
2658.2465	0.0343609633895419
2656.8295	0.032748806952518
2655.4126	0.0331882636865095
2653.9956	0.0334426626170548
2652.5786	0.0335626700197253
2651.1616	0.0335144351606792
2649.7447	0.0330380284826956
2648.3277	0.0337423567197366
2646.9107	0.0332783821230881
2645.4937	0.0330977323350865
2644.0768	0.0328391812248906
2642.6598	0.0336944399663601
2641.2428	0.033593825030405
2639.8258	0.0331802933312442
2638.4089	0.0327034516919835
2636.9919	0.0329515583014718
2635.5749	0.032513313243761
2634.1579	0.0326864882861145
2632.741	0.0327673970124005
2631.324	0.0330553869854448
2629.907	0.033250426044302
2628.49	0.0326583473726756
2627.073	0.0325856219442038
2625.6561	0.0322096536672355
2624.2391	0.0317312336153927
2622.8221	0.0324831725467942
2621.4051	0.0317956158441509
2619.9882	0.0318425321341817
2618.5712	0.032370147120774
2617.1542	0.0320725688578892
2615.7372	0.0320417383098481
2614.3203	0.0323686549891596
2612.9033	0.0323000673641568
2611.4863	0.0315578376767247
2610.0693	0.0318080568594765
2608.6524	0.0311784183128073
2607.2354	0.0315308958823967
2605.8184	0.0316553778852413
2604.4014	0.0313018916632046
2602.9845	0.0319760002158813
2601.5675	0.0313652429401253
2600.1505	0.0310394505442949
2598.7335	0.0315852266058017
2597.3166	0.0311816740000679
2595.8996	0.0307241535016777
2594.4826	0.0309786276451183
2593.0656	0.0315345746952358
2591.6487	0.0304134389111819
2590.2317	0.0314141853508614
2588.8147	0.0312064529368806
2587.3977	0.0313453836307822
2585.9808	0.0301133946579178
2584.5638	0.031926350400026
2583.1468	0.0308336455501527
2581.7298	0.031487211137742
2580.3128	0.030942176124874
2578.8959	0.0307101787812472
2577.4789	0.0312068176178237
2576.0619	0.0311163689273609
2574.6449	0.031115990013229
2573.228	0.0306923114440974
2571.811	0.0307546702799793
2570.394	0.0307624406304724
2568.977	0.0305420564339141
2567.5601	0.0311297644310698
2566.1431	0.0308276621530514
2564.7261	0.0299943317697907
2563.3091	0.03075618331926
2561.8922	0.030274999687534
2560.4752	0.0305824155430505
2559.0582	0.0298056301067874
2557.6412	0.0307743872158829
2556.2243	0.0303310209738846
2554.8073	0.0301804560667106
2553.3903	0.0292771685120195
2551.9733	0.0298443138331418
2550.5564	0.0298052483965554
2549.1394	0.0293282742520244
2547.7224	0.0309162896869335
2546.3054	0.0302652218274901
2544.8885	0.0293317629610531
2543.4715	0.0298162795627881
2542.0545	0.0302492972490346
2540.6375	0.0296520928901516
2539.2206	0.0298089590940673
2537.8036	0.0290293010567784
2536.3866	0.0294582126820382
2534.9696	0.0296308638053633
2533.5526	0.0295635653629776
2532.1357	0.0302506422167183
2530.7187	0.0294350131275921
2529.3017	0.0300798575176987
2527.8847	0.0306691965202736
2526.4678	0.0298266203796005
2525.0508	0.0298509643254008
2523.6338	0.0296037377476742
2522.2168	0.0295161913668596
2520.7999	0.0300996264222571
2519.3829	0.0290881525567289
2517.9659	0.0301283628752105
2516.5489	0.0282739873247677
2515.132	0.029533808758901
2513.715	0.0291191598791049
2512.298	0.0289780790500352
2510.881	0.0292652043261168
2509.4641	0.0297857228326137
2508.0471	0.0298811922454897
2506.6301	0.0285510782909788
2505.2131	0.0290914407892809
2503.7962	0.0285784948083131
2502.3792	0.0290621719479857
2500.9622	0.0291203893643794
2499.5452	0.0276641376525533
2498.1283	0.028639106028279
2496.7113	0.0284250690060513
2495.2943	0.0288569348522005
2493.8773	0.0295903075996517
2492.4604	0.0289454700992716
2491.0434	0.0290396795538318
2489.6264	0.0294909699968436
2488.2094	0.0291628196220232
2486.7924	0.0291138358292067
2485.3755	0.0292138684617728
2483.9585	0.0284256826343273
2482.5415	0.0286343095137931
2481.1245	0.0285280114144081
2479.7076	0.028998081636633
2478.2906	0.028450666669661
2476.8736	0.0282960963414546
2475.4566	0.0282992554561775
2474.0397	0.0281639715935527
2472.6227	0.0280102305233714
2471.2057	0.029265509295115
2469.7887	0.0285874437573995
2468.3718	0.0278142120121756
2466.9548	0.0289446998882424
2465.5378	0.0287681575219275
2464.1208	0.0288133370059384
2462.7039	0.0295384760865411
2461.2869	0.0287118520790872
2459.8699	0.0284574715094651
2458.4529	0.0279698919993919
2457.036	0.0280100648192299
2455.619	0.0280407816275318
2454.202	0.0294731322155902
2452.785	0.0283186247679732
2451.3681	0.0286466414709378
2449.9511	0.0282012274980508
2448.5341	0.0286826093321595
2447.1171	0.0279114368660914
2445.7002	0.0289870883043584
2444.2832	0.0280553796920042
2442.8662	0.0285533449745491
2441.4492	0.0285781517512423
2440.0322	0.027715483557299
2438.6153	0.0284925158180723
2437.1983	0.0284798907584997
2435.7813	0.0273234380220226
2434.3643	0.0278673043793438
2432.9474	0.0270701573645512
2431.5304	0.0276367628941672
2430.1134	0.0280621639902206
2428.6964	0.0271006463000631
2427.2795	0.0273215250417566
2425.8625	0.0281676120641411
2424.4455	0.0277522761015312
2423.0285	0.0272020690490094
2421.6116	0.0269257651832596
2420.1946	0.0272363860599668
2418.7776	0.0275911860685203
2417.3606	0.027488046080775
2415.9437	0.0274784928969887
2414.5267	0.0279070088604416
2413.1097	0.0276390067408282
2411.6927	0.0274138024415294
2410.2758	0.0273491697940645
2408.8588	0.0275201239633105
2407.4418	0.0278037674967102
2406.0248	0.0272626382550921
2404.6079	0.0273016267706075
2403.1909	0.0283484340811213
2401.7739	0.0269442230722284
2400.3569	0.027577632603483
2398.94	0.0271733562212721
2397.523	0.027976865188028
2396.106	0.0277249114767694
2394.689	0.026554121138056
2393.272	0.0277838322500147
2391.8551	0.0271471083384494
2390.4381	0.0270665565999223
2389.0211	0.0265064832698591
2387.6041	0.0262266313645742
2386.1872	0.026890652790442
2384.7702	0.0263711408775267
2383.3532	0.0268874816655251
2381.9362	0.0270894601737213
2380.5193	0.026513245509546
2379.1023	0.0272162468747818
2377.6853	0.0272135071221318
2376.2683	0.0275413760410013
2374.8514	0.0277457390175622
2373.4344	0.0276294678054245
2372.0174	0.0277295817277081
2370.6004	0.0265305585565086
2369.1835	0.0267322042430115
2367.7665	0.0259392695638613
2366.3495	0.027006298217997
2364.9325	0.0268504478260672
2363.5156	0.0269083711155716
2362.0986	0.0269754241444139
2360.6816	0.0271949007960551
2359.2646	0.0272522569507049
2357.8477	0.0271505421802168
2356.4307	0.027626735750529
2355.0137	0.0272447640642256
2353.5967	0.0272697148669892
2352.1798	0.0264356198277842
2350.7628	0.0264797863841026
2349.3458	0.0268465804714259
2347.9288	0.0276379670975644
2346.5118	0.0269224758717398
2345.0949	0.0268153854031155
2343.6779	0.0265084796694995
2342.2609	0.0267124026010464
2340.8439	0.0267598233630079
2339.427	0.0273622769636183
2338.01	0.0269508261968836
2336.593	0.0267658963320099
2335.176	0.0263337630634285
2333.7591	0.026194357984937
2332.3421	0.0268373300971768
2330.9251	0.0272631328178086
2329.5081	0.0262547661976739
2328.0912	0.027619364336144
2326.6742	0.0277673507235171
2325.2572	0.0273976719466022
2323.8402	0.0278084645174975
2322.4233	0.0276922591913557
2321.0063	0.0278760622808872
2319.5893	0.027324318936537
2318.1723	0.0272822848862149
2316.7554	0.0267598488479082
2315.3384	0.0271582045215614
2313.9214	0.0268537050711444
2312.5044	0.0265135317110881
2311.0875	0.0266275048472347
2309.6705	0.0266197254530387
2308.2535	0.0259684312566335
2306.8365	0.0261673433359489
2305.4196	0.0269184323933534
2304.0026	0.0272514373653956
2302.5856	0.0267978348901411
2301.1686	0.026321849157207
2299.7516	0.026891780925134
2298.3347	0.0264665143523031
2296.9177	0.0260723721375461
2295.5007	0.0256983694197763
2294.0837	0.0263767409809413
2292.6668	0.0269861799855675
2291.2498	0.025827148110654
2289.8328	0.0265087712351159
2288.4158	0.0260212651479497
2286.9989	0.0265677791648577
2285.5819	0.0260540359309951
2284.1649	0.0261155227171984
2282.7479	0.0263260094991877
2281.331	0.0260416043020031
2279.914	0.0262678507936058
2278.497	0.025965732567472
2277.08	0.0256803649056172
2275.6631	0.0260678946215063
2274.2461	0.0264177626446195
2272.8291	0.0259722707730201
2271.4121	0.0260077301352016
2269.9952	0.0261993023306772
2268.5782	0.0268207714153854
2267.1612	0.0262004523566572
2265.7442	0.0259364089183352
2264.3273	0.0247296580736603
2262.9103	0.0253056639726982
2261.4933	0.0255460330961029
2260.0763	0.0245236558568019
2258.6594	0.0248645866048131
2257.2424	0.0260741951658848
2255.8254	0.02561164507062
2254.4084	0.0253411286586305
2252.9914	0.0257017858026031
2251.5745	0.0252496596561907
2250.1575	0.0257431718955499
2248.7405	0.0260913319470999
2247.3235	0.0251201355655202
2245.9066	0.0262061218814599
2244.4896	0.0249714757130667
2243.0726	0.0255031446462259
2241.6556	0.0248237057204312
2240.2387	0.0254815862851353
2238.8217	0.025710070793734
2237.4047	0.0252178895952303
2235.9877	0.024541729290818
2234.5708	0.0254232830742772
2233.1538	0.0250573690356011
2231.7368	0.0248993546784692
2230.3198	0.0252767921971846
2228.9029	0.0262239584598318
2227.4859	0.0258614383068633
2226.0689	0.0253146568031487
2224.6519	0.024800173545237
2223.235	0.0245182768512097
2221.818	0.0247951447117624
2220.401	0.0252244954894605
2218.984	0.0247272787593342
2217.5671	0.025477844556486
2216.1501	0.0254985280484101
2214.7331	0.0258936888094956
2213.3161	0.0252287037364338
2211.8992	0.024392662771302
2210.4822	0.0251046143868323
2209.0652	0.0248019869346123
2207.6482	0.025511118009375
2206.2312	0.0249132493491629
2204.8143	0.0248723639220571
2203.3973	0.0256274999496927
2201.9803	0.024968843557253
2200.5633	0.0255195657127245
2199.1464	0.0250722599804709
2197.7294	0.0242005998627422
2196.3124	0.0254764134456417
2194.8954	0.0250713497461661
2193.4785	0.0253970457425383
2192.0615	0.0249437307275437
2190.6445	0.0253344018192809
2189.2275	0.0244421790284126
2187.8106	0.0250500359960388
2186.3936	0.0243031121147612
2184.9766	0.0233982691109991
2183.5596	0.024450981891436
2182.1427	0.0246950988249202
2180.7257	0.0242337483824537
2179.3087	0.0244026202829901
2177.8917	0.0253070222656377
2176.4748	0.0243910084944983
2175.0578	0.0245759922981539
2173.6408	0.0247940596070138
2172.2238	0.0242040881305346
2170.8069	0.0247858123293087
2169.3899	0.0265604653430605
2167.9729	0.0249646685296947
2166.5559	0.0253374523623567
2165.139	0.0254213802491642
2163.722	0.0248487951161212
2162.305	0.0244560048323234
2160.888	0.0232281112093781
2159.471	0.0223798953074529
2158.0541	0.0220850645730521
2156.6371	0.0205399567151912
2155.2201	0.0216675733202731
2153.8031	0.0226016962201088
2152.3862	0.0226620817905822
2150.9692	0.0223052519843225
2149.5522	0.0228269246223326
2148.1352	0.0228460307021774
2146.7183	0.0221104339490155
2145.3013	0.0228196167463885
2143.8843	0.0229307474597957
2142.4673	0.0225517374255951
2141.0504	0.0222563721109938
2139.6334	0.0227801418168476
2138.2164	0.0234897444367015
2136.7994	0.0230506417383354
2135.3825	0.0237246622597251
2133.9655	0.0235838761438998
2132.5485	0.0237439365645526
2131.1315	0.024278557136792
2129.7146	0.0234715611664851
2128.2976	0.0239466139868578
2126.8806	0.0242623085737397
2125.4636	0.0246153336827455
2124.0467	0.0239102977703365
2122.6297	0.0236732464872693
2121.2127	0.0243423527926704
2119.7957	0.0237740251753431
2118.3788	0.0248299753317966
2116.9618	0.025157734674444
2115.5448	0.0243918577895271
2114.1278	0.025115091034737
2112.7108	0.0247014315320948
2111.2939	0.0253990937219369
2109.8769	0.0249720610556713
2108.4599	0.0245769539854814
2107.0429	0.0246478816433007
2105.626	0.0236620079731465
2104.209	0.0241076118585255
2102.792	0.0233319890930891
2101.375	0.0241082200735575
2099.9581	0.0245104554120567
2098.5411	0.0245884874710726
2097.1241	0.0248873957440901
2095.7071	0.0235683644404298
2094.2902	0.0237617973830917
2092.8732	0.0236073548233103
2091.4562	0.0235325894686186
2090.0392	0.0230912798524338
2088.6223	0.0226174093372849
2087.2053	0.0241814203237319
2085.7883	0.0240257732535624
2084.3713	0.0237861438295986
2082.9544	0.0239101353313201
2081.5374	0.0243333966266136
2080.1204	0.0248639842481954
2078.7034	0.0250392261534066
2077.2865	0.024379573146072
2075.8695	0.0242681211675221
2074.4525	0.0246925581011343
2073.0355	0.024873621925421
2071.6186	0.0240588389930902
2070.2016	0.0242194863012587
2068.7846	0.0243495469540326
2067.3676	0.023191395207612
2065.9506	0.0237150713405596
2064.5337	0.0234718222257267
2063.1167	0.0234372964969942
2061.6997	0.0243886149672592
2060.2827	0.0231659115943662
2058.8658	0.0237400713594031
2057.4488	0.0231792875929507
2056.0318	0.0235895623556196
2054.6148	0.0234821252827278
2053.1979	0.0241402172113498
2051.7809	0.0240110256723025
2050.3639	0.0238238291914216
2048.9469	0.0244125304195089
2047.53	0.023011540719186
2046.113	0.0234335505303334
2044.696	0.0229936721298309
2043.279	0.0225556901087279
2041.8621	0.0225779629014785
2040.4451	0.0228157507627106
2039.0281	0.0229490069741564
2037.6111	0.0226662026430532
2036.1942	0.0217191656900017
2034.7772	0.0215206211806072
2033.3602	0.0218604803714645
2031.9432	0.0213902720437178
2030.5263	0.0207837065057616
2029.1093	0.0219787002298325
2027.6923	0.0225550819602961
2026.2753	0.0215441204222374
2024.8584	0.0216846818718975
2023.4414	0.0225899434552983
2022.0244	0.0211393910089012
2020.6074	0.0213944769157428
2019.1904	0.019946120346066
2017.7735	0.0208537881196478
2016.3565	0.0211202923199794
2014.9395	0.0220101786137798
2013.5225	0.0212827107309129
2012.1056	0.0215767922175849
2010.6886	0.0210039629786189
2009.2716	0.021012544159537
2007.8546	0.0212954435975772
2006.4377	0.0212390792273562
2005.0207	0.0214100212798242
2003.6037	0.0213276458793759
2002.1867	0.0223405879921401
2000.7698	0.02120959390433
1999.3528	0.020903514534099
1997.9358	0.0213997067709927
1996.5188	0.020845685213619
1995.1019	0.0213130179434971
1993.6849	0.0214251425451917
1992.2679	0.0211863460718659
1990.8509	0.0215942689158051
1989.434	0.0218831374065081
1988.017	0.0225401106290524
1986.6	0.0212271970552812
1985.183	0.0212613976176752
1983.7661	0.0216226848976597
1982.3491	0.0221275989251869
1980.9321	0.021551044124584
1979.5151	0.0217869167078865
1978.0982	0.0214714093219457
1976.6812	0.020602159784657
1975.2642	0.0201904699171109
1973.8472	0.020805544494579
1972.4302	0.0194270117768881
1971.0133	0.0203538752050513
1969.5963	0.0199868706970996
1968.1793	0.0207062167204038
1966.7623	0.0202507024841368
1965.3454	0.0203973977298625
1963.9284	0.0202885057207562
1962.5114	0.0197504677319584
1961.0944	0.0200705797238594
1959.6775	0.0206217043358916
1958.2605	0.0204512100271348
1956.8435	0.0207041432393269
1955.4265	0.0212914707368118
1954.0096	0.0211642865183491
1952.5926	0.0204781767559143
1951.1756	0.0212397188133489
1949.7586	0.0204856812323938
1948.3417	0.0207916130950207
1946.9247	0.0203260225731799
1945.5077	0.0209993155933323
1944.0907	0.0218210122488669
1942.6738	0.021370155116304
1941.2568	0.0208968472281768
1939.8398	0.0208276748902906
1938.4228	0.0220496373685857
1937.0059	0.0215052493132899
1935.5889	0.0216179007190893
1934.1719	0.0217063369402678
1932.7549	0.0212008289029082
1931.338	0.0216100405206853
1929.921	0.0214815534558389
1928.504	0.02221058654476
1927.087	0.0212867556325734
1925.67	0.0211606860962731
1924.2531	0.0221169445816024
1922.8361	0.021802380287088
1921.4191	0.021382297542145
1920.0021	0.0213580837982166
1918.5852	0.0222406965624783
1917.1682	0.0222124975058063
1915.7512	0.0223567593391056
1914.3342	0.0219468601700911
1912.9173	0.0215468437916277
1911.5003	0.0216114586865642
1910.0833	0.021854217590126
1908.6663	0.021874952881929
1907.2494	0.0215135442356666
1905.8324	0.0216838400117391
1904.4154	0.0217382992600798
1902.9984	0.0224541180177933
1901.5815	0.0219901383179387
1900.1645	0.0220218179834663
1898.7475	0.0225060689317947
1897.3305	0.0216102607546143
1895.9136	0.02213023196238
1894.4966	0.021643249808317
1893.0796	0.0220530847146123
1891.6626	0.0217290267734539
1890.2457	0.0222916383075786
1888.8287	0.022194049991826
1887.4117	0.0220209771397794
1885.9947	0.0221431426328293
1884.5778	0.021974612543931
1883.1608	0.0221037118858749
1881.7438	0.0221001749195903
1880.3268	0.0214051932548015
1878.9098	0.0221009709345756
1877.4929	0.0220411084026024
1876.0759	0.0217580864728171
1874.6589	0.0219513141438649
1873.2419	0.0216274143114493
1871.825	0.0223339619718012
1870.408	0.0217923249738154
1868.991	0.0218247599454921
1867.574	0.0224984498771745
1866.1571	0.02144616482356
1864.7401	0.0214270964054729
1863.3231	0.0216924155233692
1861.9061	0.021737668204743
1860.4892	0.0222621600445528
1859.0722	0.021846843881984
1857.6552	0.0214116748135296
1856.2382	0.021403038159883
1854.8213	0.0222131587533306
1853.4043	0.0218797742274763
1851.9873	0.0227774260630004
1850.5703	0.022043691361486
1849.1534	0.0215268107607738
1847.7364	0.0219037960751971
1846.3194	0.0215527213680482
1844.9024	0.0216719947012595
1843.4855	0.021362692102672
1842.0685	0.0217399423897456
1840.6515	0.021496191435475
1839.2345	0.0211378384889068
1837.8176	0.0211508858590802
1836.4006	0.0220478763068519
1834.9836	0.0211815159957255
1833.5666	0.0209187474340978
1832.1496	0.0220553326999204
1830.7327	0.0210221347626879
1829.3157	0.0217471213618473
1827.8987	0.021953322474779
1826.4817	0.02137450806932
1825.0648	0.0212763016114602
1823.6478	0.0214198859417866
1822.2308	0.0218034018229961
1820.8138	0.0212929705249099
1819.3969	0.0219729748701148
1817.9799	0.0219185556757815
1816.5629	0.0211652050137471
1815.1459	0.0205906511369343
1813.729	0.0208805691257338
1812.312	0.0215848840635933
1810.895	0.0206370408572977
1809.478	0.0220094136475136
1808.0611	0.0218120994731056
1806.6441	0.0211265634815976
1805.2271	0.0210265541361373
1803.8101	0.0218877616717982
1802.3932	0.0212834461890403
1800.9762	0.0215309664969641
1799.5592	0.0214056556602322
1798.1422	0.0216358980898503
1796.7253	0.0209554529171093
1795.3083	0.0215356533808318
1793.8913	0.0220383754524925
1792.4743	0.0211751101312492
1791.0574	0.0216804741227267
1789.6404	0.02150278623844
1788.2234	0.0226732121617605
1786.8064	0.0216014788404482
1785.3894	0.0215578546738836
1783.9725	0.0215245954262211
1782.5555	0.0221799553006102
1781.1385	0.0222838141373961
1779.7215	0.0218914618144361
1778.3046	0.0216166873537874
1776.8876	0.0209197305478546
1775.4706	0.0213173319720493
1774.0536	0.0221663388550435
1772.6367	0.0225620317089073
1771.2197	0.0213178370785172
1769.8027	0.0225094446641621
1768.3857	0.0219519072279549
1766.9688	0.0216744958434621
1765.5518	0.0227727910132037
1764.1348	0.0215815591186996
1762.7178	0.0225550941983975
1761.3009	0.022043970353362
1759.8839	0.0223858947026229
1758.4669	0.0218989164556864
1757.0499	0.0224854302556059
1755.633	0.0228824466735052
1754.216	0.0223660129710516
1752.799	0.022872164299071
1751.382	0.0226393602521334
1749.9651	0.0226703445281392
1748.5481	0.0228009002425213
1747.1311	0.023338976223115
1745.7141	0.0234194762178627
1744.2972	0.0239708421491236
1742.8802	0.0237372211908893
1741.4632	0.0231528626192472
1740.0462	0.0239309087278564
1738.6292	0.0234430391239525
1737.2123	0.0235671337017321
1735.7953	0.0232060312780001
1734.3783	0.0250421838832176
1732.9613	0.0246715894152378
1731.5444	0.0251533022219245
1730.1274	0.0250391753204905
1728.7104	0.0253161651585635
1727.2934	0.0251743120197841
1725.8765	0.0248178065688175
1724.4595	0.0257597493629707
1723.0425	0.0256688798609759
1721.6255	0.0262218759801849
1720.2086	0.026407867487759
1718.7916	0.0265631309337985
1717.3746	0.0272705678579512
1715.9576	0.0273384577226749
1714.5407	0.0276654310320059
1713.1237	0.0273987642161772
1711.7067	0.0278579037012394
1710.2897	0.027567343091046
1708.8728	0.02812958643394
1707.4558	0.0294405285076944
1706.0388	0.0282032293775095
1704.6218	0.0288810202228273
1703.2049	0.0287664121512467
1701.7879	0.0291052462689451
1700.3709	0.0285184835329095
1698.9539	0.0287568767018072
1697.537	0.0294346391318847
1696.12	0.0290123642495631
1694.703	0.0297570676068105
1693.286	0.0298557904936803
1691.869	0.0298842643919743
1690.4521	0.030427657761533
1689.0351	0.0298973440911757
1687.6181	0.0301496776616862
1686.2011	0.0303113963205815
1684.7842	0.0306680847017017
1683.3672	0.0303698698593797
1681.9502	0.0311474358901678
1680.5332	0.0306750108368008
1679.1163	0.0314100839866104
1677.6993	0.0297409195820761
1676.2823	0.0312043542318865
1674.8653	0.0309379839242697
1673.4484	0.0317227693136925
1672.0314	0.0311228553328702
1670.6144	0.0311405449996099
1669.1974	0.032305482264514
1667.7805	0.031601328132501
1666.3635	0.0317475216708307
1664.9465	0.0321775962367322
1663.5295	0.0323226940455923
1662.1126	0.032647168258228
1660.6956	0.0329448462483487
1659.2786	0.032260902621918
1657.8616	0.0336820671101747
1656.4447	0.0333769543242299
1655.0277	0.0324629359927702
1653.6107	0.0344707446328683
1652.1937	0.0345885240802436
1650.7768	0.0350193888831819
1649.3598	0.03534425637773
1647.9428	0.0355771503423256
1646.5258	0.0357100777156117
1645.1088	0.0357565402793778
1643.6919	0.0372886100022024
1642.2749	0.0374551962737723
1640.8579	0.0390966226503981
1639.4409	0.038358721811416
1638.024	0.0390727483797301
1636.607	0.0395688823815232
1635.19	0.0403375632140029
1633.773	0.0411898170635458
1632.3561	0.0410005448581673
1630.9391	0.0418664568592025
1629.5221	0.0422315468259643
1628.1051	0.0419551706334235
1626.6882	0.0427754338020567
1625.2712	0.0436068673565451
1623.8542	0.0433892087931683
1622.4372	0.0436163652373553
1621.0203	0.0446290734037255
1619.6033	0.044821576196784
1618.1863	0.0444598129415849
1616.7693	0.0452308337886631
1615.3524	0.0450804536656296
1613.9354	0.0460121808800648
1612.5184	0.0452838069912226
1611.1014	0.0457601598802155
1609.6845	0.0472296842905806
1608.2675	0.0470600443665255
1606.8505	0.0480038436565616
1605.4335	0.049166807595614
1604.0166	0.050120865819578
1602.5996	0.0495075897762172
1601.1826	0.0507264663419
1599.7656	0.0497818998228196
1598.3486	0.050371022991762
1596.9317	0.0504582896896097
1595.5147	0.049991341954391
1594.0977	0.0491253525740831
1592.6807	0.0488732463147924
1591.2638	0.0492098564145542
1589.8468	0.048980324592368
1588.4298	0.0484574286235088
1587.0128	0.0474767872494483
1585.5959	0.0466990060139807
1584.1789	0.0466342622312623
1582.7619	0.0465864736298577
1581.3449	0.0460334401650747
1579.928	0.0446758776382094
1578.511	0.0450662076226401
1577.094	0.0437665527836032
1575.677	0.0432726381310639
1574.2601	0.0431259476370353
1572.8431	0.0421600936494498
1571.4261	0.0418026632326392
1570.0091	0.0419309438281009
1568.5922	0.0409649401631011
1567.1752	0.0405710798988781
1565.7582	0.0399646451414454
1564.3412	0.0399697146398125
1562.9243	0.0395665131609221
1561.5073	0.0381925577721399
1560.0903	0.0367408563500059
1558.6733	0.0367080391742288
1557.2564	0.0355974366177635
1555.8394	0.0350475668164992
1554.4224	0.0348632651746455
1553.0054	0.0340516380877538
1551.5885	0.0338398895243153
1550.1715	0.0335834979603431
1548.7545	0.0329399843273718
1547.3375	0.0316520683632781
1545.9205	0.0314229542207695
1544.5036	0.031652257237667
1543.0866	0.0308248149846707
1541.6696	0.0317281311932135
1540.2526	0.0311444735326006
1538.8357	0.0309153697157661
1537.4187	0.0316651457726529
1536.0017	0.0300709286237758
1534.5847	0.0305289206089059
1533.1678	0.0306428100229849
1531.7508	0.0299056803043374
1530.3338	0.030921046931729
1528.9168	0.0302338829431514
1527.4999	0.030578246259628
1526.0829	0.0310609037307925
1524.6659	0.0306991948388346
1523.2489	0.0322262321851807
1521.832	0.0324967214628314
1520.415	0.0342038343287187
1518.998	0.0345195885372272
1517.581	0.035707243220753
1516.1641	0.0366950548984077
1514.7471	0.0379927172677516
1513.3301	0.037589475943469
1511.9131	0.0381009916108941
1510.4962	0.0385969055625718
1509.0792	0.0389504023007755
1507.6622	0.0390714024279827
1506.2452	0.038614545213415
1504.8283	0.0388946849059399
1503.4113	0.0373250777563106
1501.9943	0.0360604948840488
1500.5773	0.0364190065361234
1499.1603	0.0353982427780202
1497.7434	0.0340293823165303
1496.3264	0.0332154829901538
1494.9094	0.0331383656263815
1493.4924	0.0321709983564098
1492.0755	0.0316197864150323
1490.6585	0.0323558909393362
1489.2415	0.0316431911006118
1487.8245	0.032039385013978
1486.4076	0.0324575121284508
1484.9906	0.032275865916487
1483.5736	0.0336709322822145
1482.1566	0.032973997492882
1480.7397	0.0344692151806626
1479.3227	0.0343009353547485
1477.9057	0.0350553294474198
1476.4887	0.0343110863520116
1475.0718	0.0350802554291851
1473.6548	0.0352964282228786
1472.2378	0.0351994184292794
1470.8208	0.036581042636334
1469.4039	0.0367297827045127
1467.9869	0.0371261014642075
1466.5699	0.0390102451454678
1465.1529	0.0398410447346111
1463.736	0.0403220331176227
1462.319	0.0409308433189107
1460.902	0.04165720686291
1459.485	0.0426999458211427
1458.0681	0.0432586469312086
1456.6511	0.0437702053599948
1455.2341	0.0438501776210352
1453.8171	0.0441400614540743
1452.4001	0.0450132155955448
1450.9832	0.0440349639848848
1449.5662	0.04464347918131
1448.1492	0.0442750805846863
1446.7322	0.0449663294699924
1445.3153	0.0448546558447569
1443.8983	0.0456780771194678
1442.4813	0.0455192476248739
1441.0643	0.0453840635311546
1439.6474	0.0445738121393557
1438.2304	0.0453907821894704
1436.8134	0.0460086817655052
1435.3964	0.0460338117775547
1433.9795	0.0468315179204773
1432.5625	0.0467627258555534
1431.1455	0.0468552454320206
1429.7285	0.0474653644010373
1428.3116	0.0480658859499548
1426.8946	0.0487044851915888
1425.4776	0.0490139163138997
1424.0606	0.0493341441604406
1422.6437	0.0496167075385782
1421.2267	0.0501241172539485
1419.8097	0.050407796278239
1418.3927	0.0502273107063031
1416.9758	0.0505512342792341
1415.5588	0.0511222546200984
1414.1418	0.0503453776946308
1412.7248	0.0508993559082618
1411.3079	0.051332705094307
1409.8909	0.0516768168669713
1408.4739	0.0513367055226598
1407.0569	0.0514499930105196
1405.6399	0.0511609194920512
1404.223	0.0508161995281413
1402.806	0.0513345844181013
1401.389	0.052083408743081
1399.972	0.0516342788258978
1398.5551	0.051100307786925
1397.1381	0.0525295467569531
1395.7211	0.0515869863393644
1394.3041	0.0523029044537496
1392.8872	0.0523903778500753
1391.4702	0.0533068714308061
1390.0532	0.0541206237578755
1388.6362	0.0537964215872558
1387.2193	0.0548056231765824
1385.8023	0.0558873578269312
1384.3853	0.0550077791862995
1382.9683	0.0553539904877041
1381.5514	0.0555864142117013
1380.1344	0.0548629024973886
1378.7174	0.0552638015090006
1377.3004	0.0546288740942019
1375.8835	0.0549882395725904
1374.4665	0.0551834344517982
1373.0495	0.055484920564348
1371.6325	0.0553800774236464
1370.2156	0.0558443536454865
1368.7986	0.0565397817818735
1367.3816	0.0573767734591561
1365.9646	0.0575825939445801
1364.5477	0.0574982986791457
1363.1307	0.0577735099094581
1361.7137	0.0585518854831575
1360.2967	0.0578893075878926
1358.8797	0.0586112280432845
1357.4628	0.0575688395378166
1356.0458	0.0575134025855532
1354.6288	0.0559895512943476
1353.2118	0.056072981880661
1351.7949	0.0551668219369545
1350.3779	0.0546279546482496
1348.9609	0.0549489638446148
1347.5439	0.0547561213078923
1346.127	0.0556588108113538
1344.71	0.0549676927901599
1343.293	0.05555337302006
1341.876	0.0556484540111454
1340.4591	0.0560998633183552
1339.0421	0.0562868129468376
1337.6251	0.0560394445963237
1336.2081	0.0556875712085427
1334.7912	0.0560957962296391
1333.3742	0.0563267755901588
1331.9572	0.0555374775629608
1330.5402	0.0558495298328849
1329.1233	0.0555260947780781
1327.7063	0.0550171832535079
1326.2893	0.0540738213123362
1324.8723	0.0543520452673163
1323.4554	0.0531776700949544
1322.0384	0.0523344104937068
1320.6214	0.0527852132081256
1319.2044	0.0522752658172144
1317.7875	0.0517732530882337
1316.3705	0.0513796180201582
1314.9535	0.0514175584547403
1313.5365	0.0497799398153869
1312.1195	0.0500302472749264
1310.7026	0.0501575421538577
1309.2856	0.0503138407629208
1307.8686	0.0495268906381063
1306.4516	0.050632716935045
1305.0347	0.0500909827927244
1303.6177	0.0504959170494465
1302.2007	0.0498064206848153
1300.7837	0.0500443169394036
1299.3668	0.0498925826971571
1297.9498	0.049949622111043
1296.5328	0.0508515894558406
1295.1158	0.0500478012152432
1293.6989	0.0496962444483748
1292.2819	0.0499427188521533
1290.8649	0.0501713151232435
1289.4479	0.0507465840569479
1288.031	0.0501870098312231
1286.614	0.0505629206301528
1285.197	0.0502854283002938
1283.78	0.0502993151481191
1282.3631	0.0515107967578847
1280.9461	0.0519699623454285
1279.5291	0.0523957615550408
1278.1121	0.052143379456385
1276.6952	0.0530805211924895
1275.2782	0.0542167310113811
1273.8612	0.0534712899467261
1272.4442	0.0540001714650492
1271.0273	0.0546508819273994
1269.6103	0.0545536525424499
1268.1933	0.054422145658098
1266.7763	0.0545726557091293
1265.3593	0.0543803069304676
1263.9424	0.0545436257285431
1262.5254	0.054211595848085
1261.1084	0.0535294503762394
1259.6914	0.0546120263715988
1258.2745	0.0538581028303275
1256.8575	0.0538777549904817
1255.4405	0.0542749086112647
1254.0235	0.0539579544917062
1252.6066	0.0538215232072429
1251.1896	0.0538249919175129
1249.7726	0.0531383066446118
1248.3556	0.0538101687757106
1246.9387	0.0532366487058867
1245.5217	0.0533316363258518
1244.1047	0.0531650787981782
1242.6877	0.052741999829084
1241.2708	0.0524390281240781
1239.8538	0.0529066555983779
1238.4368	0.0533335622072866
1237.0198	0.0528338704891755
1235.6029	0.0532327616223344
1234.1859	0.0535912603368432
1232.7689	0.0535615740171462
1231.3519	0.0522751543557038
1229.935	0.0525193147165382
1228.518	0.0517446438893771
1227.101	0.0511671327983291
1225.684	0.0510470441376831
1224.2671	0.0497045986428594
1222.8501	0.0492971329363048
1221.4331	0.0486249987279591
1220.0161	0.0476573663640444
1218.5991	0.0478981688851826
1217.1822	0.046912619346035
1215.7652	0.0464109474729469
1214.3482	0.0466458077527827
1212.9312	0.0466792468581768
1211.5143	0.0459468964674424
1210.0973	0.0458028043864098
1208.6803	0.0454517675105784
1207.2633	0.0451993343448001
1205.8464	0.0444070360561435
1204.4294	0.0440661267545362
1203.0124	0.0432601538200262
1201.5954	0.0438415797854581
1200.1785	0.0425350668617581
1198.7615	0.0432578165764048
1197.3445	0.0420137413597982
1195.9275	0.04165064566674
1194.5106	0.0415633229028205
1193.0936	0.0405674515701229
1191.6766	0.0400353343021733
1190.2596	0.0392456546246858
1188.8427	0.0389141803094127
1187.4257	0.0379199906769797
1186.0087	0.0382385417523137
1184.5917	0.0375124752957569
1183.1748	0.0378130090714969
1181.7578	0.0376596105234293
1180.3408	0.037852644305979
1178.9238	0.0379933861575743
1177.5069	0.0385910783760148
1176.0899	0.0387614808610931
1174.6729	0.0395569125362572
1173.2559	0.0399159829709644
1171.8389	0.0419107859064692
1170.422	0.0431501654800718
1169.005	0.0442643172970754
1167.588	0.046176681607097
1166.171	0.0482158084295044
1164.7541	0.0504190042583159
1163.3371	0.0530487133325644
1161.9201	0.0557193088423439
1160.5031	0.0588307959087536
1159.0862	0.0613755262044906
1157.6692	0.0643559628041185
1156.2522	0.0666098484483931
1154.8352	0.0691038952122784
1153.4183	0.070015455519766
1152.0013	0.0729022014693974
1150.5843	0.0740076194309105
1149.1673	0.0740377268597375
1147.7504	0.0752105312467339
1146.3334	0.0748931240548674
1144.9164	0.074700979486201
1143.4994	0.0732925224250443
1142.0825	0.072602499070055
1140.6655	0.0727071537538651
1139.2485	0.0716976317628426
1137.8315	0.070861076747446
1136.4146	0.0696183923277638
1134.9976	0.0691815223295063
1133.5806	0.0683510165955736
1132.1636	0.0671615766430317
1130.7467	0.0672644705264179
1129.3297	0.0683282777098932
1127.9127	0.0683474432181359
1126.4957	0.0684551109103894
1125.0787	0.0692358894037283
1123.6618	0.0693744007859391
1122.2448	0.0697910018857406
1120.8278	0.0702939976921766
1119.4108	0.0704548839832149
1117.9939	0.0701210094710089
1116.5769	0.0714907784573157
1115.1599	0.070938994218209
1113.7429	0.07109162480301
1112.326	0.072220422080216
1110.909	0.071696911788879
1109.492	0.0728138927580191
1108.075	0.0727506044676664
1106.6581	0.074175107376242
1105.2411	0.075216551363982
1103.8241	0.0760706999471189
1102.4071	0.0767525628631477
1100.9902	0.0764468258149824
1099.5732	0.0768439088976115
1098.1562	0.0771467628143172
1096.7392	0.0777853326173374
1095.3223	0.0776788716947457
1093.9053	0.0782131049475234
1092.4883	0.079767650515253
1091.0713	0.0796501752490725
1089.6544	0.0812747416857126
1088.2374	0.0824812242304776
1086.8204	0.0852010946605071
1085.4034	0.0873428899757301
1083.9865	0.0898967657497386
1082.5695	0.0935024466269746
1081.1525	0.0953474648803652
1079.7355	0.0972435426595704
1078.3185	0.0990446955805041
1076.9016	0.100358512419236
1075.4846	0.101204802461093
1074.0676	0.0999680486047981
1072.6506	0.0982409891260338
1071.2337	0.0961433234751279
1069.8167	0.0948191358002374
1068.3997	0.0926406858496226
1066.9827	0.0912797863035616
1065.5658	0.0916526124581795
1064.1488	0.0913039457567531
1062.7318	0.0917772692345233
1061.3148	0.0924877885617791
1059.8979	0.0951604649009834
1058.4809	0.0963129128847881
1057.0639	0.0972859896154762
1055.6469	0.0985766630502545
1054.23	0.100528841496316
1052.813	0.102292374867826
1051.396	0.104680048679259
1049.979	0.106348272871523
1048.5621	0.108376776507188
1047.1451	0.110537134098222
1045.7281	0.11262255434
1044.3111	0.113884555707491
1042.8942	0.11655833786662
1041.4772	0.118575642215209
1040.0602	0.120485793028019
1038.6432	0.122605891553511
1037.2263	0.124382442628147
1035.8093	0.126144554830915
1034.3923	0.127772350782261
1032.9753	0.130195474128824
1031.5583	0.132455133113448
1030.1414	0.135275384103625
1028.7244	0.136913104385636
1027.3074	0.138991277465786
1025.8904	0.141586539145553
1024.4735	0.143347867923565
1023.0565	0.144888323401095
1021.6395	0.147199172822331
1020.2225	0.148901763075877
1018.8056	0.150736030167153
1017.3886	0.152112381947965
1015.9716	0.153108599038426
1014.5546	0.153882860752261
1013.1377	0.153499490095694
1011.7207	0.154334800845748
1010.3037	0.154338632755533
1008.8867	0.153914447430048
1007.4698	0.155248192142813
1006.0528	0.155909523680594
1004.6358	0.155832409771341
1003.2188	0.156776428652386
1001.8019	0.156176254635027
1000.3849	0.157844953179113
998.9679	0.158041739523862
997.5509	0.159169052080325
996.134	0.160239045945315
994.717	0.160472059777814
993.3	0.161567445551008
991.883	0.162264032283298
990.4661	0.161690651415219
989.0491	0.161638637458892
987.6321	0.160742039980519
986.2151	0.159712216699687
984.7981	0.15893227745951
983.3812	0.15668930750418
981.9642	0.154502941487625
980.5472	0.15214748371087
979.1302	0.151326303324852
977.7133	0.1467667209234
976.2963	0.145332648651677
974.8793	0.142209825492807
973.4623	0.139846988138116
972.0454	0.136729672858426
970.6284	0.133418982969257
969.2114	0.130405464817517
967.7944	0.127619967919658
966.3775	0.1252307244806
964.9605	0.121715775646664
963.5435	0.119658369196844
962.1265	0.116162431874105
960.7096	0.114197009464679
959.2926	0.110817236989656
957.8756	0.108441636361252
956.4586	0.107008536483652
955.0417	0.103841134392414
953.6247	0.102140979729321
952.2077	0.100224296821981
950.7907	0.0979230954065682
949.3738	0.0964939377030053
947.9568	0.0953708509647126
946.5398	0.094725737614102
945.1228	0.0944244059794679
943.7059	0.09383242646277
942.2889	0.0932471915271853
940.8719	0.0932446211859556
939.4549	0.0940159561221287
938.0379	0.0943555687144762
936.621	0.0938892832368229
935.204	0.0951760801771526
933.787	0.0948205711435264
932.37	0.0952264222884974
930.9531	0.0950188843712293
929.5361	0.0949027096006481
928.1191	0.0942148883712794
926.7021	0.0944353216835398
925.2852	0.0948725117437819
923.8682	0.0944210257599268
922.4512	0.0943466970846387
921.0342	0.0940826454484975
919.6173	0.0925112633494968
918.2003	0.0924099706599214
916.7833	0.0926338607089944
915.3663	0.0924163736479811
913.9494	0.0911374613673694
912.5324	0.0904689313504488
911.1154	0.0895332062502918
909.6984	0.0894550384253736
908.2815	0.0880084375692338
906.8645	0.0870602974410769
905.4475	0.0847926918153297
904.0305	0.0842148583522501
902.6136	0.0839657532016221
901.1966	0.0832396182155142
899.7796	0.0820755595514941
898.3626	0.0819307015865257
896.9457	0.0821254173912621
895.5287	0.0808103143605167
894.1117	0.0801805238683073
892.6947	0.0800834119245151
891.2777	0.0796569903680695
889.8608	0.0787351709724796
888.4438	0.0779074840416572
887.0268	0.0770560621993086
885.6098	0.0760322628945309
884.1929	0.0762356426660369
882.7759	0.0746352087598458
881.3589	0.0740145239516595
879.9419	0.0732885844809537
878.525	0.0733499652988727
877.108	0.07271823100058
875.691	0.0730172602906936
874.274	0.0720380690852105
872.8571	0.072845415117213
871.4401	0.0736556505522656
870.0231	0.0734947200684306
868.6061	0.074383430911247
867.1892	0.0750681936779445
865.7722	0.0751374136817744
864.3552	0.0757549204103691
862.9382	0.0753370324048741
861.5213	0.0762600689334157
860.1043	0.076527451907559
858.6873	0.0774071023349335
857.2703	0.0770663864357747
855.8534	0.0772526121549465
854.4364	0.0772176195474394
853.0194	0.0769912569134005
851.6024	0.0771029002146819
850.1855	0.078174366147998
848.7685	0.0768544368880055
847.3515	0.0767760395941376
845.9345	0.0778202012741277
844.5175	0.0768091092359823
843.1006	0.0768148874195783
841.6836	0.0769312065560615
840.2666	0.0767777227457664
838.8496	0.0752786762847127
837.4327	0.0759788039214933
836.0157	0.0754763455614733
834.5987	0.0739385867017482
833.1817	0.0745264899570844
831.7648	0.0730289001235724
830.3478	0.0724565920773422
828.9308	0.0722836084499436
827.5138	0.0719635000630632
826.0969	0.0720054535522445
824.6799	0.0720650574751647
823.2629	0.0714390955755554
821.8459	0.071255998498932
820.429	0.0709454197346862
819.012	0.0700275792148233
817.595	0.0710093707947201
816.178	0.0710747146017073
814.7611	0.0702880977110456
813.3441	0.0708503605961895
811.9271	0.0700658714955181
810.5101	0.0696122036012102
809.0932	0.0695068402651769
807.6762	0.0690909441350237
806.2592	0.0688941590758855
804.8422	0.0683562503204433
803.4253	0.0684876207446653
802.0083	0.0691496218441121
800.5913	0.0683262222848631
799.1743	0.0687149389139315
797.7573	0.068597712049585
796.3404	0.0689225723286
794.9234	0.0680613463626595
793.5064	0.0685304185548798
792.0894	0.0692691704013549
790.6725	0.0685638314561582
789.2555	0.0688524204557523
787.8385	0.0699197386358484
786.4215	0.0706919047308459
785.0046	0.0703039132615671
783.5876	0.0709022399202375
782.1706	0.0710558225479013
780.7536	0.0718671616205423
779.3367	0.0721960586886817
777.9197	0.0721061002966411
776.5027	0.0725281665265324
775.0857	0.073586197688478
773.6688	0.0751149167778314
772.2518	0.0756890096306287
770.8348	0.076391381567803
769.4178	0.0770829061880338
768.0009	0.0796478641568743
766.5839	0.0794049487632323
765.1669	0.0802277636366029
763.7499	0.081134480775863
762.333	0.0810731027723506
760.916	0.0814598664294382
759.499	0.0813949340186573
758.082	0.0818096698118265
756.6651	0.0807456924979222
755.2481	0.0804903025355955
753.8311	0.0805846125144668
752.4141	0.0798603755515655
750.9971	0.0795945496759966
749.5802	0.0782559800963329
748.1632	0.0776871108039571
746.7462	0.0774015322164446
745.3292	0.0757527651431589
743.9123	0.0750871829819121
742.4953	0.0749189894853337
741.0783	0.0741836264566756
739.6613	0.0743329202829888
738.2444	0.0750148989843112
736.8274	0.0742746900767416
735.4104	0.0743370145243186
733.9934	0.0746876123884448
732.5765	0.0736562508470916
731.1595	0.0748970391225636
729.7425	0.0749134366949609
728.3255	0.0761460961730038
726.9086	0.0754427638439239
725.4916	0.0766713803095939
724.0746	0.0766317726780769
722.6576	0.0769583075055622
721.2407	0.0779460928897188
719.8237	0.0781597944744757
718.4067	0.0794064458593099
716.9897	0.080157047097565
715.5728	0.0810221432991824
714.1558	0.0811158385221556
712.7388	0.082206896791066
711.3218	0.0828953397872317
709.9049	0.0847025096414404
708.4879	0.0845121845446995
707.0709	0.0856828521475826
705.6539	0.0857758193064078
704.2369	0.0858715071935883
702.82	0.0851182806745086
701.403	0.0860946995806137
699.986	0.0854012636520205
698.569	0.0856321492507782
697.1521	0.0853870278541209
695.7351	0.0847139254097081
694.3181	0.0846834461067147
692.9011	0.0844121739898668
691.4842	0.0846428093773717
690.0672	0.0844458645123094
688.6502	0.0836214290799621
687.2332	0.0839063457620495
685.8163	0.0835706946436912
684.3993	0.0843388089826329
682.9823	0.0837739129987261
681.5653	0.083687896111753
680.1484	0.0845968350684881
678.7314	0.084665771210135
677.3144	0.0843814581578202
675.8974	0.0855419875633726
674.4805	0.0855512759734312
673.0635	0.0848663258479603
671.6465	0.0852092966836648
670.2295	0.0851987497604655
668.8126	0.0864371952860731
667.3956	0.0867628858708784
665.9786	0.0879115246990937
664.5616	0.0888133354943561
663.1447	0.0877958516626837
661.7277	0.0877504958962758
660.3107	0.0880655652067771
658.8937	0.0881010049113468
657.4767	0.0888621844391255
656.0598	0.0895585617637377
654.6428	0.0890617864930844
653.2258	0.0891419887080349
651.8088	0.089859857674738
650.3919	0.0902096967100784
648.9749	0.0900905934533844
647.5579	0.0908559984868158
646.1409	0.0909893453808888
644.724	0.0911639931980114
643.307	0.0915445796926532
641.89	0.0920127041000035
640.473	0.091460297960405
639.0561	0.0908801463528421
637.6391	0.0921555830821377
636.2221	0.0916965960880823
634.8051	0.0919276945848762
633.3882	0.0927682356734636
631.9712	0.0935862869430543
630.5542	0.0932550776682254
629.1372	0.0940953965680775
627.7203	0.093438163082092
626.3033	0.0945293568865506
624.8863	0.0956534904254297
623.4693	0.0965930326017989
622.0524	0.097395120275963
620.6354	0.0990982762219071
619.2184	0.0993891456120405
617.8014	0.0995345265673672
616.3845	0.101176989034642
614.9675	0.101823578240135
613.5505	0.102763169394272
612.1335	0.10456509896321
610.7165	0.106301882425289
609.2996	0.105211449332689
607.8826	0.106407316556929
606.4656	0.106826214240268
605.0486	0.107375095289682
603.6317	0.106846416239801
602.2147	0.106899197416063
600.7977	0.10700876544551
599.3807	0.106041482555442
597.9638	0.107272673787827
596.5468	0.106444260240331
595.1298	0.108482731456653
593.7128	0.108046122454708
592.2959	0.108592814474704
590.8789	0.108108416661442
589.4619	0.10944123048474
588.0449	0.108994263002899
586.628	0.110270645884099
585.211	0.111961374321452
583.794	0.112306946701258
582.377	0.113696715278019
580.9601	0.115432624697116
579.5431	0.117854068621544
578.1261	0.11866722477364
576.7091	0.120537180805222
575.2922	0.12128605681789
573.8752	0.122473112690423
572.4582	0.123558193481652
571.0412	0.123991369963309
569.6243	0.124315259647763
568.2073	0.123463111178718
566.7903	0.122550542623497
565.3733	0.122176690306016
563.9563	0.120491115558768
562.5394	0.120192470298015
561.1224	0.119824792011584
559.7054	0.119772861794114
558.2884	0.120079853767173
556.8715	0.12094262070723
555.4545	0.119508488119861
554.0375	0.118899240301779
552.6205	0.118423988337676
551.2036	0.118135013994706
549.7866	0.117481988221756
548.3696	0.116914847398385
546.9526	0.116702926314903
545.5357	0.11621550749543
544.1187	0.116445885353194
542.7017	0.11728219186111
541.2847	0.116303111742555
539.8678	0.117779368733443
538.4508	0.119279696097699
537.0338	0.120565438383121
535.6168	0.120909208177649
534.1999	0.121603380404118
532.7829	0.12275647555947
531.3659	0.124321350577286
529.9489	0.124790495098539
528.532	0.126114413061981
527.115	0.127363771113929
525.698	0.127088486425746
524.281	0.127689481243255
522.8641	0.127994701401432
521.4471	0.12982598386094
520.0301	0.129655458964605
518.6131	0.129857023747356
517.1962	0.129598527106308
515.7792	0.129035268332559
514.3622	0.128806910030036
512.9452	0.1289896544466
511.5282	0.129372468340655
510.1113	0.128789858143976
508.6943	0.127922332772779
507.2773	0.128041868398724
505.8603	0.127810668407089
504.4434	0.127725935175528
503.0264	0.127422949336205
501.6094	0.127082820682872
500.1924	0.127101054253709
498.7755	0.126688860376759
497.3585	0.126673820904151
495.9415	0.126315274370049
494.5245	0.126108236155172
493.1076	0.124946751200183
491.6906	0.124963741394729
490.2736	0.125213087558867
488.8566	0.125562816101187
487.4397	0.125598301093827
486.0227	0.127224648716954
484.6057	0.126879542462854
483.1887	0.126613082209539
481.7718	0.127604955648473
480.3548	0.128003625699556
478.9378	0.126623822964536
477.5208	0.126674717313997
476.1039	0.126734534305458
474.6869	0.126653469928653
473.2699	0.12640731535955
471.8529	0.125019143702523
470.436	0.125591056858759
469.019	0.126132573194276
467.602	0.126822299541711
466.185	0.126210157245806
464.768	0.126989482006072
463.3511	0.126012888015888
461.9341	0.12617089744545
460.5171	0.125990520982518
459.1001	0.123933630638614
457.6832	0.1234085552061
456.2662	0.123344037308217
454.8492	0.124211229398008
453.4322	0.125064117739249
452.0153	0.124675031153007
450.5983	0.124224324951706
449.1813	0.124436978232301
447.7643	0.124576038088079
446.3474	0.125934918373994
444.9304	0.125923838859158
443.5134	0.128253449528748
442.0964	0.129678071791955
440.6795	0.131230140105155
439.2625	0.131800193019442
437.8455	0.131924363263577
436.4285	0.132698693632519
435.0116	0.133668684488921
433.5946	0.134749077541549
432.1776	0.135244620601302
430.7606	0.135862744166776
429.3437	0.135391064270989
427.9267	0.135868463751738
426.5097	0.135302703788264
425.0927	0.135685979145983
423.6758	0.135900369776332
422.2588	0.134961232628413
420.8418	0.134601587212372
419.4248	0.133196576931614
418.0078	0.132994324477962
416.5909	0.13400672851823
415.1739	0.135283005955694
413.7569	0.135087570292702
412.3399	0.134963501165811
410.923	0.136030249111925
409.506	0.137016980958467
408.089	0.138379159830374
406.672	0.137880816702744
405.2551	0.136321062769692
403.8381	0.135635813990507
402.4211	0.136460991251717
401.0041	0.136834010504799
