3994.4546	0.0151539900663979
3993.0377	0.0146205629913224
3991.6207	0.0147855222083532
3990.2037	0.0150108131901128
3988.7867	0.0152323955476151
3987.3698	0.0150737829737462
3985.9528	0.0153197265394033
3984.5358	0.0148317172573989
3983.1188	0.0144935901342089
3981.7019	0.0151771229218244
3980.2849	0.0147331049596828
3978.8679	0.015111148410642
3977.4509	0.0147371640179207
3976.034	0.0149454820532228
3974.617	0.0146407560327844
3973.2	0.0151062366905959
3971.783	0.0151474838447275
3970.3661	0.0154281543344134
3968.9491	0.0153447866739453
3967.5321	0.0143803539238003
3966.1151	0.0142244268259013
3964.6982	0.0155433619694131
3963.2812	0.0147379030825364
3961.8642	0.0150939518692052
3960.4472	0.0152524109622382
3959.0303	0.0149371685718796
3957.6133	0.0149945646554342
3956.1963	0.0147977800421818
3954.7793	0.0151334826389606
3953.3624	0.0147809820399921
3951.9454	0.0149564861866647
3950.5284	0.0151927906811096
3949.1114	0.0146686855472488
3947.6944	0.0146080779955407
3946.2775	0.0146862658643175
3944.8605	0.01496865848017
3943.4435	0.0139473488501388
3942.0265	0.014898603095125
3940.6096	0.0147140056285929
3939.1926	0.0147345609960238
3937.7756	0.0146033828171702
3936.3586	0.0152743625913581
3934.9417	0.0150823781965126
3933.5247	0.0146412712542219
3932.1077	0.0153983914471806
3930.6907	0.0153247401481874
3929.2738	0.0148760517619251
3927.8568	0.0151254369108131
3926.4398	0.0149343300521962
3925.0228	0.0152866758913582
3923.6059	0.0143456156084592
3922.1889	0.0151343722265828
3920.7719	0.0151162369615669
3919.3549	0.0144580397131207
3917.938	0.0145827478828883
3916.521	0.0147662187660425
3915.104	0.0154823867833024
3913.687	0.014982245835514
3912.2701	0.0149715169613277
3910.8531	0.0149710995917342
3909.4361	0.0147446968321425
3908.0191	0.0147289562876707
3906.6022	0.014837639829675
3905.1852	0.0141701983491319
3903.7682	0.0136682524729464
3902.3512	0.0142321704984809
3900.9342	0.0142609823653896
3899.5173	0.0146872598564264
3898.1003	0.0147125746026375
3896.6833	0.014857604477724
3895.2663	0.0146291607181327
3893.8494	0.0153541242680575
3892.4324	0.0146316255420946
3891.0154	0.0146893866727639
3889.5984	0.0138496704362148
3888.1815	0.0142939223510412
3886.7645	0.014997999186082
3885.3475	0.013949693300307
3883.9305	0.0143080238105616
3882.5136	0.0148088918628031
3881.0966	0.0145633573875888
3879.6796	0.0148655334579545
3878.2626	0.0150950460353715
3876.8457	0.0149192741541275
3875.4287	0.0147476426823588
3874.0117	0.0146748628804122
3872.5947	0.0143165350900393
3871.1778	0.0139020456419429
3869.7608	0.0148579054497857
3868.3438	0.0148670687798696
3866.9268	0.01547952783193
3865.5099	0.0146430445387519
3864.0929	0.014306490474757
3862.6759	0.0144483709952905
3861.2589	0.0147861756823951
3859.842	0.014122213470824
3858.425	0.0142382795807594
3857.008	0.0145337572243074
3855.591	0.0140511652586764
3854.174	0.0139671491632312
3852.7571	0.0139110314426526
3851.3401	0.0141362789259225
3849.9231	0.0149996501863076
3848.5061	0.0143078751298964
3847.0892	0.0147527616751066
3845.6722	0.0142774722638785
3844.2552	0.0140788990821675
3842.8382	0.0144349717410405
3841.4213	0.0135255193323811
3840.0043	0.014427530918161
3838.5873	0.0144559841663203
3837.1703	0.0135084917218496
3835.7534	0.0143022949781643
3834.3364	0.014391239304618
3832.9194	0.014193910416915
3831.5024	0.0140611319185164
3830.0855	0.0145729403265807
3828.6685	0.0142247682289363
3827.2515	0.0146015456026446
3825.8345	0.0144008794744136
3824.4176	0.0139580280445293
3823.0006	0.0138547208764715
3821.5836	0.0143052463323668
3820.1666	0.0144090444093332
3818.7497	0.0146360381022597
3817.3327	0.0144200228605492
3815.9157	0.0143065866912966
3814.4987	0.0142628121783459
3813.0818	0.0141631673725566
3811.6648	0.0142427780107289
3810.2478	0.0144534934591256
3808.8308	0.0142062031242167
3807.4138	0.013989174265358
3805.9969	0.0146234911147642
3804.5799	0.014616577311885
3803.1629	0.0145220729659368
3801.7459	0.0141404502903929
3800.329	0.0139914345566724
3798.912	0.0148198305782299
3797.495	0.0140381338984886
3796.078	0.0142996264849492
3794.6611	0.0145620548763862
3793.2441	0.014091093983993
3791.8271	0.0141510581406681
3790.4101	0.0139190962577523
3788.9932	0.0142275098444274
3787.5762	0.0138542939226141
3786.1592	0.0140817824773498
3784.7422	0.01390433454998
3783.3253	0.0136619846759096
3781.9083	0.0137509489249825
3780.4913	0.0135687799892705
3779.0743	0.0142149107696468
3777.6574	0.0143156769674585
3776.2404	0.014260970955885
3774.8234	0.0142737733362817
3773.4064	0.0133074163222118
3771.9895	0.0131785020655067
3770.5725	0.013923442801569
3769.1555	0.0138789587159542
3767.7385	0.0143920041334175
3766.3216	0.0138565630366653
3764.9046	0.013330705494328
3763.4876	0.0135677225458816
3762.0706	0.0140874784417201
3760.6536	0.0136609682336171
3759.2367	0.0138757077920976
3757.8197	0.0138526555524017
3756.4027	0.0137446412190116
3754.9857	0.0140891085768169
3753.5688	0.0131476668869048
3752.1518	0.0134223200297933
3750.7348	0.0134204510006964
3749.3178	0.0141236398154571
3747.9009	0.0130471835749574
3746.4839	0.0135485990847854
3745.0669	0.0141727512980888
3743.6499	0.013739282123128
3742.233	0.0141314943551087
3740.816	0.0132862935833746
3739.399	0.01367258419155
3737.982	0.013357063726942
3736.5651	0.0126121570561101
3735.1481	0.0132060333816494
3733.7311	0.0133399627894926
3732.3141	0.0135144998961478
3730.8972	0.0132077997721046
3729.4802	0.0133270283359274
3728.0632	0.0139332692112519
3726.6462	0.0138535267944584
3725.2293	0.0135838202143488
3723.8123	0.0134198851273039
3722.3953	0.0131904998515248
3720.9783	0.0136507773331591
3719.5614	0.0132510769194146
3718.1444	0.013153933789465
3716.7274	0.0133892086657142
3715.3104	0.0134173588403554
3713.8935	0.0128578095885217
3712.4765	0.0133904746664297
3711.0595	0.0133863523074026
3709.6425	0.0132168507833093
3708.2255	0.0142371411973598
3706.8086	0.0128046676231099
3705.3916	0.0126899019035233
3703.9746	0.0129520720268383
3702.5576	0.0130636185296045
3701.1407	0.0130538833770377
3699.7237	0.0127768714889437
3698.3067	0.0136212287132237
3696.8897	0.0130496460775903
3695.4728	0.0138784490141
3694.0558	0.01355523066962
3692.6388	0.0131644244951838
3691.2218	0.0127133142247513
3689.8049	0.0136586639156002
3688.3879	0.0130156892291127
3686.9709	0.0132932831467239
3685.5539	0.0131507115416541
3684.137	0.0126564513810663
3682.72	0.0132189013493936
3681.303	0.0131765440863548
3679.886	0.0129499194220664
3678.4691	0.0131012841352391
3677.0521	0.0129167059345257
3675.6351	0.012923871501906
3674.2181	0.0125862776661
3672.8012	0.0130623418178712
3671.3842	0.0133589209909541
3669.9672	0.0133392221386213
3668.5502	0.0129514430863281
3667.1333	0.0130025757318973
3665.7163	0.0129172117744047
3664.2993	0.013463140114631
3662.8823	0.0128435682973998
3661.4653	0.0138160469310166
3660.0484	0.0124347694065258
3658.6314	0.0134490183556508
3657.2144	0.0130146987539914
3655.7974	0.0133181397471275
3654.3805	0.0128200112451411
3652.9635	0.0134640615665959
3651.5465	0.0130790733395637
3650.1295	0.0132521564191173
3648.7126	0.0132267675411211
3647.2956	0.0132601364897238
3645.8786	0.0141248872931573
3644.4616	0.0135235392278222
3643.0447	0.0131235166389596
3641.6277	0.0136806808461042
3640.2107	0.0137256832438668
3638.7937	0.013526401589114
3637.3768	0.0133695358075922
3635.9598	0.0137545624165179
3634.5428	0.0138238269013991
3633.1258	0.0144994719369387
3631.7089	0.0139624906644919
3630.2919	0.0135137702164822
3628.8749	0.014194238608484
3627.4579	0.0146281892209707
3626.041	0.0144204134444889
3624.624	0.0137333907343368
3623.207	0.0143931312251242
3621.79	0.0143481093016531
3620.3731	0.0145776117277584
3618.9561	0.0148873064031617
3617.5391	0.0147599328645165
3616.1221	0.0146324875443761
3614.7051	0.0144412671363852
3613.2882	0.0147336226670853
3611.8712	0.0144144559906178
3610.4542	0.0154197502897421
3609.0372	0.0147586756173945
3607.6203	0.0152824531841598
3606.2033	0.0151309761914585
3604.7863	0.0151540153645179
3603.3693	0.0155011122258375
3601.9524	0.015996664617679
3600.5354	0.0157719499856128
3599.1184	0.0164019762167305
3597.7014	0.0164578776386606
3596.2845	0.016206511620745
3594.8675	0.0161038554916504
3593.4505	0.0157603897015118
3592.0335	0.0160041151447977
3590.6166	0.0166958864867451
3589.1996	0.0163692112948833
3587.7826	0.0167760921737625
3586.3656	0.0173952644451201
3584.9487	0.0174260146253799
3583.5317	0.0170877325052468
3582.1147	0.0173452971117255
3580.6977	0.0172534067373006
3579.2808	0.018159594918701
3577.8638	0.0182301434547614
3576.4468	0.0173863662881981
3575.0298	0.018148972184989
3573.6129	0.0177131637059402
3572.1959	0.0181699413299128
3570.7789	0.0187065903379323
3569.3619	0.0189599211585351
3567.9449	0.0187502359431799
3566.528	0.0198602811561089
3565.111	0.0199398999921958
3563.694	0.0197232290856279
3562.277	0.0200703747282184
3560.8601	0.0200182273677993
3559.4431	0.0204405245509146
3558.0261	0.0206332003038692
3556.6091	0.020432092159466
3555.1922	0.020812977702555
3553.7752	0.020637979118483
3552.3582	0.0211707191637401
3550.9412	0.0212587464837947
3549.5243	0.0214660389453647
3548.1073	0.0214543884472109
3546.6903	0.0219176821765783
3545.2733	0.022494280260258
3543.8564	0.0223290104952665
3542.4394	0.022929111425079
3541.0224	0.0225416969288267
3539.6054	0.0229967685944694
3538.1885	0.0236102293948685
3536.7715	0.0235486275502398
3535.3545	0.0233464766336344
3533.9375	0.024256976248995
3532.5206	0.0246432697366555
3531.1036	0.0238283537456454
3529.6866	0.0245579615895666
3528.2696	0.0253647638192183
3526.8527	0.0255341133071824
3525.4357	0.0261266399426656
3524.0187	0.0254311910812557
3522.6017	0.0259783316312402
3521.1847	0.0262065436661361
3519.7678	0.0266812813911499
3518.3508	0.0253275351318258
3516.9338	0.0258887635541792
3515.5168	0.0272836026144859
3514.0999	0.026862634214275
3512.6829	0.0276080226391154
3511.2659	0.0275306438723618
3509.8489	0.0271136730644351
3508.432	0.0278355072288374
3507.015	0.0282752019960489
3505.598	0.0280479728775755
3504.181	0.0279425624706075
3502.7641	0.0289868768521994
3501.3471	0.0286501512517389
3499.9301	0.0287080225366051
3498.5131	0.0293190526422064
3497.0962	0.0296605058541139
3495.6792	0.0290344336028774
3494.2622	0.0301767305174366
3492.8452	0.0293460524534006
3491.4283	0.0307513931503773
3490.0113	0.030891995519887
3488.5943	0.030698794437972
3487.1773	0.0307714678036887
3485.7604	0.0317377474545482
3484.3434	0.0320732531727716
3482.9264	0.0316443795658346
3481.5094	0.0324545544840797
3480.0925	0.0325669091019039
3478.6755	0.0323958086937554
3477.2585	0.033295206153103
3475.8415	0.0327886433967735
3474.4245	0.0327834073568134
3473.0076	0.0327307192113567
3471.5906	0.0332980035879512
3470.1736	0.0337321922558687
3468.7566	0.0340761158358099
3467.3397	0.0338774151081218
3465.9227	0.0343346939782175
3464.5057	0.0344221898436506
3463.0887	0.034744420115493
3461.6718	0.0354748218061366
3460.2548	0.0349499347122572
3458.8378	0.0354919410095608
3457.4208	0.0346688454787131
3456.0039	0.0357630057805442
3454.5869	0.0363370517925957
3453.1699	0.0356772752981021
3451.7529	0.0367749279955594
3450.336	0.0363966019275388
3448.919	0.037294842548593
3447.502	0.037138345160171
3446.085	0.0369388356204178
3444.6681	0.0380686135226363
3443.2511	0.0379545379986835
3441.8341	0.0375233727989351
3440.4171	0.0385184426541718
3439.0002	0.0373500336248344
3437.5832	0.0384938104600662
3436.1662	0.0387696167316277
3434.7492	0.0389919513378201
3433.3323	0.0385765366208143
3431.9153	0.0397881581230898
3430.4983	0.0390133585117111
3429.0813	0.0392455598020802
3427.6643	0.0396701145811201
3426.2474	0.0395328896571125
3424.8304	0.0396674187767851
3423.4134	0.0404420131528466
3421.9964	0.0401754381565213
3420.5795	0.0401838267518751
3419.1625	0.0402395950680023
3417.7455	0.040997530831568
3416.3285	0.0406060937626684
3414.9116	0.041427789485156
3413.4946	0.040612761737195
3412.0776	0.0414085220439559
3410.6606	0.0418431066277162
3409.2437	0.0421163167577459
3407.8267	0.0420984889486197
3406.4097	0.0421587887037235
3404.9927	0.0421243895676216
3403.5758	0.0424053413549437
3402.1588	0.0430013279240405
3400.7418	0.0428525395231473
3399.3248	0.0433327518639543
3397.9079	0.0434607494340082
3396.4909	0.043777530236892
3395.0739	0.043965616457693
3393.6569	0.0432248725866373
3392.24	0.0443107363646784
3390.823	0.0438377316451798
3389.406	0.0439551545204348
3387.989	0.0449969666609038
3386.5721	0.0445674305288448
3385.1551	0.0440273987958623
3383.7381	0.0453174842067019
3382.3211	0.0456451396202953
3380.9041	0.0452623525449501
3379.4872	0.0456158224723845
3378.0702	0.0450153162662711
3376.6532	0.0452960403326368
3375.2362	0.0453261112040057
3373.8193	0.0457230913806488
3372.4023	0.0458631339305484
3370.9853	0.0451292675675999
3369.5683	0.0464694158502559
3368.1514	0.0466103647112261
3366.7344	0.0462871041952046
3365.3174	0.0462745631346079
3363.9004	0.0460437776006689
3362.4835	0.0468436308864899
3361.0665	0.0471533561559507
3359.6495	0.0471683297962019
3358.2325	0.0474085724300088
3356.8156	0.0469663382375152
3355.3986	0.047179578391691
3353.9816	0.0474865521414714
3352.5646	0.0475946850810501
3351.1477	0.0476928542533589
3349.7307	0.0471009160509355
3348.3137	0.0479213482397718
3346.8967	0.0482911829609273
3345.4798	0.0479794364235219
3344.0628	0.0481933891896224
3342.6458	0.0476275463846351
3341.2288	0.0473296878300448
3339.8119	0.0476729788502833
3338.3949	0.0486489538157473
3336.9779	0.0480863702380494
3335.5609	0.0481161218493922
3334.1439	0.0486030140647151
3332.727	0.0485469085828868
3331.31	0.0479866123395935
3329.893	0.0487105860731041
3328.476	0.0483119799463352
3327.0591	0.0481544325647252
3325.6421	0.0489163791871508
3324.2251	0.0490850614416871
3322.8081	0.0486651370673349
3321.3912	0.0495278241728319
3319.9742	0.0490443687880702
3318.5572	0.0489353005011964
3317.1402	0.0491526223055634
3315.7233	0.048681186811258
3314.3063	0.049491042284213
3312.8893	0.0485704890997992
3311.4723	0.0490474170863047
3310.0554	0.0494116262775042
3308.6384	0.0490981562639259
3307.2214	0.0492507170949533
3305.8044	0.0494026062334245
3304.3875	0.0497818122008632
3302.9705	0.0498939410299311
3301.5535	0.0495345648737717
3300.1365	0.0499845560924575
3298.7196	0.0493461107687005
3297.3026	0.0496354281392483
3295.8856	0.0497001209707723
3294.4686	0.0489917633650422
3293.0517	0.0494741584870834
3291.6347	0.0500183950358055
3290.2177	0.0492153859274771
3288.8007	0.0489807821886957
3287.3837	0.0493737057386329
3285.9668	0.0496923106954952
3284.5498	0.0503235369108126
3283.1328	0.0496059011477721
3281.7158	0.0497082321016719
3280.2989	0.0498612562504066
3278.8819	0.0495609583681091
3277.4649	0.0497775576372349
3276.0479	0.0492867863531551
3274.631	0.0497798139991113
3273.214	0.0493538838061602
3271.797	0.0500586279157213
3270.38	0.0495020661470851
3268.9631	0.04897440396399
3267.5461	0.0499685183098826
3266.1291	0.0493739152801283
3264.7121	0.0498472590648522
3263.2952	0.0500827758542887
3261.8782	0.0503444704231178
3260.4612	0.049206871545954
3259.0442	0.0496684392045665
3257.6273	0.0499557100442341
3256.2103	0.0496352932537969
3254.7933	0.0495615542947216
3253.3763	0.0496694072947483
3251.9594	0.0493701503702717
3250.5424	0.0495427443842945
3249.1254	0.0497093909389251
3247.7084	0.0494608377455291
3246.2915	0.0495714064306325
3244.8745	0.0489760178015053
3243.4575	0.04929033817507
3242.0405	0.0492739142217764
3240.6235	0.0494820790760667
3239.2066	0.0502251314577106
3237.7896	0.0492399770197788
3236.3726	0.0491485707898255
3234.9556	0.048998405988547
3233.5387	0.0490778112176825
3232.1217	0.0493075072093526
3230.7047	0.0489227230153733
3229.2877	0.0493665038185656
3227.8708	0.0485708113909824
3226.4538	0.0491032719293871
3225.0368	0.0494237659653755
3223.6198	0.048556568716251
3222.2029	0.0482329048632017
3220.7859	0.0490800725100664
3219.3689	0.0485728025310013
3217.9519	0.048597605836896
3216.535	0.0481129999545656
3215.118	0.0482228013988356
3213.701	0.0480346717928543
3212.284	0.0480661366435371
3210.8671	0.0486996700786725
3209.4501	0.0478703597443689
3208.0331	0.047942749754226
3206.6161	0.0475159846916154
3205.1992	0.0481907149106415
3203.7822	0.0475547548887096
3202.3652	0.0482445172701388
3200.9482	0.0473188647054591
3199.5313	0.0476326990245305
3198.1143	0.0470461929766615
3196.6973	0.0467724597983175
3195.2803	0.0479344450428104
3193.8633	0.0471721505037852
3192.4464	0.047164791387823
3191.0294	0.0471998133447317
3189.6124	0.0465999472440196
3188.1954	0.0467141640722254
3186.7785	0.0459140400105333
3185.3615	0.0464347014287754
3183.9445	0.046224430578994
3182.5275	0.0463997637994004
3181.1106	0.0464032014687134
3179.6936	0.0456269808344657
3178.2766	0.0465545641113648
3176.8596	0.0458714094607386
3175.4427	0.0462674024916091
3174.0257	0.0459709844962378
3172.6087	0.0453579247953701
3171.1917	0.0451148148488008
3169.7748	0.0449219657318174
3168.3578	0.0451719899597585
3166.9408	0.0444386941488614
3165.5238	0.0451878358881972
3164.1069	0.0446780437216672
3162.6899	0.0446506149090709
3161.2729	0.044531566747872
3159.8559	0.0444235914753871
3158.439	0.0445098479469406
3157.022	0.0447243017445808
3155.605	0.0441801387194699
3154.188	0.0438394733101032
3152.7711	0.0438821417328126
3151.3541	0.0436923318439242
3149.9371	0.0436422274877763
3148.5201	0.0438596339286354
3147.1031	0.043446624204991
3145.6862	0.0430027272612319
3144.2692	0.0435502852271735
3142.8522	0.0435704928793095
3141.4352	0.0428658944834444
3140.0183	0.0424702023436641
3138.6013	0.0426175257633133
3137.1843	0.0426987290283338
3135.7673	0.0423558034863087
3134.3504	0.0421745027577805
3132.9334	0.0419970538888601
3131.5164	0.0425318071811334
3130.0994	0.0422424806251159
3128.6825	0.0421883914248002
3127.2655	0.041681191048339
3125.8485	0.0417745914101795
3124.4315	0.0413372513632646
3123.0146	0.0421041970175678
3121.5976	0.0405273345518885
3120.1806	0.0406191656069701
3118.7636	0.0406058495391576
3117.3467	0.0405801442461642
3115.9297	0.0405218153624395
3114.5127	0.0410859551818482
3113.0957	0.0408513988170109
3111.6788	0.040213562302619
3110.2618	0.040103395591998
3108.8448	0.0399783732113319
3107.4278	0.0391677388896799
3106.0109	0.0395232650760323
3104.5939	0.039664392964582
3103.1769	0.0394029245431975
3101.7599	0.0393453521992299
3100.3429	0.0393287664551392
3098.926	0.0395106659054595
3097.509	0.0386536489645678
3096.092	0.0390848514980238
3094.675	0.0391660695262779
3093.2581	0.0386953603758349
3091.8411	0.0382190799921433
3090.4241	0.0383470416913739
3089.0071	0.0378443367037601
3087.5902	0.0379896622857635
3086.1732	0.0377407793084761
3084.7562	0.0378625946139521
3083.3392	0.0377467877631018
3081.9223	0.0372301069247153
3080.5053	0.037594781197047
3079.0883	0.0371031305694044
3077.6713	0.0372913575613929
3076.2544	0.0372119154336288
3074.8374	0.0371065844744717
3073.4204	0.0370686964080853
3072.0034	0.0368673311711472
3070.5865	0.0359481962636802
3069.1695	0.0368084549621366
3067.7525	0.0365794236671365
3066.3355	0.036587590707543
3064.9186	0.0369928531551997
3063.5016	0.0353279481902782
3062.0846	0.0355172932963921
3060.6676	0.0359979146017085
3059.2507	0.0352512660779514
3057.8337	0.0349795718302456
3056.4167	0.0354112709219308
3054.9997	0.035520430888477
3053.5827	0.0348457011729041
3052.1658	0.0353141635541411
3050.7488	0.0345914556295273
3049.3318	0.0343700757879915
3047.9148	0.0352379709230071
3046.4979	0.0340804906152442
3045.0809	0.0345334945243011
3043.6639	0.0344002487102139
3042.2469	0.0337252478672619
3040.83	0.0345407571760353
3039.413	0.0336680655109474
3037.996	0.0345956886913059
3036.579	0.0333355216258513
3035.1621	0.0339975262561411
3033.7451	0.033164738690205
3032.3281	0.0329846967320864
3030.9111	0.0329578014578982
3029.4942	0.0328821512679483
3028.0772	0.0328964054639245
3026.6602	0.0330441457595095
3025.2432	0.0328232931912022
3023.8263	0.032878856713899
3022.4093	0.0326532988987439
3020.9923	0.0325636392134275
3019.5753	0.0327569660620851
3018.1584	0.0330248070307697
3016.7414	0.0327310961912076
3015.3244	0.0323365429335132
3013.9074	0.0323781966641633
3012.4905	0.0318223992429163
3011.0735	0.0317951756040107
3009.6565	0.0316265442627879
3008.2395	0.0319460475386129
3006.8225	0.0321540364824179
3005.4056	0.0319131466376067
3003.9886	0.0319788581458298
3002.5716	0.0312962425381693
3001.1546	0.0311331475196844
2999.7377	0.031770439259761
2998.3207	0.0314446810342452
2996.9037	0.0315538826581259
2995.4867	0.0315532990588054
2994.0698	0.0317131085072175
2992.6528	0.0324255504082199
2991.2358	0.0319553067686042
2989.8188	0.0314458201561333
2988.4019	0.0316292869294085
2986.9849	0.0314955152868669
2985.5679	0.0317830053010403
2984.1509	0.0318069819949341
2982.734	0.0323948193333748
2981.317	0.0323334531457881
2979.9	0.0316860112434531
2978.483	0.0317347740424345
2977.0661	0.0320816966564085
2975.6491	0.0319447363274089
2974.2321	0.0326870936778072
2972.8151	0.0322756608162356
2971.3982	0.0320662788554531
2969.9812	0.0334421594314067
2968.5642	0.0330327322558699
2967.1472	0.0330403716474421
2965.7303	0.032515837270941
2964.3133	0.0331324105243241
2962.8963	0.0333761037914522
2961.4793	0.0334854552796421
2960.0623	0.0335958870233028
2958.6454	0.0339434731052779
2957.2284	0.0346270704172137
2955.8114	0.0346828410167737
2954.3944	0.034566049276025
2952.9775	0.035150611208034
2951.5605	0.034676089140195
2950.1435	0.0355120616796845
2948.7265	0.0352597279711471
2947.3096	0.0357056406220798
2945.8926	0.0354588984091738
2944.4756	0.0363736901661219
2943.0586	0.0358984058786584
2941.6417	0.0367405442490148
2940.2247	0.0370568364133301
2938.8077	0.0376788110628271
2937.3907	0.0372913232054045
2935.9738	0.0372777766681031
2934.5568	0.0378964166426104
2933.1398	0.0383414935681399
2931.7228	0.0385381723874289
2930.3059	0.0386115340454108
2928.8889	0.0387410410711452
2927.4719	0.0390989870119929
2926.0549	0.0385285101829553
2924.638	0.0386809420655293
2923.221	0.0385505589841744
2921.804	0.0388459302298137
2920.387	0.0386924649223445
2918.9701	0.0385061342949837
2917.5531	0.038539975153436
2916.1361	0.0385745301402764
2914.7191	0.0384050710841549
2913.3021	0.038225133615943
2911.8852	0.0380922942842803
2910.4682	0.0388889291917993
2909.0512	0.0383832954434373
2907.6342	0.037894899917718
2906.2173	0.0379048259267128
2904.8003	0.038806243546997
2903.3833	0.0381787566477159
2901.9663	0.0389586875984001
2900.5494	0.0391107155306961
2899.1324	0.0375057594753025
2897.7154	0.0379369612914594
2896.2984	0.0381096552451184
2894.8815	0.0379700943238917
2893.4645	0.0388158997366432
2892.0475	0.0375943996746032
2890.6305	0.0380484008007292
2889.2136	0.0381911467275772
2887.7966	0.0374029389397736
2886.3796	0.0377717176232999
2884.9626	0.0374884786523895
2883.5457	0.0374436125897644
2882.1287	0.0372777657532853
2880.7117	0.0370619813230945
2879.2947	0.0372531960509783
2877.8778	0.0371380498394936
2876.4608	0.037114781998452
2875.0438	0.0371478022445844
2873.6268	0.0371140500788854
2872.2099	0.0367111276241694
2870.7929	0.0359235945433729
2869.3759	0.0365688964586346
2867.9589	0.0360343666625891
2866.5419	0.0357349568430107
2865.125	0.0356356966534389
2863.708	0.0353995991008311
2862.291	0.0353525600978805
2860.874	0.0356780754589408
2859.4571	0.0350774099836381
2858.0401	0.0348174682469051
2856.6231	0.0344872143618937
2855.2061	0.0344161457603889
2853.7892	0.0346372500223265
2852.3722	0.0344462163571094
2850.9552	0.0351352691801627
2849.5382	0.0341780094643513
2848.1213	0.0343991355113692
2846.7043	0.0339306852451078
2845.2873	0.0335987595526557
2843.8703	0.0341025147430217
2842.4534	0.0332344499394758
2841.0364	0.0333487274861155
2839.6194	0.0332601620071486
2838.2024	0.0331320538625128
2836.7855	0.0324236229702238
2835.3685	0.0331892905352976
2833.9515	0.0334280533080516
2832.5345	0.0328385978945374
2831.1176	0.0323116000520338
2829.7006	0.033268440148605
2828.2836	0.033134529462787
2826.8666	0.0324148573279161
2825.4497	0.0319092900359687
2824.0327	0.0325456372194465
2822.6157	0.0323352369857949
2821.1987	0.0321317504117519
2819.7817	0.0320569806859539
2818.3648	0.0320737170179899
2816.9478	0.0314128264630653
2815.5308	0.0313281576746846
2814.1138	0.0309514492629552
2812.6969	0.0312303959217666
2811.2799	0.0315592469801545
2809.8629	0.0306619648534664
2808.4459	0.0314841521855093
2807.029	0.0310981042823121
2805.612	0.0305934969796317
2804.195	0.0308847087375557
2802.778	0.030995129539416
2801.3611	0.0306539777500401
2799.9441	0.0305507253556436
2798.5271	0.0306263633813054
2797.1101	0.0307226828871463
2795.6932	0.0313073304592761
2794.2762	0.030889983623229
2792.8592	0.0296709531641327
2791.4422	0.0301932351486955
2790.0253	0.02995285644751
2788.6083	0.0303364232671634
2787.1913	0.0301975266306197
2785.7743	0.0300068812649172
2784.3574	0.0303735108088915
2782.9404	0.0299832800885333
2781.5234	0.0302544347468583
2780.1064	0.0292491009250158
2778.6895	0.0295912426416216
2777.2725	0.0301526086610121
2775.8555	0.0305476936663745
2774.4385	0.0296403975314149
2773.0215	0.0295479295707569
2771.6046	0.0288064139010574
2770.1876	0.0295370961466085
2768.7706	0.0298369574123033
2767.3536	0.0293191010190057
2765.9367	0.0297985190841548
2764.5197	0.0298446618251288
2763.1027	0.0293506830702966
2761.6857	0.0288686798479801
2760.2688	0.0292773164621813
2758.8518	0.0293878413873195
2757.4348	0.0292964525509893
2756.0178	0.0292384412124561
2754.6009	0.0293360367710814
2753.1839	0.0290270406030336
2751.7669	0.0292137011260474
2750.3499	0.0288216054497451
2748.933	0.0287877057771505
2747.516	0.0290803561772833
2746.099	0.0290802568467116
2744.682	0.0284014153547516
2743.2651	0.0282109171513885
2741.8481	0.0294271641310669
2740.4311	0.0285137752805505
2739.0141	0.0294053382685409
2737.5972	0.0289522194470691
2736.1802	0.0294535398018356
2734.7632	0.0291966917694348
2733.3462	0.0286147374635538
2731.9293	0.0288678573731239
2730.5123	0.0287735718721536
2729.0953	0.0290368000561435
2727.6783	0.0289194100156869
2726.2613	0.0289930872094586
2724.8444	0.0293256655950172
2723.4274	0.0284800917235
2722.0104	0.0286962214910071
2720.5934	0.0286385662891011
2719.1765	0.0287454703699048
2717.7595	0.0289461053289266
2716.3425	0.0291188531518703
2714.9255	0.0294166658144524
2713.5086	0.0285586345018325
2712.0916	0.0286207491846611
2710.6746	0.0286277848126964
2709.2576	0.0287677135832306
2707.8407	0.0287305179296805
2706.4237	0.0280445876563004
2705.0067	0.0287978668097425
2703.5897	0.0285677266915789
2702.1728	0.028187494236304
2700.7558	0.0290479815557714
2699.3388	0.0284518513771433
2697.9218	0.0281130796544932
2696.5049	0.0280028355620807
2695.0879	0.0279018786433494
2693.6709	0.0282195085129637
2692.2539	0.0286237828895398
2690.837	0.0281407780685545
2689.42	0.0287707107701169
2688.003	0.0281986997488541
2686.586	0.0279779562388331
2685.1691	0.0276999697330404
2683.7521	0.0275867022754003
2682.3351	0.0279190174704445
2680.9181	0.0279595202647879
2679.5011	0.0280832037577518
2678.0842	0.0276058970844391
2676.6672	0.0278395087105034
2675.2502	0.0277813940622346
2673.8332	0.0276783345599952
2672.4163	0.0274109250140119
2670.9993	0.0280942447703226
2669.5823	0.0268959752095025
2668.1653	0.0278171836875001
2666.7484	0.0278243940603231
2665.3314	0.0275680951857823
2663.9144	0.0277371962012798
2662.4974	0.0279898490688982
2661.0805	0.0280468955552214
2659.6635	0.027479392335412
2658.2465	0.0274556076884609
2656.8295	0.027308299352686
2655.4126	0.0279538128317124
2653.9956	0.0272186468189544
2652.5786	0.0275669792794146
2651.1616	0.0269673416317961
2649.7447	0.0274369274408177
2648.3277	0.0271861399937218
2646.9107	0.0270336236893766
2645.4937	0.0270008099494708
2644.0768	0.0265517026167549
2642.6598	0.0267428694818196
2641.2428	0.0269339721279332
2639.8258	0.0264379720350102
2638.4089	0.0269207750707242
2636.9919	0.0266563928184323
2635.5749	0.0265981288703741
2634.1579	0.0269325042804093
2632.741	0.0269138426189831
2631.324	0.0268175514862543
2629.907	0.0269033013847772
2628.49	0.0263852794142591
2627.073	0.0264399588691581
2625.6561	0.0262719628000454
2624.2391	0.0266004343947529
2622.8221	0.026166497960518
2621.4051	0.0261133005251889
2619.9882	0.0262701464773139
2618.5712	0.0261738532591342
2617.1542	0.026306495773323
2615.7372	0.0264783527958928
2614.3203	0.0262712406750813
2612.9033	0.0254258397476424
2611.4863	0.0258229549620556
2610.0693	0.0260931895629594
2608.6524	0.0268889185054657
2607.2354	0.0256705589567949
2605.8184	0.0262248803661471
2604.4014	0.0264080185549492
2602.9845	0.0257794439038166
2601.5675	0.0259116261448178
2600.1505	0.025659639161062
2598.7335	0.0249817952120809
2597.3166	0.0253010542577449
2595.8996	0.0254808060637824
2594.4826	0.0259725839133023
2593.0656	0.0258242892973607
2591.6487	0.0258918227449616
2590.2317	0.0256000319286357
2588.8147	0.0256305888512582
2587.3977	0.0256248281689026
2585.9808	0.0257432954251107
2584.5638	0.0252082667468395
2583.1468	0.0253683836998929
2581.7298	0.0251425278852934
2580.3128	0.0256369595096293
2578.8959	0.025407101903165
2577.4789	0.0252038045355123
2576.0619	0.0250847723476372
2574.6449	0.024897343301439
2573.228	0.0252832619524029
2571.811	0.0255923342717127
2570.394	0.0250396037055937
2568.977	0.0250187429929517
2567.5601	0.024918978327754
2566.1431	0.0243261975729666
2564.7261	0.0241009496052597
2563.3091	0.0251219650185578
2561.8922	0.024958735432766
2560.4752	0.0243421470917159
2559.0582	0.0243302566165174
2557.6412	0.0251273052094498
2556.2243	0.0246041212752141
2554.8073	0.024735046831909
2553.3903	0.024349926226124
2551.9733	0.025383920483667
2550.5564	0.0255714939924527
2549.1394	0.0243811396024841
2547.7224	0.0240880686293627
2546.3054	0.0241074778214064
2544.8885	0.0248964849044638
2543.4715	0.0248760009979082
2542.0545	0.0242858554717974
2540.6375	0.0243117178027151
2539.2206	0.0242928300194706
2537.8036	0.0236096842516637
2536.3866	0.0242988832826222
2534.9696	0.024240524731324
2533.5526	0.0241424849850056
2532.1357	0.023649863020474
2530.7187	0.0242628553215194
2529.3017	0.0240529130653781
2527.8847	0.0240918042192827
2526.4678	0.023958820732671
2525.0508	0.0237888837122321
2523.6338	0.0244578168574442
2522.2168	0.024448356769489
2520.7999	0.0240885491732071
2519.3829	0.0239853011446093
2517.9659	0.0242373225827929
2516.5489	0.0244057860044684
2515.132	0.0240884622789003
2513.715	0.0237863087351402
2512.298	0.0232958969677421
2510.881	0.0240556672039977
2509.4641	0.0240898543367393
2508.0471	0.0242341292887614
2506.6301	0.0239531561992389
2505.2131	0.0241817717990813
2503.7962	0.0231274515142559
2502.3792	0.023801090781882
2500.9622	0.0235536048589704
2499.5452	0.0241463873063313
2498.1283	0.0234763731492182
2496.7113	0.0240382528117557
2495.2943	0.0234114101021551
2493.8773	0.0240942282964404
2492.4604	0.0234486438043814
2491.0434	0.0232509436866354
2489.6264	0.0235407282446045
2488.2094	0.0237575482052201
2486.7924	0.0231639519723223
2485.3755	0.023033141369389
2483.9585	0.0242158496329499
2482.5415	0.0237210597980434
2481.1245	0.0232641452236059
2479.7076	0.0232952045693238
2478.2906	0.023730108506043
2476.8736	0.0240094024065979
2475.4566	0.0224315685205795
2474.0397	0.0236933348857909
2472.6227	0.0233563591260491
2471.2057	0.0234996237455742
2469.7887	0.0234248699797391
2468.3718	0.0232289257581674
2466.9548	0.0239358928505552
2465.5378	0.0238324823201237
2464.1208	0.0232805381891095
2462.7039	0.0236851026081139
2461.2869	0.0232389234627083
2459.8699	0.022697345629281
2458.4529	0.0224862194824558
2457.036	0.0227323352191626
2455.619	0.0234770736720746
2454.202	0.0232975845272082
2452.785	0.0231501564188804
2451.3681	0.0234054024550962
2449.9511	0.022474980868381
2448.5341	0.0233446098162246
2447.1171	0.0230969954629767
2445.7002	0.0232589914954556
2444.2832	0.0234329551753177
2442.8662	0.0226395203406729
2441.4492	0.0232491774288716
2440.0322	0.0228846820209538
2438.6153	0.0225871483869563
2437.1983	0.0224761917776242
2435.7813	0.0233094615544628
2434.3643	0.0226617159843177
2432.9474	0.0226615160465954
2431.5304	0.022646945140873
2430.1134	0.0222156925750274
2428.6964	0.0225030388533635
2427.2795	0.0229975572577101
2425.8625	0.0231297293136876
2424.4455	0.0225625195458555
2423.0285	0.0230072394126292
2421.6116	0.0228323425735733
2420.1946	0.0223914581258901
2418.7776	0.0220764323718982
2417.3606	0.0221312892760636
2415.9437	0.0219642118564486
2414.5267	0.0225377007579781
2413.1097	0.0222049176820967
2411.6927	0.0225549665960571
2410.2758	0.0218435463179539
2408.8588	0.0223107960346881
2407.4418	0.0225590058079254
2406.0248	0.0221686168623868
2404.6079	0.0231123373912504
2403.1909	0.0224968338442056
2401.7739	0.0218514053413835
2400.3569	0.021957105158273
2398.94	0.0221406253442772
2397.523	0.0219724894170311
2396.106	0.0218997432523103
2394.689	0.0218520901252581
2393.272	0.0224231249802908
2391.8551	0.022191173527805
2390.4381	0.0214494659692973
2389.0211	0.0217202491854989
2387.6041	0.0223831816480052
2386.1872	0.0223730687657642
2384.7702	0.0221955623596847
2383.3532	0.0217794518788319
2381.9362	0.021659553308937
2380.5193	0.0223450856079422
2379.1023	0.0219004091602779
2377.6853	0.0224289537476922
2376.2683	0.0218393874902012
2374.8514	0.0219355037156589
2373.4344	0.0217510660491688
2372.0174	0.021152833241947
2370.6004	0.0216805723072469
2369.1835	0.0212101794153569
2367.7665	0.0216505095470546
2366.3495	0.0216987337834995
2364.9325	0.0223606044566144
2363.5156	0.0221884071846259
2362.0986	0.0217989838573489
2360.6816	0.0216927543531746
2359.2646	0.0222551024616254
2357.8477	0.0214309754313871
2356.4307	0.0217707815372367
2355.0137	0.0223431711118566
2353.5967	0.022206700304375
2352.1798	0.0220294917829472
2350.7628	0.0217802680672402
2349.3458	0.0218560890695017
2347.9288	0.0224044222865971
2346.5118	0.0217207836492104
2345.0949	0.0215874803474
2343.6779	0.0217348527852735
2342.2609	0.0212081962091465
2340.8439	0.0215228503294332
2339.427	0.0220697626481011
2338.01	0.0216235907446237
2336.593	0.0211997013633975
2335.176	0.0220602533292306
2333.7591	0.0213471744361438
2332.3421	0.0217899619010617
2330.9251	0.0223188841848038
2329.5081	0.0221137227203477
2328.0912	0.0221114913238708
2326.6742	0.0220127486165224
2325.2572	0.0220955683857832
2323.8402	0.022661244897022
2322.4233	0.0225623740925194
2321.0063	0.0223016315432506
2319.5893	0.0217347230630056
2318.1723	0.0224574259298609
2316.7554	0.0220824826318447
2315.3384	0.0223031100010217
2313.9214	0.0219033578464995
2312.5044	0.0215483640551142
2311.0875	0.0218413006369857
2309.6705	0.0211635608022814
2308.2535	0.0206614136424338
2306.8365	0.0217735120906957
2305.4196	0.021378784017913
2304.0026	0.0214802951659128
2302.5856	0.0222214874226978
2301.1686	0.0214978036619344
2299.7516	0.0214124101928326
2298.3347	0.0220602000494412
2296.9177	0.021642165285454
2295.5007	0.022253976511418
2294.0837	0.021537405902951
2292.6668	0.0219908304791882
2291.2498	0.021596888303849
2289.8328	0.0212369596764128
2288.4158	0.021069200198232
2286.9989	0.0222257370477898
2285.5819	0.0221365442967793
2284.1649	0.0218315711181349
2282.7479	0.0213665546391901
2281.331	0.0214311026972219
2279.914	0.0216891558859122
2278.497	0.0213897215232555
2277.08	0.0216680868467664
2275.6631	0.0207298023648541
2274.2461	0.0214857753495249
2272.8291	0.0214207602192925
2271.4121	0.0209157009570697
2269.9952	0.0211020393826899
2268.5782	0.0207248192354044
2267.1612	0.021037479269981
2265.7442	0.0210437027899289
2264.3273	0.0209650508601906
2262.9103	0.0205995102011658
2261.4933	0.0211302017456542
2260.0763	0.0210328785915835
2258.6594	0.0208495821754997
2257.2424	0.0217651541689015
2255.8254	0.0211190403491267
2254.4084	0.0208198047306552
2252.9914	0.0208628367627012
2251.5745	0.0208997762092791
2250.1575	0.0207364168588245
2248.7405	0.0216471412012673
2247.3235	0.0215457916799041
2245.9066	0.0213304880235019
2244.4896	0.0214699327958685
2243.0726	0.0205685121775582
2241.6556	0.0215653853460862
2240.2387	0.0217082342958551
2238.8217	0.0207406223784725
2237.4047	0.0217442355632646
2235.9877	0.0208701856243465
2234.5708	0.0210550111043994
2233.1538	0.0211630512580893
2231.7368	0.0199685928862443
2230.3198	0.0208842809777397
2228.9029	0.0201741650387467
2227.4859	0.0208994520944813
2226.0689	0.0200217606393791
2224.6519	0.0201097255081349
2223.235	0.0197545877200221
2221.818	0.020526993877586
2220.401	0.0210847170660314
2218.984	0.0199080426052605
2217.5671	0.0201234264628819
2216.1501	0.0208370794601457
2214.7331	0.0205134371642342
2213.3161	0.0201761495948319
2211.8992	0.0199403030352297
2210.4822	0.0199290261768031
2209.0652	0.0205046799668724
2207.6482	0.0205996643943515
2206.2312	0.0205739701077757
2204.8143	0.0203785638613132
2203.3973	0.0198861720545405
2201.9803	0.0204840512231769
2200.5633	0.0204300523383889
2199.1464	0.0198827643108597
2197.7294	0.0208679695476912
2196.3124	0.0204272573564557
2194.8954	0.0205333314572366
2193.4785	0.020693117625198
2192.0615	0.0208485966396977
2190.6445	0.0210900371579817
2189.2275	0.0209927212810026
2187.8106	0.0207881524639254
2186.3936	0.02024252683397
2184.9766	0.0196813563857979
2183.5596	0.0196450024829504
2182.1427	0.0195749035213106
2180.7257	0.0194610053915212
2179.3087	0.0199351578999496
2177.8917	0.0207817188816762
2176.4748	0.0203969915375526
2175.0578	0.0206160430825144
2173.6408	0.0198497877767866
2172.2238	0.0200341805827178
2170.8069	0.0209740593551263
2169.3899	0.0202514395971008
2167.9729	0.0206438891680375
2166.5559	0.0209483439233348
2165.139	0.0206045664566363
2163.722	0.0203925113695404
2162.305	0.0208122284762846
2160.888	0.0195262069769131
2159.471	0.0186363366307317
2158.0541	0.0184476050805445
2156.6371	0.0181170915709244
2155.2201	0.0185836874093905
2153.8031	0.0188769857970595
2152.3862	0.0200028162117742
2150.9692	0.0194329170890068
2149.5522	0.0195940664118757
2148.1352	0.0196237109119317
2146.7183	0.0189320986968889
2145.3013	0.0191329074999102
2143.8843	0.0193795375689639
2142.4673	0.0192070548273401
2141.0504	0.0185580099076312
2139.6334	0.0187574396796274
2138.2164	0.018669043192565
2136.7994	0.0191716392442573
2135.3825	0.0180384173253431
2133.9655	0.0192583483997001
2132.5485	0.019161248886878
2131.1315	0.019169803639181
2129.7146	0.0191372644518572
2128.2976	0.0192196443452588
2126.8806	0.0193512282654457
2125.4636	0.019993276613051
2124.0467	0.0195654216189344
2122.6297	0.0192639858752909
2121.2127	0.0198846126922304
2119.7957	0.0196656801368258
2118.3788	0.0199892560138648
2116.9618	0.0196359433268496
2115.5448	0.0199390732822086
2114.1278	0.02028194850948
2112.7108	0.0192853550110131
2111.2939	0.0200348319889556
2109.8769	0.0200562202718621
2108.4599	0.0199786766926232
2107.0429	0.0201408108021185
2105.626	0.0201301933262026
2104.209	0.0197515422513318
2102.792	0.0196123319789258
2101.375	0.0191942911184408
2099.9581	0.0195384679250189
2098.5411	0.0194431014684174
2097.1241	0.0195148682561608
2095.7071	0.0190578456480823
2094.2902	0.0199854888747577
2092.8732	0.0190869143835824
2091.4562	0.0194467577434646
2090.0392	0.0197681558213854
2088.6223	0.019547547982399
2087.2053	0.020233282581624
2085.7883	0.0198088647226938
2084.3713	0.0198538395917573
2082.9544	0.0193543154042709
2081.5374	0.0196116824474769
2080.1204	0.0201213663959115
2078.7034	0.0195074290563255
2077.2865	0.0190136508583458
2075.8695	0.02016438808227
2074.4525	0.0201046268219377
2073.0355	0.0202018993450243
2071.6186	0.0198915887748666
2070.2016	0.0195972060671668
2068.7846	0.0202427045139296
2067.3676	0.0197685185586147
2065.9506	0.0196267797589032
2064.5337	0.0197637062475777
2063.1167	0.0194808774938762
2061.6997	0.0192873009626221
2060.2827	0.0189831707668996
2058.8658	0.0199729578396731
2057.4488	0.0196248717728515
2056.0318	0.01883479047297
2054.6148	0.0200117742900191
2053.1979	0.0196842414086713
2051.7809	0.0193974343507932
2050.3639	0.0195060548186624
2048.9469	0.0196624611024442
2047.53	0.0192914653427103
2046.113	0.018867532573804
2044.696	0.0189156265909391
2043.279	0.0188616219853328
2041.8621	0.0190861737853583
2040.4451	0.0189131761216186
2039.0281	0.0185058747312459
2037.6111	0.0181031954965977
2036.1942	0.0181378361425915
2034.7772	0.017229230501036
2033.3602	0.0185181163578882
2031.9432	0.0179685094017365
2030.5263	0.0185705338706739
2029.1093	0.0180992652579131
2027.6923	0.0176114427121964
2026.2753	0.017424034495731
2024.8584	0.0177209177227749
2023.4414	0.0168964151021665
2022.0244	0.0175186238448516
2020.6074	0.0173084559013773
2019.1904	0.0171539236216481
2017.7735	0.0172150994442188
2016.3565	0.0184051442319292
2014.9395	0.0182067769536477
2013.5225	0.0176292254840604
2012.1056	0.0177897752208114
2010.6886	0.017151013817507
2009.2716	0.0174056503012285
2007.8546	0.0175437607178399
2006.4377	0.0170079561251976
2005.0207	0.0170474438402497
2003.6037	0.0185655920392319
2002.1867	0.0184363172725303
2000.7698	0.0183685617790655
1999.3528	0.0177590598687929
1997.9358	0.0175605928548408
1996.5188	0.0176732369559817
1995.1019	0.0178285427809928
1993.6849	0.0170145897825038
1992.2679	0.0167666790243657
1990.8509	0.0173625627788442
1989.434	0.0176037976535122
1988.017	0.0183506976807717
1986.6	0.0181759359457048
1985.183	0.0181552396296609
1983.7661	0.0183597777533608
1982.3491	0.0184698241133756
1980.9321	0.0187832557886049
1979.5151	0.0185420319259887
1978.0982	0.0184631454763868
1976.6812	0.0176523983593214
1975.2642	0.0175846066692608
1973.8472	0.0179290440957651
1972.4302	0.0172629868027636
1971.0133	0.0169460889603968
1969.5963	0.016618166747494
1968.1793	0.0159643646364544
1966.7623	0.0166933212598527
1965.3454	0.0165931519237357
1963.9284	0.0174205818629079
1962.5114	0.0171081621680615
1961.0944	0.0165456602628733
1959.6775	0.0177313856835748
1958.2605	0.017190818472693
1956.8435	0.0173935213826882
1955.4265	0.0178553714539813
1954.0096	0.0175113567541607
1952.5926	0.0173867613697084
1951.1756	0.0179110981884474
1949.7586	0.0173222322599364
1948.3417	0.0172113896535771
1946.9247	0.0172934481905576
1945.5077	0.0179797137447748
1944.0907	0.0175781844935987
1942.6738	0.0171084596742256
1941.2568	0.0176511533471387
1939.8398	0.0175234397531558
1938.4228	0.01762527086918
1937.0059	0.0180087631312481
1935.5889	0.0183119525306789
1934.1719	0.0183147210200703
1932.7549	0.0179714476119557
1931.338	0.0180442270750445
1929.921	0.0179070222335663
1928.504	0.0180620200865312
1927.087	0.0172031593399409
1925.67	0.0183247914396036
1924.2531	0.0178434984845126
1922.8361	0.0178127023760422
1921.4191	0.0178900150026803
1920.0021	0.0177425768211872
1918.5852	0.0178880739301478
1917.1682	0.0178586519833307
1915.7512	0.0178078524662309
1914.3342	0.0175796607214129
1912.9173	0.0175335707251245
1911.5003	0.0182227704702503
1910.0833	0.0182746499829952
1908.6663	0.0178227595790295
1907.2494	0.0184756317005188
1905.8324	0.0179272977731988
1904.4154	0.0187224832013812
1902.9984	0.0184827527137006
1901.5815	0.0181370302372804
1900.1645	0.0181621878081028
1898.7475	0.0182111983473385
1897.3305	0.0179924062390742
1895.9136	0.0182746936869347
1894.4966	0.0180420202543282
1893.0796	0.0186759659303423
1891.6626	0.0181147246226469
1890.2457	0.0185543655244418
1888.8287	0.0178199419344814
1887.4117	0.018753032691326
1885.9947	0.0184997477543144
1884.5778	0.0178908580861483
1883.1608	0.0183894976494323
1881.7438	0.0180382810577546
1880.3268	0.018266278520095
1878.9098	0.0180087866287519
1877.4929	0.0182161722491967
1876.0759	0.0176312413029505
1874.6589	0.0172438722072621
1873.2419	0.0182397403706822
1871.825	0.0176940001730051
1870.408	0.0183622500606673
1868.991	0.0175619934615459
1867.574	0.0173650717710058
1866.1571	0.0177963954815076
1864.7401	0.0179657192894776
1863.3231	0.017745665768814
1861.9061	0.0180893768311619
1860.4892	0.0179852508403256
1859.0722	0.0178100491427904
1857.6552	0.0177221437133539
1856.2382	0.0177495183512402
1854.8213	0.0182575851474912
1853.4043	0.0181447287434494
1851.9873	0.0181340342616238
1850.5703	0.017864627965922
1849.1534	0.0176689878786251
1847.7364	0.0176344439243043
1846.3194	0.0174956510968627
1844.9024	0.0176768040005934
1843.4855	0.0178865427347605
1842.0685	0.0181260409044659
1840.6515	0.0187115321352352
1839.2345	0.0179949811833684
1837.8176	0.018409337884448
1836.4006	0.0181168153446434
1834.9836	0.0181424595725071
1833.5666	0.017830925440022
1832.1496	0.0179704939182223
1830.7327	0.0174555604057367
1829.3157	0.0176658789444207
1827.8987	0.0175808878427767
1826.4817	0.017713084798536
1825.0648	0.0177557490958236
1823.6478	0.0171274158781843
1822.2308	0.0173266823256788
1820.8138	0.0168844860223154
1819.3969	0.0171821041451506
1817.9799	0.0173348603861043
1816.5629	0.0172193345601776
1815.1459	0.0169337733984637
1813.729	0.0176165189440392
1812.312	0.0171684184513624
1810.895	0.0172284175558013
1809.478	0.0170273535094295
1808.0611	0.0173880746889039
1806.6441	0.0172246050340832
1805.2271	0.0174030227246798
1803.8101	0.0181864058152142
1802.3932	0.017600583253491
1800.9762	0.0182672177106689
1799.5592	0.0170544031940931
1798.1422	0.0174648391745737
1796.7253	0.0171255174034493
1795.3083	0.017348123366315
1793.8913	0.0173440605951403
1792.4743	0.0168419323214551
1791.0574	0.0178596930374737
1789.6404	0.017748362518915
1788.2234	0.018037680982492
1786.8064	0.0175303897161846
1785.3894	0.0173259454438231
1783.9725	0.0184223918905964
1782.5555	0.017736496632945
1781.1385	0.0181440272262845
1779.7215	0.0176755658029756
1778.3046	0.01769523700411
1776.8876	0.0174894072085037
1775.4706	0.0180461132869279
1774.0536	0.0176092186619656
1772.6367	0.0173171441708391
1771.2197	0.0180099167328994
1769.8027	0.0176811352636447
1768.3857	0.0179115711045657
1766.9688	0.0178395271189103
1765.5518	0.0182237416479461
1764.1348	0.0182824832887278
1762.7178	0.0186369203108446
1761.3009	0.0186184843350574
1759.8839	0.0182590925479801
1758.4669	0.0183572318594734
1757.0499	0.019507872569853
1755.633	0.0182749671152149
1754.216	0.0182056028949848
1752.799	0.0184037710989291
1751.382	0.018445205193673
1749.9651	0.0186655962519758
1748.5481	0.0197749743821831
1747.1311	0.0186210984776226
1745.7141	0.0197505128694039
1744.2972	0.0193853791478089
1742.8802	0.0194107633266946
1741.4632	0.0199179873819688
1740.0462	0.0203071177129934
1738.6292	0.0199920290499552
1737.2123	0.0199128869093414
1735.7953	0.0191963654561487
1734.3783	0.0197049668852012
1732.9613	0.0202864538297309
1731.5444	0.0203457204443376
1730.1274	0.0201666523598387
1728.7104	0.02115998543988
1727.2934	0.0221112003449445
1725.8765	0.020470568229846
1724.4595	0.0207647353014906
1723.0425	0.0205960540344032
1721.6255	0.0212217448906903
1720.2086	0.0213762443852724
1718.7916	0.022222587560125
1717.3746	0.0224203528061925
1715.9576	0.0221300243034159
1714.5407	0.0221918329734384
1713.1237	0.0226802347806567
1711.7067	0.0227043172656999
1710.2897	0.0223844673219018
1708.8728	0.022562932432521
1707.4558	0.0239575514959002
1706.0388	0.023006952940682
1704.6218	0.0235318279517671
1703.2049	0.0234690200655548
1701.7879	0.0236605223922054
1700.3709	0.0237378937649968
1698.9539	0.024177199159825
1697.537	0.024606650639069
1696.12	0.0249655624636568
1694.703	0.0238143736851125
1693.286	0.0242791993763261
1691.869	0.0247528759575472
1690.4521	0.0245336747149414
1689.0351	0.0242753043580013
1687.6181	0.0253873195983875
1686.2011	0.025087685361263
1684.7842	0.024084781823804
1683.3672	0.0246429607474745
1681.9502	0.0251429494027033
1680.5332	0.025684592384113
1679.1163	0.0253793323589465
1677.6993	0.0252771415798317
1676.2823	0.0255119584249719
1674.8653	0.0255546233135159
1673.4484	0.0255731296688492
1672.0314	0.0258522049635727
1670.6144	0.0260259341413137
1669.1974	0.026246102470984
1667.7805	0.0264151491932393
1666.3635	0.0269784878255998
1664.9465	0.0269484184892866
1663.5295	0.0267870022738562
1662.1126	0.0266501315510004
1660.6956	0.027174557157611
1659.2786	0.0271757613452286
1657.8616	0.0272657453164593
1656.4447	0.0268582750074616
1655.0277	0.0275102557655546
1653.6107	0.0280386201034231
1652.1937	0.0282229557595444
1650.7768	0.028468537723674
1649.3598	0.0290130352040299
1647.9428	0.0291272459930912
1646.5258	0.0295339407066763
1645.1088	0.0304544530751844
1643.6919	0.0304429815716951
1642.2749	0.031587495805685
1640.8579	0.031580194198711
1639.4409	0.0314659634449452
1638.024	0.0319619036305755
1636.607	0.0327440586941829
1635.19	0.0339042078559424
1633.773	0.0337123003782738
1632.3561	0.0347711181200995
1630.9391	0.0343607650578806
1629.5221	0.0347479158578692
1628.1051	0.0349394819004655
1626.6882	0.0357439362543334
1625.2712	0.0356517416206826
1623.8542	0.0364007261035553
1622.4372	0.0366908535267184
1621.0203	0.0367186245955716
1619.6033	0.0368915460523499
1618.1863	0.0370446987206325
1616.7693	0.0370334245082861
1615.3524	0.0378529119365385
1613.9354	0.0377672739578448
1612.5184	0.0379909502760017
1611.1014	0.0393913654765335
1609.6845	0.0386490812034388
1608.2675	0.0393817149946552
1606.8505	0.0403856814858753
1605.4335	0.0407201483614229
1604.0166	0.0409941929717017
1602.5996	0.0405645059900316
1601.1826	0.0414829455291888
1599.7656	0.0414027541424628
1598.3486	0.0416501416748302
1596.9317	0.0405708920558407
1595.5147	0.0414534907544444
1594.0977	0.0406932913995506
1592.6807	0.040816081310282
1591.2638	0.0407043545489747
1589.8468	0.0399051974211421
1588.4298	0.0398947864797501
1587.0128	0.0395291466768764
1585.5959	0.0385127781317409
1584.1789	0.0381460141620949
1582.7619	0.0389432255226158
1581.3449	0.0380973736423175
1579.928	0.0371474793091489
1578.511	0.0370689227102177
1577.094	0.0359006457565607
1575.677	0.0366244461443763
1574.2601	0.0345166019574756
1572.8431	0.0353751086920992
1571.4261	0.0341770736535423
1570.0091	0.0339708316828371
1568.5922	0.0340252884386165
1567.1752	0.0333115642310026
1565.7582	0.0337655877582918
1564.3412	0.0328463210435636
1562.9243	0.0317025130093997
1561.5073	0.0318630016819654
1560.0903	0.0308049669722902
1558.6733	0.0306513249120887
1557.2564	0.0302498302173166
1555.8394	0.0293707036668552
1554.4224	0.0290673872176725
1553.0054	0.0282378401267209
1551.5885	0.0281205846866545
1550.1715	0.0278505945748377
1548.7545	0.0263848316071497
1547.3375	0.0271373525611508
1545.9205	0.0274679253444445
1544.5036	0.0264567743855785
1543.0866	0.0268336424465931
1541.6696	0.0265190314984014
1540.2526	0.0253876526274832
1538.8357	0.025330206216409
1537.4187	0.0253917442095649
1536.0017	0.0253760417254449
1534.5847	0.025406105939685
1533.1678	0.0247948245916832
1531.7508	0.0252153968604678
1530.3338	0.0252565682113198
1528.9168	0.0253242816097449
1527.4999	0.0258837025069071
1526.0829	0.0257374451483665
1524.6659	0.0261162755170079
1523.2489	0.0264053447293092
1521.832	0.0270314781160521
1520.415	0.0287180486191295
1518.998	0.0290570139202547
1517.581	0.0293793561310317
1516.1641	0.0302358495746958
1514.7471	0.0313870923288144
1513.3301	0.031105298358552
1511.9131	0.0310846004216199
1510.4962	0.0317652250016568
1509.0792	0.0314925407556541
1507.6622	0.0321658604168878
1506.2452	0.0321165658025681
1504.8283	0.0320878969222814
1503.4113	0.0313309130736784
1501.9943	0.0302700904959353
1500.5773	0.0301623071741495
1499.1603	0.0288995982227829
1497.7434	0.0282872106548079
1496.3264	0.0275580659545369
1494.9094	0.0273123410588361
1493.4924	0.0269240411642059
1492.0755	0.0261908469951543
1490.6585	0.0265249395412958
1489.2415	0.025422250678163
1487.8245	0.0269993091324034
1486.4076	0.0269958493400346
1484.9906	0.0272117042939872
1483.5736	0.0283016166135695
1482.1566	0.0284121517852353
1480.7397	0.0284680687555477
1479.3227	0.0280543945814201
1477.9057	0.0284637116387302
1476.4887	0.0281425803254642
1475.0718	0.0285575530279011
1473.6548	0.0284852076332469
1472.2378	0.0295581097369256
1470.8208	0.0304443994244076
1469.4039	0.0306964308900816
1467.9869	0.0314705321688783
1466.5699	0.0317987928825959
1465.1529	0.0325840474016311
1463.736	0.0340658249919078
1462.319	0.0343007866042436
1460.902	0.0351866466741892
1459.485	0.0351114464504081
1458.0681	0.0355047673311674
1456.6511	0.0361112205898511
1455.2341	0.036618157262648
1453.8171	0.0370742414769367
1452.4001	0.0372913356108028
1450.9832	0.0369896758973859
1449.5662	0.0376455112546017
1448.1492	0.0375019916225845
1446.7322	0.0373342241589497
1445.3153	0.0372463171382031
1443.8983	0.036711983672997
1442.4813	0.0374173261130832
1441.0643	0.0377483658246508
1439.6474	0.0376606453229401
1438.2304	0.0376526027130127
1436.8134	0.0379375979924542
1435.3964	0.0386255137704672
1433.9795	0.0384610892264723
1432.5625	0.0388779900754577
1431.1455	0.039749404868877
1429.7285	0.0395870799334982
1428.3116	0.0410124957138782
1426.8946	0.040149398737704
1425.4776	0.0410940881431607
1424.0606	0.0409606457031827
1422.6437	0.0416146970146347
1421.2267	0.0416713724911719
1419.8097	0.0419959051333786
1418.3927	0.0420652601642245
1416.9758	0.0423609570498049
1415.5588	0.0426336612765236
1414.1418	0.043612260474997
1412.7248	0.0414827910394625
1411.3079	0.0428817813111384
1409.8909	0.0428706739743764
1408.4739	0.043686157137015
1407.0569	0.0429411243278282
1405.6399	0.0434564395689417
1404.223	0.0431015997482407
1402.806	0.0427155821069706
1401.389	0.0433635037253922
1399.972	0.0429116256101602
1398.5551	0.0431094108000958
1397.1381	0.0438578042522542
1395.7211	0.0437708481549071
1394.3041	0.0437956707681198
1392.8872	0.0437294371010905
1391.4702	0.0438571719295132
1390.0532	0.0448464970994396
1388.6362	0.0453939814495026
1387.2193	0.0457705083848554
1385.8023	0.0459101204775011
1384.3853	0.0469133953797325
1382.9683	0.0466997330964428
1381.5514	0.0467354021673812
1380.1344	0.0460026476374984
1378.7174	0.0458160362225435
1377.3004	0.0449365363211369
1375.8835	0.0463522128872709
1374.4665	0.0463267213673465
1373.0495	0.045906302215962
1371.6325	0.0463231062969007
1370.2156	0.0474750478208517
1368.7986	0.0470131641949464
1367.3816	0.0474714670184337
1365.9646	0.0483873716588743
1364.5477	0.0486348229588023
1363.1307	0.049033585518903
1361.7137	0.0491761149511794
1360.2967	0.0490989354256679
1358.8797	0.0484842587457287
1357.4628	0.0477478933565764
1356.0458	0.0472143797740648
1354.6288	0.0468487173239881
1353.2118	0.046533452831017
1351.7949	0.0461777375812822
1350.3779	0.0458685015082623
1348.9609	0.0459777627579245
1347.5439	0.0460437240365747
1346.127	0.0460791824655599
1344.71	0.0465770937499569
1343.293	0.0463137718467815
1341.876	0.0462708674229042
1340.4591	0.0466211954484652
1339.0421	0.0468381669774392
1337.6251	0.047265850267795
1336.2081	0.0467326640440927
1334.7912	0.0473169492341276
1333.3742	0.0470201440391783
1331.9572	0.0466073190880174
1330.5402	0.0462605483632592
1329.1233	0.0461848615881628
1327.7063	0.0455777694700543
1326.2893	0.045707970143632
1324.8723	0.0448307989564818
1323.4554	0.0446417537347558
1322.0384	0.0443668601744049
1320.6214	0.0445064935859379
1319.2044	0.0431578256749493
1317.7875	0.0433545687559446
1316.3705	0.0429425150900525
1314.9535	0.0427613321068061
1313.5365	0.0422235990288072
1312.1195	0.0418035444072898
1310.7026	0.0418596686374262
1309.2856	0.0417273504002473
1307.8686	0.0414249056564068
1306.4516	0.041410526597085
1305.0347	0.0416318554761084
1303.6177	0.0420270729822693
1302.2007	0.0416093562571118
1300.7837	0.0419508947733699
1299.3668	0.0425521025045592
1297.9498	0.0421471348484944
1296.5328	0.0421481741426285
1295.1158	0.0421637260215991
1293.6989	0.0423831260590778
1292.2819	0.0416613599958271
1290.8649	0.0412176073619172
1289.4479	0.0418445309249094
1288.031	0.0421075394102075
1286.614	0.041466234742276
1285.197	0.0414888457466055
1283.78	0.0425694345435682
1282.3631	0.0423333715309491
1280.9461	0.0424243873605975
1279.5291	0.0438408817413206
1278.1121	0.0439539634261669
1276.6952	0.0444646664191048
1275.2782	0.0444997556846888
1273.8612	0.0449543869098313
1272.4442	0.0453393125318548
1271.0273	0.0461039395852586
1269.6103	0.04562274155212
1268.1933	0.0458552988258042
1266.7763	0.0453405152981164
1265.3593	0.0458214100198801
1263.9424	0.0450733895487679
1262.5254	0.0452929394707246
1261.1084	0.0447602785173997
1259.6914	0.0451635654134841
1258.2745	0.0446951306392452
1256.8575	0.0453617531388297
1255.4405	0.0451405682294922
1254.0235	0.0451863134054867
1252.6066	0.0448871807429391
1251.1896	0.0449137790168272
1249.7726	0.0449430706435866
1248.3556	0.0449920473102963
1246.9387	0.0442743624939601
1245.5217	0.0442659720750293
1244.1047	0.0440353030562231
1242.6877	0.0436352525746501
1241.2708	0.0437349670708942
1239.8538	0.0440637321278405
1238.4368	0.0440511176597081
1237.0198	0.044833331071535
1235.6029	0.044841262006128
1234.1859	0.0447360443908163
1232.7689	0.0442644601844605
1231.3519	0.0443954448579947
1229.935	0.0446827396975375
1228.518	0.0434191112196948
1227.101	0.0425927820985823
1225.684	0.0420791012820407
1224.2671	0.0425144789267065
1222.8501	0.0408560508078598
1221.4331	0.040148521840686
1220.0161	0.0397450830210073
1218.5991	0.0393967849844435
1217.1822	0.0388603483023433
1215.7652	0.0393605623391647
1214.3482	0.0390397263189518
1212.9312	0.0380942537826472
1211.5143	0.0377894961138743
1210.0973	0.038267209956594
1208.6803	0.0377510621093796
1207.2633	0.0375000649670326
1205.8464	0.0366306678165163
1204.4294	0.0363318360117245
1203.0124	0.0368956256498151
1201.5954	0.0359327016443764
1200.1785	0.0359510199252586
1198.7615	0.0351620514242159
1197.3445	0.0348557556278927
1195.9275	0.0341453528308378
1194.5106	0.0345412720844753
1193.0936	0.0339942555955795
1191.6766	0.0336065424676267
1190.2596	0.0319567959246677
1188.8427	0.0320638135805907
1187.4257	0.031584692133831
1186.0087	0.0321217791712671
1184.5917	0.0310763791568329
1183.1748	0.0311297747053162
1181.7578	0.0312982261733858
1180.3408	0.0309345730745007
1178.9238	0.0316275209612181
1177.5069	0.0324953436066957
1176.0899	0.0325903475511453
1174.6729	0.0325147357533626
1173.2559	0.0330558467404762
1171.8389	0.0352004488351077
1170.422	0.0351161325789312
1169.005	0.0369206130122821
1167.588	0.0384901612830589
1166.171	0.0398407091608993
1164.7541	0.0420937637734116
1163.3371	0.0447968277561271
1161.9201	0.0473604654516635
1160.5031	0.0489640278139217
1159.0862	0.0511562568817954
1157.6692	0.0539472196348623
1156.2522	0.0562518956370677
1154.8352	0.0577059348247097
1153.4183	0.0591920317655205
1152.0013	0.0605307692045228
1150.5843	0.0618454666214825
1149.1673	0.0624265800463645
1147.7504	0.0627226842545675
1146.3334	0.0620153150355093
1144.9164	0.061861422445215
1143.4994	0.0623430670768315
1142.0825	0.0607002351927248
1140.6655	0.0605496510859253
1139.2485	0.0602247162727721
1137.8315	0.0587940264290052
1136.4146	0.0584664141515417
1134.9976	0.0566336656275336
1133.5806	0.0564183634899038
1132.1636	0.0570981962720498
1130.7467	0.0565477663381191
1129.3297	0.0568866941083577
1127.9127	0.0567586700216602
1126.4957	0.0575083981728321
1125.0787	0.0582893439400411
1123.6618	0.0577263362195463
1122.2448	0.0584468903153948
1120.8278	0.0586563209857694
1119.4108	0.0582200869416152
1117.9939	0.0592964432756009
1116.5769	0.0588762895817259
1115.1599	0.0595009423693903
1113.7429	0.0589761334010001
1112.326	0.0599114765231865
1110.909	0.0600208659457674
1109.492	0.0608493151860762
1108.075	0.0614493910764306
1106.6581	0.0623483791776302
1105.2411	0.0624792540618275
1103.8241	0.0635428428820918
1102.4071	0.0642019322637753
1100.9902	0.0644658379340128
1099.5732	0.0645595109059483
1098.1562	0.065346538723621
1096.7392	0.0655017401429841
1095.3223	0.0655660057290903
1093.9053	0.0657655057869795
1092.4883	0.0659055893784823
1091.0713	0.0672240965822269
1089.6544	0.0679393070057741
1088.2374	0.0695873004355851
1086.8204	0.0713836232939393
1085.4034	0.0731716143748719
1083.9865	0.0757628606719214
1082.5695	0.0780379009711939
1081.1525	0.0792015069858734
1079.7355	0.0817930568233555
1078.3185	0.0826795750516715
1076.9016	0.0843000631402134
1075.4846	0.0839705343494617
1074.0676	0.0831212372223717
1072.6506	0.0823645811422538
1071.2337	0.0798608981044629
1069.8167	0.0792915719652255
1068.3997	0.0778727923002112
1066.9827	0.0767224492851497
1065.5658	0.0761066391158304
1064.1488	0.0760813295049131
1062.7318	0.0771745228906901
1061.3148	0.0776880532016811
1059.8979	0.0788880437073556
1058.4809	0.0798607867945131
1057.0639	0.0812004782944696
1055.6469	0.0822010251885106
1054.23	0.0840152013164033
1052.813	0.0853466818106605
1051.396	0.0879154828883097
1049.979	0.0889906698406526
1048.5621	0.0909087678486808
1047.1451	0.0925093098201239
1045.7281	0.0942405539027219
1044.3111	0.095731156544625
1042.8942	0.0974977761519004
1041.4772	0.0985874658000392
1040.0602	0.100494811852075
1038.6432	0.1019335128771
1037.2263	0.104181221990134
1035.8093	0.105147623722859
1034.3923	0.10706026791159
1032.9753	0.107623269826376
1031.5583	0.110247180636008
1030.1414	0.112036515848442
1028.7244	0.114323890096539
1027.3074	0.116538615799697
1025.8904	0.117153733381984
1024.4735	0.120033710942156
1023.0565	0.121081145228413
1021.6395	0.122227827120266
1020.2225	0.124118772773103
1018.8056	0.126083792828654
1017.3886	0.126501296557354
1015.9716	0.126221779093499
1014.5546	0.128414440249808
1013.1377	0.128777675341886
1011.7207	0.12904173485492
1010.3037	0.128549458518244
1008.8867	0.12864686585321
1007.4698	0.128092008725816
1006.0528	0.128901480874308
1004.6358	0.129058179758603
1003.2188	0.129640656157123
1001.8019	0.129813133936085
1000.3849	0.13044472079337
998.9679	0.131980708027814
997.5509	0.132056954645867
996.134	0.13333494801255
994.717	0.133891560628231
993.3	0.134369093581534
991.883	0.134766083869079
990.4661	0.134717255315166
989.0491	0.13397336030321
987.6321	0.134029017313368
986.2151	0.132584255445843
984.7981	0.132554229076534
983.3812	0.130545804309031
981.9642	0.128814732670688
980.5472	0.12709425730464
979.1302	0.125027725381892
977.7133	0.122995077660658
976.2963	0.120883184712435
974.8793	0.119187306386602
973.4623	0.115871014480135
972.0454	0.11368960257787
970.6284	0.111301319747512
969.2114	0.108807572436866
967.7944	0.1066537436808
966.3775	0.104237406294919
964.9605	0.101211047305333
963.5435	0.0995446006787439
962.1265	0.0972939008105424
960.7096	0.0948022101628791
959.2926	0.0930957082244849
957.8756	0.0919273955982281
956.4586	0.0904102230186667
955.0417	0.0872503532710997
953.6247	0.0857347108421325
952.2077	0.0842021630047329
950.7907	0.0832505157788631
949.3738	0.081329585634013
947.9568	0.0804668244417
946.5398	0.0794563605328753
945.1228	0.0790957739253439
943.7059	0.0785230810506361
942.2889	0.0783624162701694
940.8719	0.0788347986848023
939.4549	0.0791190063242828
938.0379	0.0797498943420782
936.621	0.0796837611184672
935.204	0.0799192529206022
933.787	0.0796927046106356
932.37	0.0797981399602148
930.9531	0.0799272851130525
929.5361	0.0806937357206901
928.1191	0.0800538579103062
926.7021	0.0804157378021823
925.2852	0.0790234195395573
923.8682	0.0798191952091751
922.4512	0.0791007214568961
921.0342	0.0794033446592195
919.6173	0.0779781025690574
918.2003	0.0784215818741064
916.7833	0.0772171967460564
915.3663	0.0770743271515846
913.9494	0.0769758508468953
912.5324	0.0769884474497312
911.1154	0.0758949437865101
909.6984	0.0747515747823685
908.2815	0.0739619327707849
906.8645	0.0729061816961608
905.4475	0.0727348223907871
904.0305	0.0717734291724723
902.6136	0.0714110432969028
901.1966	0.0703328869387652
899.7796	0.0694904530256184
898.3626	0.0696232495684143
896.9457	0.0682980429118193
895.5287	0.0689757674575473
894.1117	0.068133524056393
892.6947	0.0677725461514643
891.2777	0.0674723831675977
889.8608	0.066834048254233
888.4438	0.0665201965039158
887.0268	0.0653879809527971
885.6098	0.0641941810803827
884.1929	0.0643298561365723
882.7759	0.0636977943316825
881.3589	0.0633983386468277
879.9419	0.0622366296930183
878.525	0.0614363358642039
877.108	0.0619176193503612
875.691	0.0618092447219111
874.274	0.0614720875018326
872.8571	0.061457399280166
871.4401	0.062145829416936
870.0231	0.0628435524417685
868.6061	0.0623822157139724
867.1892	0.0629614366761215
865.7722	0.063932322914031
864.3552	0.0642733158400411
862.9382	0.0647576705496199
861.5213	0.0644181987084531
860.1043	0.0654255945154353
858.6873	0.0655144260759479
857.2703	0.0649396232846984
855.8534	0.0648109346780407
854.4364	0.0653906794270737
853.0194	0.0653002873527797
851.6024	0.065547863215014
850.1855	0.0652628667701599
848.7685	0.0650328897796147
847.3515	0.0649284595582162
845.9345	0.0655095928945066
844.5175	0.0658038536607949
843.1006	0.0654346061201194
841.6836	0.0652093138266863
840.2666	0.0647580275485918
838.8496	0.0641155092381566
837.4327	0.0636854740015288
836.0157	0.0639107734802963
834.5987	0.0634095525207368
833.1817	0.0620500378433915
831.7648	0.0626441556451192
830.3478	0.061946288407605
828.9308	0.0613609681719391
827.5138	0.0611563683802476
826.0969	0.0610184168179238
824.6799	0.0603796386707971
823.2629	0.0607938157773835
821.8459	0.060570819439091
820.429	0.0597436044104786
819.012	0.0605651795266783
817.595	0.0599324598581564
816.178	0.0592689911574616
814.7611	0.059631892591748
813.3441	0.0587837227231579
811.9271	0.0587455731639678
810.5101	0.0592458202516389
809.0932	0.05842789001463
807.6762	0.0585306044259305
806.2592	0.0577595453406907
804.8422	0.05846831730732
803.4253	0.0580019734447969
802.0083	0.057529739749727
800.5913	0.0581827005720909
799.1743	0.0582507666341857
797.7573	0.0583147477907261
796.3404	0.0576051120346661
794.9234	0.0575815500431102
793.5064	0.0579523939466417
792.0894	0.0587720581384479
790.6725	0.0584691770696554
789.2555	0.0592565842276333
787.8385	0.0596179442924497
786.4215	0.0597285949273533
785.0046	0.0597609434508004
783.5876	0.0603015173902082
782.1706	0.0606379401171184
780.7536	0.0606712930146588
779.3367	0.0615504010952968
777.9197	0.0620113498660124
776.5027	0.0617448079766257
775.0857	0.0628351216567026
773.6688	0.0633524215279747
772.2518	0.0641722922620335
770.8348	0.0653670181959566
769.4178	0.0658448055934917
768.0009	0.0667225141212937
766.5839	0.0671707040242057
765.1669	0.068052501098497
763.7499	0.0689437319990468
762.333	0.0691910208545097
760.916	0.0689858311864887
759.499	0.0693202916633942
758.082	0.0683617017090217
756.6651	0.0690453909734433
755.2481	0.0684244208761719
753.8311	0.0682573026700535
752.4141	0.067448234160539
750.9971	0.0669654364655011
749.5802	0.0661018462544712
748.1632	0.0656756466505685
746.7462	0.0655562004477162
745.3292	0.0648946722184025
743.9123	0.0641378176929687
742.4953	0.0635704954317798
741.0783	0.0641435446260934
739.6613	0.0632908412236107
738.2444	0.0633734326340378
736.8274	0.0632575385351054
735.4104	0.0627190979079167
733.9934	0.0630345519059622
732.5765	0.0631070794276374
731.1595	0.0631495643899381
729.7425	0.0633866173144751
728.3255	0.0642309091238401
726.9086	0.0643931501142011
725.4916	0.065001059662504
724.0746	0.0658670026473307
722.6576	0.0652425366594211
721.2407	0.0659003659756088
719.8237	0.0672419341952279
718.4067	0.0674150911481355
716.9897	0.0674418392416837
715.5728	0.0683118104601706
714.1558	0.0693144124214512
712.7388	0.0701152318498611
711.3218	0.0706150965542774
709.9049	0.0709424117816225
708.4879	0.0720251079700904
707.0709	0.0722596461814631
705.6539	0.0723025564920392
704.2369	0.0729324331176516
702.82	0.0727383435189951
701.403	0.0727446412518977
699.986	0.0734976765629226
698.569	0.0728337710285498
697.1521	0.0720024932910086
695.7351	0.0723948748698262
694.3181	0.07120217772955
692.9011	0.0715496170875239
691.4842	0.0718116750645613
690.0672	0.0705480326474551
688.6502	0.0718204746657421
687.2332	0.0716085669799011
685.8163	0.0712961095206376
684.3993	0.071075532857466
682.9823	0.0717592940906337
681.5653	0.0717636163615384
680.1484	0.0719863933449045
678.7314	0.0728946559297738
677.3144	0.0726135096280633
675.8974	0.0722887480003734
674.4805	0.0732224152901782
673.0635	0.0718587104332354
671.6465	0.0726215043285141
670.2295	0.0732471315481529
668.8126	0.0734351746360622
667.3956	0.0743188104969175
665.9786	0.0746336415635287
664.5616	0.0744571164814455
663.1447	0.0741201319377967
661.7277	0.0741373143318438
660.3107	0.0742852971872271
658.8937	0.0748368263999848
657.4767	0.0750044861329171
656.0598	0.0760017844793285
654.6428	0.0755344087469465
653.2258	0.0756906223624749
651.8088	0.076954833699041
650.3919	0.0763305098064995
648.9749	0.0765111473589774
647.5579	0.0763252775152962
646.1409	0.0765856586675924
644.724	0.0769886209535072
643.307	0.0774016082335236
641.89	0.0778913313801422
640.473	0.0770930893220943
639.0561	0.0774569910060311
637.6391	0.0777402578414271
636.2221	0.0780075096675028
634.8051	0.0779058353731525
633.3882	0.0789803813972636
631.9712	0.0789612873722593
630.5542	0.0799162631412887
629.1372	0.0797971556198757
627.7203	0.0807567384653508
626.3033	0.0800386620439349
624.8863	0.0813736503327836
623.4693	0.0814877804267521
622.0524	0.0827282959066701
620.6354	0.08320454195054
619.2184	0.0840933030843317
617.8014	0.0847202369693802
616.3845	0.0856962585318343
614.9675	0.0867929050550442
613.5505	0.0879468712506043
612.1335	0.0886495545318947
610.7165	0.0893141742848624
609.2996	0.0902061026048685
607.8826	0.0905848132448816
606.4656	0.0902924629778443
605.0486	0.0908899150806062
603.6317	0.090660323719436
602.2147	0.0908778106485835
600.7977	0.091266465245799
599.3807	0.0911391187984396
597.9638	0.0915334011285994
596.5468	0.0913278907891322
595.1298	0.0909439371720254
593.7128	0.0917843149661493
592.2959	0.092464941951298
590.8789	0.0915256922733454
589.4619	0.0921058119718804
588.0449	0.0919097842758111
586.628	0.0932990471071882
585.211	0.093883389064159
583.794	0.0947441633400904
582.377	0.0964821497427891
580.9601	0.0980240593699663
579.5431	0.0994433347017186
578.1261	0.0999831772569025
576.7091	0.101670775788512
575.2922	0.10281873058907
573.8752	0.103339056527818
572.4582	0.103846635411613
571.0412	0.104400704083744
569.6243	0.103088477847771
568.2073	0.10364226224054
566.7903	0.104273951984162
565.3733	0.103673625106183
563.9563	0.103555310583936
562.5394	0.102898098752422
561.1224	0.102242106877929
559.7054	0.10170504449387
558.2884	0.101183099697743
556.8715	0.101485228152162
555.4545	0.100636087970466
554.0375	0.100273419326946
552.6205	0.10000522028513
551.2036	0.100028527571266
549.7866	0.100149579096136
548.3696	0.0997576844566614
546.9526	0.100409940912554
545.5357	0.0991368714783538
544.1187	0.0996702289310115
542.7017	0.0997435576636937
541.2847	0.100395401789768
539.8678	0.100777700146448
538.4508	0.100698385344515
537.0338	0.101634738476813
535.6168	0.102164123811749
534.1999	0.103031605437927
532.7829	0.104055640800143
531.3659	0.104525484414464
529.9489	0.106096681736714
528.532	0.10705089014677
527.115	0.107700878033031
525.698	0.108350394697067
524.281	0.108520620882612
522.8641	0.108554900395354
521.4471	0.109273252602928
520.0301	0.109321219780996
518.6131	0.109883788021379
517.1962	0.109062902612467
515.7792	0.109394269421528
514.3622	0.109233069250827
512.9452	0.110208622829099
511.5282	0.109972817144531
510.1113	0.109862257058884
508.6943	0.109797576585251
507.2773	0.109278518255399
505.8603	0.107657461457567
504.4434	0.107789442266355
503.0264	0.107441656204632
501.6094	0.108084685159522
500.1924	0.106983670068209
498.7755	0.107146631750933
497.3585	0.107356730572029
495.9415	0.107943677223213
494.5245	0.107344735057668
493.1076	0.10722553585874
491.6906	0.106433076453901
490.2736	0.106256087753316
488.8566	0.106595044331784
487.4397	0.107412690774216
486.0227	0.106607142693867
484.6057	0.107916091137147
483.1887	0.108337385112148
481.7718	0.109220106085671
480.3548	0.108557685847367
478.9378	0.109013640602489
477.5208	0.108867630654151
476.1039	0.108642511222834
474.6869	0.107878866815062
473.2699	0.107842073798375
471.8529	0.108182171702728
470.436	0.107996370208714
469.019	0.108500883963043
467.602	0.10845560853932
466.185	0.107632751555361
464.768	0.106921015696591
463.3511	0.106744187322058
461.9341	0.107247506563586
460.5171	0.106494724638944
459.1001	0.106641237368395
457.6832	0.106203250411724
456.2662	0.105785265691642
454.8492	0.105242087502247
453.4322	0.105719806356323
452.0153	0.106202555534178
450.5983	0.106311055175432
449.1813	0.106339613311005
447.7643	0.105766486611483
446.3474	0.108013411012094
444.9304	0.109083624975591
443.5134	0.110126070549183
442.0964	0.112023662893106
440.6795	0.112507385415321
439.2625	0.11333284931784
437.8455	0.113843072839543
436.4285	0.112834139543189
435.0116	0.112734192531833
433.5946	0.112629906170125
432.1776	0.113977349579117
430.7606	0.114349077144064
429.3437	0.115337002740867
427.9267	0.115534925374743
426.5097	0.114625912235249
425.0927	0.114665183189079
423.6758	0.114286255168364
422.2588	0.113833059897965
420.8418	0.114076191731764
419.4248	0.114091787060975
418.0078	0.114694942697287
416.5909	0.116099255955103
415.1739	0.115876391767257
413.7569	0.117435917432558
412.3399	0.117457471527836
410.923	0.118379937107117
409.506	0.119525933107297
408.089	0.118885942913526
406.672	0.11868623299053
405.2551	0.118765980090746
403.8381	0.117875131502273
402.4211	0.117761511518378
401.0041	0.11835106434655
