3994.4546	0.01665836284831
3993.0377	0.0171946472942346
3991.6207	0.0177509611785356
3990.2037	0.0170223974058589
3988.7867	0.0168232664700888
3987.3698	0.0178048428893349
3985.9528	0.0170537997920455
3984.5358	0.0173613588246713
3983.1188	0.0177367583210895
3981.7019	0.0167899092959958
3980.2849	0.0175440619354451
3978.8679	0.0175322469280646
3977.4509	0.017280821977266
3976.034	0.0172771200494931
3974.617	0.0178763722824163
3973.2	0.0173039172742315
3971.783	0.0177966442705865
3970.3661	0.0175392302530673
3968.9491	0.0175048365949833
3967.5321	0.0172250983212849
3966.1151	0.0166981130089215
3964.6982	0.0169742482323472
3963.2812	0.0170154187836481
3961.8642	0.0175909381143749
3960.4472	0.017505949075573
3959.0303	0.0169483816593109
3957.6133	0.0175588083894858
3956.1963	0.0170929274435822
3954.7793	0.0175150451261954
3953.3624	0.0174723899284122
3951.9454	0.0170064689491879
3950.5284	0.0179062854455583
3949.1114	0.017677184419083
3947.6944	0.0176992538928161
3946.2775	0.0172070443038007
3944.8605	0.0171964961982696
3943.4435	0.0175630770569107
3942.0265	0.0177250357773527
3940.6096	0.0179746497707657
3939.1926	0.0170788741074971
3937.7756	0.0162032386410687
3936.3586	0.0171681272852185
3934.9417	0.0162029954227977
3933.5247	0.0173811205595418
3932.1077	0.0167639489115664
3930.6907	0.0171165834655003
3929.2738	0.0167992501144649
3927.8568	0.0176514560978303
3926.4398	0.0175489615688738
3925.0228	0.0173327129475621
3923.6059	0.0174819551463765
3922.1889	0.0173514496282513
3920.7719	0.0169234873717968
3919.3549	0.017561245557007
3917.938	0.0174514620021186
3916.521	0.0167734663190513
3915.104	0.0175729091740372
3913.687	0.0172690591250054
3912.2701	0.0164643940332934
3910.8531	0.0172739584731881
3909.4361	0.0166448893581023
3908.0191	0.0177858017153058
3906.6022	0.0162790193237926
3905.1852	0.0164598406764282
3903.7682	0.0172125229612514
3902.3512	0.0173738304866829
3900.9342	0.0167509408790583
3899.5173	0.0167493187295769
3898.1003	0.0176587193947777
3896.6833	0.0169774673916277
3895.2663	0.016868293010298
3893.8494	0.0165018046243225
3892.4324	0.0164014320942775
3891.0154	0.017326891046023
3889.5984	0.0162435198472853
3888.1815	0.0166573505598839
3886.7645	0.0174065725334955
3885.3475	0.0167824645044931
3883.9305	0.0166190625496778
3882.5136	0.017337509418205
3881.0966	0.0167100458925666
3879.6796	0.016775972211623
3878.2626	0.0172401485575623
3876.8457	0.0169028715209914
3875.4287	0.0169157216214435
3874.0117	0.0165774823033435
3872.5947	0.0166244796182879
3871.1778	0.0168918178777032
3869.7608	0.0173505612927675
3868.3438	0.0172816664873896
3866.9268	0.0172927128915779
3865.5099	0.0166926487009572
3864.0929	0.0167177824679619
3862.6759	0.0169424309501136
3861.2589	0.0162898839417537
3859.842	0.0174164072733086
3858.425	0.0168243488892542
3857.008	0.0173052000702374
3855.591	0.0168549260837564
3854.174	0.0164734344746206
3852.7571	0.0167430101253337
3851.3401	0.0167318861172856
3849.9231	0.0165643119959309
3848.5061	0.0169126400217075
3847.0892	0.0165764707227725
3845.6722	0.0172958027229195
3844.2552	0.0172002742557325
3842.8382	0.0168572530121533
3841.4213	0.0166899796016971
3840.0043	0.0164615142821116
3838.5873	0.0168605896966573
3837.1703	0.0168076987424836
3835.7534	0.0159403433100187
3834.3364	0.0171744719648691
3832.9194	0.016821624882829
3831.5024	0.0162785261016863
3830.0855	0.0166223846404141
3828.6685	0.0167363560228505
3827.2515	0.0169489791747005
3825.8345	0.0165805212927576
3824.4176	0.0156543232138941
3823.0006	0.0163927415233944
3821.5836	0.0160026063306201
3820.1666	0.0164202264701008
3818.7497	0.016370225018568
3817.3327	0.0167049915516575
3815.9157	0.0170831730424582
3814.4987	0.0163947109126832
3813.0818	0.016678984892528
3811.6648	0.0172823733602791
3810.2478	0.0166984076827851
3808.8308	0.0162847398641509
3807.4138	0.0166262822583229
3805.9969	0.01585609905641
3804.5799	0.015972683296922
3803.1629	0.0164261125492146
3801.7459	0.0164188248908191
3800.329	0.0166162302619024
3798.912	0.0163094293946278
3797.495	0.0164270677969504
3796.078	0.0165452391261012
3794.6611	0.0159924257136663
3793.2441	0.0158765701046869
3791.8271	0.0159304498422457
3790.4101	0.0161326391773741
3788.9932	0.0161895622503841
3787.5762	0.0166878754538415
3786.1592	0.0152647822273154
3784.7422	0.0164443066955519
3783.3253	0.0157857531543825
3781.9083	0.0156568916033202
3780.4913	0.0161794851584991
3779.0743	0.0168906186693516
3777.6574	0.0160330474473307
3776.2404	0.0162239812871781
3774.8234	0.0164115747743219
3773.4064	0.0166530383553136
3771.9895	0.0157961735014274
3770.5725	0.0166684847283841
3769.1555	0.0164156451359988
3767.7385	0.016217167557546
3766.3216	0.0155121766260613
3764.9046	0.0157703061406115
3763.4876	0.0160950953568953
3762.0706	0.0157148375277779
3760.6536	0.0162311794455041
3759.2367	0.016228321038058
3757.8197	0.0165438912237486
3756.4027	0.0158026938924153
3754.9857	0.0161373467119592
3753.5688	0.0158477301706083
3752.1518	0.0156936131586969
3750.7348	0.0157719249809147
3749.3178	0.0152934841178802
3747.9009	0.016921392174197
3746.4839	0.0160644753640182
3745.0669	0.0171941728820812
3743.6499	0.015765653700141
3742.233	0.015981689740854
3740.816	0.0162765352852483
3739.399	0.0156751193943306
3737.982	0.0160586073074647
3736.5651	0.015474273843321
3735.1481	0.0156806525259989
3733.7311	0.0161391921229095
3732.3141	0.0164090541029174
3730.8972	0.015972521477287
3729.4802	0.0158979426144074
3728.0632	0.0157937845926611
3726.6462	0.0154916529480246
3725.2293	0.0153899951058673
3723.8123	0.0147518374045457
3722.3953	0.0149897811209742
3720.9783	0.016020338267055
3719.5614	0.0156790482423515
3718.1444	0.0158378377052321
3716.7274	0.0156338504179289
3715.3104	0.0156740914444423
3713.8935	0.0153904534364943
3712.4765	0.0152195818759541
3711.0595	0.0152726308521466
3709.6425	0.0153424100045006
3708.2255	0.0164333258816566
3706.8086	0.0156030699214678
3705.3916	0.0162164980314712
3703.9746	0.0147877220789392
3702.5576	0.0152549883642424
3701.1407	0.0156614122749351
3699.7237	0.0155502795557953
3698.3067	0.0150197740760902
3696.8897	0.0149496268911237
3695.4728	0.0159688089361798
3694.0558	0.0151455613277562
3692.6388	0.0147915656926921
3691.2218	0.0155929842280108
3689.8049	0.0151262281682073
3688.3879	0.0154862011061529
3686.9709	0.0154687551775645
3685.5539	0.0147850598302478
3684.137	0.0150709701740806
3682.72	0.0158830711941613
3681.303	0.0153784861656599
3679.886	0.01504222191031
3678.4691	0.0153766884788417
3677.0521	0.0148514995086875
3675.6351	0.0147139856582561
3674.2181	0.0149223955013722
3672.8012	0.0148684040100201
3671.3842	0.0155833143998977
3669.9672	0.0155337923688734
3668.5502	0.015110379368575
3667.1333	0.0149590617652704
3665.7163	0.0147614549340129
3664.2993	0.0155576879647114
3662.8823	0.0150632701617114
3661.4653	0.0148193484682712
3660.0484	0.0149593328900814
3658.6314	0.015943965278757
3657.2144	0.0159808022936205
3655.7974	0.0159207455448942
3654.3805	0.0162425765331159
3652.9635	0.0163327989060619
3651.5465	0.0153597133719411
3650.1295	0.0153117596160456
3648.7126	0.0163022708470713
3647.2956	0.0161999245729377
3645.8786	0.015776488499628
3644.4616	0.0162945495073594
3643.0447	0.0162931816744472
3641.6277	0.0156218360739139
3640.2107	0.0158144248206724
3638.7937	0.0173696162263093
3637.3768	0.0160109000167064
3635.9598	0.0159497946711394
3634.5428	0.0167115126709782
3633.1258	0.0155050205897602
3631.7089	0.0163069968424762
3630.2919	0.0157295884698372
3628.8749	0.0158631022776281
3627.4579	0.0162604498312018
3626.041	0.0167816977937102
3624.624	0.0163899400492971
3623.207	0.0162219354083266
3621.79	0.0163225685718945
3620.3731	0.0168749928560998
3618.9561	0.0167623749540175
3617.5391	0.0168102553884956
3616.1221	0.0174847023921469
3614.7051	0.017988881597151
3613.2882	0.0174069462622863
3611.8712	0.0171262388102043
3610.4542	0.0183642901869563
3609.0372	0.0174267518464133
3607.6203	0.0176070012887113
3606.2033	0.0175202538160207
3604.7863	0.0179293149512193
3603.3693	0.0184927248899657
3601.9524	0.018180412664261
3600.5354	0.0180459424652919
3599.1184	0.018653545942139
3597.7014	0.0189873608463659
3596.2845	0.0184233853072822
3594.8675	0.0185207569831655
3593.4505	0.0189998505987548
3592.0335	0.0194581848980916
3590.6166	0.0197252789387506
3589.1996	0.0191170875153723
3587.7826	0.0198323729081182
3586.3656	0.0203524938439556
3584.9487	0.0201362480584674
3583.5317	0.0203063939082341
3582.1147	0.0202998708173411
3580.6977	0.0203038384100607
3579.2808	0.0211340388188168
3577.8638	0.02111867558447
3576.4468	0.0208809686835952
3575.0298	0.0211090238767574
3573.6129	0.0221124987901444
3572.1959	0.0219393484675064
3570.7789	0.0222412491007349
3569.3619	0.0213712504207043
3567.9449	0.0218084523698388
3566.528	0.0236121256946015
3565.111	0.0232174138256118
3563.694	0.0240599988740848
3562.277	0.0232144433206519
3560.8601	0.0235854459743484
3559.4431	0.0234842377612762
3558.0261	0.0234852480517401
3556.6091	0.0246620035533616
3555.1922	0.024074411894784
3553.7752	0.0248623338291065
3552.3582	0.0244689118490619
3550.9412	0.024727070059341
3549.5243	0.0252226829486802
3548.1073	0.0251810338061288
3546.6903	0.0264230288358455
3545.2733	0.0260379920029732
3543.8564	0.0265427726125289
3542.4394	0.027025283136708
3541.0224	0.0274436357176534
3539.6054	0.026995276337302
3538.1885	0.0285640469781817
3536.7715	0.0278920323031816
3535.3545	0.0278097268318723
3533.9375	0.0275316513248745
3532.5206	0.0284898455591161
3531.1036	0.0282675037049417
3529.6866	0.0291168599744065
3528.2696	0.0292115831541813
3526.8527	0.0296885159850842
3525.4357	0.0291754008515466
3524.0187	0.0294278822426459
3522.6017	0.0293691504903746
3521.1847	0.0298039346151394
3519.7678	0.0305644033745761
3518.3508	0.0308376567163878
3516.9338	0.0301693613711512
3515.5168	0.0313002624920417
3514.0999	0.0309076475897752
3512.6829	0.0316209538546753
3511.2659	0.0319328239657239
3509.8489	0.0322112434856799
3508.432	0.0323004772701236
3507.015	0.0322894770431134
3505.598	0.0322428379435358
3504.181	0.0328988417317218
3502.7641	0.0328294104649128
3501.3471	0.0336916142338747
3499.9301	0.0335549971873668
3498.5131	0.0339311794651191
3497.0962	0.0344358567953531
3495.6792	0.0343239487455938
3494.2622	0.0352816897456488
3492.8452	0.0357070712662548
3491.4283	0.0349370635732456
3490.0113	0.0359019575817819
3488.5943	0.0363699937813037
3487.1773	0.0361270575643061
3485.7604	0.0370114137974382
3484.3434	0.0358598365416573
3482.9264	0.0367659700820805
3481.5094	0.0369120807285796
3480.0925	0.037346571786285
3478.6755	0.0377377484496896
3477.2585	0.0383172427271738
3475.8415	0.0379706749875542
3474.4245	0.038985284807156
3473.0076	0.0382501629592649
3471.5906	0.0387305049759205
3470.1736	0.0386714861370448
3468.7566	0.0386545613197181
3467.3397	0.0390203290274976
3465.9227	0.0400188064649181
3464.5057	0.0404104027739026
3463.0887	0.0403645139891292
3461.6718	0.0408917636757986
3460.2548	0.0405369407304397
3458.8378	0.0404547193161888
3457.4208	0.0410447102954084
3456.0039	0.0409247836865507
3454.5869	0.041640945023659
3453.1699	0.042118058502934
3451.7529	0.0420271861913951
3450.336	0.0427371178842405
3448.919	0.0420189150132536
3447.502	0.0427215262774243
3446.085	0.043309349114144
3444.6681	0.0435679216482039
3443.2511	0.0431922832792542
3441.8341	0.0435204815376007
3440.4171	0.0445597418671848
3439.0002	0.0442459650170858
3437.5832	0.0438421908361567
3436.1662	0.0442814333855316
3434.7492	0.0448531467991899
3433.3323	0.0452145561079057
3431.9153	0.0457858864913887
3430.4983	0.0456408863328853
3429.0813	0.0457735381405018
3427.6643	0.0463246059766964
3426.2474	0.0461730416089598
3424.8304	0.0466567012911543
3423.4134	0.0463349696361268
3421.9964	0.0463112709326559
3420.5795	0.0458878119702499
3419.1625	0.04721033916587
3417.7455	0.0470937937219632
3416.3285	0.0477104745182776
3414.9116	0.0488513394343402
3413.4946	0.0482575211919154
3412.0776	0.0484280318981964
3410.6606	0.0487235298919099
3409.2437	0.048616391379728
3407.8267	0.048524313044529
3406.4097	0.0490474865376263
3404.9927	0.0491858454455398
3403.5758	0.0497832283397101
3402.1588	0.0494502570391451
3400.7418	0.0493988648745976
3399.3248	0.049546001809181
3397.9079	0.0498240949879564
3396.4909	0.0503673444308291
3395.0739	0.0502759784866559
3393.6569	0.0507101384083671
3392.24	0.0507229863715861
3390.823	0.0510592015611977
3389.406	0.0514785503201011
3387.989	0.0515593825239928
3386.5721	0.0519450762268682
3385.1551	0.0512472881467528
3383.7381	0.0521064998291851
3382.3211	0.0523412307769478
3380.9041	0.0518386314204286
3379.4872	0.0529128427001226
3378.0702	0.0527071769144762
3376.6532	0.0526711727630429
3375.2362	0.0532795476417611
3373.8193	0.053501973822592
3372.4023	0.0528677945924692
3370.9853	0.0532112933767724
3369.5683	0.0532950528742906
3368.1514	0.0528424284220818
3366.7344	0.0534064963670351
3365.3174	0.0539140304066768
3363.9004	0.0535634513851443
3362.4835	0.0534311782403481
3361.0665	0.0542563703367204
3359.6495	0.0539043013925418
3358.2325	0.0538581055403066
3356.8156	0.0546040062525757
3355.3986	0.0542190234863392
3353.9816	0.0553097839726985
3352.5646	0.0542765812597182
3351.1477	0.0551586450735784
3349.7307	0.0552882121723835
3348.3137	0.0544236153682682
3346.8967	0.0554171000185871
3345.4798	0.055854595641353
3344.0628	0.0551820175154688
3342.6458	0.0561301146340776
3341.2288	0.0557067967270625
3339.8119	0.0557182238264471
3338.3949	0.0561162816569782
3336.9779	0.05566859382613
3335.5609	0.0562812294729
3334.1439	0.0559476328976994
3332.727	0.0559891710766965
3331.31	0.0569466983674216
3329.893	0.0561562784533876
3328.476	0.056951259852239
3327.0591	0.056031924312133
3325.6421	0.0564393148995057
3324.2251	0.0561664232797419
3322.8081	0.0561469842613979
3321.3912	0.0573505736676799
3319.9742	0.0562711146607797
3318.5572	0.0567496954859712
3317.1402	0.0566488195449422
3315.7233	0.056924135397317
3314.3063	0.0575172911474583
3312.8893	0.0570399298753179
3311.4723	0.0575337153295448
3310.0554	0.0571347528342479
3308.6384	0.0576112072064592
3307.2214	0.0573271970654042
3305.8044	0.0580336273503027
3304.3875	0.0571633914050487
3302.9705	0.0575529939343638
3301.5535	0.057402390367349
3300.1365	0.057986057650676
3298.7196	0.0577960695777366
3297.3026	0.0576622132624785
3295.8856	0.0573148015329113
3294.4686	0.057361914618565
3293.0517	0.0577201730613335
3291.6347	0.0584926736953966
3290.2177	0.058096111985474
3288.8007	0.057816030000351
3287.3837	0.058003663622656
3285.9668	0.0577670347837149
3284.5498	0.0578751857678067
3283.1328	0.0572963575272328
3281.7158	0.0583958224390818
3280.2989	0.0581526745221194
3278.8819	0.05781097380294
3277.4649	0.0577491400205239
3276.0479	0.0574052322063846
3274.631	0.0585777613458911
3273.214	0.0581319668789096
3271.797	0.0581222919395738
3270.38	0.0570684827349008
3268.9631	0.0577552093737779
3267.5461	0.0576761784668501
3266.1291	0.0577757924623109
3264.7121	0.0575112496951038
3263.2952	0.0579399027388248
3261.8782	0.0578948829790984
3260.4612	0.0574638973432834
3259.0442	0.0577698975364967
3257.6273	0.0579250678573648
3256.2103	0.0575256483423188
3254.7933	0.057417958684638
3253.3763	0.05710300112394
3251.9594	0.0571028355495076
3250.5424	0.0571675689969743
3249.1254	0.0577653538162813
3247.7084	0.0574928192556785
3246.2915	0.0576209626307094
3244.8745	0.0575503663606256
3243.4575	0.0576284717200061
3242.0405	0.0570733565313616
3240.6235	0.0572597914185146
3239.2066	0.0568558356697458
3237.7896	0.0581076296575676
3236.3726	0.0572783376021099
3234.9556	0.0572954829416239
3233.5387	0.0570098663472022
3232.1217	0.0574990083811848
3230.7047	0.0568036198477892
3229.2877	0.0569639553106027
3227.8708	0.0567920114322088
3226.4538	0.056611037025637
3225.0368	0.0565449969158911
3223.6198	0.0565093306430787
3222.2029	0.0568732905144061
3220.7859	0.0565438911268328
3219.3689	0.0568538373747026
3217.9519	0.0562703918699467
3216.535	0.0565608736511806
3215.118	0.0558896085785362
3213.701	0.0572140232812485
3212.284	0.056787119498634
3210.8671	0.0559570113589105
3209.4501	0.0559883009163222
3208.0331	0.0562380305616999
3206.6161	0.0559570019194219
3205.1992	0.0562485917388359
3203.7822	0.0560154146579485
3202.3652	0.0552024512567506
3200.9482	0.0553419949611759
3199.5313	0.0554677312769078
3198.1143	0.0554636740456744
3196.6973	0.0554167018416936
3195.2803	0.054331590054318
3193.8633	0.0549223874282022
3192.4464	0.0551650298042761
3191.0294	0.0546321189765203
3189.6124	0.0547983138330085
3188.1954	0.0547729434929452
3186.7785	0.0537291999386781
3185.3615	0.0541909297717337
3183.9445	0.0537784611766669
3182.5275	0.0538451430777447
3181.1106	0.0538264353429965
3179.6936	0.053316734219824
3178.2766	0.0537908354592458
3176.8596	0.0536298472041162
3175.4427	0.0538745489275683
3174.0257	0.0537441443160313
3172.6087	0.0534812606530626
3171.1917	0.0534996957641538
3169.7748	0.0530041846661694
3168.3578	0.0524230170697298
3166.9408	0.0523381759573424
3165.5238	0.0523431546223752
3164.1069	0.0528681130161371
3162.6899	0.0518589189364393
3161.2729	0.0515914201924842
3159.8559	0.0523816639644686
3158.439	0.0517753369004348
3157.022	0.0515292493526768
3155.605	0.0510433129733899
3154.188	0.0510663748085752
3152.7711	0.0511090264760611
3151.3541	0.0510419428836518
3149.9371	0.0503358503595498
3148.5201	0.0502429259493976
3147.1031	0.0506594809921866
3145.6862	0.0502634380075957
3144.2692	0.0499018141313658
3142.8522	0.0495694981444108
3141.4352	0.0508296569321297
3140.0183	0.0498660801032073
3138.6013	0.0504274462347758
3137.1843	0.0499833841197793
3135.7673	0.0493289012117662
3134.3504	0.0490213868547642
3132.9334	0.0491296628456677
3131.5164	0.0490687874293486
3130.0994	0.0490239960859642
3128.6825	0.0490585072009006
3127.2655	0.0487521437913619
3125.8485	0.0486202984406032
3124.4315	0.0481225544542716
3123.0146	0.0487530415686848
3121.5976	0.0482726214074904
3120.1806	0.0476815231837647
3118.7636	0.0482832110236324
3117.3467	0.0477961298319191
3115.9297	0.0476084116000261
3114.5127	0.0474876263809001
3113.0957	0.0473092141453683
3111.6788	0.047216540750704
3110.2618	0.0477144095467946
3108.8448	0.0473695337516277
3107.4278	0.046874409971936
3106.0109	0.0467682114597301
3104.5939	0.0456134495960606
3103.1769	0.0461417664331885
3101.7599	0.0454908191779349
3100.3429	0.0455828444968543
3098.926	0.0456900927308168
3097.509	0.0457545623011748
3096.092	0.0447047397459285
3094.675	0.0448516303876082
3093.2581	0.0449065812674142
3091.8411	0.044326901621866
3090.4241	0.0444138765615527
3089.0071	0.0439324734573271
3087.5902	0.0448636343777438
3086.1732	0.0447384790366132
3084.7562	0.0445153579272054
3083.3392	0.0432502535341256
3081.9223	0.0437937064826269
3080.5053	0.0433131657156501
3079.0883	0.0434131646012155
3077.6713	0.0431701171400059
3076.2544	0.0437421651001426
3074.8374	0.0435787476257625
3073.4204	0.0436014582871787
3072.0034	0.042575259162851
3070.5865	0.042954447008889
3069.1695	0.0427061628768879
3067.7525	0.042581569674955
3066.3355	0.0423407561373848
3064.9186	0.0426047279155469
3063.5016	0.041969751986526
3062.0846	0.0415027282854459
3060.6676	0.0415674238532749
3059.2507	0.0419155477120145
3057.8337	0.0412806458384879
3056.4167	0.0401991973335271
3054.9997	0.0413948004357531
3053.5827	0.041589392892121
3052.1658	0.0408567536508
3050.7488	0.0405799963245515
3049.3318	0.0414023886430709
3047.9148	0.0390964300025806
3046.4979	0.0395931348131318
3045.0809	0.040942218848917
3043.6639	0.040355146470848
3042.2469	0.0396845265109303
3040.83	0.039178966830657
3039.413	0.0392901421018073
3037.996	0.0396361050780888
3036.579	0.0391374543742102
3035.1621	0.0394670136803767
3033.7451	0.0381464440817314
3032.3281	0.0384218409380604
3030.9111	0.0386771140922198
3029.4942	0.0386481174073371
3028.0772	0.0389705384770088
3026.6602	0.0381588286276584
3025.2432	0.0382902882329823
3023.8263	0.0376632213961927
3022.4093	0.037850833038071
3020.9923	0.0380226266549298
3019.5753	0.0378767065417579
3018.1584	0.037482019926788
3016.7414	0.0376984630104986
3015.3244	0.0380389742476991
3013.9074	0.0377489842517981
3012.4905	0.0363968500089402
3011.0735	0.0377579212263145
3009.6565	0.037368893261406
3008.2395	0.0367967737163631
3006.8225	0.0372602965449373
3005.4056	0.0373214361390116
3003.9886	0.0365187335161369
3002.5716	0.036083415704942
3001.1546	0.0369439887817473
2999.7377	0.0370162708657234
2998.3207	0.0366706255939442
2996.9037	0.0359995639232122
2995.4867	0.0360634811058923
2994.0698	0.0367785550497622
2992.6528	0.036346020741984
2991.2358	0.0366707472335487
2989.8188	0.0368657116965817
2988.4019	0.0370402526026988
2986.9849	0.0369778755433954
2985.5679	0.0369361332225296
2984.1509	0.0366398934781343
2982.734	0.0363594980032049
2981.317	0.0364287485192496
2979.9	0.0370472656404606
2978.483	0.0375705683449616
2977.0661	0.0370799402546059
2975.6491	0.0376438293660265
2974.2321	0.0377432225753538
2972.8151	0.037266572627583
2971.3982	0.0381021973921664
2969.9812	0.0382187014407292
2968.5642	0.0387051358670724
2967.1472	0.038720951892146
2965.7303	0.0383778735767533
2964.3133	0.0383523381548179
2962.8963	0.0390993029396516
2961.4793	0.0391289043694201
2960.0623	0.0394368820616263
2958.6454	0.0394560089887174
2957.2284	0.0399670383411462
2955.8114	0.0396123804915522
2954.3944	0.0398418951583421
2952.9775	0.0405771773259273
2951.5605	0.0410053448394653
2950.1435	0.0412819246750704
2948.7265	0.041278037241864
2947.3096	0.0416265827467112
2945.8926	0.0424166730257489
2944.4756	0.041798658460941
2943.0586	0.0423376739504083
2941.6417	0.0432162996484989
2940.2247	0.0435178769413708
2938.8077	0.044085999541495
2937.3907	0.0443840673744748
2935.9738	0.0446616761771734
2934.5568	0.044947190071888
2933.1398	0.0445751657377897
2931.7228	0.0456282342262385
2930.3059	0.0464323358446488
2928.8889	0.0452636287433382
2927.4719	0.0457237886129538
2926.0549	0.0460846593297446
2924.638	0.0464143924749868
2923.221	0.0463344814154363
2921.804	0.0461622299562882
2920.387	0.0467010843757852
2918.9701	0.0464031687324211
2917.5531	0.0453417475501561
2916.1361	0.0463080806917602
2914.7191	0.0460017969951141
2913.3021	0.045686956584416
2911.8852	0.0458758898360549
2910.4682	0.0459516398299532
2909.0512	0.0448220419768483
2907.6342	0.045006123864235
2906.2173	0.0451366075203503
2904.8003	0.0451784760458555
2903.3833	0.0449451380580044
2901.9663	0.0443489038924737
2900.5494	0.0446000398652348
2899.1324	0.0451539236684659
2897.7154	0.0450832492870384
2896.2984	0.0445787456101518
2894.8815	0.0445660886972473
2893.4645	0.0449629305304222
2892.0475	0.0448023372151152
2890.6305	0.0440361897695293
2889.2136	0.0445857265257672
2887.7966	0.0443701792514042
2886.3796	0.043976035789863
2884.9626	0.0438267953785248
2883.5457	0.0436229741181296
2882.1287	0.0444578245549049
2880.7117	0.0445335422665803
2879.2947	0.0438410469339475
2877.8778	0.0433370614586292
2876.4608	0.0435997098497071
2875.0438	0.0430207793930377
2873.6268	0.0427894714106243
2872.2099	0.0431732239571118
2870.7929	0.0425055627303358
2869.3759	0.0424392538594011
2867.9589	0.0416853297272086
2866.5419	0.0420656102582401
2865.125	0.0414900103465561
2863.708	0.0414513250763285
2862.291	0.0416018926707057
2860.874	0.0418357024305517
2859.4571	0.0404742645798877
2858.0401	0.0413143261808124
2856.6231	0.0416072672939204
2855.2061	0.040567143948894
2853.7892	0.0409091018551847
2852.3722	0.0407456868403484
2850.9552	0.0403445060698201
2849.5382	0.0402450084814905
2848.1213	0.0399604828700302
2846.7043	0.0402232342383047
2845.2873	0.0396871133809489
2843.8703	0.039740071019183
2842.4534	0.0389199777102643
2841.0364	0.0389399365841152
2839.6194	0.0385351841161744
2838.2024	0.0391810366972057
2836.7855	0.0387640135645203
2835.3685	0.0383735737233212
2833.9515	0.0380802775980545
2832.5345	0.0381872583122727
2831.1176	0.0373951285708581
2829.7006	0.0373694673376352
2828.2836	0.0368686141876933
2826.8666	0.0378749638120871
2825.4497	0.0368077862457972
2824.0327	0.0376241468349388
2822.6157	0.0369737040869167
2821.1987	0.0369758768776287
2819.7817	0.0372084336845147
2818.3648	0.0364187211764643
2816.9478	0.0369360320274962
2815.5308	0.036650443042535
2814.1138	0.0367377936250102
2812.6969	0.0351543102518342
2811.2799	0.036691613266141
2809.8629	0.0357251866175
2808.4459	0.0355575134540616
2807.029	0.0364839585094894
2805.612	0.0358598324529604
2804.195	0.0355823095352064
2802.778	0.035583596428485
2801.3611	0.0352079299508145
2799.9441	0.0358288530002833
2798.5271	0.0351644850748956
2797.1101	0.0356260048825324
2795.6932	0.0346845735649521
2794.2762	0.0360256093277272
2792.8592	0.0346997828283678
2791.4422	0.035126069779485
2790.0253	0.0349835641679431
2788.6083	0.0351106368329767
2787.1913	0.0348718912172447
2785.7743	0.0349085857178074
2784.3574	0.0338754697954362
2782.9404	0.0353144232921415
2781.5234	0.0340535173632565
2780.1064	0.034640012133861
2778.6895	0.0349592717459093
2777.2725	0.0346057856860172
2775.8555	0.0352182049053478
2774.4385	0.0342551148262637
2773.0215	0.0338386492990256
2771.6046	0.0346847736306338
2770.1876	0.0348111812856346
2768.7706	0.0340887868985539
2767.3536	0.0345185508173364
2765.9367	0.033987549282662
2764.5197	0.03422818428821
2763.1027	0.0341685745990228
2761.6857	0.0334542892490508
2760.2688	0.0330437028848094
2758.8518	0.0339449770466369
2757.4348	0.0338155705092063
2756.0178	0.0333249311488118
2754.6009	0.0338386737381752
2753.1839	0.0337172522262562
2751.7669	0.0334150861924192
2750.3499	0.0343467049953885
2748.933	0.0341282264787603
2747.516	0.0335218123774289
2746.099	0.0341803101339266
2744.682	0.0344576063084059
2743.2651	0.0338919552266435
2741.8481	0.0339347818130721
2740.4311	0.0331655784928949
2739.0141	0.0340656239478298
2737.5972	0.0332472114158809
2736.1802	0.0331683230643976
2734.7632	0.032819893747577
2733.3462	0.0336218030308325
2731.9293	0.0328894724424415
2730.5123	0.0335949854639967
2729.0953	0.0330218999656237
2727.6783	0.0334670111646515
2726.2613	0.0328787573351355
2724.8444	0.0336249363060294
2723.4274	0.0337918747528306
2722.0104	0.033568673423008
2720.5934	0.0334035797063636
2719.1765	0.0326198896865449
2717.7595	0.0334792931368534
2716.3425	0.0332758412102777
2714.9255	0.0326169363283243
2713.5086	0.0325683270408121
2712.0916	0.0324982837913212
2710.6746	0.0328057198005596
2709.2576	0.0334241453368984
2707.8407	0.0325355526142867
2706.4237	0.0334265175528047
2705.0067	0.03247552928267
2703.5897	0.0338846414829235
2702.1728	0.0327481060216018
2700.7558	0.0328174253600972
2699.3388	0.0332305439038058
2697.9218	0.032291247986837
2696.5049	0.032380562472596
2695.0879	0.0330477520735961
2693.6709	0.0321673623571429
2692.2539	0.0331299288781413
2690.837	0.0328646014421121
2689.42	0.0324832291434814
2688.003	0.0328032046756968
2686.586	0.0320709710026762
2685.1691	0.0320613624580654
2683.7521	0.03158515587933
2682.3351	0.0318935184620029
2680.9181	0.0323387080127285
2679.5011	0.0316573059696148
2678.0842	0.0322384426423216
2676.6672	0.0318320674156852
2675.2502	0.0320850725238819
2673.8332	0.0326955069332526
2672.4163	0.0309727314304853
2670.9993	0.0316472691994851
2669.5823	0.0318875487309929
2668.1653	0.0310100675347935
2666.7484	0.0321958903723016
2665.3314	0.0320583051411651
2663.9144	0.0314578762631655
2662.4974	0.0320525017521556
2661.0805	0.0319935481910294
2659.6635	0.0324007175842733
2658.2465	0.0317973298379216
2656.8295	0.0316012128528069
2655.4126	0.0310721143523527
2653.9956	0.0308706777790513
2652.5786	0.0313309338133171
2651.1616	0.0314485584543036
2649.7447	0.0305183434739747
2648.3277	0.032286886364792
2646.9107	0.0315175530867491
2645.4937	0.0315775300149202
2644.0768	0.0312507886916912
2642.6598	0.0304067472021852
2641.2428	0.0309338991251467
2639.8258	0.0307981774262172
2638.4089	0.0307440398481915
2636.9919	0.0305539144672915
2635.5749	0.0305083982052545
2634.1579	0.0312754486569973
2632.741	0.030460266822972
2631.324	0.0315677474122249
2629.907	0.0310444649106986
2628.49	0.0308444770009623
2627.073	0.0311125563244602
2625.6561	0.0310794422888031
2624.2391	0.0312317318407592
2622.8221	0.0299905963897711
2621.4051	0.0309014611663215
2619.9882	0.0301492503516025
2618.5712	0.0305984629282843
2617.1542	0.0306538846380595
2615.7372	0.0301045937569742
2614.3203	0.0303982252623994
2612.9033	0.0300710625535588
2611.4863	0.0303207268862768
2610.0693	0.0290535894674765
2608.6524	0.029824961304779
2607.2354	0.030061679699855
2605.8184	0.0294609837102675
2604.4014	0.0298950870939408
2602.9845	0.0298717745129778
2601.5675	0.0296550092017134
2600.1505	0.0297158697613822
2598.7335	0.0296933017990768
2597.3166	0.0295877978601761
2595.8996	0.0300163915041309
2594.4826	0.0291604081319893
2593.0656	0.0306274168343983
2591.6487	0.0293689421024854
2590.2317	0.0293252419636759
2588.8147	0.029611997392874
2587.3977	0.0289369395517658
2585.9808	0.0292281160939355
2584.5638	0.029095102135476
2583.1468	0.0294449469437582
2581.7298	0.0284350687421855
2580.3128	0.0289490030488226
2578.8959	0.0288079989733258
2577.4789	0.0289968969559897
2576.0619	0.0289824487315982
2574.6449	0.0292197313938026
2573.228	0.0290850128681554
2571.811	0.0292140717476431
2570.394	0.0286444898042901
2568.977	0.0290173182761236
2567.5601	0.0284608963609759
2566.1431	0.0288486834654377
2564.7261	0.0284828157880827
2563.3091	0.0285952096774405
2561.8922	0.0292428724569583
2560.4752	0.0283622399883573
2559.0582	0.0291782907360621
2557.6412	0.0289101624454858
2556.2243	0.0290693262737371
2554.8073	0.028090279470322
2553.3903	0.0278548187510513
2551.9733	0.0284488348398704
2550.5564	0.0282976550749685
2549.1394	0.0280377971040223
2547.7224	0.0285397233462618
2546.3054	0.028324882075053
2544.8885	0.0275585451018287
2543.4715	0.0279383042458342
2542.0545	0.0282491175931161
2540.6375	0.0279915279135679
2539.2206	0.0277086639757835
2537.8036	0.0279078403686638
2536.3866	0.027730396789577
2534.9696	0.027367228755084
2533.5526	0.0280716963477191
2532.1357	0.0271715645226406
2530.7187	0.0273985484614657
2529.3017	0.0282015134983786
2527.8847	0.0274415850452669
2526.4678	0.0277183818658623
2525.0508	0.0271964647624392
2523.6338	0.0278946813789458
2522.2168	0.0277970124231364
2520.7999	0.0272026064900421
2519.3829	0.0275294986475943
2517.9659	0.0268000785780796
2516.5489	0.0276132031792929
2515.132	0.0275457172428124
2513.715	0.027485552088534
2512.298	0.0274636083509907
2510.881	0.0276169070962121
2509.4641	0.027028394942198
2508.0471	0.0270349560889113
2506.6301	0.0265415631020343
2505.2131	0.0280533305954739
2503.7962	0.0265784060264551
2502.3792	0.0267392485429258
2500.9622	0.0267923841384767
2499.5452	0.0266613010577673
2498.1283	0.0270387029364756
2496.7113	0.0270650483469926
2495.2943	0.0269450354052785
2493.8773	0.028128567838221
2492.4604	0.027394552095379
2491.0434	0.0268660784524603
2489.6264	0.0272799041610737
2488.2094	0.0273368417583183
2486.7924	0.0272292073853179
2485.3755	0.0266228667830616
2483.9585	0.0264355633999893
2482.5415	0.0273576139818588
2481.1245	0.0274607058951948
2479.7076	0.0268153428431611
2478.2906	0.0264717287877804
2476.8736	0.0267298475581388
2475.4566	0.0265408953701351
2474.0397	0.0262331989693145
2472.6227	0.0270608029903235
2471.2057	0.0258514524959658
2469.7887	0.0269291390588383
2468.3718	0.0269740686664742
2466.9548	0.0273077021861076
2465.5378	0.0266281540356348
2464.1208	0.0264920110701377
2462.7039	0.0271478343749886
2461.2869	0.0267114721032883
2459.8699	0.0268428673445975
2458.4529	0.0270674545111946
2457.036	0.0272618325636102
2455.619	0.0267618595934677
2454.202	0.02624888401174
2452.785	0.0263046131255415
2451.3681	0.0266601988391908
2449.9511	0.0260424132801774
2448.5341	0.0272029640896684
2447.1171	0.0267466256910788
2445.7002	0.0259935875161306
2444.2832	0.0261670183231399
2442.8662	0.0263239104934967
2441.4492	0.0255511891747675
2440.0322	0.0264177435960954
2438.6153	0.0268751819975147
2437.1983	0.026423088038136
2435.7813	0.0261142519913635
2434.3643	0.0264003792848091
2432.9474	0.0262755820841786
2431.5304	0.0269059615351794
2430.1134	0.0259953190584535
2428.6964	0.0264076192678006
2427.2795	0.0258025403796909
2425.8625	0.0263746355030376
2424.4455	0.0264791228519797
2423.0285	0.0266367362911553
2421.6116	0.0259128636939434
2420.1946	0.026107414593842
2418.7776	0.0259628825043897
2417.3606	0.0255810252058468
2415.9437	0.0256643678062496
2414.5267	0.0256889019600285
2413.1097	0.0262608119822691
2411.6927	0.025979451208959
2410.2758	0.0260903413893354
2408.8588	0.0253173279466084
2407.4418	0.024999839586738
2406.0248	0.0263992902914785
2404.6079	0.0259067336395773
2403.1909	0.0255746656065687
2401.7739	0.0260979905887153
2400.3569	0.0255993067458796
2398.94	0.0248845776898965
2397.523	0.025647989455887
2396.106	0.0246833324951718
2394.689	0.0258664313827576
2393.272	0.0252097309045848
2391.8551	0.0254057103429857
2390.4381	0.0252514139067957
2389.0211	0.0257561186847175
2387.6041	0.0260376955885822
2386.1872	0.0257524556366184
2384.7702	0.0254578370242515
2383.3532	0.025431941024772
2381.9362	0.0252858517024535
2380.5193	0.0258807555768378
2379.1023	0.0249982219524801
2377.6853	0.0255713264173749
2376.2683	0.0253178982364352
2374.8514	0.0258857784351942
2373.4344	0.0253255023669354
2372.0174	0.0247278893018461
2370.6004	0.0248403394528637
2369.1835	0.0250096600504737
2367.7665	0.0245769062486656
2366.3495	0.025121091554431
2364.9325	0.0255331294110445
2363.5156	0.025186495035402
2362.0986	0.0246204321554643
2360.6816	0.0247739050514381
2359.2646	0.0249004487324068
2357.8477	0.0252474076124815
2356.4307	0.0254206053005331
2355.0137	0.0259230427542599
2353.5967	0.0248728218487729
2352.1798	0.0254189553112184
2350.7628	0.0253817189272378
2349.3458	0.0257603102151532
2347.9288	0.0260052043031242
2346.5118	0.0250202161812737
2345.0949	0.0256762884000905
2343.6779	0.0246441127082184
2342.2609	0.0260339432312094
2340.8439	0.0250242609022379
2339.427	0.0249527869518804
2338.01	0.0253757380367386
2336.593	0.0248714254224602
2335.176	0.0250638359036745
2333.7591	0.0259242644431884
2332.3421	0.0249433419339308
2330.9251	0.0249917656339644
2329.5081	0.0250199247525234
2328.0912	0.0251147711658035
2326.6742	0.0249353255208529
2325.2572	0.0256241050223362
2323.8402	0.0260873117771616
2322.4233	0.0261965285413973
2321.0063	0.0260517623212704
2319.5893	0.0257142957997606
2318.1723	0.0258790887980485
2316.7554	0.0257206929652073
2315.3384	0.0247784621929261
2313.9214	0.0255448057121759
2312.5044	0.025209584542878
2311.0875	0.0249966480406084
2309.6705	0.0251264276488206
2308.2535	0.0248697510261392
2306.8365	0.0250959944432546
2305.4196	0.0249241108956619
2304.0026	0.0251226825416114
2302.5856	0.0244441582281896
2301.1686	0.0251698855879408
2299.7516	0.0251728005578079
2298.3347	0.0251219977757388
2296.9177	0.024540846732074
2295.5007	0.0246263978261168
2294.0837	0.0247781225568641
2292.6668	0.0247080829060281
2291.2498	0.0248659331444115
2289.8328	0.024797570778234
2288.4158	0.0249136991684347
2286.9989	0.0248958190097189
2285.5819	0.025030725175601
2284.1649	0.0249561723116927
2282.7479	0.0240801943607688
2281.331	0.0249227625924029
2279.914	0.0248657098881142
2278.497	0.0247140481978159
2277.08	0.0242600010492442
2275.6631	0.0245966548574964
2274.2461	0.0245560292885136
2272.8291	0.0236179539957731
2271.4121	0.0244031135562509
2269.9952	0.0247857622549111
2268.5782	0.0244126216851869
2267.1612	0.023681917538979
2265.7442	0.0242568314059837
2264.3273	0.023025018896196
2262.9103	0.0235489367826689
2261.4933	0.0242838883839695
2260.0763	0.0238687666882056
2258.6594	0.0242877662902977
2257.2424	0.0239672687108907
2255.8254	0.0246815086548378
2254.4084	0.0242431525043639
2252.9914	0.023278973494855
2251.5745	0.0234766690176761
2250.1575	0.0239452767311676
2248.7405	0.0231267444226065
2247.3235	0.0237775964333557
2245.9066	0.0233533711167265
2244.4896	0.023465135158027
2243.0726	0.0236613104495153
2241.6556	0.0234504612123182
2240.2387	0.0231002524167501
2238.8217	0.0225369306865751
2237.4047	0.0236635521362404
2235.9877	0.0227100942199544
2234.5708	0.0235781495057644
2233.1538	0.0232483143075185
2231.7368	0.0227715005477626
2230.3198	0.0229241574959328
2228.9029	0.0234582875333407
2227.4859	0.0230704495475503
2226.0689	0.0238900001856162
2224.6519	0.024017832007821
2223.235	0.023902302890958
2221.818	0.0232912386072568
2220.401	0.0235563605996597
2218.984	0.0230600528511842
2217.5671	0.0227700142775546
2216.1501	0.0231704961765998
2214.7331	0.0230787017345153
2213.3161	0.0235756596713744
2211.8992	0.023180813223871
2210.4822	0.02345078640014
2209.0652	0.0230751411780047
2207.6482	0.023412035218828
2206.2312	0.0223851815621554
2204.8143	0.0226847600192487
2203.3973	0.022633338059308
2201.9803	0.0239678342667937
2200.5633	0.0231306285828432
2199.1464	0.0225401666952881
2197.7294	0.022847059368257
2196.3124	0.0227777623303622
2194.8954	0.0237444394988091
2193.4785	0.0222528159509064
2192.0615	0.0229753078178819
2190.6445	0.0227378120523569
2189.2275	0.0227444792002693
2187.8106	0.0234182892455584
2186.3936	0.0224711778034243
2184.9766	0.0238215154347727
2183.5596	0.02345358021346
2182.1427	0.0224207976392779
2180.7257	0.0217349158032359
2179.3087	0.0215517190186511
2177.8917	0.0217468023010793
2176.4748	0.0222545694849997
2175.0578	0.0217935776635226
2173.6408	0.0222387549065127
2172.2238	0.0226013905972074
2170.8069	0.0233574634399389
2169.3899	0.0229406888504705
2167.9729	0.0233561353853758
2166.5559	0.0234143296761882
2165.139	0.02309609053029
2163.722	0.0235817016923974
2162.305	0.0227032418264364
2160.888	0.0221896747672763
2159.471	0.0209580238576415
2158.0541	0.0199055359358838
2156.6371	0.0203309936641857
2155.2201	0.0197001818943997
2153.8031	0.0195826759353236
2152.3862	0.0198878901649093
2150.9692	0.0196357508117357
2149.5522	0.0206583505885547
2148.1352	0.0206312552767416
2146.7183	0.0217475935662993
2145.3013	0.0221683041951525
2143.8843	0.0221804235035272
2142.4673	0.0213804959959659
2141.0504	0.0214523709969259
2139.6334	0.0220332128390694
2138.2164	0.0217949177292251
2136.7994	0.0216662822693374
2135.3825	0.0211505130314051
2133.9655	0.0214260961059056
2132.5485	0.0215648533615581
2131.1315	0.0207265510733001
2129.7146	0.0211677728312643
2128.2976	0.021290558348808
2126.8806	0.0215974393312941
2125.4636	0.0224441921249566
2124.0467	0.0219629205054856
2122.6297	0.0217353073551624
2121.2127	0.0223900188455746
2119.7957	0.0224680175097384
2118.3788	0.02266607928821
2116.9618	0.0224354397534506
2115.5448	0.0232763280298213
2114.1278	0.0236024302673862
2112.7108	0.0229913598055122
2111.2939	0.0230028322337308
2109.8769	0.0225038789235186
2108.4599	0.0225011789242405
2107.0429	0.0223657861094316
2105.626	0.0230290317963737
2104.209	0.0235179622786675
2102.792	0.0233843772297385
2101.375	0.0235342029913326
2099.9581	0.0223155481037656
2098.5411	0.0230096482246168
2097.1241	0.0227296332494187
2095.7071	0.0214289997144772
2094.2902	0.0220182801868333
2092.8732	0.0219896454809282
2091.4562	0.0216585750812631
2090.0392	0.0231323555111014
2088.6223	0.0218742602585704
2087.2053	0.0227331149225523
2085.7883	0.0224280322933841
2084.3713	0.0221991086512799
2082.9544	0.0224288331405953
2081.5374	0.0219378389436213
2080.1204	0.0231558590381296
2078.7034	0.022111617855972
2077.2865	0.0222513846516733
2075.8695	0.0224858143714359
2074.4525	0.0221276955149591
2073.0355	0.0227146373578052
2071.6186	0.022343849187863
2070.2016	0.022712011510603
2068.7846	0.02236704536685
2067.3676	0.0220868802027183
2065.9506	0.0216506455159124
2064.5337	0.0228024697593584
2063.1167	0.0217960510687211
2061.6997	0.0214406697787773
2060.2827	0.0221262358701864
2058.8658	0.0216739042846122
2057.4488	0.021890441309517
2056.0318	0.0217652403045206
2054.6148	0.0218104670485104
2053.1979	0.0218455717904622
2051.7809	0.0223947686698673
2050.3639	0.0218715112007878
2048.9469	0.0218151721871535
2047.53	0.0213927847339611
2046.113	0.0219296518254882
2044.696	0.0212946249982768
2043.279	0.0210351065778818
2041.8621	0.0214139419983265
2040.4451	0.0209872958628252
2039.0281	0.0204202060228139
2037.6111	0.0208671624710247
2036.1942	0.0205345811634967
2034.7772	0.0207061703563049
2033.3602	0.0204424600125531
2031.9432	0.0206048270284207
2030.5263	0.0201242291386101
2029.1093	0.0202959706696538
2027.6923	0.0200424793743353
2026.2753	0.0196105465379009
2024.8584	0.0193536091370627
2023.4414	0.019676663529224
2022.0244	0.0203669453426394
2020.6074	0.0195419471619318
2019.1904	0.01925285456551
2017.7735	0.0197929823342935
2016.3565	0.0193425937102884
2014.9395	0.0182488652912479
2013.5225	0.0191383510579216
2012.1056	0.0193507094809984
2010.6886	0.0187132237831781
2009.2716	0.0176740775687044
2007.8546	0.0186715228016064
2006.4377	0.0191046607673446
2005.0207	0.0188624748957676
2003.6037	0.0187232907508815
2002.1867	0.0191328758492389
2000.7698	0.0185460729906086
1999.3528	0.0188749314426942
1997.9358	0.0188819555833862
1996.5188	0.0193565280128582
1995.1019	0.0198899677766183
1993.6849	0.0188447589273544
1992.2679	0.0189256697603573
1990.8509	0.0191309761242549
1989.434	0.0189170941046021
1988.017	0.0198311722507332
1986.6	0.0200472219366755
1985.183	0.0197692838496174
1983.7661	0.0201874119614102
1982.3491	0.020700876282968
1980.9321	0.0205880045167485
1979.5151	0.019624918662791
1978.0982	0.0186199554834213
1976.6812	0.019085144052879
1975.2642	0.0190671462333177
1973.8472	0.0177942303332587
1972.4302	0.0175393206159563
1971.0133	0.0186124344553141
1969.5963	0.0187953152036363
1968.1793	0.0188284212024417
1966.7623	0.0190428280275903
1965.3454	0.0188285246439218
1963.9284	0.0199947284606304
1962.5114	0.0187873002871878
1961.0944	0.0194049207881054
1959.6775	0.0173238911165111
1958.2605	0.0180848296797342
1956.8435	0.0183164573696063
1955.4265	0.0196149831823249
1954.0096	0.0186651960949072
1952.5926	0.019606848288549
1951.1756	0.0191457634286209
1949.7586	0.0191056702978504
1948.3417	0.0192197422846014
1946.9247	0.0192722638106549
1945.5077	0.0198901169904327
1944.0907	0.0197583756718709
1942.6738	0.0199829788505128
1941.2568	0.0197509136933409
1939.8398	0.0199973667619643
1938.4228	0.0201555216427267
1937.0059	0.0202905396247332
1935.5889	0.0202382151019639
1934.1719	0.0198362413726541
1932.7549	0.0200176819097456
1931.338	0.0201600398561942
1929.921	0.0206676109550586
1928.504	0.0196355136815648
1927.087	0.0199202378566133
1925.67	0.019650478124404
1924.2531	0.0202111995821798
1922.8361	0.0205485297505337
1921.4191	0.0208831622669711
1920.0021	0.0207872389746874
1918.5852	0.020592827562094
1917.1682	0.0197178190393828
1915.7512	0.0200114558972104
1914.3342	0.020140829921472
1912.9173	0.0203457224924755
1911.5003	0.0209355238624522
1910.0833	0.0202972466691613
1908.6663	0.0202490724842426
1907.2494	0.0208276268973142
1905.8324	0.0210191689061963
1904.4154	0.0206875672388794
1902.9984	0.0207486491272731
1901.5815	0.0211029409135854
1900.1645	0.0197617937609635
1898.7475	0.0207021674240336
1897.3305	0.0207825550837932
1895.9136	0.0208783275643129
1894.4966	0.0203681938258308
1893.0796	0.0209560959732853
1891.6626	0.0197606375952599
1890.2457	0.0206712171767369
1888.8287	0.020155201313136
1887.4117	0.0203457644393742
1885.9947	0.020228363397958
1884.5778	0.0201751376865093
1883.1608	0.0208898205948368
1881.7438	0.0207654547637435
1880.3268	0.0206298343001686
1878.9098	0.0199663455158786
1877.4929	0.0199044352681519
1876.0759	0.020031157962028
1874.6589	0.0203069199521379
1873.2419	0.0205951203337509
1871.825	0.0209844582227404
1870.408	0.0201613898035654
1868.991	0.0202748637306309
1867.574	0.0203386191740963
1866.1571	0.0205422714893882
1864.7401	0.0207117902900654
1863.3231	0.0205424185235666
1861.9061	0.0207535652868144
1860.4892	0.0205895825466481
1859.0722	0.0208495406426453
1857.6552	0.0200685216802498
1856.2382	0.01976712196269
1854.8213	0.0204114168807939
1853.4043	0.0200260297609747
1851.9873	0.0196731808652049
1850.5703	0.0200867848699634
1849.1534	0.0203215932545253
1847.7364	0.0208206931567302
1846.3194	0.0201759130271387
1844.9024	0.0203697847253005
1843.4855	0.0201391084976593
1842.0685	0.0209231475339553
1840.6515	0.019808106990659
1839.2345	0.0199028647456652
1837.8176	0.0197098067727938
1836.4006	0.0201277864260984
1834.9836	0.0200127256127989
1833.5666	0.0193936489765366
1832.1496	0.0203863822058662
1830.7327	0.0199409501004959
1829.3157	0.0205249259728709
1827.8987	0.0200494892584869
1826.4817	0.0202764223657829
1825.0648	0.0206120413859684
1823.6478	0.0202931171013495
1822.2308	0.0202882191117778
1820.8138	0.0201077263539466
1819.3969	0.0199552113328095
1817.9799	0.019817091791255
1816.5629	0.0195815782121412
1815.1459	0.020096601087707
1813.729	0.0196779736183707
1812.312	0.0201206338255246
1810.895	0.0200902804743277
1809.478	0.0202510839411318
1808.0611	0.0200553656674717
1806.6441	0.0207462488241818
1805.2271	0.0196162384585786
1803.8101	0.0202310461454355
1802.3932	0.0199883535299199
1800.9762	0.0204912955909494
1799.5592	0.0199726118166026
1798.1422	0.0201643501047138
1796.7253	0.0204471152482001
1795.3083	0.0198223825746287
1793.8913	0.0202302162047028
1792.4743	0.0201424114349468
1791.0574	0.0198813483173331
1789.6404	0.0200238506043914
1788.2234	0.021156984512601
1786.8064	0.0207560490616465
1785.3894	0.0208592465954315
1783.9725	0.0206680566421307
1782.5555	0.0203829811882297
1781.1385	0.0204673033657819
1779.7215	0.0201456114496261
1778.3046	0.019985959621239
1776.8876	0.0204903364667925
1775.4706	0.0202093286470349
1774.0536	0.0205896154350707
1772.6367	0.0204376760902354
1771.2197	0.0203957416032442
1769.8027	0.0213994416407401
1768.3857	0.020629408231635
1766.9688	0.0197714710599015
1765.5518	0.0209770491189354
1764.1348	0.0206703427556779
1762.7178	0.0205494648587673
1761.3009	0.0208448900757981
1759.8839	0.0212939352981306
1758.4669	0.0215391085501897
1757.0499	0.0213275143396375
1755.633	0.0213362831036332
1754.216	0.0213779272201726
1752.799	0.0211952325801031
1751.382	0.0210175363780233
1749.9651	0.0217345006714315
1748.5481	0.021938449028421
1747.1311	0.0209862386580331
1745.7141	0.0222384646208566
1744.2972	0.0224567253856259
1742.8802	0.0227263753970598
1741.4632	0.0222512020976801
1740.0462	0.0225986006103164
1738.6292	0.0225742277094395
1737.2123	0.0229234512369749
1735.7953	0.0232079394866404
1734.3783	0.0234796985748851
1732.9613	0.0236622368667227
1731.5444	0.0237953254148528
1730.1274	0.0240038039395508
1728.7104	0.0241728192856427
1727.2934	0.0241009530728085
1725.8765	0.0245327394547492
1724.4595	0.0244131857325784
1723.0425	0.0248227787641051
1721.6255	0.0252838100577835
1720.2086	0.0254526519653407
1718.7916	0.0248251227058495
1717.3746	0.0258058651706514
1715.9576	0.0254657258440995
1714.5407	0.0259638818325678
1713.1237	0.0264406289495414
1711.7067	0.0260599284023684
1710.2897	0.0264224721118859
1708.8728	0.0260589590434984
1707.4558	0.0275491665178077
1706.0388	0.0271504171894298
1704.6218	0.0271491522474295
1703.2049	0.0272572815310666
1701.7879	0.0272777888872968
1700.3709	0.0273388451298625
1698.9539	0.0266696737966941
1697.537	0.028317930381185
1696.12	0.0279095972102732
1694.703	0.02770851039801
1693.286	0.0284468018690938
1691.869	0.0276949643791622
1690.4521	0.0279463554721343
1689.0351	0.0284181192570075
1687.6181	0.0280246911376823
1686.2011	0.0284517828946746
1684.7842	0.0289155333905424
1683.3672	0.0283860983681205
1681.9502	0.0286344975131355
1680.5332	0.0287601805566066
1679.1163	0.0287883902068165
1677.6993	0.0295020927534345
1676.2823	0.0293387209028296
1674.8653	0.0289177865577847
1673.4484	0.0302752740186784
1672.0314	0.0299555021822754
1670.6144	0.0291347705298618
1669.1974	0.0307612929027261
1667.7805	0.0309553179723229
1666.3635	0.0310191939079935
1664.9465	0.0302879175009274
1663.5295	0.0312352542654907
1662.1126	0.0314831307416078
1660.6956	0.0313387029448888
1659.2786	0.0311705708927813
1657.8616	0.0322093476585134
1656.4447	0.0319905741584264
1655.0277	0.0318755640995456
1653.6107	0.0323013267695397
1652.1937	0.0330836974519778
1650.7768	0.0335298987508074
1649.3598	0.0333993875710813
1647.9428	0.0337926869028206
1646.5258	0.0346073407621189
1645.1088	0.0357170738471634
1643.6919	0.0341983392534945
1642.2749	0.0362123583557302
1640.8579	0.0360348507495059
1639.4409	0.0365964712003187
1638.024	0.0377389223827751
1636.607	0.0384286975265464
1635.19	0.0383999731114057
1633.773	0.0392513976202981
1632.3561	0.0399251959581326
1630.9391	0.0402540901511338
1629.5221	0.0408051811560297
1628.1051	0.0404944858642805
1626.6882	0.0414430440906889
1625.2712	0.0411048616959647
1623.8542	0.0420541189008264
1622.4372	0.0420904858044556
1621.0203	0.0416771505846003
1619.6033	0.0424875480329672
1618.1863	0.0434682225855052
1616.7693	0.0438079089045089
1615.3524	0.0432401743771047
1613.9354	0.0435982380837718
1612.5184	0.0435512939774264
1611.1014	0.04457111464202
1609.6845	0.0453987719695939
1608.2675	0.0457383659907835
1606.8505	0.0464997407038464
1605.4335	0.046696149909088
1604.0166	0.047081813332411
1602.5996	0.0471255797081388
1601.1826	0.0475124756905159
1599.7656	0.0474927939988668
1598.3486	0.0476176609903902
1596.9317	0.0476461611209188
1595.5147	0.0479143289325331
1594.0977	0.0470967617399152
1592.6807	0.0468669178895212
1591.2638	0.0464164819330903
1589.8468	0.0463949055250578
1588.4298	0.0463166832941555
1587.0128	0.0452876374873563
1585.5959	0.0451841582833383
1584.1789	0.0438776922050615
1582.7619	0.0443223820735307
1581.3449	0.0433768983638733
1579.928	0.0429926670269816
1578.511	0.0425192859361715
1577.094	0.042730718848087
1575.677	0.0414948534530023
1574.2601	0.040590225635605
1572.8431	0.0395712900808513
1571.4261	0.0399565117662067
1570.0091	0.0395673680416927
1568.5922	0.0387926746634472
1567.1752	0.0376633976045802
1565.7582	0.0376976032410842
1564.3412	0.0376843684481678
1562.9243	0.0372277133106617
1561.5073	0.0366355661213349
1560.0903	0.0350317950546684
1558.6733	0.0349499465894726
1557.2564	0.0341586033615015
1555.8394	0.0337776338637294
1554.4224	0.0332452685649578
1553.0054	0.0331596128985687
1551.5885	0.0326373211130136
1550.1715	0.0321743541494602
1548.7545	0.0315230165470083
1547.3375	0.0310161043524029
1545.9205	0.0303191545125213
1544.5036	0.0308967275531964
1543.0866	0.0299200311545469
1541.6696	0.0309219221549901
1540.2526	0.0296109641734439
1538.8357	0.0294801489768453
1537.4187	0.029210398540621
1536.0017	0.0289517324483725
1534.5847	0.029649843621948
1533.1678	0.0292397904075639
1531.7508	0.0287295771342093
1530.3338	0.028583989014498
1528.9168	0.0295582369612722
1527.4999	0.0293387225843637
1526.0829	0.0295045314625256
1524.6659	0.0301284463804694
1523.2489	0.0303781597047793
1521.832	0.0311517312654851
1520.415	0.0322525255707873
1518.998	0.0325729840620146
1517.581	0.0341253998356747
1516.1641	0.0343466928056431
1514.7471	0.0356494340848837
1513.3301	0.0351840907286617
1511.9131	0.0361562228046532
1510.4962	0.037240018496482
1509.0792	0.0369543288549205
1507.6622	0.0363975702606514
1506.2452	0.03693379775951
1504.8283	0.0361775097533937
1503.4113	0.0364633590218141
1501.9943	0.0356594232623843
1500.5773	0.0347364484416831
1499.1603	0.0332478714828851
1497.7434	0.0328854376760791
1496.3264	0.0309626547032385
1494.9094	0.0315661406268498
1493.4924	0.0309110324877596
1492.0755	0.0309156563525868
1490.6585	0.0303453375146499
1489.2415	0.0301197887831024
1487.8245	0.0305597341427766
1486.4076	0.0299363492060438
1484.9906	0.0313617110792413
1483.5736	0.0313803101795056
1482.1566	0.0314901255856337
1480.7397	0.0318572176676801
1479.3227	0.0330491141110704
1477.9057	0.0331448218023759
1476.4887	0.0330409100619014
1475.0718	0.0322136653474978
1473.6548	0.0338344511865551
1472.2378	0.0337692632602163
1470.8208	0.0346073484740899
1469.4039	0.0352331481740734
1467.9869	0.0356661240223276
1466.5699	0.0375172283517182
1465.1529	0.0380290700029634
1463.736	0.0393748605821661
1462.319	0.0398045509153069
1460.902	0.0402218434407432
1459.485	0.0405331884671891
1458.0681	0.0412668921708619
1456.6511	0.0410039914243997
1455.2341	0.0420495924623757
1453.8171	0.0430977964689807
1452.4001	0.0422415266483524
1450.9832	0.0418869126947133
1449.5662	0.0424203195034903
1448.1492	0.0421881642984848
1446.7322	0.0430580749346564
1445.3153	0.0428953292281887
1443.8983	0.0429075591286383
1442.4813	0.0431770801585114
1441.0643	0.0428918282688063
1439.6474	0.0430773009455292
1438.2304	0.0438065931159753
1436.8134	0.0434613219299245
1435.3964	0.0440124959816349
1433.9795	0.044610822031974
1432.5625	0.0447959107195939
1431.1455	0.0446902790839282
1429.7285	0.0457231966478326
1428.3116	0.0465010996717002
1426.8946	0.0463316370138954
1425.4776	0.0467378160439833
1424.0606	0.0470349394310493
1422.6437	0.0473931749907491
1421.2267	0.0486400690590578
1419.8097	0.0485896674126489
1418.3927	0.0484490733488442
1416.9758	0.0485196564404623
1415.5588	0.0493942353338731
1414.1418	0.048956075779879
1412.7248	0.0488460207334038
1411.3079	0.0492588066722536
1409.8909	0.0490244562514968
1408.4739	0.0494058990582493
1407.0569	0.0482279702098345
1405.6399	0.0493887669205636
1404.223	0.0493285897231871
1402.806	0.0498059045491356
1401.389	0.0488630144551193
1399.972	0.0494495116069042
1398.5551	0.0494485927195545
1397.1381	0.0504298455380438
1395.7211	0.0505877645637121
1394.3041	0.0505400185691087
1392.8872	0.04998084469353
1391.4702	0.0518470922388824
1390.0532	0.0518808749944542
1388.6362	0.0515998408066717
1387.2193	0.0529321283801269
1385.8023	0.0525643630378777
1384.3853	0.0526636923276837
1382.9683	0.0528035508004395
1381.5514	0.0519457938288056
1380.1344	0.0529689505679041
1378.7174	0.05251082579378
1377.3004	0.0533390196958978
1375.8835	0.052843555123467
1374.4665	0.0525157509851605
1373.0495	0.0529618164569781
1371.6325	0.0532123956062409
1370.2156	0.0540161485798571
1368.7986	0.0538405444367801
1367.3816	0.0549012057773102
1365.9646	0.0549130218001162
1364.5477	0.0554515065133118
1363.1307	0.0565587905821699
1361.7137	0.0564285802542532
1360.2967	0.0558025937424453
1358.8797	0.0550344001711712
1357.4628	0.0556606203224707
1356.0458	0.0547747459962905
1354.6288	0.0540717818836859
1353.2118	0.053741071185829
1351.7949	0.052894987700926
1350.3779	0.0517129100849391
1348.9609	0.0520476250009085
1347.5439	0.0519415825058078
1346.127	0.0523425506557663
1344.71	0.0527884694307251
1343.293	0.0539915366380413
1341.876	0.0527853867125169
1340.4591	0.0536076484265425
1339.0421	0.0547159421195467
1337.6251	0.053756517306337
1336.2081	0.0535526297580674
1334.7912	0.0536287226507389
1333.3742	0.0539840819725584
1331.9572	0.0534534852835076
1330.5402	0.052665522875142
1329.1233	0.052561805424273
1327.7063	0.0525772156690539
1326.2893	0.0508982131938581
1324.8723	0.0516714167120339
1323.4554	0.0510505289611178
1322.0384	0.0498820494848788
1320.6214	0.0499153763554499
1319.2044	0.0499772365987339
1317.7875	0.0490215215828166
1316.3705	0.0490502684418605
1314.9535	0.0491799115645116
1313.5365	0.0484202234406434
1312.1195	0.0476209217764388
1310.7026	0.0477332295979747
1309.2856	0.0482298787282979
1307.8686	0.0474825225550803
1306.4516	0.0468318653404608
1305.0347	0.0480739477901223
1303.6177	0.0479064450557843
1302.2007	0.048313759395967
1300.7837	0.0481305727176158
1299.3668	0.0486025944884278
1297.9498	0.048622231773467
1296.5328	0.0485428106494478
1295.1158	0.0482920117978557
1293.6989	0.0480076089736282
1292.2819	0.0483040176108952
1290.8649	0.0480368324724829
1289.4479	0.0477496103265444
1288.031	0.04783967245231
1286.614	0.0480913772265128
1285.197	0.0486707772128762
1283.78	0.0483339886577877
1282.3631	0.0483334861930947
1280.9461	0.0492967536320369
1279.5291	0.0496841919996382
1278.1121	0.0499144268481933
1276.6952	0.0504436548093689
1275.2782	0.0513352438106987
1273.8612	0.0515943138131841
1272.4442	0.0519898998348913
1271.0273	0.053114817366706
1269.6103	0.0523554112638841
1268.1933	0.0523711570349421
1266.7763	0.0520922730616599
1265.3593	0.0523221994242137
1263.9424	0.0526630366137245
1262.5254	0.0518846304231184
1261.1084	0.0512545752598361
1259.6914	0.0522415822418646
1258.2745	0.0518718677513234
1256.8575	0.0514142246890099
1255.4405	0.0514358575975843
1254.0235	0.0521459329619943
1252.6066	0.0514396312689999
1251.1896	0.0509139033038412
1249.7726	0.0513983839499472
1248.3556	0.0505366293094947
1246.9387	0.0505983437786628
1245.5217	0.0500613611402418
1244.1047	0.0501171112899294
1242.6877	0.0500671644415847
1241.2708	0.0502959159146299
1239.8538	0.0502514486985768
1238.4368	0.0514757709141428
1237.0198	0.0512500819963859
1235.6029	0.0518986069080419
1234.1859	0.0506912426553749
1232.7689	0.0510729530563378
1231.3519	0.0504497205924143
1229.935	0.0498600322763097
1228.518	0.0494448944874669
1227.101	0.0493704368511466
1225.684	0.0484229720741669
1224.2671	0.0472553796328569
1222.8501	0.047203791161722
1221.4331	0.0464592438550193
1220.0161	0.0459316386549704
1218.5991	0.0445342683998126
1217.1822	0.0448670171136146
1215.7652	0.0446309126232944
1214.3482	0.0449145568607853
1212.9312	0.0441473023387575
1211.5143	0.0435607392517889
1210.0973	0.0436402070359375
1208.6803	0.0431145341452766
1207.2633	0.0432444851210343
1205.8464	0.0429534889415909
1204.4294	0.04213751963928
1203.0124	0.0413965557460071
1201.5954	0.0409551676973981
1200.1785	0.040873532114464
1198.7615	0.0408623366639779
1197.3445	0.039990787518127
1195.9275	0.0396453843765211
1194.5106	0.0391397867901082
1193.0936	0.0386758025273529
1191.6766	0.038037317957663
1190.2596	0.0373017929789765
1188.8427	0.0371725282767837
1187.4257	0.0370259502065753
1186.0087	0.0361322985126043
1184.5917	0.0362818208400953
1183.1748	0.0360015668563546
1181.7578	0.0355113733037832
1180.3408	0.0360495650535856
1178.9238	0.035953458914435
1177.5069	0.0366092459844024
1176.0899	0.0368817431426287
1174.6729	0.0380021916881706
1173.2559	0.0386883530065147
1171.8389	0.0400212071787663
1170.422	0.0410018552737979
1169.005	0.0430986853679836
1167.588	0.0442508014280118
1166.171	0.0462479070244149
1164.7541	0.0478909937209881
1163.3371	0.0510018733270087
1161.9201	0.0541448001793163
1160.5031	0.0567202320854426
1159.0862	0.0593696470153742
1157.6692	0.0615185077365939
1156.2522	0.0634055120766482
1154.8352	0.0659044531565494
1153.4183	0.0680842296667515
1152.0013	0.069542530122678
1150.5843	0.070489132367183
1149.1673	0.0727896750750245
1147.7504	0.072340727158738
1146.3334	0.0721499909865785
1144.9164	0.0720885862155488
1143.4994	0.071082587539619
1142.0825	0.0707182462182407
1140.6655	0.0702951521223755
1139.2485	0.0685423203466714
1137.8315	0.0674514199336025
1136.4146	0.0669203959026639
1134.9976	0.0658483651925569
1133.5806	0.0646681222131148
1132.1636	0.0654521497986472
1130.7467	0.0647097316642337
1129.3297	0.0650877059812841
1127.9127	0.0653973338690738
1126.4957	0.0656931439200231
1125.0787	0.0674182837108726
1123.6618	0.0668770358878395
1122.2448	0.0674063702179948
1120.8278	0.0678804683800346
1119.4108	0.0675393698939161
1117.9939	0.0672564019971134
1116.5769	0.0681747782795244
1115.1599	0.068242403778766
1113.7429	0.0689831179991849
1112.326	0.069564158297296
1110.909	0.0689521212317481
1109.492	0.0700219440210736
1108.075	0.0701538690386981
1106.6581	0.0713708694579988
1105.2411	0.0723099188766827
1103.8241	0.0737176761676887
1102.4071	0.0737730422211739
1100.9902	0.0740924551662501
1099.5732	0.0742976352392048
1098.1562	0.0742805032801895
1096.7392	0.074543007143762
1095.3223	0.0746773526268863
1093.9053	0.0749216279990374
1092.4883	0.0755177946135852
1091.0713	0.0762785024475118
1089.6544	0.0778121848396542
1088.2374	0.080194175152442
1086.8204	0.0820799443363294
1085.4034	0.0847028400986389
1083.9865	0.0865678484365336
1082.5695	0.0898604711039523
1081.1525	0.0912646193097413
1079.7355	0.0940085714517418
1078.3185	0.0959771515370546
1076.9016	0.096716873138283
1075.4846	0.0962769762933586
1074.0676	0.0955687200629785
1072.6506	0.0944491183756904
1071.2337	0.0926118868601684
1069.8167	0.0915765397893569
1068.3997	0.0900123996151143
1066.9827	0.088144829289244
1065.5658	0.0881965425077624
1064.1488	0.0883431218527404
1062.7318	0.0883027872760728
1061.3148	0.0889557728234694
1059.8979	0.0907287890690003
1058.4809	0.0918647680424029
1057.0639	0.0937462762458758
1055.6469	0.0950481385450131
1054.23	0.0974158204721622
1052.813	0.0982918397712853
1051.396	0.100573723265495
1049.979	0.10217649369095
1048.5621	0.103571516653311
1047.1451	0.106152799689163
1045.7281	0.107876061879607
1044.3111	0.109832396742225
1042.8942	0.11189138001415
1041.4772	0.113637028169519
1040.0602	0.115379648922601
1038.6432	0.118066746630339
1037.2263	0.119267211953766
1035.8093	0.121680434671596
1034.3923	0.122396075227122
1032.9753	0.125267913372558
1031.5583	0.127234359059688
1030.1414	0.129052879501478
1028.7244	0.130541615528274
1027.3074	0.133483334441015
1025.8904	0.13563405102716
1024.4735	0.137781906763304
1023.0565	0.139193052844489
1021.6395	0.140995471540468
1020.2225	0.143449058270839
1018.8056	0.144682622674737
1017.3886	0.146496630858784
1015.9716	0.147264588129938
1014.5546	0.147221303581224
1013.1377	0.147785833060993
1011.7207	0.148162066029124
1010.3037	0.14846772972191
1008.8867	0.149531467962947
1007.4698	0.149502621737831
1006.0528	0.14931502888476
1004.6358	0.149141909715183
1003.2188	0.150894180241775
1001.8019	0.150747005899016
1000.3849	0.152164136660196
998.9679	0.152559477160083
997.5509	0.153429385812201
996.134	0.154137828150164
994.717	0.15461355549388
993.3	0.155824289456049
991.883	0.15587471948337
990.4661	0.156678271180382
989.0491	0.156529779295062
987.6321	0.15511059055881
986.2151	0.154457253090567
984.7981	0.1533067190748
983.3812	0.150894127358944
981.9642	0.150270978958154
980.5472	0.148519067161593
979.1302	0.145388172734346
977.7133	0.143629479635985
976.2963	0.141504663895586
974.8793	0.137723025073436
973.4623	0.135995732628404
972.0454	0.132380926605114
970.6284	0.12991789948937
969.2114	0.127170385983681
967.7944	0.124117836513095
966.3775	0.121286676591024
964.9605	0.118188825910011
963.5435	0.116189483582301
962.1265	0.113143671681116
960.7096	0.110289272100877
959.2926	0.108440562047002
957.8756	0.106131757666325
956.4586	0.104700231422949
955.0417	0.101955553271928
953.6247	0.0990649766781427
952.2077	0.0973843293516962
950.7907	0.0950754937296162
949.3738	0.0945808124482704
947.9568	0.0928475322445311
946.5398	0.0918961353254701
945.1228	0.0912415689531572
943.7059	0.0910901912359535
942.2889	0.0901197322204737
940.8719	0.0905412573046688
939.4549	0.0907410925634465
938.0379	0.0918183445326013
936.621	0.0920880649084014
935.204	0.0922999112510998
933.787	0.091875549629946
932.37	0.0923438005983399
930.9531	0.0915526631157903
929.5361	0.0922624252361051
928.1191	0.0926965572264
926.7021	0.0923142277258516
925.2852	0.0918121386297084
923.8682	0.0911624984150341
922.4512	0.0920877664956029
921.0342	0.0903841139948533
919.6173	0.0903978749003413
918.2003	0.0898072323875165
916.7833	0.0903798637217318
915.3663	0.0892642817595149
913.9494	0.0889269317673109
912.5324	0.0881833841932155
911.1154	0.0866599294824193
909.6984	0.0862517636029216
908.2815	0.0853580560519916
906.8645	0.0841736866247253
905.4475	0.0828225917708818
904.0305	0.0828619955122375
902.6136	0.0811116678806953
901.1966	0.0801907256930902
899.7796	0.0796037278226487
898.3626	0.0800034881506707
896.9457	0.0795005523350684
895.5287	0.0787548258207687
894.1117	0.0770905537395762
892.6947	0.0782528899681361
891.2777	0.0773188216699599
889.8608	0.0768054947291352
888.4438	0.0753969573737977
887.0268	0.0750137348255146
885.6098	0.073803992110265
884.1929	0.0735306701202075
882.7759	0.0725860725883597
881.3589	0.0717470459209808
879.9419	0.0710336478538623
878.525	0.0706596699482157
877.108	0.0706925297865401
875.691	0.0705871691972812
874.274	0.0704709332008559
872.8571	0.0702074168696507
871.4401	0.0710697087242182
870.0231	0.0705463962324775
868.6061	0.0713471848941861
867.1892	0.0717804336089528
865.7722	0.0714071173879797
864.3552	0.0727490013174918
862.9382	0.0738317838163888
861.5213	0.073651072203906
860.1043	0.0739220825821486
858.6873	0.0740251395023493
857.2703	0.0741325438910487
855.8534	0.0742090207789207
854.4364	0.074474799553996
853.0194	0.0744455033151018
851.6024	0.0743345212582574
850.1855	0.0754703469793423
848.7685	0.0752502778103444
847.3515	0.0750467170402422
845.9345	0.074157186749581
844.5175	0.0748009614144488
843.1006	0.0747101223458016
841.6836	0.0736604486736603
840.2666	0.0738687732821904
838.8496	0.0734677398223453
837.4327	0.0734713469112581
836.0157	0.0723778004333214
834.5987	0.072377625157485
833.1817	0.0713472074383554
831.7648	0.0709695376919544
830.3478	0.0710813337200223
828.9308	0.0697020752006571
827.5138	0.0697933486087293
826.0969	0.0693997044722228
824.6799	0.0695707804197136
823.2629	0.0688495803742487
821.8459	0.0690830600583576
820.429	0.0688569266062886
819.012	0.0684665449918422
817.595	0.0679973653470623
816.178	0.0687465860250462
814.7611	0.0668248213455154
813.3441	0.0677960686712998
811.9271	0.0680234533151413
810.5101	0.0671983361513808
809.0932	0.067289573359188
807.6762	0.0667734410150433
806.2592	0.0668818553251761
804.8422	0.0668902195927939
803.4253	0.0666622478117379
802.0083	0.0659456083495493
800.5913	0.0661837785764022
799.1743	0.0667035858860442
797.7573	0.0658453527856838
796.3404	0.0663849640439677
794.9234	0.0662535824870456
793.5064	0.0664491487865038
792.0894	0.0674453340258186
790.6725	0.0673831245518909
789.2555	0.0666685484515575
787.8385	0.0675427429689462
786.4215	0.0681310893961677
785.0046	0.0680074632177973
783.5876	0.0686655385172842
782.1706	0.0688759977634842
780.7536	0.0694323431399612
779.3367	0.0687442196495979
777.9197	0.0708445054752232
776.5027	0.0708150902803313
775.0857	0.0713262590876974
773.6688	0.0731568420625532
772.2518	0.0733991695241625
770.8348	0.0740533217420539
769.4178	0.0758850401109421
768.0009	0.0760797487283219
766.5839	0.0775317267961924
765.1669	0.0778432542115184
763.7499	0.078179956793896
762.333	0.0785475504579073
760.916	0.0781644321732062
759.499	0.0786129319473179
758.082	0.0786269202287445
756.6651	0.0785075578428953
755.2481	0.0785010544053814
753.8311	0.0781367535537112
752.4141	0.0776807445165459
750.9971	0.0765408204538125
749.5802	0.0762017946997605
748.1632	0.0752814991479704
746.7462	0.0742056981200027
745.3292	0.0744759337721778
743.9123	0.0750334588801365
742.4953	0.0731280433423165
741.0783	0.0735560246665214
739.6613	0.0727717397994223
738.2444	0.0732651125958832
736.8274	0.0719855474110011
735.4104	0.0719699068330368
733.9934	0.0724014248336728
732.5765	0.0717419940202338
731.1595	0.0717206306519334
729.7425	0.0721027463448506
728.3255	0.0733621396061218
726.9086	0.073407271603283
725.4916	0.0733913914288583
724.0746	0.0742156112196488
722.6576	0.074363973422954
721.2407	0.0753921275275946
719.8237	0.075852572404318
718.4067	0.0766075168679461
716.9897	0.0775210307114701
715.5728	0.0789753902618927
714.1558	0.0796998651739136
712.7388	0.0796329481594247
711.3218	0.0804773853780075
709.9049	0.0812430346262601
708.4879	0.0824486907714201
707.0709	0.0829949519765724
705.6539	0.0831487765441683
704.2369	0.0835520822373781
702.82	0.0832788148941078
701.403	0.0843316051023061
699.986	0.0830361966513209
698.569	0.0826381567727907
697.1521	0.0822142445923386
695.7351	0.0815770326838458
694.3181	0.0823718114140068
692.9011	0.0818462059961689
691.4842	0.0819782967837245
690.0672	0.082110239825925
688.6502	0.0819651196065543
687.2332	0.0817859689622114
685.8163	0.0819033485301262
684.3993	0.0822170127008199
682.9823	0.0822776589194155
681.5653	0.0824902967206995
680.1484	0.0821535036238922
678.7314	0.0823857776977124
677.3144	0.0824238911228447
675.8974	0.0828900754651651
674.4805	0.0829551708988703
673.0635	0.0825897646068668
671.6465	0.0833188359630789
670.2295	0.0833030568829123
668.8126	0.0840067686920179
667.3956	0.0843687056668558
665.9786	0.0845434682836353
664.5616	0.0849789531753032
663.1447	0.0842862319660616
661.7277	0.0852694878652427
660.3107	0.086234679312872
658.8937	0.085553226585694
657.4767	0.0864238706474686
656.0598	0.0868974372198379
654.6428	0.0872966873303058
653.2258	0.0870207649055285
651.8088	0.0869088261316868
650.3919	0.0877354433677704
648.9749	0.087210967257845
647.5579	0.0877645173628174
646.1409	0.0879033735677493
644.724	0.0885722094988144
643.307	0.0877704887649691
641.89	0.0880765669404623
640.473	0.0896839671161747
639.0561	0.0882217468396582
637.6391	0.0886910061962539
636.2221	0.0901436001650712
634.8051	0.0895968373117138
633.3882	0.0891569178361735
631.9712	0.0896410695165157
630.5542	0.0894649083727815
629.1372	0.0905587125649142
627.7203	0.0916335453316704
626.3033	0.0921179537065101
624.8863	0.0922683792864538
623.4693	0.0932447614899755
622.0524	0.0943764558718443
620.6354	0.0951462709701419
619.2184	0.0963532630864034
617.8014	0.0963662644398602
616.3845	0.097362126263413
614.9675	0.0994140540198388
613.5505	0.100208601379177
612.1335	0.100902931590863
610.7165	0.101426527289758
609.2996	0.102252569878526
607.8826	0.103153908567786
606.4656	0.103335490500733
605.0486	0.10396656465076
603.6317	0.104033203500648
602.2147	0.103821374077036
600.7977	0.103742286420717
599.3807	0.1042816499872
597.9638	0.103823526174976
596.5468	0.104006845814291
595.1298	0.105049734656064
593.7128	0.104125313838984
592.2959	0.105430902946286
590.8789	0.105689152066385
589.4619	0.105674095918537
588.0449	0.106321389721352
586.628	0.107648187007352
585.211	0.108524973078909
583.794	0.109650769530001
582.377	0.110196748382669
580.9601	0.112162586474454
579.5431	0.114205188045132
578.1261	0.115366886528321
576.7091	0.118367295470875
575.2922	0.118874220095432
573.8752	0.1190419700394
572.4582	0.119437634610114
571.0412	0.120662489891011
569.6243	0.119205626238161
568.2073	0.118741740760983
566.7903	0.119099698688963
565.3733	0.118348477691421
563.9563	0.118460720018449
562.5394	0.118075021985112
561.1224	0.117246937467384
559.7054	0.117230253786462
558.2884	0.11619732871726
556.8715	0.116715524605383
555.4545	0.116036973475333
554.0375	0.115839878092058
552.6205	0.114729786186969
551.2036	0.115102608627517
549.7866	0.114657416574013
548.3696	0.113777656965323
546.9526	0.113806181967324
545.5357	0.113205513196951
544.1187	0.114223896323325
542.7017	0.114437822632014
541.2847	0.114668299190798
539.8678	0.11554246515928
538.4508	0.115749919552856
537.0338	0.11581817029792
535.6168	0.11653059345961
534.1999	0.117547230642597
532.7829	0.118631026495079
531.3659	0.119740825126179
529.9489	0.121524733103646
528.532	0.122033599370962
527.115	0.123555022586348
525.698	0.124157364942871
524.281	0.123800990848381
522.8641	0.124586089148936
521.4471	0.124923575956865
520.0301	0.125436211595182
518.6131	0.12559092499037
517.1962	0.125753771780848
515.7792	0.125477177617611
514.3622	0.125326734556704
512.9452	0.125115223414967
511.5282	0.125618049663174
510.1113	0.124091759605696
508.6943	0.124905767625036
507.2773	0.125138484577263
505.8603	0.124498756942025
504.4434	0.12389674190085
503.0264	0.123505294029035
501.6094	0.123559680672339
500.1924	0.122983522983243
498.7755	0.122863712438965
497.3585	0.122656866035196
495.9415	0.123032441238442
494.5245	0.122280811029022
493.1076	0.121607720410686
491.6906	0.122469102924011
490.2736	0.122484132024164
488.8566	0.121968453252728
487.4397	0.12211091247828
486.0227	0.123064042714314
484.6057	0.122330011792313
483.1887	0.123048884494201
481.7718	0.122872558432103
480.3548	0.123718574809011
478.9378	0.124090575569612
477.5208	0.124174840192729
476.1039	0.124566745013344
474.6869	0.123769325613641
473.2699	0.123387951128176
471.8529	0.123407125740691
470.436	0.122877546697411
469.019	0.122428093962316
467.602	0.122315884262801
466.185	0.122865920745145
464.768	0.121638001166577
463.3511	0.121743466083564
461.9341	0.121060810549405
460.5171	0.122274110582484
459.1001	0.121119021614119
457.6832	0.121176224174971
456.2662	0.120758454957572
454.8492	0.120431137948699
453.4322	0.120587955449003
452.0153	0.121276492119563
450.5983	0.121049639956658
449.1813	0.121696019399749
447.7643	0.12233604137091
446.3474	0.123476695779444
444.9304	0.124626211001323
443.5134	0.125260870128723
442.0964	0.126585700677444
440.6795	0.12648140205115
439.2625	0.12765374146393
437.8455	0.127993377389134
436.4285	0.129015437431577
435.0116	0.130144856517934
433.5946	0.131045218773757
432.1776	0.129796584943095
430.7606	0.128795334180683
429.3437	0.12801397533215
427.9267	0.128011247835543
426.5097	0.128544423801914
425.0927	0.12883937169781
423.6758	0.129331132121333
422.2588	0.129569985619409
420.8418	0.129888792719163
419.4248	0.128641749620395
418.0078	0.129028480143204
416.5909	0.129921242180806
415.1739	0.130996847429161
413.7569	0.131336322866888
412.3399	0.131504126561453
410.923	0.131489830893748
409.506	0.131545406563046
408.089	0.131233656396566
406.672	0.132035533627762
405.2551	0.13183746767964
403.8381	0.132502991522472
402.4211	0.133097691628834
401.0041	0.132935313136199
