3994.4546	0.0167454439458622
3993.0377	0.0164477811878332
3991.6207	0.0173983667877269
3990.2037	0.0161637482007542
3988.7867	0.0161386169270253
3987.3698	0.0160830292210701
3985.9528	0.0171111668671073
3984.5358	0.016629725863646
3983.1188	0.0169526936992929
3981.7019	0.0166325068523751
3980.2849	0.0164366028263372
3978.8679	0.0163409503589528
3977.4509	0.0171443705339183
3976.034	0.0160757228607029
3974.617	0.0167525197007021
3973.2	0.0171050958468383
3971.783	0.0167328203248994
3970.3661	0.0166591886666013
3968.9491	0.0166436289639513
3967.5321	0.0167471263378799
3966.1151	0.0163678496437099
3964.6982	0.0160881147132637
3963.2812	0.0170294061050501
3961.8642	0.016844467364304
3960.4472	0.0167960557700514
3959.0303	0.0168899365804855
3957.6133	0.0172756373694408
3956.1963	0.016536238422367
3954.7793	0.0164766892455708
3953.3624	0.0163552478825088
3951.9454	0.0163100435592359
3950.5284	0.0159884282791739
3949.1114	0.0161172005036739
3947.6944	0.016718900222027
3946.2775	0.0165618172835951
3944.8605	0.0173294372017071
3943.4435	0.016569137469463
3942.0265	0.0161651795224114
3940.6096	0.0162024967448306
3939.1926	0.0164927635644812
3937.7756	0.0165535819716065
3936.3586	0.0163225058128181
3934.9417	0.0168215658282211
3933.5247	0.016255767745432
3932.1077	0.0158417485955083
3930.6907	0.0155664839404959
3929.2738	0.0163258650571857
3927.8568	0.0164712339123534
3926.4398	0.0159217701209796
3925.0228	0.0161344336179024
3923.6059	0.0165038161095664
3922.1889	0.0161859975958829
3920.7719	0.0153832516045197
3919.3549	0.016106715083642
3917.938	0.0168176156520881
3916.521	0.0166908828230254
3915.104	0.016617463162977
3913.687	0.0164036156771816
3912.2701	0.0165283004561657
3910.8531	0.0169935294754884
3909.4361	0.0165821451383499
3908.0191	0.0167412659243079
3906.6022	0.01678920485592
3905.1852	0.0165707414897791
3903.7682	0.0165488078167503
3902.3512	0.0165018256192495
3900.9342	0.0161696348592425
3899.5173	0.0164695144646605
3898.1003	0.0163337948670601
3896.6833	0.0159004111137388
3895.2663	0.0160130159731498
3893.8494	0.0169119817258202
3892.4324	0.0165844609518288
3891.0154	0.0159376355877984
3889.5984	0.0162939810677138
3888.1815	0.0160539834029563
3886.7645	0.0168630358121537
3885.3475	0.0159495603836263
3883.9305	0.0161942819375908
3882.5136	0.0166624620655979
3881.0966	0.0155390734892109
3879.6796	0.0171082367377766
3878.2626	0.0163520090991282
3876.8457	0.0155614665397896
3875.4287	0.0163944413908518
3874.0117	0.0158172405056968
3872.5947	0.0155972467017249
3871.1778	0.0165534210812226
3869.7608	0.0161622090956839
3868.3438	0.0162792532362709
3866.9268	0.0162309384476137
3865.5099	0.0164449633502161
3864.0929	0.0162731760290275
3862.6759	0.0158836800240468
3861.2589	0.0161667389450362
3859.842	0.0159491640596955
3858.425	0.015963035230417
3857.008	0.0158425447375402
3855.591	0.0162419124255633
3854.174	0.0160158075609154
3852.7571	0.0158868306922445
3851.3401	0.0157253180992407
3849.9231	0.0156628916911101
3848.5061	0.016626606418269
3847.0892	0.0157739620119011
3845.6722	0.0161697145842748
3844.2552	0.0158857536080516
3842.8382	0.0154731767099244
3841.4213	0.0153706645248704
3840.0043	0.016218827819409
3838.5873	0.0155808014104338
3837.1703	0.0159872636447635
3835.7534	0.0166337772899811
3834.3364	0.0154786137512835
3832.9194	0.0155362832078943
3831.5024	0.0158744433606724
3830.0855	0.0160474042784932
3828.6685	0.0158683385364985
3827.2515	0.0156619412450545
3825.8345	0.015874967186371
3824.4176	0.0158155634326946
3823.0006	0.0158149772032158
3821.5836	0.0157893416327032
3820.1666	0.0157492018223613
3818.7497	0.0151250985587741
3817.3327	0.0155582424054549
3815.9157	0.0149407208750303
3814.4987	0.0165795380288745
3813.0818	0.0157574243010668
3811.6648	0.0159672014190447
3810.2478	0.0158644586479885
3808.8308	0.0164660655774253
3807.4138	0.0155810710367999
3805.9969	0.0151361478529328
3804.5799	0.0152672592757088
3803.1629	0.0154678064486293
3801.7459	0.0162822897119248
3800.329	0.0153606806945908
3798.912	0.0160069718420365
3797.495	0.0155980478886485
3796.078	0.0155773550783748
3794.6611	0.0161360757009907
3793.2441	0.0156648647279351
3791.8271	0.0161507966572126
3790.4101	0.0154156735894594
3788.9932	0.0157371018476369
3787.5762	0.0154501494145026
3786.1592	0.0151554456130794
3784.7422	0.0152388046851898
3783.3253	0.0154446244384538
3781.9083	0.0155880035307116
3780.4913	0.0158409862705243
3779.0743	0.0154056543511398
3777.6574	0.0156665854106342
3776.2404	0.0156907865449843
3774.8234	0.0159524659283071
3773.4064	0.0153992481502445
3771.9895	0.0153194451861053
3770.5725	0.0153547470366854
3769.1555	0.0155904407808697
3767.7385	0.0146880769272901
3766.3216	0.0152411915085941
3764.9046	0.0144404251185123
3763.4876	0.0152160932023365
3762.0706	0.0150748790260331
3760.6536	0.0152640418756161
3759.2367	0.0154114519414187
3757.8197	0.0152860663196254
3756.4027	0.0150309896664208
3754.9857	0.0153661901212522
3753.5688	0.0153187503698445
3752.1518	0.014736509594642
3750.7348	0.0151733445623332
3749.3178	0.0153758962438215
3747.9009	0.0156783071235755
3746.4839	0.0156170661258838
3745.0669	0.0155526847389268
3743.6499	0.0144032731782067
3742.233	0.014751875352102
3740.816	0.0151075343406794
3739.399	0.0146421463630542
3737.982	0.015096608689444
3736.5651	0.0153339349915353
3735.1481	0.0150170163960265
3733.7311	0.014748625382863
3732.3141	0.0151266579336606
3730.8972	0.0152666706135131
3729.4802	0.0151359032791405
3728.0632	0.015341533582362
3726.6462	0.0146946880160356
3725.2293	0.0148098832187173
3723.8123	0.0147344389971513
3722.3953	0.0146420431512416
3720.9783	0.0145931279382339
3719.5614	0.0147837495910096
3718.1444	0.0154656199628966
3716.7274	0.0150984373190559
3715.3104	0.0143080838906788
3713.8935	0.0147981116025979
3712.4765	0.0136428856963391
3711.0595	0.014582404066582
3709.6425	0.0155555681527787
3708.2255	0.0147020407972889
3706.8086	0.0146488453722452
3705.3916	0.0146012906563893
3703.9746	0.0144372376588016
3702.5576	0.0154155312418587
3701.1407	0.0151480520571011
3699.7237	0.0143307880577647
3698.3067	0.0143181022682551
3696.8897	0.0143685217819622
3695.4728	0.0146821795797578
3694.0558	0.014648259856485
3692.6388	0.0146585678510323
3691.2218	0.0136693573856011
3689.8049	0.013983430297301
3688.3879	0.0144011162724964
3686.9709	0.0148204359436465
3685.5539	0.0146876896670511
3684.137	0.0145446555125494
3682.72	0.0140838357404553
3681.303	0.0144838949480282
3679.886	0.0149017231516321
3678.4691	0.0142505151418121
3677.0521	0.0141020653397815
3675.6351	0.0141524081744785
3674.2181	0.014730800545554
3672.8012	0.0149603332438444
3671.3842	0.0145060531195995
3669.9672	0.0146081072058617
3668.5502	0.0148214809474573
3667.1333	0.0148821569519287
3665.7163	0.0140639715153727
3664.2993	0.0143140622734678
3662.8823	0.0145313210691328
3661.4653	0.0145297721057064
3660.0484	0.0149306748240045
3658.6314	0.0148879821700142
3657.2144	0.0146513238152193
3655.7974	0.0141488848391421
3654.3805	0.0145690611216351
3652.9635	0.0150516405679338
3651.5465	0.0148548771251287
3650.1295	0.0145317144522721
3648.7126	0.01535796231314
3647.2956	0.01497042353036
3645.8786	0.0151566446941147
3644.4616	0.0147503023094154
3643.0447	0.0152351416902806
3641.6277	0.0147914360309732
3640.2107	0.0152788273397161
3638.7937	0.0151644277573364
3637.3768	0.0150623088115047
3635.9598	0.0149567865955457
3634.5428	0.015622412504817
3633.1258	0.0158239811744603
3631.7089	0.0153690764125874
3630.2919	0.0155722465864902
3628.8749	0.0157674715860867
3627.4579	0.0156430436573822
3626.041	0.0160237511247112
3624.624	0.0155189536081605
3623.207	0.0158352013908037
3621.79	0.0161074874257622
3620.3731	0.0162839788717668
3618.9561	0.0165861042008811
3617.5391	0.0162078730877551
3616.1221	0.0167731517342938
3614.7051	0.017016005149316
3613.2882	0.0172994311350971
3611.8712	0.0164482276663976
3610.4542	0.0168069055205146
3609.0372	0.0165903574699111
3607.6203	0.0165706337342725
3606.2033	0.0169771773827737
3604.7863	0.0181278931980253
3603.3693	0.0167826354018989
3601.9524	0.0174329825942288
3600.5354	0.0170484539602695
3599.1184	0.0174126444552509
3597.7014	0.0170563066979039
3596.2845	0.0180935345766155
3594.8675	0.0177495046828889
3593.4505	0.0183114225697561
3592.0335	0.0183535904243251
3590.6166	0.0189617532724661
3589.1996	0.0181888944969366
3587.7826	0.0188405470812826
3586.3656	0.019475827049213
3584.9487	0.0194116836386389
3583.5317	0.0191612351153388
3582.1147	0.0198324599679874
3580.6977	0.0196691609989519
3579.2808	0.0200772021299199
3577.8638	0.0200725716797424
3576.4468	0.0199616792497352
3575.0298	0.0201723882026973
3573.6129	0.0205565385245059
3572.1959	0.0204150444704531
3570.7789	0.0211282431865804
3569.3619	0.0204738440994747
3567.9449	0.02112637171511
3566.528	0.02128264227353
3565.111	0.021319173835973
3563.694	0.0220551148739148
3562.277	0.0221855646346724
3560.8601	0.021983031907494
3559.4431	0.0226795826040517
3558.0261	0.0230036170321046
3556.6091	0.0228287290250265
3555.1922	0.0229049648877047
3553.7752	0.0233216960406245
3552.3582	0.0230499589013582
3550.9412	0.0238794289624512
3549.5243	0.0235962340080936
3548.1073	0.0240122300279873
3546.6903	0.0245117645897336
3545.2733	0.0244963803682006
3543.8564	0.0249936210898533
3542.4394	0.0246732651328979
3541.0224	0.0255569932148963
3539.6054	0.0257756294548186
3538.1885	0.0264787441334726
3536.7715	0.0265400450860292
3535.3545	0.0262261245218036
3533.9375	0.0262612468049255
3532.5206	0.0270451929864403
3531.1036	0.0269166676372324
3529.6866	0.0269770097978351
3528.2696	0.0274030637128759
3526.8527	0.0271777275545568
3525.4357	0.028394676745619
3524.0187	0.0289256899852309
3522.6017	0.0286153998471763
3521.1847	0.0282611728016944
3519.7678	0.0280933343348793
3518.3508	0.0293526666774631
3516.9338	0.0300499311813653
3515.5168	0.0302604800634188
3514.0999	0.0294518542771967
3512.6829	0.0307153759821874
3511.2659	0.0298875401674834
3509.8489	0.030999245469575
3508.432	0.0306085192038044
3507.015	0.0311072528494274
3505.598	0.0309818563679955
3504.181	0.0315264490875629
3502.7641	0.0320321333364002
3501.3471	0.0316679991916533
3499.9301	0.0317843396302301
3498.5131	0.0326768805576562
3497.0962	0.0334133408854835
3495.6792	0.0329889432023165
3494.2622	0.0330492297266273
3492.8452	0.0333588092167812
3491.4283	0.0334747746666308
3490.0113	0.0341973635793922
3488.5943	0.0343099074662331
3487.1773	0.0341052399662386
3485.7604	0.0340632901840975
3484.3434	0.0343415380611204
3482.9264	0.0343601743719833
3481.5094	0.0353979006457239
3480.0925	0.0355062631057042
3478.6755	0.0360568722703341
3477.2585	0.0362497517195374
3475.8415	0.036589945158561
3474.4245	0.0364206610483637
3473.0076	0.0368802531354377
3471.5906	0.0377074838619824
3470.1736	0.0373356845189195
3468.7566	0.0375857959918051
3467.3397	0.0379317502725219
3465.9227	0.0378868550823798
3464.5057	0.0383418318580903
3463.0887	0.03863926144129
3461.6718	0.0382659506698556
3460.2548	0.0389558164582696
3458.8378	0.0390436295085304
3457.4208	0.0387493608176845
3456.0039	0.0393787220647189
3454.5869	0.0399776071665502
3453.1699	0.0396872556662135
3451.7529	0.0401763241769674
3450.336	0.0401274025180224
3448.919	0.0412811724810389
3447.502	0.0410193575334947
3446.085	0.0407803936046119
3444.6681	0.0411730855504925
3443.2511	0.0415117576753932
3441.8341	0.0421820425069863
3440.4171	0.0418351800458687
3439.0002	0.0426578050349583
3437.5832	0.0420589422084309
3436.1662	0.042362480854222
3434.7492	0.0422687620584843
3433.3323	0.0428075682362433
3431.9153	0.0433889734207553
3430.4983	0.0438115788287669
3429.0813	0.0430919551680363
3427.6643	0.0432252249651251
3426.2474	0.0435016248767392
3424.8304	0.0436016129001057
3423.4134	0.0446517840664414
3421.9964	0.0448102041037531
3420.5795	0.0447522460764895
3419.1625	0.0455878008301363
3417.7455	0.0449456379303369
3416.3285	0.0458919533097268
3414.9116	0.0448020636676576
3413.4946	0.0455153141489448
3412.0776	0.0457668277960184
3410.6606	0.0459620296578662
3409.2437	0.0460372249332234
3407.8267	0.0462469528551962
3406.4097	0.0464587398526209
3404.9927	0.0463294095130319
3403.5758	0.0465947536059511
3402.1588	0.0466258081515595
3400.7418	0.0477352850271409
3399.3248	0.0474966637497817
3397.9079	0.0477525077555279
3396.4909	0.047249767933594
3395.0739	0.0475427240869524
3393.6569	0.0474854580409339
3392.24	0.048722327243933
3390.823	0.048491718363519
3389.406	0.0484527309395073
3387.989	0.0484812020439193
3386.5721	0.0483162261278738
3385.1551	0.0495515857680984
3383.7381	0.0496827053286047
3382.3211	0.0497180275363013
3380.9041	0.0499231574626883
3379.4872	0.0495846600400168
3378.0702	0.0502845170438676
3376.6532	0.0493277195584076
3375.2362	0.0501863273571798
3373.8193	0.0499243616743456
3372.4023	0.0503742770850403
3370.9853	0.0505225863589976
3369.5683	0.0507616377034837
3368.1514	0.0506620524144812
3366.7344	0.0508775145894516
3365.3174	0.0512633128869847
3363.9004	0.0509278083465495
3362.4835	0.0506038278073773
3361.0665	0.0520966077089898
3359.6495	0.0516895037877941
3358.2325	0.0517706676661612
3356.8156	0.0515620037639137
3355.3986	0.0517831619677104
3353.9816	0.0521755090821948
3352.5646	0.0522417188753554
3351.1477	0.0524880502332652
3349.7307	0.0520108490462576
3348.3137	0.0523573702522345
3346.8967	0.0516965275019352
3345.4798	0.0527090803409125
3344.0628	0.0528371621810127
3342.6458	0.0522288248245574
3341.2288	0.0526887033620269
3339.8119	0.0540021042174959
3338.3949	0.0531900114360077
3336.9779	0.05342914919749
3335.5609	0.0535744382843719
3334.1439	0.0533837741052999
3332.727	0.0533233189933354
3331.31	0.0536632914000556
3329.893	0.0530987191622271
3328.476	0.0537298514080348
3327.0591	0.0537847764417249
3325.6421	0.0544795311261017
3324.2251	0.0540265107979126
3322.8081	0.0542830518409569
3321.3912	0.0537990238608996
3319.9742	0.0542778921629007
3318.5572	0.0545671443087299
3317.1402	0.0545768216317224
3315.7233	0.0545204388576977
3314.3063	0.0542153615588555
3312.8893	0.0546948955047074
3311.4723	0.0545415577753422
3310.0554	0.0543806837906776
3308.6384	0.0547551484020801
3307.2214	0.054216416955129
3305.8044	0.0540318410821723
3304.3875	0.0552258394132991
3302.9705	0.0550359974486312
3301.5535	0.0548995952981565
3300.1365	0.0541189976232982
3298.7196	0.0546623233627432
3297.3026	0.0545650976899042
3295.8856	0.0556181504668366
3294.4686	0.0548145706796877
3293.0517	0.0550759547822987
3291.6347	0.0552198032007485
3290.2177	0.0546936231039292
3288.8007	0.0555770551844665
3287.3837	0.0552511574019178
3285.9668	0.055225284615185
3284.5498	0.0557637909504171
3283.1328	0.0545755511017162
3281.7158	0.0550520829863816
3280.2989	0.0553990817367297
3278.8819	0.0547686930664344
3277.4649	0.0549973527940459
3276.0479	0.0547777000323521
3274.631	0.055128645752827
3273.214	0.0543579748765022
3271.797	0.0550865535373702
3270.38	0.0548324164131592
3268.9631	0.0551026110554631
3267.5461	0.0551597475545958
3266.1291	0.0546704865642583
3264.7121	0.0549116940121488
3263.2952	0.0547702513297628
3261.8782	0.0550480767409094
3260.4612	0.0545052486580261
3259.0442	0.0551106143326155
3257.6273	0.0547678790107952
3256.2103	0.0551260580651621
3254.7933	0.0555764346807017
3253.3763	0.0550333449186048
3251.9594	0.0547102165644958
3250.5424	0.0554044929973226
3249.1254	0.0554670009320563
3247.7084	0.0552768232539462
3246.2915	0.0546351028385577
3244.8745	0.0545316905054906
3243.4575	0.0550814759631038
3242.0405	0.0541532866387871
3240.6235	0.0552445119091828
3239.2066	0.055049953409137
3237.7896	0.0544085742381843
3236.3726	0.0539710624011058
3234.9556	0.0537931558837505
3233.5387	0.0543379901512151
3232.1217	0.0542023650789851
3230.7047	0.0539656245797631
3229.2877	0.0540867633655345
3227.8708	0.053216892897194
3226.4538	0.0529541472425565
3225.0368	0.0537416570645598
3223.6198	0.0540146675974077
3222.2029	0.0540123174663571
3220.7859	0.053814632748623
3219.3689	0.0541028740319172
3217.9519	0.0542003848935699
3216.535	0.0541249370171325
3215.118	0.053250464429803
3213.701	0.0534061414637242
3212.284	0.0530671609330454
3210.8671	0.053196581831464
3209.4501	0.0526581667261712
3208.0331	0.0536744311543342
3206.6161	0.052754456189673
3205.1992	0.0533816338852665
3203.7822	0.0528117089957587
3202.3652	0.0522989443208285
3200.9482	0.0520495854120844
3199.5313	0.0528044031933042
3198.1143	0.052432503441156
3196.6973	0.052618578996
3195.2803	0.0519638228358261
3193.8633	0.051502180940265
3192.4464	0.0520781515310841
3191.0294	0.0514760256820009
3189.6124	0.0512963058989121
3188.1954	0.0518375884301497
3186.7785	0.0513314201536534
3185.3615	0.0522112396124953
3183.9445	0.0515672286701228
3182.5275	0.0511509064232892
3181.1106	0.0513749819885113
3179.6936	0.0508356843235262
3178.2766	0.0508264139978516
3176.8596	0.0501721388335808
3175.4427	0.0509994482531989
3174.0257	0.0503226760709095
3172.6087	0.0502483234869871
3171.1917	0.0501129459498235
3169.7748	0.0510595371153022
3168.3578	0.050341293457185
3166.9408	0.0494767491676301
3165.5238	0.0490032208515637
3164.1069	0.0490552707620261
3162.6899	0.0499578437940638
3161.2729	0.0493942485748297
3159.8559	0.0490849679009095
3158.439	0.0487188932649309
3157.022	0.0490867826777122
3155.605	0.0492834595359751
3154.188	0.0486957760022603
3152.7711	0.0487371185228082
3151.3541	0.0490758896007738
3149.9371	0.0484964861472794
3148.5201	0.0475385246494295
3147.1031	0.048162676212928
3145.6862	0.0477197957080246
3144.2692	0.0477252285511385
3142.8522	0.047604056879004
3141.4352	0.0476483805028616
3140.0183	0.0467617797008947
3138.6013	0.0467578795704696
3137.1843	0.0464310180565321
3135.7673	0.047159092382035
3134.3504	0.0464972806162804
3132.9334	0.0464137687891358
3131.5164	0.0467825161006211
3130.0994	0.0459972431580071
3128.6825	0.0455533879877586
3127.2655	0.0453226611767103
3125.8485	0.0460516993623291
3124.4315	0.0461698435273527
3123.0146	0.0455011414464038
3121.5976	0.0451750393750404
3120.1806	0.0452682717886281
3118.7636	0.0448197589288125
3117.3467	0.0442995046788846
3115.9297	0.0447244471504318
3114.5127	0.0440422035427629
3113.0957	0.0439561637624267
3111.6788	0.0431731021042893
3110.2618	0.04417963775426
3108.8448	0.0439881174904444
3107.4278	0.0439315605552555
3106.0109	0.0440630812903641
3104.5939	0.0439617170235347
3103.1769	0.0435174560190434
3101.7599	0.0442377819625241
3100.3429	0.0430850557541873
3098.926	0.043301155308674
3097.509	0.0424139929864468
3096.092	0.0429023141528959
3094.675	0.0418125764514048
3093.2581	0.0421986740020937
3091.8411	0.0424052780876992
3090.4241	0.0420932050921142
3089.0071	0.0420887309742194
3087.5902	0.0424447776134632
3086.1732	0.0419455929645868
3084.7562	0.0412131806994488
3083.3392	0.0412741386692924
3081.9223	0.0411887753549295
3080.5053	0.0408030528037011
3079.0883	0.0405663240459997
3077.6713	0.0410405209829589
3076.2544	0.0411366465209271
3074.8374	0.04118494307753
3073.4204	0.0410942189047246
3072.0034	0.0402409881146221
3070.5865	0.0408358435451801
3069.1695	0.0403405301121522
3067.7525	0.0403371018174363
3066.3355	0.0401659584563313
3064.9186	0.0389738051401262
3063.5016	0.0399099031302435
3062.0846	0.0398108060712166
3060.6676	0.0394928819184132
3059.2507	0.0397863073866993
3057.8337	0.0390121212564591
3056.4167	0.03922696565569
3054.9997	0.039225788160023
3053.5827	0.0382735581705194
3052.1658	0.0387529136086318
3050.7488	0.038266961052894
3049.3318	0.0375065635717652
3047.9148	0.038495203077136
3046.4979	0.0379096886194058
3045.0809	0.0378220709860585
3043.6639	0.0377116490095634
3042.2469	0.0377128512912466
3040.83	0.0376275395938296
3039.413	0.0368451696239792
3037.996	0.0370539112628751
3036.579	0.0373725474417708
3035.1621	0.0364003371167513
3033.7451	0.037104355250955
3032.3281	0.0368289073040088
3030.9111	0.0367608789831869
3029.4942	0.0359629068764684
3028.0772	0.0365071258540033
3026.6602	0.0367963038634127
3025.2432	0.0364336798645531
3023.8263	0.0365491511830015
3022.4093	0.0361659015490771
3020.9923	0.0358148926284688
3019.5753	0.0353033438293904
3018.1584	0.0357931775706435
3016.7414	0.0351472297001316
3015.3244	0.0353393019219715
3013.9074	0.0356220648700467
3012.4905	0.035958046493822
3011.0735	0.0353577083536371
3009.6565	0.0356149864470862
3008.2395	0.0346953849250954
3006.8225	0.0344198308883856
3005.4056	0.0343593393826534
3003.9886	0.0343641660923775
3002.5716	0.0347832415840502
3001.1546	0.034529951829103
2999.7377	0.0337527044927199
2998.3207	0.0347497930579024
2996.9037	0.0345929828577787
2995.4867	0.0349442589930035
2994.0698	0.034717390580392
2992.6528	0.0354191706820921
2991.2358	0.034383727153517
2989.8188	0.0343801440572568
2988.4019	0.0342792295814365
2986.9849	0.0348561361582211
2985.5679	0.0343061900275001
2984.1509	0.0347076453248861
2982.734	0.0343591996142432
2981.317	0.0347828972237451
2979.9	0.0355501243422737
2978.483	0.0352667147095942
2977.0661	0.0348924702966201
2975.6491	0.0357523300958265
2974.2321	0.035574495961246
2972.8151	0.0356613491860051
2971.3982	0.0352421272498635
2969.9812	0.0361735944585465
2968.5642	0.0360004000783057
2967.1472	0.0359997039784325
2965.7303	0.0369660925846132
2964.3133	0.0362799317769164
2962.8963	0.0370616411293785
2961.4793	0.0367822288326321
2960.0623	0.0369852647217978
2958.6454	0.0369397573245599
2957.2284	0.0367829632422041
2955.8114	0.0371922024924468
2954.3944	0.0373297019955728
2952.9775	0.0377323083340565
2951.5605	0.0381843652094675
2950.1435	0.0381971230165829
2948.7265	0.03873897545437
2947.3096	0.0394630529296282
2945.8926	0.0389147147516301
2944.4756	0.0395138741901756
2943.0586	0.0393776126090033
2941.6417	0.0403125419853104
2940.2247	0.040680002491499
2938.8077	0.0405487149331213
2937.3907	0.0413975903586166
2935.9738	0.04147221325444
2934.5568	0.0417749430112484
2933.1398	0.0424019287065058
2931.7228	0.0412498712874436
2930.3059	0.0417868226146568
2928.8889	0.0415098047706964
2927.4719	0.0423277421246553
2926.0549	0.042284561186063
2924.638	0.0424559588025058
2923.221	0.0419629354038427
2921.804	0.0427038410906622
2920.387	0.0423574638579256
2918.9701	0.0420646464794909
2917.5531	0.0426309348601118
2916.1361	0.0427192246344321
2914.7191	0.0423963962212192
2913.3021	0.0423969631861127
2911.8852	0.0426693172182514
2910.4682	0.0418284163330077
2909.0512	0.0413066343608388
2907.6342	0.0420110089173265
2906.2173	0.0426999150992284
2904.8003	0.0422894303925812
2903.3833	0.0419426462500975
2901.9663	0.0418547395796989
2900.5494	0.0415959211145786
2899.1324	0.0414528392627165
2897.7154	0.0414357317231178
2896.2984	0.0415464044620912
2894.8815	0.0411896830739847
2893.4645	0.0419093949178468
2892.0475	0.0424052691717037
2890.6305	0.0411943034517356
2889.2136	0.0409531204474054
2887.7966	0.0413227466310746
2886.3796	0.0406569542797565
2884.9626	0.0413260793854181
2883.5457	0.0418493147459022
2882.1287	0.0403977503663931
2880.7117	0.0407808457085051
2879.2947	0.0413976156214057
2877.8778	0.0405881773434368
2876.4608	0.0405757891448622
2875.0438	0.0399776288698463
2873.6268	0.0403964482495583
2872.2099	0.0389669644292669
2870.7929	0.0395365992765857
2869.3759	0.039798365590513
2867.9589	0.0396173061306811
2866.5419	0.0395290710587396
2865.125	0.0387340953767031
2863.708	0.0390861826860035
2862.291	0.0388842047286621
2860.874	0.0392716951134945
2859.4571	0.0383811307171786
2858.0401	0.0379746053087119
2856.6231	0.0384243376973031
2855.2061	0.0379541929963637
2853.7892	0.0379779558999985
2852.3722	0.0378709883544902
2850.9552	0.0378213539367179
2849.5382	0.0374888354361843
2848.1213	0.0369582076171634
2846.7043	0.037128594631709
2845.2873	0.0369197128828903
2843.8703	0.0367474847481952
2842.4534	0.0369408987756982
2841.0364	0.0374864811806727
2839.6194	0.0365805120642274
2838.2024	0.0365254622686395
2836.7855	0.0368847710762566
2835.3685	0.0357025675025758
2833.9515	0.0350246792815206
2832.5345	0.0356476985932975
2831.1176	0.0358856100694105
2829.7006	0.0358381717196795
2828.2836	0.0359333308926228
2826.8666	0.0355471350075775
2825.4497	0.0351235345210473
2824.0327	0.0352816797306722
2822.6157	0.0349021295036119
2821.1987	0.0349959571845143
2819.7817	0.0354840014680828
2818.3648	0.0344592226449589
2816.9478	0.0343822796489672
2815.5308	0.0341170206386019
2814.1138	0.0346422889569999
2812.6969	0.0344083065153768
2811.2799	0.0342690774671725
2809.8629	0.0336725157983091
2808.4459	0.0344103322093086
2807.029	0.0339215106900751
2805.612	0.0337813794992542
2804.195	0.0334030161834502
2802.778	0.0335566536932329
2801.3611	0.0338791913115348
2799.9441	0.0336613337172867
2798.5271	0.0337807866914197
2797.1101	0.0329612663827289
2795.6932	0.0331438931823072
2794.2762	0.032820435455847
2792.8592	0.0333152015552728
2791.4422	0.0333949171628341
2790.0253	0.0328177464559513
2788.6083	0.0325980223288926
2787.1913	0.0328640337536767
2785.7743	0.0321776049473456
2784.3574	0.0329367924766941
2782.9404	0.033184504768204
2781.5234	0.0326340661008346
2780.1064	0.0327987096236091
2778.6895	0.0326431542218864
2777.2725	0.032389080471257
2775.8555	0.032899199029852
2774.4385	0.0333269004682249
2773.0215	0.031828367935004
2771.6046	0.0317199475301066
2770.1876	0.0326189679114798
2768.7706	0.0317496230337597
2767.3536	0.032719949181641
2765.9367	0.0321079016592292
2764.5197	0.0324387705442685
2763.1027	0.0315572970643467
2761.6857	0.0324754067237386
2760.2688	0.0320957100376529
2758.8518	0.0318001539119739
2757.4348	0.0310822607565671
2756.0178	0.0322887198455339
2754.6009	0.032196469245008
2753.1839	0.0317364746785794
2751.7669	0.0319242838621942
2750.3499	0.032551344217692
2748.933	0.0312895307824216
2747.516	0.0318489510667401
2746.099	0.0313607609121049
2744.682	0.0316583315337357
2743.2651	0.0320643571581414
2741.8481	0.0316240597541506
2740.4311	0.0319285129105803
2739.0141	0.0318806779029152
2737.5972	0.0321103015606579
2736.1802	0.0315792670278619
2734.7632	0.0318960635034727
2733.3462	0.0320031548317478
2731.9293	0.0317108800866585
2730.5123	0.0314582478846184
2729.0953	0.0318126051686185
2727.6783	0.0320395463531974
2726.2613	0.0315800742992702
2724.8444	0.0316478881650869
2723.4274	0.0317791444460325
2722.0104	0.0308756555029446
2720.5934	0.0317511660015877
2719.1765	0.0312670925866326
2717.7595	0.0313774783975706
2716.3425	0.0310867545465599
2714.9255	0.0308508948441565
2713.5086	0.0308169310762051
2712.0916	0.0308112281461183
2710.6746	0.0310661912170631
2709.2576	0.03136663856502
2707.8407	0.0308766473806936
2706.4237	0.0308956423164949
2705.0067	0.0307451203123019
2703.5897	0.0309895047179171
2702.1728	0.0310059460808334
2700.7558	0.0308056572971195
2699.3388	0.0304585729430741
2697.9218	0.0310203910894321
2696.5049	0.0308809825225897
2695.0879	0.0307651584017363
2693.6709	0.0306237653596396
2692.2539	0.0299727041980571
2690.837	0.0304055027211639
2689.42	0.0304847440205598
2688.003	0.030731547637501
2686.586	0.0311491120043112
2685.1691	0.0301054909809516
2683.7521	0.0305082739617007
2682.3351	0.0298165637966427
2680.9181	0.0304106233403046
2679.5011	0.0303503459782588
2678.0842	0.0305554125976751
2676.6672	0.0302842463767226
2675.2502	0.0300305055451229
2673.8332	0.0301824609673412
2672.4163	0.0300946028300476
2670.9993	0.0295961510456247
2669.5823	0.0307490535598083
2668.1653	0.0296541853979893
2666.7484	0.0296868536284412
2665.3314	0.0304109626566045
2663.9144	0.0303080365888486
2662.4974	0.0295891012239937
2661.0805	0.0299895720743807
2659.6635	0.0295597897061243
2658.2465	0.0303798549914095
2656.8295	0.0294662570585599
2655.4126	0.0304017842249048
2653.9956	0.0303018292878639
2652.5786	0.02955686545281
2651.1616	0.0304811608277181
2649.7447	0.0301102036736569
2648.3277	0.0290652193711092
2646.9107	0.0297827152566999
2645.4937	0.0300919768884012
2644.0768	0.0298414628130631
2642.6598	0.0299056369592371
2641.2428	0.0287281490176838
2639.8258	0.0296630033204782
2638.4089	0.0297023208057308
2636.9919	0.0287903811696083
2635.5749	0.0299199756288438
2634.1579	0.029087920847365
2632.741	0.0290228008574959
2631.324	0.0288289815297816
2629.907	0.0291762459100121
2628.49	0.0296845697544906
2627.073	0.0291804731273249
2625.6561	0.0291302307441274
2624.2391	0.0287031059586914
2622.8221	0.0287333310804027
2621.4051	0.0286843766418607
2619.9882	0.0288695302297089
2618.5712	0.0284647096569746
2617.1542	0.029117036298366
2615.7372	0.0286891240416354
2614.3203	0.0291089688436795
2612.9033	0.0285265472657517
2611.4863	0.0284514045067916
2610.0693	0.0288175298893786
2608.6524	0.0282823243370674
2607.2354	0.0280537965365114
2605.8184	0.0282452267520479
2604.4014	0.0282520668596777
2602.9845	0.0276840739203454
2601.5675	0.0278379063761123
2600.1505	0.0280451192602294
2598.7335	0.0277757185784706
2597.3166	0.027122263284333
2595.8996	0.0280857815453398
2594.4826	0.0270110964474452
2593.0656	0.0280431701819236
2591.6487	0.0280684289335083
2590.2317	0.0282907381704528
2588.8147	0.0276417752754221
2587.3977	0.0285216698222012
2585.9808	0.027632412855447
2584.5638	0.0278498009308376
2583.1468	0.0274560844927322
2581.7298	0.0278080268768392
2580.3128	0.027861289221373
2578.8959	0.0278511101951595
2577.4789	0.0272348888596193
2576.0619	0.0279347210079205
2574.6449	0.0269263274660774
2573.228	0.0268646198441549
2571.811	0.0269187048604424
2570.394	0.0275591484734907
2568.977	0.0271420700916001
2567.5601	0.0265461481558903
2566.1431	0.0262880031262472
2564.7261	0.0269719614583385
2563.3091	0.0277622203608869
2561.8922	0.0267129756125774
2560.4752	0.0273828848320372
2559.0582	0.0269317697262378
2557.6412	0.0262067912086804
2556.2243	0.0268670401585172
2554.8073	0.0271466300211857
2553.3903	0.0259468568182085
2551.9733	0.0265941968614494
2550.5564	0.026730026928493
2549.1394	0.026569669407172
2547.7224	0.0264450981013155
2546.3054	0.0265780609903074
2544.8885	0.0261592345716271
2543.4715	0.0275393029713839
2542.0545	0.0269188911312826
2540.6375	0.0257103817071027
2539.2206	0.0263520379622083
2537.8036	0.0265120045246912
2536.3866	0.0270309443978403
2534.9696	0.0264758922813778
2533.5526	0.0268085482107469
2532.1357	0.0259354723063902
2530.7187	0.0266464608467222
2529.3017	0.0264846390220865
2527.8847	0.0265848768273937
2526.4678	0.0272113683406109
2525.0508	0.0261181934178199
2523.6338	0.0267280283935848
2522.2168	0.0266317223301041
2520.7999	0.026530193946447
2519.3829	0.0253944155916683
2517.9659	0.0264560270891909
2516.5489	0.0261285744457462
2515.132	0.0265306035939705
2513.715	0.025605849619265
2512.298	0.0251605407165274
2510.881	0.0254966784130644
2509.4641	0.0259279310803418
2508.0471	0.0256528249821334
2506.6301	0.0260517056495493
2505.2131	0.0250513294731394
2503.7962	0.0256138860870658
2502.3792	0.0267086827310675
2500.9622	0.0257457290009658
2499.5452	0.0256102405465271
2498.1283	0.0253547854070246
2496.7113	0.025874435361004
2495.2943	0.0254242204050553
2493.8773	0.0251748625827132
2492.4604	0.0262068231470356
2491.0434	0.0261924298507926
2489.6264	0.0254806434567886
2488.2094	0.0258949383959089
2486.7924	0.0257945403030005
2485.3755	0.024876202434592
2483.9585	0.0255677062836468
2482.5415	0.0251195923241713
2481.1245	0.0256217390354367
2479.7076	0.0251030320322018
2478.2906	0.0249985716817559
2476.8736	0.0257854999800035
2475.4566	0.0245966561076204
2474.0397	0.0262480895663428
2472.6227	0.0255484745254267
2471.2057	0.0259966209462728
2469.7887	0.0254803323884982
2468.3718	0.0254201500372589
2466.9548	0.0257898248409037
2465.5378	0.0243871402668624
2464.1208	0.0248870958397361
2462.7039	0.0254158481690505
2461.2869	0.0257032137085388
2459.8699	0.0244160817400121
2458.4529	0.0248760334383547
2457.036	0.0255194567286723
2455.619	0.0251141345696347
2454.202	0.0251932241522537
2452.785	0.0251506800307469
2451.3681	0.0252195004831802
2449.9511	0.0246795570917867
2448.5341	0.0251767039919234
2447.1171	0.0247320613939756
2445.7002	0.0242561301117842
2444.2832	0.0252456906451601
2442.8662	0.0250811674324935
2441.4492	0.0254732036493638
2440.0322	0.0247379260592746
2438.6153	0.0249392138087281
2437.1983	0.0251685590703125
2435.7813	0.0252887112699048
2434.3643	0.0249449195819837
2432.9474	0.0251124457674867
2431.5304	0.0248460371763677
2430.1134	0.0252860384982396
2428.6964	0.0247445535233164
2427.2795	0.0240399719796955
2425.8625	0.0251376273696791
2424.4455	0.0245022614814027
2423.0285	0.024420378296834
2421.6116	0.0242697218699684
2420.1946	0.0252764466418383
2418.7776	0.0242670844907006
2417.3606	0.0239600924897083
2415.9437	0.0236129651956203
2414.5267	0.0245092548152449
2413.1097	0.024038179502464
2411.6927	0.0243376477566639
2410.2758	0.0242841157293801
2408.8588	0.0251967907321315
2407.4418	0.0235970082590314
2406.0248	0.0240506623612721
2404.6079	0.0240431935701506
2403.1909	0.023485948438379
2401.7739	0.0236907194725418
2400.3569	0.0237338499125396
2398.94	0.0242540897419276
2397.523	0.0236521812633909
2396.106	0.0242890525412578
2394.689	0.0244097174098441
2393.272	0.0237564742855134
2391.8551	0.0234667629533115
2390.4381	0.0246369108398711
2389.0211	0.0238894514643224
2387.6041	0.0240147037946708
2386.1872	0.0243218139958599
2384.7702	0.0241268783583701
2383.3532	0.0245142342443837
2381.9362	0.0231860799824374
2380.5193	0.0241114255932753
2379.1023	0.0240050056966787
2377.6853	0.0232642551433842
2376.2683	0.0231254662199293
2374.8514	0.0235552392911027
2373.4344	0.0239691645692466
2372.0174	0.023615473970253
2370.6004	0.0232227218244477
2369.1835	0.0230269541255751
2367.7665	0.0229222296722868
2366.3495	0.0240902974306962
2364.9325	0.0238256394886932
2363.5156	0.0228427468405986
2362.0986	0.0234151569554302
2360.6816	0.0229947665972098
2359.2646	0.0239077827587865
2357.8477	0.0240742859255871
2356.4307	0.0231781715641252
2355.0137	0.0231259332636687
2353.5967	0.0233758441132599
2352.1798	0.023391837645311
2350.7628	0.0236548289104234
2349.3458	0.0234509658202653
2347.9288	0.0239917230069986
2346.5118	0.0232736041653972
2345.0949	0.0236873053199304
2343.6779	0.0223102189488892
2342.2609	0.0235870783113202
2340.8439	0.0233093511057128
2339.427	0.0236584068328954
2338.01	0.0237654200453081
2336.593	0.0227193667862515
2335.176	0.0236326738153114
2333.7591	0.0235127353288355
2332.3421	0.0243018182655253
2330.9251	0.0233500767194229
2329.5081	0.024072562957159
2328.0912	0.0227058021209971
2326.6742	0.0241418447896194
2325.2572	0.0246949798071205
2323.8402	0.0246608410259929
2322.4233	0.0241449010885696
2321.0063	0.0237028947003222
2319.5893	0.0245646713739651
2318.1723	0.0242810402362832
2316.7554	0.0235665806679824
2315.3384	0.0243583885752342
2313.9214	0.0234761523979807
2312.5044	0.0241042566988631
2311.0875	0.0233478882115056
2309.6705	0.0236124859423393
2308.2535	0.0228917626432515
2306.8365	0.0237329360785146
2305.4196	0.0233651258921876
2304.0026	0.023942912554854
2302.5856	0.0235255159552786
2301.1686	0.0235450627970491
2299.7516	0.0232309739003329
2298.3347	0.0234160130874259
2296.9177	0.0237284709068436
2295.5007	0.0235251175997432
2294.0837	0.023914502310413
2292.6668	0.0234272872054321
2291.2498	0.0232787037369807
2289.8328	0.0232580980767214
2288.4158	0.0231452929910833
2286.9989	0.0235394669741351
2285.5819	0.0231901750906579
2284.1649	0.0238237137816438
2282.7479	0.0233429209240651
2281.331	0.0226040953029495
2279.914	0.0225628649643584
2278.497	0.0231127412913682
2277.08	0.0232498796829787
2275.6631	0.0226255153450991
2274.2461	0.0225988880885088
2272.8291	0.0225529610330908
2271.4121	0.0230845684876624
2269.9952	0.0232498316313063
2268.5782	0.0231569718095796
2267.1612	0.0227022495952201
2265.7442	0.0232878855757678
2264.3273	0.0220794653565142
2262.9103	0.0217461768141133
2261.4933	0.0224678817027636
2260.0763	0.0223225006391962
2258.6594	0.0220305849749554
2257.2424	0.0233721739654567
2255.8254	0.0225400975084639
2254.4084	0.0225220121419806
2252.9914	0.0227226973296394
2251.5745	0.0219307056969574
2250.1575	0.0225559429837973
2248.7405	0.0215125343473246
2247.3235	0.0218914461905622
2245.9066	0.0221396322055961
2244.4896	0.0221434727056548
2243.0726	0.0225963508387575
2241.6556	0.0223803009182482
2240.2387	0.0218546448956708
2238.8217	0.0215255982746312
2237.4047	0.0219059575476926
2235.9877	0.0221496725117249
2234.5708	0.022213948532951
2233.1538	0.021990265101827
2231.7368	0.0216730845922249
2230.3198	0.0227323115284695
2228.9029	0.0220952005952228
2227.4859	0.0216372372252557
2226.0689	0.0216845595586912
2224.6519	0.0217506806087596
2223.235	0.0217998289124644
2221.818	0.0220426903019022
2220.401	0.0218669625675983
2218.984	0.0220844076614084
2217.5671	0.0229060370239838
2216.1501	0.0220957030559899
2214.7331	0.022696932676995
2213.3161	0.0214649073222677
2211.8992	0.021286829514395
2210.4822	0.0213613018191208
2209.0652	0.0212592437667942
2207.6482	0.0220392160112045
2206.2312	0.0221137550608539
2204.8143	0.0228881552194003
2203.3973	0.0222765192036773
2201.9803	0.0221622098433112
2200.5633	0.0217933049365934
2199.1464	0.0217324812674179
2197.7294	0.0220452181895526
2196.3124	0.022051500597372
2194.8954	0.0225363869568525
2193.4785	0.0223864217592232
2192.0615	0.0223203190259114
2190.6445	0.0222108585601445
2189.2275	0.0217960663194968
2187.8106	0.020944966057725
2186.3936	0.0218311026511005
2184.9766	0.0219183176795394
2183.5596	0.0215514772421275
2182.1427	0.0219572276008466
2180.7257	0.0213417275563914
2179.3087	0.0217679636354262
2177.8917	0.0222343856532893
2176.4748	0.0213875001966089
2175.0578	0.0211224343140359
2173.6408	0.0215724363791012
2172.2238	0.0212933133848998
2170.8069	0.0216011975874191
2169.3899	0.0212392169871682
2167.9729	0.0222178174372363
2166.5559	0.0221581294991565
2165.139	0.0222437616603986
2163.722	0.0220005132506981
2162.305	0.0218578271047052
2160.888	0.0209429975511652
2159.471	0.0209168407008635
2158.0541	0.0197303421181021
2156.6371	0.0188634669019072
2155.2201	0.0184565431655649
2153.8031	0.018358628335284
2152.3862	0.0199249626699176
2150.9692	0.0196539122399275
2149.5522	0.0210383853991829
2148.1352	0.0195605981570121
2146.7183	0.0201241478671184
2145.3013	0.0189695767088183
2143.8843	0.0200983688208684
2142.4673	0.0199392240454397
2141.0504	0.0201476788350094
2139.6334	0.0204440337717311
2138.2164	0.0203968624071981
2136.7994	0.0200902034444504
2135.3825	0.0205823768236159
2133.9655	0.0206031070077001
2132.5485	0.0202158955529831
2131.1315	0.0202120031758987
2129.7146	0.0205397135736907
2128.2976	0.0204291852065845
2126.8806	0.0210661279275198
2125.4636	0.0209333506487242
2124.0467	0.0216964695497253
2122.6297	0.0215987040276928
2121.2127	0.0226458670049352
2119.7957	0.0212107355448248
2118.3788	0.020858169747503
2116.9618	0.0215775633934979
2115.5448	0.0216967227547374
2114.1278	0.0218201758814342
2112.7108	0.022147344859614
2111.2939	0.0218875880344567
2109.8769	0.0219371279412904
2108.4599	0.0211181016206829
2107.0429	0.0207834293393927
2105.626	0.0216246986610661
2104.209	0.0211784722136323
2102.792	0.0206358801487777
2101.375	0.0219268192519682
2099.9581	0.0211267220632447
2098.5411	0.0213914667285722
2097.1241	0.0206632590624165
2095.7071	0.0213028227886566
2094.2902	0.0204230911980642
2092.8732	0.0213736461085992
2091.4562	0.0205784661309412
2090.0392	0.0210989219177731
2088.6223	0.0210239318510918
2087.2053	0.0210771897824093
2085.7883	0.020836280081243
2084.3713	0.0208416653513122
2082.9544	0.0212854497203875
2081.5374	0.0212955863422426
2080.1204	0.0217585582867971
2078.7034	0.0201530095433627
2077.2865	0.0208815870064808
2075.8695	0.0201734834056768
2074.4525	0.0208285958746719
2073.0355	0.0206316694783005
2071.6186	0.0208955036029495
2070.2016	0.0208811163513039
2068.7846	0.0213309327449291
2067.3676	0.0208920235317139
2065.9506	0.0209932401943629
2064.5337	0.0210831167788847
2063.1167	0.0202409177486052
2061.6997	0.0206962034733242
2060.2827	0.0206807637886513
2058.8658	0.0204792042186454
2057.4488	0.0206436392853032
2056.0318	0.0215761404101632
2054.6148	0.0211973827519528
2053.1979	0.0211326117609016
2051.7809	0.0213606846312142
2050.3639	0.0208408101978802
2048.9469	0.0202051368338387
2047.53	0.0195260426697481
2046.113	0.0201802601961444
2044.696	0.0206793287344722
2043.279	0.0198055377768397
2041.8621	0.0200629005625997
2040.4451	0.0200410973549756
2039.0281	0.0194610387105311
2037.6111	0.0197092246643861
2036.1942	0.0189736304169431
2034.7772	0.0195521511816788
2033.3602	0.0193070384841581
2031.9432	0.018975698304292
2030.5263	0.0194099701066692
2029.1093	0.0188321762712616
2027.6923	0.0196533370922538
2026.2753	0.0191965701797372
2024.8584	0.0194937325053448
2023.4414	0.0185806429179241
2022.0244	0.018116221224853
2020.6074	0.0176855967821037
2019.1904	0.0182942653894647
2017.7735	0.0174955880019725
2016.3565	0.0177026811141254
2014.9395	0.0181496595582446
2013.5225	0.0172178992130105
2012.1056	0.018688505187036
2010.6886	0.0189388647939164
2009.2716	0.0189995032578401
2007.8546	0.0184925857170598
2006.4377	0.0176969487306647
2005.0207	0.0177105763195167
2003.6037	0.0177175377948535
2002.1867	0.0180841989095045
2000.7698	0.0186608734452587
1999.3528	0.0195862069425926
1997.9358	0.0184408730593861
1996.5188	0.0185926660498264
1995.1019	0.0181877206016783
1993.6849	0.0186489946317741
1992.2679	0.0186166782422464
1990.8509	0.0177572186313136
1989.434	0.0187127870726873
1988.017	0.018453940798363
1986.6	0.0188059101399243
1985.183	0.0191879426099609
1983.7661	0.019101284368694
1982.3491	0.0186134364881356
1980.9321	0.0191958759787297
1979.5151	0.0189250760013896
1978.0982	0.0184865925349972
1976.6812	0.0185843603632641
1975.2642	0.0171144322147986
1973.8472	0.0181519884753932
1972.4302	0.0169487552931557
1971.0133	0.0174270867529479
1969.5963	0.0179705875232823
1968.1793	0.0173808066360488
1966.7623	0.0177612804301739
1965.3454	0.016760359664485
1963.9284	0.0166382207614219
1962.5114	0.016805832265865
1961.0944	0.0180892983222709
1959.6775	0.0179214011858267
1958.2605	0.0180217930654358
1956.8435	0.0176753481564634
1955.4265	0.0179210787845243
1954.0096	0.0187952201769292
1952.5926	0.0187366724430305
1951.1756	0.0184880599377733
1949.7586	0.0185733546963146
1948.3417	0.0182244928380395
1946.9247	0.0191982541699427
1945.5077	0.0177517724593236
1944.0907	0.0175743762055505
1942.6738	0.0183956962210817
1941.2568	0.0196099864018242
1939.8398	0.0184562467766146
1938.4228	0.0187208762220759
1937.0059	0.0188177386371712
1935.5889	0.0187299485009499
1934.1719	0.0191721999626349
1932.7549	0.0186268563596759
1931.338	0.0185156142723601
1929.921	0.018290307265713
1928.504	0.0193067681709512
1927.087	0.0192181381320561
1925.67	0.0189064862502536
1924.2531	0.0192401337872988
1922.8361	0.0199733084558127
1921.4191	0.0200083748456152
1920.0021	0.0195582502708497
1918.5852	0.0195788377502874
1917.1682	0.0196051890832552
1915.7512	0.0193762709564377
1914.3342	0.0194119639475005
1912.9173	0.0193240326844336
1911.5003	0.0193331876116
1910.0833	0.0198127667202541
1908.6663	0.0189005830711259
1907.2494	0.0193574117870105
1905.8324	0.0188175501081462
1904.4154	0.0198970986382998
1902.9984	0.0196476862415339
1901.5815	0.0198035415078892
1900.1645	0.0199496674075731
1898.7475	0.0201964171940452
1897.3305	0.0194116054263805
1895.9136	0.0193005706496145
1894.4966	0.0196294067259573
1893.0796	0.0195785210585566
1891.6626	0.0197935012154021
1890.2457	0.0196638216086352
1888.8287	0.0198275940364356
1887.4117	0.0194933211165393
1885.9947	0.0191822241240762
1884.5778	0.018924239356249
1883.1608	0.0187516790847202
1881.7438	0.0192440809854642
1880.3268	0.0190658485615074
1878.9098	0.0191906613825571
1877.4929	0.0204123822619164
1876.0759	0.0190575426861949
1874.6589	0.0191983035016867
1873.2419	0.0192983497954199
1871.825	0.019342820989734
1870.408	0.0189189784530066
1868.991	0.0194849004172469
1867.574	0.0198215429934013
1866.1571	0.0198466478221378
1864.7401	0.0193462516838455
1863.3231	0.0194256014361198
1861.9061	0.0193119684127909
1860.4892	0.0196470529559737
1859.0722	0.0190177050760184
1857.6552	0.0191163847039743
1856.2382	0.018690316134626
1854.8213	0.0198196817775052
1853.4043	0.0206443957298793
1851.9873	0.0199085726843378
1850.5703	0.0196750965212525
1849.1534	0.0195177154736229
1847.7364	0.0197941039963911
1846.3194	0.0190684012456754
1844.9024	0.0192721616696768
1843.4855	0.0195771792125391
1842.0685	0.0192988676196336
1840.6515	0.0197422235506194
1839.2345	0.019294924263888
1837.8176	0.0195863254170567
1836.4006	0.0189877455997855
1834.9836	0.019636402665967
1833.5666	0.019154112045689
1832.1496	0.0188092635494729
1830.7327	0.0191049219207953
1829.3157	0.0185388402653394
1827.8987	0.0191886117591709
1826.4817	0.0192430871762044
1825.0648	0.019012139508957
1823.6478	0.0187166843449782
1822.2308	0.0190514660263664
1820.8138	0.0196742582181239
1819.3969	0.0190527826135
1817.9799	0.0190041936688245
1816.5629	0.0192998846912386
1815.1459	0.0190791753460888
1813.729	0.0191437763039843
1812.312	0.0189121368349063
1810.895	0.019468676352992
1809.478	0.0192470611127934
1808.0611	0.0191308465160343
1806.6441	0.0190061989889304
1805.2271	0.0189594837642227
1803.8101	0.0196977060291517
1802.3932	0.0190956146578015
1800.9762	0.0188126963548794
1799.5592	0.0193113152884833
1798.1422	0.0196634591350503
1796.7253	0.0181394645569867
1795.3083	0.0194086634598878
1793.8913	0.0193312597061417
1792.4743	0.0194784954498404
1791.0574	0.0197154688225141
1789.6404	0.0188541913400728
1788.2234	0.0190653551756867
1786.8064	0.0190246678978417
1785.3894	0.0199560952462489
1783.9725	0.0195245307699069
1782.5555	0.0196143345076519
1781.1385	0.0193102016935885
1779.7215	0.0199196275191473
1778.3046	0.0191476484436501
1776.8876	0.0191674219488957
1775.4706	0.0197213238441149
1774.0536	0.0191318812773716
1772.6367	0.0188676335927867
1771.2197	0.0193743529636617
1769.8027	0.0199726833379905
1768.3857	0.0190664355836336
1766.9688	0.0194568198129546
1765.5518	0.0194228610077822
1764.1348	0.0192953900870587
1762.7178	0.0200479395259584
1761.3009	0.0203897367901734
1759.8839	0.0199076116025375
1758.4669	0.019810501100055
1757.0499	0.0209373188693626
1755.633	0.0194276640474118
1754.216	0.0204399766652336
1752.799	0.0199181222581408
1751.382	0.0198188937786483
1749.9651	0.0201011453018367
1748.5481	0.0205170327399065
1747.1311	0.0201508553048129
1745.7141	0.0206746534883217
1744.2972	0.0207556371944108
1742.8802	0.0213076727732218
1741.4632	0.0210332865132714
1740.0462	0.0207822769393155
1738.6292	0.0216709895823192
1737.2123	0.0212292277579011
1735.7953	0.0208998864414632
1734.3783	0.0218089749537399
1732.9613	0.0224521226779956
1731.5444	0.0226465977644245
1730.1274	0.0230355633850719
1728.7104	0.0218427916885418
1727.2934	0.0228323945550056
1725.8765	0.0231713374475834
1724.4595	0.0229361416781584
1723.0425	0.022569589264505
1721.6255	0.0235825269097867
1720.2086	0.0232798334551499
1718.7916	0.0235494811857869
1717.3746	0.0240390649258676
1715.9576	0.0241191977109581
1714.5407	0.0245695929992843
1713.1237	0.0246393833920065
1711.7067	0.0255028213763943
1710.2897	0.0259601083559626
1708.8728	0.0251532302447112
1707.4558	0.0251762763059357
1706.0388	0.025589841787933
1704.6218	0.0253193503536515
1703.2049	0.0257325017981406
1701.7879	0.0260095344797394
1700.3709	0.0254910191337417
1698.9539	0.0266036023713293
1697.537	0.0262160001133344
1696.12	0.0266393956165508
1694.703	0.0266554744045397
1693.286	0.0268110233837535
1691.869	0.0268208036538411
1690.4521	0.0267160254056959
1689.0351	0.0271514076709431
1687.6181	0.0266829593794837
1686.2011	0.0274956195820091
1684.7842	0.0274844842968179
1683.3672	0.0275968476050019
1681.9502	0.0272944986223016
1680.5332	0.0277415344061118
1679.1163	0.0282367925702201
1677.6993	0.0271538900779537
1676.2823	0.0275956074219297
1674.8653	0.0274118391390659
1673.4484	0.0279400406664205
1672.0314	0.0272454558057594
1670.6144	0.0285902759208924
1669.1974	0.0280433385390379
1667.7805	0.0291819443679205
1666.3635	0.0278625715617605
1664.9465	0.0287017146732863
1663.5295	0.029973521236477
1662.1126	0.0283502430194148
1660.6956	0.0294638501907361
1659.2786	0.0294231682187767
1657.8616	0.0293595766907222
1656.4447	0.0298574185241223
1655.0277	0.0303431534943192
1653.6107	0.0303624239080803
1652.1937	0.0308541085496326
1650.7768	0.0314591283379253
1649.3598	0.0325139439119636
1647.9428	0.0312308828588351
1646.5258	0.0320002961288942
1645.1088	0.0328193092490728
1643.6919	0.033394676666193
1642.2749	0.0337467508915889
1640.8579	0.0345227359314557
1639.4409	0.0349844866012681
1638.024	0.0346058237902115
1636.607	0.0364195514540606
1635.19	0.0366168934985763
1633.773	0.0370786386914121
1632.3561	0.0377091018540316
1630.9391	0.037204305269082
1629.5221	0.0385769689659652
1628.1051	0.0383404404785455
1626.6882	0.0384708003268687
1625.2712	0.0389562005136667
1623.8542	0.0383238229983955
1622.4372	0.0398922105388606
1621.0203	0.0395141384678661
1619.6033	0.0399354720262402
1618.1863	0.0406806373949231
1616.7693	0.0405332814319716
1615.3524	0.0409346595636148
1613.9354	0.0419348421723295
1612.5184	0.0415351079037127
1611.1014	0.0417840308951469
1609.6845	0.0423784630160665
1608.2675	0.043180666833465
1606.8505	0.043631708934836
1605.4335	0.0429349576223199
1604.0166	0.0440359263520934
1602.5996	0.0442403094619176
1601.1826	0.0450671930270569
1599.7656	0.0443459402482136
1598.3486	0.0450231543779196
1596.9317	0.0442893533711459
1595.5147	0.0445894517508054
1594.0977	0.0445289652643667
1592.6807	0.0447516014288561
1591.2638	0.0434920937183895
1589.8468	0.0435209434385706
1588.4298	0.0434668801327636
1587.0128	0.0424349070868432
1585.5959	0.0422295400441251
1584.1789	0.042000467966563
1582.7619	0.0409126532776333
1581.3449	0.0409831015256175
1579.928	0.0408555562716029
1578.511	0.0395982674696632
1577.094	0.038772887439767
1575.677	0.0380974467129786
1574.2601	0.039133830007604
1572.8431	0.0373434505484145
1571.4261	0.0386144821108403
1570.0091	0.0371914267806388
1568.5922	0.0369231130775235
1567.1752	0.0362423862149869
1565.7582	0.0363041051371031
1564.3412	0.0350671862376676
1562.9243	0.0344852868523031
1561.5073	0.034633721702888
1560.0903	0.0329887647997024
1558.6733	0.0324873616293023
1557.2564	0.0318278020537094
1555.8394	0.0319445084027866
1554.4224	0.0311971005649481
1553.0054	0.0309506201199693
1551.5885	0.0308172327718159
1550.1715	0.0299663325776169
1548.7545	0.0292130800515705
1547.3375	0.0290906809808427
1545.9205	0.0286336581917602
1544.5036	0.0283982533881465
1543.0866	0.0281835887127689
1541.6696	0.0281609924798511
1540.2526	0.0276965147991089
1538.8357	0.0276422177671941
1537.4187	0.0274875704590195
1536.0017	0.0274454073894096
1534.5847	0.0271150117361551
1533.1678	0.0267547526614979
1531.7508	0.0268805740885647
1530.3338	0.0269266424548482
1528.9168	0.0270343550497014
1527.4999	0.0280159562024073
1526.0829	0.0276426621131483
1524.6659	0.0276643036065865
1523.2489	0.0286924853041151
1521.832	0.029629387827821
1520.415	0.0308631950888961
1518.998	0.0311579871486227
1517.581	0.0316914337683585
1516.1641	0.0322457041745226
1514.7471	0.0336480668445535
1513.3301	0.0339514803870171
1511.9131	0.0343645735808156
1510.4962	0.0343860203827427
1509.0792	0.0350199835315951
1507.6622	0.0343582424963313
1506.2452	0.0344327359770675
1504.8283	0.0345280829950177
1503.4113	0.0339161398851224
1501.9943	0.0329890698995527
1500.5773	0.032855665200912
1499.1603	0.0315845367387849
1497.7434	0.0313527751439787
1496.3264	0.0299224513863006
1494.9094	0.0294833462746751
1493.4924	0.028934525386462
1492.0755	0.0293334945778756
1490.6585	0.0282335167284839
1489.2415	0.0280532094246399
1487.8245	0.0283472662498
1486.4076	0.0293783657399281
1484.9906	0.0288412325328636
1483.5736	0.029646412291785
1482.1566	0.0301310728946947
1480.7397	0.030794963540719
1479.3227	0.0302844391203194
1477.9057	0.0314590227246043
1476.4887	0.0311760738172796
1475.0718	0.0307520523268936
1473.6548	0.0318356332887773
1472.2378	0.0326185595049493
1470.8208	0.0328634959444578
1469.4039	0.0337454290895138
1467.9869	0.0343322333363709
1466.5699	0.0349985681047322
1465.1529	0.0355196356260177
1463.736	0.0360028671341293
1462.319	0.0377478142905004
1460.902	0.0382264137764772
1459.485	0.038416316847138
1458.0681	0.038884783021513
1456.6511	0.0394603381706302
1455.2341	0.0396270793684799
1453.8171	0.0396524701956028
1452.4001	0.0399622784911904
1450.9832	0.0400428642471667
1449.5662	0.0400507230493657
1448.1492	0.0411789630738195
1446.7322	0.0402812800344972
1445.3153	0.040665172452472
1443.8983	0.0407005562018519
1442.4813	0.0403281412632302
1441.0643	0.0406970127414663
1439.6474	0.040410020931675
1438.2304	0.0405659015072257
1436.8134	0.0408117522112607
1435.3964	0.0415099443343279
1433.9795	0.0419824555288782
1432.5625	0.042629454889082
1431.1455	0.0423959809634343
1429.7285	0.0438171782402502
1428.3116	0.0448573642040024
1426.8946	0.0436712877264991
1425.4776	0.0446186753336456
1424.0606	0.0445477118979936
1422.6437	0.0444661656949576
1421.2267	0.0449937884321632
1419.8097	0.0452038138662072
1418.3927	0.0459336511352826
1416.9758	0.0468037779089913
1415.5588	0.0462186125644541
1414.1418	0.045061988659171
1412.7248	0.046736972842367
1411.3079	0.0466703756836
1409.8909	0.0467658807602533
1408.4739	0.0469866749991594
1407.0569	0.0463728107530105
1405.6399	0.0460479487566595
1404.223	0.0463881560483349
1402.806	0.0461715966742961
1401.389	0.0460683238639845
1399.972	0.0470474874811391
1398.5551	0.0467448582736561
1397.1381	0.0471125389504182
1395.7211	0.0474791596040702
1394.3041	0.0473342531644521
1392.8872	0.0478106841328681
1391.4702	0.0482110659387348
1390.0532	0.0487560760785164
1388.6362	0.0486853355160919
1387.2193	0.0496786315192608
1385.8023	0.0500188159293948
1384.3853	0.0503998515962295
1382.9683	0.0509201948184446
1381.5514	0.0498521364907858
1380.1344	0.0502993352105872
1378.7174	0.0503234964988022
1377.3004	0.0496493012029641
1375.8835	0.0494090373269123
1374.4665	0.0503410030024742
1373.0495	0.0496090709035182
1371.6325	0.0506981143147684
1370.2156	0.0505819141195474
1368.7986	0.0513981087342579
1367.3816	0.0519419016961654
1365.9646	0.0520389047186016
1364.5477	0.0529446122981221
1363.1307	0.0528022619076028
1361.7137	0.0527312379005799
1360.2967	0.0529480472711211
1358.8797	0.0518910617216517
1357.4628	0.0520818689891525
1356.0458	0.0513740114465096
1354.6288	0.0501901834468536
1353.2118	0.0503262270740623
1351.7949	0.0507514243179111
1350.3779	0.0501279674742912
1348.9609	0.0502433399714602
1347.5439	0.0503262101772144
1346.127	0.0504577728270602
1344.71	0.0505380975147305
1343.293	0.0512542343504209
1341.876	0.0511186764338397
1340.4591	0.051360135082236
1339.0421	0.0514348650769087
1337.6251	0.0512271557017013
1336.2081	0.0511123076017713
1334.7912	0.051052367974006
1333.3742	0.0511648898230497
1331.9572	0.0505718297703978
1330.5402	0.0509293411118095
1329.1233	0.0501922424054253
1327.7063	0.0496751805671103
1326.2893	0.0499270638045422
1324.8723	0.0495723476182346
1323.4554	0.0486668184099205
1322.0384	0.0480419914557209
1320.6214	0.0482959457045747
1319.2044	0.0469678203384503
1317.7875	0.0467544289455495
1316.3705	0.0466125017188744
1314.9535	0.0458298751257362
1313.5365	0.0455536991543886
1312.1195	0.0455981761676888
1310.7026	0.0455213214484501
1309.2856	0.0451940064409221
1307.8686	0.0451381657343215
1306.4516	0.0450027664313953
1305.0347	0.0449884290384107
1303.6177	0.0453387919192772
1302.2007	0.0451496759275751
1300.7837	0.0461151324173385
1299.3668	0.045249101214053
1297.9498	0.0461070186097414
1296.5328	0.0456787371180124
1295.1158	0.0461072749746512
1293.6989	0.0448661709492372
1292.2819	0.044815391380016
1290.8649	0.0449680151700688
1289.4479	0.0449272976452996
1288.031	0.0452812651353828
1286.614	0.0449666478837527
1285.197	0.0459681001153931
1283.78	0.0460542845240218
1282.3631	0.0461639119570297
1280.9461	0.0461941341937831
1279.5291	0.0467550008069849
1278.1121	0.048008831138023
1276.6952	0.0472495566086359
1275.2782	0.0482862314063256
1273.8612	0.0488336871414507
1272.4442	0.0493441190278031
1271.0273	0.0494046485890213
1269.6103	0.0495471355321461
1268.1933	0.0499546849749708
1266.7763	0.0499662550747407
1265.3593	0.0491915256273826
1263.9424	0.0492784569484615
1262.5254	0.0485147615094864
1261.1084	0.0490926751320141
1259.6914	0.0486761658636539
1258.2745	0.0482358400502053
1256.8575	0.0490521460508709
1255.4405	0.0489377720861831
1254.0235	0.0487456874668967
1252.6066	0.0488106632438827
1251.1896	0.0485328375621499
1249.7726	0.0481450439786635
1248.3556	0.0487355937328601
1246.9387	0.0482429649318506
1245.5217	0.0477816423979498
1244.1047	0.04666740529252
1242.6877	0.047983880695836
1241.2708	0.0477638009107695
1239.8538	0.0479346384832136
1238.4368	0.0480608729391847
1237.0198	0.0479584332491368
1235.6029	0.0485551999206008
1234.1859	0.0479347444010387
1232.7689	0.048292289030026
1231.3519	0.0480284064976411
1229.935	0.0476878869867482
1228.518	0.0468628910414365
1227.101	0.0461349257155271
1225.684	0.0455597772780019
1224.2671	0.0454263227660501
1222.8501	0.0445340420257763
1221.4331	0.0430833029474414
1220.0161	0.0429104337661842
1218.5991	0.0423185549830041
1217.1822	0.0419202415157202
1215.7652	0.0425373477660545
1214.3482	0.0417733930294
1212.9312	0.0419121403710588
1211.5143	0.0418677398643764
1210.0973	0.0407887510691619
1208.6803	0.0413421700155836
1207.2633	0.0412620915699605
1205.8464	0.0405185361825039
1204.4294	0.0407294234358545
1203.0124	0.0394855084225061
1201.5954	0.0396504073959462
1200.1785	0.039605749915804
1198.7615	0.039142063422816
1197.3445	0.0380965095565244
1195.9275	0.0378969816449634
1194.5106	0.0369074718539465
1193.0936	0.0364996718149846
1191.6766	0.0361698787505536
1190.2596	0.0358982998792258
1188.8427	0.0352861784988747
1187.4257	0.0346040535806512
1186.0087	0.0351586315503579
1184.5917	0.0342964806727449
1183.1748	0.034560400932472
1181.7578	0.0338504766579718
1180.3408	0.034276957520614
1178.9238	0.035169919790812
1177.5069	0.0350137239627175
1176.0899	0.0349321309762743
1174.6729	0.0357288222878487
1173.2559	0.0365412844368123
1171.8389	0.0363639289869731
1170.422	0.0389704459844734
1169.005	0.0409657611280375
1167.588	0.041895880303162
1166.171	0.0441513967774986
1164.7541	0.0458718442597988
1163.3371	0.0486468769793162
1161.9201	0.0515429634619302
1160.5031	0.053339873922857
1159.0862	0.0563427377612749
1157.6692	0.0593292964955012
1156.2522	0.0605138017922772
1154.8352	0.0631579716743402
1153.4183	0.0649696640208271
1152.0013	0.0664960049336456
1150.5843	0.0673879809618542
1149.1673	0.0677508543324095
1147.7504	0.0681275320157641
1146.3334	0.0684852740026206
1144.9164	0.0685486008605402
1143.4994	0.0676278725874399
1142.0825	0.0668325151193216
1140.6655	0.066595115985761
1139.2485	0.065595992623534
1137.8315	0.0642522801384343
1136.4146	0.0636906268851163
1134.9976	0.0625437520260054
1133.5806	0.0625876075796961
1132.1636	0.0626449958320363
1130.7467	0.0619543742077815
1129.3297	0.0627785193842019
1127.9127	0.0626761480183144
1126.4957	0.0625422313861397
1125.0787	0.0637019783354597
1123.6618	0.0631504875691792
1122.2448	0.0633715569236902
1120.8278	0.0640920690891682
1119.4108	0.0639816736084138
1117.9939	0.0647240431565855
1116.5769	0.0645575753741417
1115.1599	0.0642634095684511
1113.7429	0.0654247230186789
1112.326	0.0653533027552369
1110.909	0.0665341277029323
1109.492	0.0665535021773504
1108.075	0.0677984196206688
1106.6581	0.0678417641844995
1105.2411	0.0681027417073545
1103.8241	0.0688530813829018
1102.4071	0.0697714774430082
1100.9902	0.0702697370284464
1099.5732	0.0706439391332965
1098.1562	0.0705989981239267
1096.7392	0.0706571874999305
1095.3223	0.0707959431050133
1093.9053	0.0719867601863381
1092.4883	0.0721627373700675
1091.0713	0.0727053028472845
1089.6544	0.0742237225849972
1088.2374	0.0760959947604571
1086.8204	0.0778748111580119
1085.4034	0.0802671540652466
1083.9865	0.0831836408148894
1082.5695	0.0845319178898926
1081.1525	0.0870978351961911
1079.7355	0.0891707612444104
1078.3185	0.0913065559267668
1076.9016	0.0921625131906255
1075.4846	0.0912805472042536
1074.0676	0.0907334639334685
1072.6506	0.0895541004944837
1071.2337	0.088189220396651
1069.8167	0.0862750457903761
1068.3997	0.0853556173918545
1066.9827	0.0836111499838
1065.5658	0.0834131996736973
1064.1488	0.0832766007887669
1062.7318	0.0839831787125293
1061.3148	0.0856269120456205
1059.8979	0.086638919344332
1058.4809	0.0875256083634767
1057.0639	0.0888478422745056
1055.6469	0.090363403067718
1054.23	0.0921268885222647
1052.813	0.0937427923608037
1051.396	0.0959519713661233
1049.979	0.0976899907063533
1048.5621	0.0994070654076752
1047.1451	0.100765933539676
1045.7281	0.103090621675211
1044.3111	0.105341303312319
1042.8942	0.106657850662639
1041.4772	0.108220778866204
1040.0602	0.109811057826885
1038.6432	0.112012250229468
1037.2263	0.112987027963614
1035.8093	0.115472861241946
1034.3923	0.117065305017537
1032.9753	0.119165026402296
1031.5583	0.120844611211463
1030.1414	0.122449752332007
1028.7244	0.125494004811706
1027.3074	0.126211209710562
1025.8904	0.128343622220672
1024.4735	0.130641723181963
1023.0565	0.133338478672425
1021.6395	0.133921605155241
1020.2225	0.136262709584639
1018.8056	0.138112667347686
1017.3886	0.138528613169446
1015.9716	0.139422564296923
1014.5546	0.140877906829974
1013.1377	0.140840778628849
1011.7207	0.140429580651893
1010.3037	0.141802325422726
1008.8867	0.14029428357025
1007.4698	0.14089254895917
1006.0528	0.140784302631398
1004.6358	0.141536594390968
1003.2188	0.142001764642326
1001.8019	0.142881398213741
1000.3849	0.143303110502786
998.9679	0.143957658389183
997.5509	0.14583521632245
996.134	0.145805611479481
994.717	0.146625504467943
993.3	0.148139171958548
991.883	0.147522289548608
990.4661	0.14693069743236
989.0491	0.147525172040348
987.6321	0.146678709150505
986.2151	0.145277569817703
984.7981	0.14492823206697
983.3812	0.142936092445959
981.9642	0.141437826009465
980.5472	0.139488309722479
979.1302	0.136726316033089
977.7133	0.133905329984359
976.2963	0.132252478486478
974.8793	0.129237880466561
973.4623	0.126823721380003
972.0454	0.124483228378638
970.6284	0.121171191528555
969.2114	0.119508138183379
967.7944	0.116322951615454
966.3775	0.113467105267782
964.9605	0.11055022119554
963.5435	0.107881012709119
962.1265	0.105654214547871
960.7096	0.104061536828173
959.2926	0.100916610671922
957.8756	0.0993094673134177
956.4586	0.0980637768097152
955.0417	0.0956610804473011
953.6247	0.0942212277786429
952.2077	0.0916521029119508
950.7907	0.0896387968259768
949.3738	0.0887149387276504
947.9568	0.0873553211015957
946.5398	0.0870313780151157
945.1228	0.0849814103378393
943.7059	0.0852871278258542
942.2889	0.0859341132004367
940.8719	0.0858129374920525
939.4549	0.0858415835658574
938.0379	0.0860990316389028
936.621	0.0863310928485479
935.204	0.0869037537095022
933.787	0.0867677540726752
932.37	0.0862835839186157
930.9531	0.0866274797307754
929.5361	0.0862579362192344
928.1191	0.0868608538270952
926.7021	0.0870580569914415
925.2852	0.0867563287254853
923.8682	0.0863737643434934
922.4512	0.0861788613446279
921.0342	0.0860604951287792
919.6173	0.0847137683273555
918.2003	0.085048533293999
916.7833	0.0843922639414384
915.3663	0.0841639320854673
913.9494	0.0830556663576517
912.5324	0.0830008319280816
911.1154	0.0822158689864228
909.6984	0.0805764405606891
908.2815	0.0802632909184633
906.8645	0.0788232694391832
905.4475	0.0782880097152204
904.0305	0.0775018343392284
902.6136	0.0762189097559455
901.1966	0.0764093381348786
899.7796	0.0757601097764347
898.3626	0.0756595704965494
896.9457	0.0754058309180672
895.5287	0.0745797009832146
894.1117	0.0736565701761347
892.6947	0.0729044213788519
891.2777	0.0726611793015738
889.8608	0.0722145935147037
888.4438	0.0714333789312398
887.0268	0.0706802941269572
885.6098	0.0706001719518367
884.1929	0.0694036242544898
882.7759	0.0678742133939308
881.3589	0.0679961766266337
879.9419	0.0664887301721823
878.525	0.0665407967499799
877.108	0.0670399114440033
875.691	0.0665051016254381
874.274	0.0662020335389384
872.8571	0.0668120719887108
871.4401	0.0672786814210313
870.0231	0.0668008371788141
868.6061	0.0674969555373272
867.1892	0.0684984693113077
865.7722	0.0686389330008932
864.3552	0.0695237139623234
862.9382	0.0698430652875021
861.5213	0.0704010617793159
860.1043	0.0698488779284683
858.6873	0.0705254070042291
857.2703	0.0707812802874982
855.8534	0.0713755405902375
854.4364	0.0705225336480515
853.0194	0.0708488253250681
851.6024	0.0718133299809078
850.1855	0.0710705994768232
848.7685	0.0709958532250524
847.3515	0.0704831987087438
845.9345	0.070861440319929
844.5175	0.0708621933764246
843.1006	0.0696371659837284
841.6836	0.0703222177173659
840.2666	0.0703525825149935
838.8496	0.0699827081036975
837.4327	0.0696251667297033
836.0157	0.0684789268015831
834.5987	0.0678061450072883
833.1817	0.0686640410394255
831.7648	0.0672879780671583
830.3478	0.066884356758239
828.9308	0.0658146828307612
827.5138	0.0658931182913539
826.0969	0.0654429504048723
824.6799	0.0652041045315893
823.2629	0.0655275319391004
821.8459	0.065299488134625
820.429	0.0646731632868868
819.012	0.0660207894082782
817.595	0.064964641082128
816.178	0.0638000171426244
814.7611	0.0639159784594548
813.3441	0.0649981486629479
811.9271	0.0639190677858564
810.5101	0.0640648377097722
809.0932	0.0631331279656191
807.6762	0.0624999044498627
806.2592	0.0632232356671629
804.8422	0.0628992180530267
803.4253	0.0627861079067237
802.0083	0.062342245759781
800.5913	0.0621064752462985
799.1743	0.062686694547416
797.7573	0.0629494100947114
796.3404	0.0624544444950446
794.9234	0.0638678647245773
793.5064	0.063432060229054
792.0894	0.0628374775277672
790.6725	0.0634763753325294
789.2555	0.0642505904442308
787.8385	0.0635594271355031
786.4215	0.0644132424241215
785.0046	0.0650950410799745
783.5876	0.0654955685305668
782.1706	0.0652700325624341
780.7536	0.0654953585213532
779.3367	0.0663403267974267
777.9197	0.0675425633075446
776.5027	0.0672570814411503
775.0857	0.0680948405530924
773.6688	0.0685602763620266
772.2518	0.0694389872837925
770.8348	0.0694781132144327
769.4178	0.0713404085319966
768.0009	0.0721039242648335
766.5839	0.0726013536846469
765.1669	0.0736192337678542
763.7499	0.0742377966069835
762.333	0.0750302979763584
760.916	0.0755286641361961
759.499	0.075254964004789
758.082	0.0752198061630741
756.6651	0.0749467649692471
755.2481	0.0739489097095422
753.8311	0.0733174877305484
752.4141	0.0734349839834441
750.9971	0.0718899765964787
749.5802	0.0712682881709431
748.1632	0.0709269247066096
746.7462	0.0708602877498854
745.3292	0.0701589111903529
743.9123	0.0697829699398586
742.4953	0.0690871057884261
741.0783	0.0685583339381516
739.6613	0.0686114727599536
738.2444	0.0676686450554308
736.8274	0.0680245084724735
735.4104	0.0685672313865635
733.9934	0.0682404082469598
732.5765	0.0685074180832186
731.1595	0.0686124290157906
729.7425	0.068900816823484
728.3255	0.0693476004468502
726.9086	0.0697849123373881
725.4916	0.0698941784627849
724.0746	0.0705363825439994
722.6576	0.0707437518159315
721.2407	0.0713685731208766
719.8237	0.0719384111386996
718.4067	0.07266322922198
716.9897	0.0730140539978829
715.5728	0.0740276055657407
714.1558	0.0749240591229341
712.7388	0.0757303949602031
711.3218	0.0764847759293438
709.9049	0.0775893847763485
708.4879	0.0780716661733278
707.0709	0.0779963039098942
705.6539	0.0778761166752439
704.2369	0.079488417529714
702.82	0.0787974487928599
701.403	0.0783478129837677
699.986	0.0791701553542268
698.569	0.0785938253050708
697.1521	0.0780813699239128
695.7351	0.0778723371411756
694.3181	0.0770769351400799
692.9011	0.0766381726208837
691.4842	0.0771487535539013
690.0672	0.0776897130143576
688.6502	0.0778166761880408
687.2332	0.0772172086432493
685.8163	0.0767717529341645
684.3993	0.0771959150720028
682.9823	0.0776199148946586
681.5653	0.0781982618213921
680.1484	0.0777188770371141
678.7314	0.0780866057364084
677.3144	0.0785817005824803
675.8974	0.0785665941921663
674.4805	0.0786312987492801
673.0635	0.0785998331946664
671.6465	0.0795396477614002
670.2295	0.0794605738036963
668.8126	0.0803024183780038
667.3956	0.0795839015757422
665.9786	0.0806990274286736
664.5616	0.0805022937319938
663.1447	0.0804365148810934
661.7277	0.0808797732729713
660.3107	0.081066829999642
658.8937	0.0809777969281537
657.4767	0.0815713766057653
656.0598	0.0810891838006217
654.6428	0.0812656998051369
653.2258	0.0822052708894167
651.8088	0.0821967525342975
650.3919	0.0830001488321593
648.9749	0.0826292856186369
647.5579	0.0831442548271859
646.1409	0.0841298426944597
644.724	0.0833896066000192
643.307	0.0839128393251815
641.89	0.0840410046450731
640.473	0.0840191691702351
639.0561	0.0841427245963074
637.6391	0.0841871921192612
636.2221	0.084822954654432
634.8051	0.0849834519654019
633.3882	0.0851019178419275
631.9712	0.0855084397069
630.5542	0.0852480523582746
629.1372	0.0864753134753567
627.7203	0.086081045619035
626.3033	0.0870081914078477
624.8863	0.0882435294322203
623.4693	0.0889300152446084
622.0524	0.0891328510279715
620.6354	0.0904265183954578
619.2184	0.0917142879696862
617.8014	0.0920680620243964
616.3845	0.0932191022681827
614.9675	0.0940431174464302
613.5505	0.0945906773261373
612.1335	0.0946164895066285
610.7165	0.0960587853346594
609.2996	0.0971270968342123
607.8826	0.098004295573812
606.4656	0.098332365886659
605.0486	0.0988931261787823
603.6317	0.0975265421271056
602.2147	0.0992243581037571
600.7977	0.0981030388696913
599.3807	0.098822956166076
597.9638	0.0981891732972068
596.5468	0.098615989327225
595.1298	0.0988185766384501
593.7128	0.0996818399642908
592.2959	0.100085905856447
590.8789	0.0999701976155707
589.4619	0.100143532402414
588.0449	0.100868330549732
586.628	0.101781640821807
585.211	0.102602752674153
583.794	0.104120405025317
582.377	0.104717301005234
580.9601	0.106702017890713
579.5431	0.107332253659456
578.1261	0.109232219036408
576.7091	0.109687869228807
575.2922	0.111255079585737
573.8752	0.111822832704044
572.4582	0.112990070862633
571.0412	0.114029293734469
569.6243	0.113442053077716
568.2073	0.112279450449911
566.7903	0.112586139947366
565.3733	0.112568162813066
563.9563	0.111738477320836
562.5394	0.110793192240688
561.1224	0.110565940509908
559.7054	0.110248466390113
558.2884	0.110043630516311
556.8715	0.109579830993372
555.4545	0.110661411596072
554.0375	0.109171574793442
552.6205	0.108934631745483
551.2036	0.10849646418057
549.7866	0.107772877494563
548.3696	0.108232946172961
546.9526	0.107772182963782
545.5357	0.107153869904446
544.1187	0.107318867670841
542.7017	0.107353394787038
541.2847	0.108319657818342
539.8678	0.109059315599291
538.4508	0.109600018624613
537.0338	0.110399361956277
535.6168	0.110672998418855
534.1999	0.111969319041224
532.7829	0.111854765025613
531.3659	0.112091125707402
529.9489	0.11454115951647
528.532	0.115893661713199
527.115	0.117289024798948
525.698	0.117680575198371
524.281	0.117796447001767
522.8641	0.119010801616567
521.4471	0.119101344479569
520.0301	0.11941140048163
518.6131	0.117866984403828
517.1962	0.118543205375436
515.7792	0.117818515328662
514.3622	0.118497141267143
512.9452	0.117916243832202
511.5282	0.118198381760177
510.1113	0.116506299519613
508.6943	0.116548229985483
507.2773	0.117187998817428
505.8603	0.115710714507661
504.4434	0.116136975374116
503.0264	0.116632606743234
501.6094	0.116119724824602
500.1924	0.116966013051222
498.7755	0.116311781800438
497.3585	0.117291029148447
495.9415	0.117012607611322
494.5245	0.115951521801088
493.1076	0.115761017156309
491.6906	0.115783188066129
490.2736	0.115066474522732
488.8566	0.115913300932583
487.4397	0.11558027824929
486.0227	0.115733656259488
484.6057	0.115900043507334
483.1887	0.116170382020692
481.7718	0.116071209573743
480.3548	0.115997852959898
478.9378	0.117135355333829
477.5208	0.116656237555925
476.1039	0.116955827200783
474.6869	0.116564956536495
473.2699	0.116109483733388
471.8529	0.11578706690926
470.436	0.116035002216206
469.019	0.115573687065552
467.602	0.116017198186821
466.185	0.114839477205791
464.768	0.115058711765665
463.3511	0.114674071738954
461.9341	0.114212164878837
460.5171	0.115185967715202
459.1001	0.114515809556578
457.6832	0.113931254408624
456.2662	0.113693402059878
454.8492	0.113891056602108
453.4322	0.114801978747338
452.0153	0.114699081842862
450.5983	0.113794061656454
449.1813	0.11373324186785
447.7643	0.115315887179986
446.3474	0.116386826883052
444.9304	0.11764355446376
443.5134	0.118054944925279
442.0964	0.119608005577922
440.6795	0.119715965870466
439.2625	0.121267706002855
437.8455	0.12205239072876
436.4285	0.122735945028217
435.0116	0.122377550202437
433.5946	0.122771516130058
432.1776	0.122002979016878
430.7606	0.12255886607028
429.3437	0.123327923617192
427.9267	0.123940448914956
426.5097	0.124874625007586
425.0927	0.125567988407372
423.6758	0.125956156296583
422.2588	0.125874913736485
420.8418	0.126122090774344
419.4248	0.125086013157104
418.0078	0.12416613638097
416.5909	0.124279058803797
415.1739	0.124710741455732
413.7569	0.125353567300201
412.3399	0.126651304783312
410.923	0.126338941619021
409.506	0.126868024808598
408.089	0.12684973338835
406.672	0.12760264545703
405.2551	0.128296836697035
403.8381	0.12883390877613
402.4211	0.130450785237862
401.0041	0.12952742676633
