3994.4546	0.021680495111935
3993.0377	0.0210624865951961
3991.6207	0.0204611733496056
3990.2037	0.0213532131857489
3988.7867	0.0210979555808327
3987.3698	0.0212180820691886
3985.9528	0.0201981555302723
3984.5358	0.0209404569693644
3983.1188	0.0216599136991484
3981.7019	0.0207503000736258
3980.2849	0.0213514213032968
3978.8679	0.0201977072138161
3977.4509	0.0208325687827747
3976.034	0.0213546659532031
3974.617	0.0210859886791205
3973.2	0.0203815488922245
3971.783	0.0213300158802972
3970.3661	0.0213719937568327
3968.9491	0.0215551465908615
3967.5321	0.0212401083372785
3966.1151	0.0208336531584621
3964.6982	0.0210123170894009
3963.2812	0.0206528957594784
3961.8642	0.0215222022737705
3960.4472	0.0214524700358704
3959.0303	0.0209041898909462
3957.6133	0.0209889904354544
3956.1963	0.0204025659384286
3954.7793	0.0194980440816227
3953.3624	0.0205598768122859
3951.9454	0.0201451097308517
3950.5284	0.020803062157169
3949.1114	0.0208813591694056
3947.6944	0.0204649939880133
3946.2775	0.0213483554203319
3944.8605	0.0201566628178283
3943.4435	0.0198213306046979
3942.0265	0.0213372357335742
3940.6096	0.0209474320721158
3939.1926	0.0210812439198448
3937.7756	0.0206962619341425
3936.3586	0.0214008828481218
3934.9417	0.0198078997289901
3933.5247	0.0204389632330009
3932.1077	0.020124551593961
3930.6907	0.0210566382111573
3929.2738	0.0198643688772321
3927.8568	0.0197886831830787
3926.4398	0.0209305714173845
3925.0228	0.0209769015615362
3923.6059	0.0196792967357208
3922.1889	0.0210823564422172
3920.7719	0.0211810730292916
3919.3549	0.0206786361668665
3917.938	0.0197620385979681
3916.521	0.0202882211197689
3915.104	0.0210014704031263
3913.687	0.0203928973116033
3912.2701	0.0205480721864395
3910.8531	0.0210036056272538
3909.4361	0.0205549939899323
3908.0191	0.0206022067501622
3906.6022	0.0198026494973726
3905.1852	0.0205708858226359
3903.7682	0.0206822327425608
3902.3512	0.0195532134095661
3900.9342	0.0208226403873615
3899.5173	0.0200340167530967
3898.1003	0.021036526773956
3896.6833	0.0201227331524404
3895.2663	0.0208234675192804
3893.8494	0.0200454162809292
3892.4324	0.0200726752497754
3891.0154	0.0203071160722285
3889.5984	0.0209140279854023
3888.1815	0.020122650087493
3886.7645	0.0191598140034132
3885.3475	0.0199809554468849
3883.9305	0.019960473064286
3882.5136	0.0197256679859828
3881.0966	0.0205202163942219
3879.6796	0.0208385537971885
3878.2626	0.0210331501791408
3876.8457	0.02003157168691
3875.4287	0.0201011742957245
3874.0117	0.0204592940383765
3872.5947	0.0199101086555815
3871.1778	0.0201295015207148
3869.7608	0.0202472378536965
3868.3438	0.0203939228492239
3866.9268	0.0196899834254007
3865.5099	0.020269310687349
3864.0929	0.0207207152365706
3862.6759	0.0207577175152468
3861.2589	0.0203624898982544
3859.842	0.021313416114493
3858.425	0.0206406997273326
3857.008	0.0209100308858699
3855.591	0.0198232329803795
3854.174	0.0199547687197195
3852.7571	0.0200952540682686
3851.3401	0.0201223230812453
3849.9231	0.0203406318116349
3848.5061	0.0193556258908201
3847.0892	0.0202372584731743
3845.6722	0.0200901534467399
3844.2552	0.0194397339510049
3842.8382	0.019458406728553
3841.4213	0.0194813508684354
3840.0043	0.0196809708538039
3838.5873	0.0201752014111602
3837.1703	0.0203375114310804
3835.7534	0.020500459731155
3834.3364	0.020504497787781
3832.9194	0.019469684855863
3831.5024	0.0198596243791489
3830.0855	0.0199723231969803
3828.6685	0.0203329803043093
3827.2515	0.0202000219625831
3825.8345	0.01988200108885
3824.4176	0.0207595548429341
3823.0006	0.0201359511192987
3821.5836	0.0202657043163295
3820.1666	0.0202138983203541
3818.7497	0.0193491792412025
3817.3327	0.0199917851800984
3815.9157	0.0188398289653304
3814.4987	0.0191976719451853
3813.0818	0.0198739232310564
3811.6648	0.0192361207413348
3810.2478	0.0195644096813514
3808.8308	0.0198576954099906
3807.4138	0.0196804400134917
3805.9969	0.0196295254727
3804.5799	0.0201252387447761
3803.1629	0.0199482166789447
3801.7459	0.0203469658788305
3800.329	0.0186336990809279
3798.912	0.020711025793688
3797.495	0.0194112863030464
3796.078	0.0195570567981038
3794.6611	0.0192257514314644
3793.2441	0.0184553676279429
3791.8271	0.019698029850291
3790.4101	0.0192381616360876
3788.9932	0.0187867369234458
3787.5762	0.0201526248867419
3786.1592	0.0196007297376923
3784.7422	0.019351281401137
3783.3253	0.0184051605315375
3781.9083	0.0195934546970095
3780.4913	0.0197553814714787
3779.0743	0.019371729607989
3777.6574	0.020426582051353
3776.2404	0.0192055341311339
3774.8234	0.0193889696752593
3773.4064	0.0201471204782983
3771.9895	0.0193442384332213
3770.5725	0.0189515155369292
3769.1555	0.0182215310189499
3767.7385	0.0187126112466007
3766.3216	0.0188674039602431
3764.9046	0.0199279945669918
3763.4876	0.0182250837180974
3762.0706	0.0186319354596446
3760.6536	0.0198883523594267
3759.2367	0.0191892875119058
3757.8197	0.0204717813908504
3756.4027	0.0192931156914972
3754.9857	0.019083703880091
3753.5688	0.0196656531340808
3752.1518	0.0195644856246568
3750.7348	0.0198726240850758
3749.3178	0.0198669314366628
3747.9009	0.0192371160426168
3746.4839	0.0186525089365232
3745.0669	0.0187737810790181
3743.6499	0.0189659652350255
3742.233	0.0193048721599252
3740.816	0.01922340685092
3739.399	0.019249240936265
3737.982	0.0191254327730722
3736.5651	0.018410952607097
3735.1481	0.0202305962325471
3733.7311	0.0190463417149148
3732.3141	0.0191325717755985
3730.8972	0.0187456660923817
3729.4802	0.0183101755641357
3728.0632	0.0176302941307992
3726.6462	0.0190039834600419
3725.2293	0.0185771851567154
3723.8123	0.0185252527555323
3722.3953	0.0182553625862977
3720.9783	0.0179670578916159
3719.5614	0.0180010900104197
3718.1444	0.0181713627916076
3716.7274	0.0187467744072472
3715.3104	0.0180006074659548
3713.8935	0.0184275973782332
3712.4765	0.0179717441708862
3711.0595	0.01788205119588
3709.6425	0.0186804379836171
3708.2255	0.0190701856806355
3706.8086	0.0186533199764798
3705.3916	0.0195169016872979
3703.9746	0.0192438833289089
3702.5576	0.0191672304931425
3701.1407	0.0185738275401467
3699.7237	0.0180025628706132
3698.3067	0.0186137702609295
3696.8897	0.0178859997354568
3695.4728	0.0186178702624143
3694.0558	0.018581558557029
3692.6388	0.0172406830560002
3691.2218	0.01813738730723
3689.8049	0.0177890216735639
3688.3879	0.0182978936250462
3686.9709	0.0192575949502974
3685.5539	0.0178682024773744
3684.137	0.0181516456847483
3682.72	0.0185157614806724
3681.303	0.0179027196847881
3679.886	0.018828117988801
3678.4691	0.0176971226400289
3677.0521	0.0174183492852869
3675.6351	0.0180489229958133
3674.2181	0.0183454648089221
3672.8012	0.0186322354556324
3671.3842	0.0189957943278408
3669.9672	0.0186234678984968
3668.5502	0.0177057193614161
3667.1333	0.0178338753029861
3665.7163	0.0180274094844715
3664.2993	0.0179921701059694
3662.8823	0.0178702760417377
3661.4653	0.0177627503432083
3660.0484	0.0181947554150507
3658.6314	0.0190144827647289
3657.2144	0.0176493849871787
3655.7974	0.0175677566431625
3654.3805	0.0183530836996811
3652.9635	0.0177456270064572
3651.5465	0.0175340489783413
3650.1295	0.0182737387096284
3648.7126	0.019062307267839
3647.2956	0.018232837864116
3645.8786	0.0187584037719238
3644.4616	0.0190401250031135
3643.0447	0.0182169247962989
3641.6277	0.0193099770796114
3640.2107	0.0187172950625427
3638.7937	0.0190281850563229
3637.3768	0.0188187740188593
3635.9598	0.0186967646570006
3634.5428	0.0191964113832407
3633.1258	0.019709526927202
3631.7089	0.0191268744050315
3630.2919	0.019859654567364
3628.8749	0.0203681686471666
3627.4579	0.019679286893679
3626.041	0.0208022229747614
3624.624	0.0196532054783596
3623.207	0.0197077739057969
3621.79	0.0198909838621532
3620.3731	0.0206901112918457
3618.9561	0.0204825490210536
3617.5391	0.0208806632080815
3616.1221	0.0209066493912133
3614.7051	0.0201161310881218
3613.2882	0.0219638162225515
3611.8712	0.0213633864928896
3610.4542	0.020550278283625
3609.0372	0.0208813958199295
3607.6203	0.0212885380499658
3606.2033	0.0214004987230316
3604.7863	0.0214109563061255
3603.3693	0.0208429666142306
3601.9524	0.0221295628392066
3600.5354	0.0219472007202355
3599.1184	0.0204510453396247
3597.7014	0.0210932155849323
3596.2845	0.021317616738849
3594.8675	0.0222690601104605
3593.4505	0.022874060012838
3592.0335	0.0226877327953258
3590.6166	0.022892857380191
3589.1996	0.0220745717517941
3587.7826	0.023331311089906
3586.3656	0.0230800999193652
3584.9487	0.0235997921238313
3583.5317	0.0243499567926797
3582.1147	0.0240628573926364
3580.6977	0.0237380260279576
3579.2808	0.0246725781733928
3577.8638	0.0241486185165691
3576.4468	0.0242824432748681
3575.0298	0.0250762133615549
3573.6129	0.0256047269685131
3572.1959	0.0252027119894213
3570.7789	0.0245130296407334
3569.3619	0.0258339700475485
3567.9449	0.0253680013007619
3566.528	0.0262416442347156
3565.111	0.0269347528880491
3563.694	0.0278871583931074
3562.277	0.0272066856055412
3560.8601	0.0284536588310193
3559.4431	0.0278631247450252
3558.0261	0.0296813134354323
3556.6091	0.0283877803455232
3555.1922	0.0295087936528194
3553.7752	0.0293813866950037
3552.3582	0.0282328074223919
3550.9412	0.0288293737512597
3549.5243	0.029593021316963
3548.1073	0.028990104550427
3546.6903	0.0304695031547931
3545.2733	0.031010948187351
3543.8564	0.0309629304071591
3542.4394	0.0311274406557099
3541.0224	0.0314956550562993
3539.6054	0.0319704353296156
3538.1885	0.0315239759364792
3536.7715	0.0325154132445466
3535.3545	0.0319701163223798
3533.9375	0.0331389746829363
3532.5206	0.033553063676761
3531.1036	0.0339414231152043
3529.6866	0.0333546879182132
3528.2696	0.0331962960400163
3526.8527	0.034702050131311
3525.4357	0.033597008947386
3524.0187	0.0349340468794734
3522.6017	0.0347642564616359
3521.1847	0.0348389935895006
3519.7678	0.0365394385255575
3518.3508	0.0358289445069833
3516.9338	0.0364121375572261
3515.5168	0.0359403677650769
3514.0999	0.0368814419420748
3512.6829	0.0371552697761105
3511.2659	0.036352694421806
3509.8489	0.0375677244319713
3508.432	0.0377603480052826
3507.015	0.0382162462494446
3505.598	0.0389921556070157
3504.181	0.0378526596588753
3502.7641	0.0388574492503047
3501.3471	0.0388233802328649
3499.9301	0.0399618848713034
3498.5131	0.0401456851941182
3497.0962	0.0408294006783401
3495.6792	0.0409378030970972
3494.2622	0.0413395558141154
3492.8452	0.0408170594040632
3491.4283	0.0418437258019833
3490.0113	0.0421202165790598
3488.5943	0.0413187001799894
3487.1773	0.0421715491673332
3485.7604	0.0437368507815449
3484.3434	0.0429211290382068
3482.9264	0.0427011557951472
3481.5094	0.043174514945666
3480.0925	0.0434959221987697
3478.6755	0.0443433188151369
3477.2585	0.0442398543562319
3475.8415	0.0448381855526001
3474.4245	0.0450043435699034
3473.0076	0.0446002813169846
3471.5906	0.0445626304966867
3470.1736	0.0459412005029936
3468.7566	0.0466765031440075
3467.3397	0.0470547084029509
3465.9227	0.0467496434652699
3464.5057	0.0467449305319451
3463.0887	0.0475309218999093
3461.6718	0.0475659808639877
3460.2548	0.0465904369397445
3458.8378	0.0475657899822691
3457.4208	0.0475575375454924
3456.0039	0.0478394285501328
3454.5869	0.0490236798768362
3453.1699	0.0488338256946495
3451.7529	0.049361247971026
3450.336	0.050244868483062
3448.919	0.050158446359039
3447.502	0.0498786401453577
3446.085	0.0498314545149288
3444.6681	0.0508396045135417
3443.2511	0.0510639226258102
3441.8341	0.0515898327452545
3440.4171	0.0508004803249761
3439.0002	0.0517648773772849
3437.5832	0.0517532130280081
3436.1662	0.0523421008391236
3434.7492	0.0522524713021264
3433.3323	0.0527874491479433
3431.9153	0.0524423740294082
3430.4983	0.0529483581523319
3429.0813	0.053411582269953
3427.6643	0.0540829686908946
3426.2474	0.0534331935594213
3424.8304	0.0539528997228098
3423.4134	0.0535351435228264
3421.9964	0.0543578513027095
3420.5795	0.0553263581472364
3419.1625	0.0554168567769059
3417.7455	0.0549028430947008
3416.3285	0.0560022348609158
3414.9116	0.0543744131148378
3413.4946	0.0559909192738381
3412.0776	0.0556933011813781
3410.6606	0.056862184584295
3409.2437	0.0563344458270294
3407.8267	0.0568941822274592
3406.4097	0.0580631992074274
3404.9927	0.0577648818103547
3403.5758	0.0579078931586509
3402.1588	0.0582545909330158
3400.7418	0.0580258359155009
3399.3248	0.0585894323556023
3397.9079	0.0585844328115644
3396.4909	0.0589083469842664
3395.0739	0.0587949333366496
3393.6569	0.0597148995720198
3392.24	0.0592301719054142
3390.823	0.0587260688181453
3389.406	0.0601879303609614
3387.989	0.0609074524556127
3386.5721	0.0599897390260768
3385.1551	0.0602857119940776
3383.7381	0.060634050520116
3382.3211	0.0607962533241709
3380.9041	0.061090710411656
3379.4872	0.0604847906166327
3378.0702	0.0602945811686
3376.6532	0.0612638444595991
3375.2362	0.0614374440057476
3373.8193	0.0626816512616024
3372.4023	0.0622563110742092
3370.9853	0.0627111857666703
3369.5683	0.0616461574517663
3368.1514	0.0625493665777629
3366.7344	0.0631096449714239
3365.3174	0.0630638707753111
3363.9004	0.0624416832595823
3362.4835	0.063716243506655
3361.0665	0.0630535091136742
3359.6495	0.0638135806871156
3358.2325	0.0639514048181794
3356.8156	0.0635945251523493
3355.3986	0.0634015738368714
3353.9816	0.0641238880996685
3352.5646	0.0648747455168944
3351.1477	0.0642154067559363
3349.7307	0.0645902361774816
3348.3137	0.0643132442400985
3346.8967	0.0650286445494474
3345.4798	0.0646522230870206
3344.0628	0.0646358211494718
3342.6458	0.0651554650738512
3341.2288	0.0652918952917292
3339.8119	0.0651824518877116
3338.3949	0.0658671929646061
3336.9779	0.065275366937419
3335.5609	0.0646330144225305
3334.1439	0.0660667735604459
3332.727	0.065510754314319
3331.31	0.0661200880872164
3329.893	0.0654724228597161
3328.476	0.0663149280644354
3327.0591	0.0652998287713531
3325.6421	0.0659619445130647
3324.2251	0.0663506682255783
3322.8081	0.0660468774592613
3321.3912	0.0661580241184272
3319.9742	0.0668016772439862
3318.5572	0.0664904624174619
3317.1402	0.0668611700580665
3315.7233	0.0669486020208456
3314.3063	0.0661868652479017
3312.8893	0.066827071856737
3311.4723	0.0662478621714512
3310.0554	0.067521759911707
3308.6384	0.0676763653865003
3307.2214	0.066842204106123
3305.8044	0.0675990962474945
3304.3875	0.0668307404128263
3302.9705	0.0677187240985747
3301.5535	0.0676372284591715
3300.1365	0.0664673375656956
3298.7196	0.0670183426347692
3297.3026	0.0674244210384353
3295.8856	0.0666687395963
3294.4686	0.0671916836890587
3293.0517	0.0671252567526906
3291.6347	0.0678171767366767
3290.2177	0.0677601073164821
3288.8007	0.0675612976900953
3287.3837	0.0679041593602121
3285.9668	0.0674358979948616
3284.5498	0.0675702686609312
3283.1328	0.0677255824927721
3281.7158	0.0673566154731358
3280.2989	0.0681306750908555
3278.8819	0.0668909179404205
3277.4649	0.067534029134235
3276.0479	0.0685733163125627
3274.631	0.0673297363962627
3273.214	0.0676216155337443
3271.797	0.0679143243853564
3270.38	0.0672963233325995
3268.9631	0.0678829348847945
3267.5461	0.0679827955549399
3266.1291	0.0678207120712685
3264.7121	0.0681589183717696
3263.2952	0.0674362767965093
3261.8782	0.0679680677292429
3260.4612	0.0677674399761573
3259.0442	0.0667925605516389
3257.6273	0.0680140302052763
3256.2103	0.0682551211321967
3254.7933	0.068351072897758
3253.3763	0.0669424133287022
3251.9594	0.0673343835511322
3250.5424	0.0673593948602097
3249.1254	0.0682962153293411
3247.7084	0.0672885770244553
3246.2915	0.0680310462700332
3244.8745	0.0676045839791667
3243.4575	0.0674863914587917
3242.0405	0.0677778738426593
3240.6235	0.0670845227901451
3239.2066	0.0666254476942578
3237.7896	0.0665414651596113
3236.3726	0.0678408152972224
3234.9556	0.0663042313843265
3233.5387	0.0672121143099104
3232.1217	0.0669379454807664
3230.7047	0.0673944086737151
3229.2877	0.0664801179483332
3227.8708	0.0669485666181095
3226.4538	0.0665012603687336
3225.0368	0.0667161046482342
3223.6198	0.0654911515298147
3222.2029	0.0660471597694716
3220.7859	0.0661169647710221
3219.3689	0.0665438705330568
3217.9519	0.0659376681406433
3216.535	0.064803444350032
3215.118	0.0656640543213295
3213.701	0.0656844745303829
3212.284	0.0656262330825406
3210.8671	0.0651704673858941
3209.4501	0.0655231233587962
3208.0331	0.0652917358361597
3206.6161	0.0657670896792723
3205.1992	0.0659516351399307
3203.7822	0.0651340408469219
3202.3652	0.0657883166404789
3200.9482	0.0664252921617453
3199.5313	0.0650845741221142
3198.1143	0.0645499776490778
3196.6973	0.0637175719374668
3195.2803	0.064284760344403
3193.8633	0.0636394466718913
3192.4464	0.0638655408862354
3191.0294	0.0641401540337048
3189.6124	0.0641115317388247
3188.1954	0.0629198690048364
3186.7785	0.0632293319238755
3185.3615	0.0643061570467428
3183.9445	0.0636627446558696
3182.5275	0.0634835996046902
3181.1106	0.0638311845452667
3179.6936	0.0619460409483581
3178.2766	0.0630096037534826
3176.8596	0.0632563218495222
3175.4427	0.0626666472572215
3174.0257	0.0625780473385442
3172.6087	0.0624840987919486
3171.1917	0.0627445924384503
3169.7748	0.0617017744241826
3168.3578	0.0628744318021378
3166.9408	0.0606615549745509
3165.5238	0.0619097010210268
3164.1069	0.0611403645375236
3162.6899	0.0605736325496216
3161.2729	0.060543064059722
3159.8559	0.0614552999562905
3158.439	0.0612624274188501
3157.022	0.0598441684971597
3155.605	0.058814662727714
3154.188	0.0603633469918468
3152.7711	0.0594371947183456
3151.3541	0.0596879651909622
3149.9371	0.0604059141906178
3148.5201	0.0599189901404261
3147.1031	0.0583955211947202
3145.6862	0.0595943882481572
3144.2692	0.0590112440273184
3142.8522	0.0599233583179531
3141.4352	0.0592958467431694
3140.0183	0.0599895458146462
3138.6013	0.0582797555372485
3137.1843	0.0575979765699956
3135.7673	0.05811710268559
3134.3504	0.0577462671170165
3132.9334	0.0577342000098371
3131.5164	0.0579212385224231
3130.0994	0.0581202672012153
3128.6825	0.0571031749743693
3127.2655	0.0575337597551082
3125.8485	0.0559277745008544
3124.4315	0.0562687637327208
3123.0146	0.0557327322499343
3121.5976	0.0555994657443292
3120.1806	0.055622883240471
3118.7636	0.0558885157766476
3117.3467	0.0564408303936429
3115.9297	0.0553076308186053
3114.5127	0.0555136805592821
3113.0957	0.0550337069821453
3111.6788	0.0545332069157585
3110.2618	0.0544407701996119
3108.8448	0.0552760224199633
3107.4278	0.0557948687807165
3106.0109	0.0552709045640253
3104.5939	0.054064452606464
3103.1769	0.0540604647370137
3101.7599	0.0543273485359829
3100.3429	0.0533868729628148
3098.926	0.0529554684594246
3097.509	0.053218079238778
3096.092	0.053971220422016
3094.675	0.0528597367782965
3093.2581	0.0527426080468953
3091.8411	0.0520181263807512
3090.4241	0.0522887108839506
3089.0071	0.0524909399836664
3087.5902	0.051991278851718
3086.1732	0.0513883919418097
3084.7562	0.0521051256764511
3083.3392	0.051819261490201
3081.9223	0.0519278272045675
3080.5053	0.0502852550563431
3079.0883	0.0507252918230035
3077.6713	0.0508100408560114
3076.2544	0.0505189523736818
3074.8374	0.050058822593993
3073.4204	0.0505567844769317
3072.0034	0.0502386842959996
3070.5865	0.050590878931435
3069.1695	0.0503018489315977
3067.7525	0.0500811792199721
3066.3355	0.0494302907222551
3064.9186	0.0489946891797735
3063.5016	0.0497604964769524
3062.0846	0.0492146461775782
3060.6676	0.0489161620989676
3059.2507	0.0488342742678961
3057.8337	0.0485899121054331
3056.4167	0.048089908674001
3054.9997	0.048659735807245
3053.5827	0.0483650051915288
3052.1658	0.0486263098608666
3050.7488	0.0478591879195006
3049.3318	0.0480483736548682
3047.9148	0.0475954782298154
3046.4979	0.04745882497203
3045.0809	0.0479408330683405
3043.6639	0.0475024028024535
3042.2469	0.0469618141551388
3040.83	0.0467959476786408
3039.413	0.0468262611093145
3037.996	0.0468377890466142
3036.579	0.0460153574384942
3035.1621	0.0462398680722815
3033.7451	0.0461863393770752
3032.3281	0.0453654945100968
3030.9111	0.0462129474185105
3029.4942	0.0451707137439996
3028.0772	0.0446991977833348
3026.6602	0.0449653711468601
3025.2432	0.0448833115104745
3023.8263	0.045427159955039
3022.4093	0.0454365036359834
3020.9923	0.0447160242757876
3019.5753	0.0447423599898911
3018.1584	0.0443479084243757
3016.7414	0.0444617502481932
3015.3244	0.0446893582471601
3013.9074	0.0444764815461495
3012.4905	0.0435738757719105
3011.0735	0.0436619014522843
3009.6565	0.0440861448989276
3008.2395	0.044022115612531
3006.8225	0.04428701510737
3005.4056	0.0435378902178301
3003.9886	0.042930057212898
3002.5716	0.0438742084799103
3001.1546	0.0434198381814119
2999.7377	0.0430073311330011
2998.3207	0.0433941899566283
2996.9037	0.0419639232826031
2995.4867	0.0424110733494811
2994.0698	0.0427781401859104
2992.6528	0.0430553142219236
2991.2358	0.0433500736803732
2989.8188	0.0428366851470149
2988.4019	0.0429049326167137
2986.9849	0.0432100203528666
2985.5679	0.0433038120978882
2984.1509	0.0427255672795656
2982.734	0.0429576840600776
2981.317	0.0436232345705965
2979.9	0.0437865562225215
2978.483	0.043728488918627
2977.0661	0.0424436791116908
2975.6491	0.0439482173132262
2974.2321	0.0434436474847721
2972.8151	0.0448923426162223
2971.3982	0.0446318205037545
2969.9812	0.0439724605698236
2968.5642	0.0454458817060843
2967.1472	0.045229238164844
2965.7303	0.044838807507098
2964.3133	0.0448246712294937
2962.8963	0.0454654765639032
2961.4793	0.0459092005673939
2960.0623	0.0455419823875226
2958.6454	0.0464440076750742
2957.2284	0.046484220107538
2955.8114	0.0472312076980455
2954.3944	0.0470624129403419
2952.9775	0.0468059752843465
2951.5605	0.0478410701522034
2950.1435	0.0481803271114399
2948.7265	0.0482322662917009
2947.3096	0.0480194821020472
2945.8926	0.0492992492099534
2944.4756	0.049207322644956
2943.0586	0.0499642971663295
2941.6417	0.0506912372490109
2940.2247	0.0504582196083847
2938.8077	0.0505744852614594
2937.3907	0.051893158763585
2935.9738	0.0518871438146911
2934.5568	0.051827255403543
2933.1398	0.0523261970081519
2931.7228	0.0531056204459965
2930.3059	0.0525121917002929
2928.8889	0.0527777066117624
2927.4719	0.0534824487008533
2926.0549	0.05202338655869
2924.638	0.0529837819236301
2923.221	0.0529584901651979
2921.804	0.0535787073697
2920.387	0.0526542868562849
2918.9701	0.0534340161908637
2917.5531	0.0524290223954354
2916.1361	0.0529563434699477
2914.7191	0.053751693498719
2913.3021	0.052802185554083
2911.8852	0.0522147748064804
2910.4682	0.0527578320121309
2909.0512	0.0519052221002398
2907.6342	0.0522207602779728
2906.2173	0.0513927862010941
2904.8003	0.052407709979939
2903.3833	0.0517165647971079
2901.9663	0.0514559609803165
2900.5494	0.0516585870576955
2899.1324	0.0520183902863213
2897.7154	0.0520158082323565
2896.2984	0.0526566232534817
2894.8815	0.0521105134569249
2893.4645	0.0522328919238193
2892.0475	0.0511336454915787
2890.6305	0.0513415087918933
2889.2136	0.0517612680351678
2887.7966	0.0513174165505496
2886.3796	0.051087780148178
2884.9626	0.050987950715815
2883.5457	0.0521774392680278
2882.1287	0.051502006399635
2880.7117	0.0512261846174241
2879.2947	0.0510197866039589
2877.8778	0.0506281623017875
2876.4608	0.0512214283562584
2875.0438	0.0495008810698247
2873.6268	0.0508189454650211
2872.2099	0.0504969702383503
2870.7929	0.0495162765294959
2869.3759	0.0490773671782011
2867.9589	0.0490671085023684
2866.5419	0.0492466094225314
2865.125	0.0488809880191212
2863.708	0.0491482572052901
2862.291	0.0486815245205698
2860.874	0.0483949832369436
2859.4571	0.0480844896944727
2858.0401	0.048398734780273
2856.6231	0.0473295158862522
2855.2061	0.0466840849074859
2853.7892	0.0477225295512862
2852.3722	0.047116407761543
2850.9552	0.0470957665185843
2849.5382	0.0473978297286224
2848.1213	0.046623322415798
2846.7043	0.0471647420451691
2845.2873	0.0465389688827097
2843.8703	0.0463823080227758
2842.4534	0.0467385323544136
2841.0364	0.0462591029196398
2839.6194	0.0462221059814608
2838.2024	0.0450025418970278
2836.7855	0.0446736610179667
2835.3685	0.0458610202508107
2833.9515	0.0446690734318852
2832.5345	0.0449282432502238
2831.1176	0.0450000855820762
2829.7006	0.0450354538613282
2828.2836	0.0448889251217828
2826.8666	0.044651294307557
2825.4497	0.0439000153932453
2824.0327	0.0446734218708882
2822.6157	0.0441044554592932
2821.1987	0.0438987778782836
2819.7817	0.0433958381738357
2818.3648	0.0430015927909088
2816.9478	0.0436950460891898
2815.5308	0.0434880789021401
2814.1138	0.0432482832547929
2812.6969	0.042849481650711
2811.2799	0.0432850130494784
2809.8629	0.043059062733581
2808.4459	0.0429280296382337
2807.029	0.0428687624869246
2805.612	0.0418811593390812
2804.195	0.0424306527421093
2802.778	0.0418600905985198
2801.3611	0.0420488917772484
2799.9441	0.0428411804118393
2798.5271	0.0421362756912031
2797.1101	0.0416112687685101
2795.6932	0.0417402397007367
2794.2762	0.0417747845544312
2792.8592	0.0425019434701886
2791.4422	0.0421760443723944
2790.0253	0.0420161153766515
2788.6083	0.0408258341421743
2787.1913	0.0416615084591403
2785.7743	0.0422575767769871
2784.3574	0.0418637856058658
2782.9404	0.0412104326614892
2781.5234	0.0399445283265106
2780.1064	0.0410743885793449
2778.6895	0.0413705237970026
2777.2725	0.0408950895687933
2775.8555	0.0414553239237684
2774.4385	0.0402802472360634
2773.0215	0.0406334456041925
2771.6046	0.0406247898316016
2770.1876	0.0406775257296399
2768.7706	0.0404067353648009
2767.3536	0.0399542053223515
2765.9367	0.0403558137050778
2764.5197	0.040007678920364
2763.1027	0.0402910459943517
2761.6857	0.0403050920315406
2760.2688	0.0405393808010683
2758.8518	0.0404060939580229
2757.4348	0.0400793941428247
2756.0178	0.0399886249044142
2754.6009	0.0399389571764013
2753.1839	0.0412535973124814
2751.7669	0.0408889423233958
2750.3499	0.0401432910576095
2748.933	0.0414919252214808
2747.516	0.0405864598869342
2746.099	0.0396765278051798
2744.682	0.0406614056185781
2743.2651	0.0399448567359098
2741.8481	0.0403247893545698
2740.4311	0.0405215607786793
2739.0141	0.0395906902755069
2737.5972	0.0397695351355086
2736.1802	0.0401587127764898
2734.7632	0.0395156653568215
2733.3462	0.0404648448896734
2731.9293	0.0396987925033975
2730.5123	0.0401284243038447
2729.0953	0.0395823190701193
2727.6783	0.0397157202180337
2726.2613	0.0393536162646698
2724.8444	0.0389797231675886
2723.4274	0.0393112031311549
2722.0104	0.0399085747715877
2720.5934	0.0391603419372372
2719.1765	0.0390296265231279
2717.7595	0.0396493127624407
2716.3425	0.03953390028815
2714.9255	0.0389023579462478
2713.5086	0.0385451003535196
2712.0916	0.0393591542998595
2710.6746	0.039278347725491
2709.2576	0.0388620327228266
2707.8407	0.0390961367115789
2706.4237	0.0396648026040044
2705.0067	0.0394261441563133
2703.5897	0.0397196294408195
2702.1728	0.0385051132187834
2700.7558	0.0394102605566264
2699.3388	0.0387027376369673
2697.9218	0.038689028127646
2696.5049	0.038719115004308
2695.0879	0.0393528028726504
2693.6709	0.0386393144323754
2692.2539	0.0390070391127841
2690.837	0.03928239958316
2689.42	0.038928685491086
2688.003	0.0382310110438192
2686.586	0.0379780213995344
2685.1691	0.0385490884301962
2683.7521	0.0384401507571853
2682.3351	0.0380056452639361
2680.9181	0.0378350449853918
2679.5011	0.0382992293065978
2678.0842	0.0387334982617256
2676.6672	0.0384973122920027
2675.2502	0.0381026318148234
2673.8332	0.0385964339772405
2672.4163	0.038308153017723
2670.9993	0.0386759052156947
2669.5823	0.0386136349677104
2668.1653	0.0379136746370404
2666.7484	0.0385106168166951
2665.3314	0.0376375802257984
2663.9144	0.0373776338494318
2662.4974	0.0375314444284535
2661.0805	0.038493782934682
2659.6635	0.0386700170448628
2658.2465	0.0389075916021097
2656.8295	0.0381015198354541
2655.4126	0.0380132793262742
2653.9956	0.0372365412626997
2652.5786	0.0379953167850873
2651.1616	0.0376593723354002
2649.7447	0.0373732057701746
2648.3277	0.0377444201444477
2646.9107	0.0374172246133871
2645.4937	0.0371621109371914
2644.0768	0.0363843078619915
2642.6598	0.037172430139072
2641.2428	0.0374944149968243
2639.8258	0.0376675092053244
2638.4089	0.0369716091543342
2636.9919	0.0368520515917362
2635.5749	0.0371576137525
2634.1579	0.0373864443210924
2632.741	0.036819425718902
2631.324	0.0372336121272115
2629.907	0.0368882382341581
2628.49	0.0367199765206444
2627.073	0.0363394327986285
2625.6561	0.0368793515588378
2624.2391	0.0364327240202697
2622.8221	0.0366879768442438
2621.4051	0.0364658281952652
2619.9882	0.0356017988501646
2618.5712	0.0362453024031599
2617.1542	0.0357545299122962
2615.7372	0.0356240837305672
2614.3203	0.0360637016834423
2612.9033	0.035758011333925
2611.4863	0.0356833517381013
2610.0693	0.036325996647902
2608.6524	0.036308623745377
2607.2354	0.0350787722860889
2605.8184	0.035126852368429
2604.4014	0.0355386044739939
2602.9845	0.0347766330239555
2601.5675	0.0350393250313093
2600.1505	0.0349345033626865
2598.7335	0.0362872406144021
2597.3166	0.0357520395473349
2595.8996	0.0358019736345267
2594.4826	0.0348632863582339
2593.0656	0.0361628957612094
2591.6487	0.0355302506479171
2590.2317	0.0353983357626155
2588.8147	0.0349664364267846
2587.3977	0.0347719357481664
2585.9808	0.0353711102159404
2584.5638	0.0346444398480766
2583.1468	0.0343849124792217
2581.7298	0.0357832083934608
2580.3128	0.0345556362635653
2578.8959	0.0344412444175882
2577.4789	0.0350269391114466
2576.0619	0.0344547047303692
2574.6449	0.0340160169708798
2573.228	0.0349660030427324
2571.811	0.0344744127519451
2570.394	0.0345627601231549
2568.977	0.0344369181796931
2567.5601	0.0342042162231138
2566.1431	0.0342323394063167
2564.7261	0.0343108557819216
2563.3091	0.0333665713205054
2561.8922	0.0344257894912757
2560.4752	0.033648573519059
2559.0582	0.0348800962346409
2557.6412	0.0347076355534458
2556.2243	0.0344801717401402
2554.8073	0.0339393212753001
2553.3903	0.0334558253390291
2551.9733	0.0339745210832861
2550.5564	0.0328999348790524
2549.1394	0.034549960098504
2547.7224	0.033709510832726
2546.3054	0.033275875702461
2544.8885	0.03271032320396
2543.4715	0.0344848947663947
2542.0545	0.0338437176442951
2540.6375	0.034103339261272
2539.2206	0.0338428540893005
2537.8036	0.0335857094022944
2536.3866	0.0334866487553222
2534.9696	0.0333080422170538
2533.5526	0.0332717752715881
2532.1357	0.0333836487991888
2530.7187	0.0338447019161549
2529.3017	0.0344493769158381
2527.8847	0.0334942997110527
2526.4678	0.0334126905939034
2525.0508	0.0333035865852589
2523.6338	0.0342717834543865
2522.2168	0.0335035180098916
2520.7999	0.0332895693616235
2519.3829	0.033000648383781
2517.9659	0.0325995306014752
2516.5489	0.0327339202127893
2515.132	0.0332177772639579
2513.715	0.0333293939819408
2512.298	0.0328441468095467
2510.881	0.0336936270219448
2509.4641	0.032496932998772
2508.0471	0.0338723397371573
2506.6301	0.0329742234902735
2505.2131	0.0327974247063145
2503.7962	0.0332252835107776
2502.3792	0.0330929639536285
2500.9622	0.0337888525393606
2499.5452	0.032889945658774
2498.1283	0.0332401928925607
2496.7113	0.032971021177027
2495.2943	0.03260396175656
2493.8773	0.0326807047528705
2492.4604	0.0327965000406367
2491.0434	0.0328912503817363
2489.6264	0.0336194783847109
2488.2094	0.0323812494435515
2486.7924	0.0328714381700244
2485.3755	0.0320636426857817
2483.9585	0.0326808138809813
2482.5415	0.0321376440990608
2481.1245	0.032734095454823
2479.7076	0.033199786528325
2478.2906	0.0327258352366705
2476.8736	0.0317078599709123
2475.4566	0.0319696334090889
2474.0397	0.0325710485974522
2472.6227	0.03285320225924
2471.2057	0.0328003353188178
2469.7887	0.0323843143409487
2468.3718	0.0325721781724953
2466.9548	0.0324242128324125
2465.5378	0.0327402748600703
2464.1208	0.0325171615481081
2462.7039	0.0329522969717724
2461.2869	0.0321191311155814
2459.8699	0.0324906881399793
2458.4529	0.0326853520242369
2457.036	0.0325351533502755
2455.619	0.0317399750931734
2454.202	0.032006037524139
2452.785	0.0315587914247449
2451.3681	0.0312237965548103
2449.9511	0.0315759673042487
2448.5341	0.0316887125449487
2447.1171	0.0325529740640706
2445.7002	0.0319718517007682
2444.2832	0.0321911868361109
2442.8662	0.0317800086503891
2441.4492	0.0320719342491867
2440.0322	0.0318852813583015
2438.6153	0.0322436784253947
2437.1983	0.0322486234007281
2435.7813	0.0312497530679398
2434.3643	0.032255041309316
2432.9474	0.0309317681341225
2431.5304	0.0311777521843428
2430.1134	0.0311558109621949
2428.6964	0.0322323054399181
2427.2795	0.0321529156221179
2425.8625	0.0313826134000183
2424.4455	0.0319787434096577
2423.0285	0.0306673565738975
2421.6116	0.0311477370863637
2420.1946	0.0313850593195108
2418.7776	0.0308537813003559
2417.3606	0.0315259125532912
2415.9437	0.0320640640793188
2414.5267	0.0311883722876595
2413.1097	0.0311041100018717
2411.6927	0.031194519874664
2410.2758	0.0308347564596297
2408.8588	0.0302834814245556
2407.4418	0.0310298762167648
2406.0248	0.0310410987122575
2404.6079	0.0315134143617067
2403.1909	0.0306310094054973
2401.7739	0.0301686359098078
2400.3569	0.0316073658694289
2398.94	0.0305411178317307
2397.523	0.0319281335505064
2396.106	0.0317076005456995
2394.689	0.0304185690528466
2393.272	0.0305984762586686
2391.8551	0.0312902566515301
2390.4381	0.0304326021239081
2389.0211	0.031902989728643
2387.6041	0.0303619076388921
2386.1872	0.029879283749869
2384.7702	0.0307273426752767
2383.3532	0.0306146019843127
2381.9362	0.0303099939862529
2380.5193	0.03084257980801
2379.1023	0.0307252442492012
2377.6853	0.0312000444259593
2376.2683	0.0302125315673259
2374.8514	0.0300936111607242
2373.4344	0.0297072090681076
2372.0174	0.0291730019671437
2370.6004	0.0303516554636006
2369.1835	0.0299896425572323
2367.7665	0.030794255297295
2366.3495	0.0312457300217048
2364.9325	0.0298094186810661
2363.5156	0.0298366535296052
2362.0986	0.0302454127559046
2360.6816	0.0302568386483751
2359.2646	0.0309529539532231
2357.8477	0.0308855151640551
2356.4307	0.0303657773589068
2355.0137	0.0306233050364223
2353.5967	0.0310768753317853
2352.1798	0.0305984047823339
2350.7628	0.0307059734081305
2349.3458	0.0307361433136944
2347.9288	0.0301333611330196
2346.5118	0.0299647298347653
2345.0949	0.0304583167311661
2343.6779	0.0308447077807737
2342.2609	0.0311714989508077
2340.8439	0.0304378069633872
2339.427	0.0295108934287049
2338.01	0.0298765586137479
2336.593	0.0294114938954381
2335.176	0.0293771910367074
2333.7591	0.0296424845715897
2332.3421	0.0300655448430106
2330.9251	0.0302654237625344
2329.5081	0.0309954834942084
2328.0912	0.0304059706778948
2326.6742	0.0316100480984441
2325.2572	0.031405742647915
2323.8402	0.0308087781348919
2322.4233	0.0308875479620232
2321.0063	0.0302185270697236
2319.5893	0.0304735389077245
2318.1723	0.03122907216966
2316.7554	0.0302564576243538
2315.3384	0.0303992708537742
2313.9214	0.0300040964521086
2312.5044	0.0301527634776089
2311.0875	0.0297282894183916
2309.6705	0.0301903959712549
2308.2535	0.0300585993969642
2306.8365	0.0294548542592886
2305.4196	0.0302263996327884
2304.0026	0.0299875855827963
2302.5856	0.0303715491448081
2301.1686	0.0292579516452425
2299.7516	0.0300466961200886
2298.3347	0.0296586542288285
2296.9177	0.0299279937162208
2295.5007	0.0294017807270238
2294.0837	0.029301036644509
2292.6668	0.0292642569029043
2291.2498	0.030825446167119
2289.8328	0.0297167861489963
2288.4158	0.0299140526209942
2286.9989	0.0304437116563694
2285.5819	0.0307520683056572
2284.1649	0.0302209809979446
2282.7479	0.0306688882968685
2281.331	0.0288344363685887
2279.914	0.0291143742969424
2278.497	0.0286191883169429
2277.08	0.0299369922170932
2275.6631	0.0290885700364849
2274.2461	0.0293230446793928
2272.8291	0.0292666473271948
2271.4121	0.0295299303363111
2269.9952	0.0293313172822449
2268.5782	0.0296041529329735
2267.1612	0.0278669539037523
2265.7442	0.0286186392510283
2264.3273	0.0298787097146821
2262.9103	0.0294132374378432
2261.4933	0.0287226734108738
2260.0763	0.0286403095752581
2258.6594	0.0283631514605206
2257.2424	0.0291089785710858
2255.8254	0.0288133487270628
2254.4084	0.0279511488990449
2252.9914	0.0284268948125566
2251.5745	0.0288630189282095
2250.1575	0.0284579706856691
2248.7405	0.0286616848109964
2247.3235	0.0290224237051735
2245.9066	0.0293457290574837
2244.4896	0.0294692267032409
2243.0726	0.0291072993194259
2241.6556	0.0283256642426408
2240.2387	0.0281610818096215
2238.8217	0.0286162888656238
2237.4047	0.0277444373164063
2235.9877	0.0281225725924477
2234.5708	0.0277716248636866
2233.1538	0.0279957132318808
2231.7368	0.0281097460766723
2230.3198	0.0282003068824548
2228.9029	0.0290095017127904
2227.4859	0.0297656814819018
2226.0689	0.0285601414132147
2224.6519	0.0282431554706408
2223.235	0.0282669101839908
2221.818	0.0287598556557263
2220.401	0.0289379703549296
2218.984	0.028316597970004
2217.5671	0.0282307864050963
2216.1501	0.0285856480222215
2214.7331	0.0284549374190319
2213.3161	0.0278150415868381
2211.8992	0.0284754413874436
2210.4822	0.0280380366752896
2209.0652	0.0277651268500681
2207.6482	0.0275719585626268
2206.2312	0.0286327172124375
2204.8143	0.0298739129809596
2203.3973	0.0291840591160738
2201.9803	0.0292921562051785
2200.5633	0.0284351179442431
2199.1464	0.0295794629914928
2197.7294	0.0290525718202989
2196.3124	0.0291980360881123
2194.8954	0.0291750516470645
2193.4785	0.0294232033661453
2192.0615	0.0302238129545965
2190.6445	0.0295099083157908
2189.2275	0.0295954497470458
2187.8106	0.0291694170420706
2186.3936	0.0277674245371783
2184.9766	0.0287771699272864
2183.5596	0.0290018070521271
2182.1427	0.0287795501125561
2180.7257	0.0290910163449085
2179.3087	0.0293417835353891
2177.8917	0.0291655569298002
2176.4748	0.0283119085725745
2175.0578	0.0287593484924433
2173.6408	0.0282140645410795
2172.2238	0.027175182214107
2170.8069	0.0258054381072694
2169.3899	0.0275152159776066
2167.9729	0.0270939565364873
2166.5559	0.0274043404447634
2165.139	0.0280105215377379
2163.722	0.0286067126958106
2162.305	0.0287617859090719
2160.888	0.0285844485617774
2159.471	0.0267364197574489
2158.0541	0.0259124972325823
2156.6371	0.0254704166084566
2155.2201	0.0247893204681847
2153.8031	0.0266995520952976
2152.3862	0.026521281172083
2150.9692	0.0266604383748905
2149.5522	0.0265748920726773
2148.1352	0.0261434507880998
2146.7183	0.0260084714568678
2145.3013	0.02605692836022
2143.8843	0.0267090257119255
2142.4673	0.0268879194419559
2141.0504	0.0273904906901266
2139.6334	0.0265316412702847
2138.2164	0.0273018904578514
2136.7994	0.0269775077077892
2135.3825	0.0277221771511061
2133.9655	0.0272086360544504
2132.5485	0.0264937213405424
2131.1315	0.0262090662558877
2129.7146	0.0262513368338216
2128.2976	0.0262934353125109
2126.8806	0.026497234005421
2125.4636	0.0271822169179978
2124.0467	0.0277144456541969
2122.6297	0.0277348881241714
2121.2127	0.0277769336030505
2119.7957	0.0274239212992838
2118.3788	0.0273353572452449
2116.9618	0.02825423319391
2115.5448	0.0277459114790999
2114.1278	0.0273450381081005
2112.7108	0.0277648872233284
2111.2939	0.0273293340020154
2109.8769	0.0283347443552666
2108.4599	0.0284037974761857
2107.0429	0.0279033148317925
2105.626	0.0283144725135302
2104.209	0.0275956691042698
2102.792	0.0276526908748146
2101.375	0.0279594470766108
2099.9581	0.0276180289191511
2098.5411	0.0277674450527012
2097.1241	0.0274136147375809
2095.7071	0.0267065570914978
2094.2902	0.0278737015398286
2092.8732	0.0265100179565215
2091.4562	0.0271258152636058
2090.0392	0.0267181899167761
2088.6223	0.027485527818837
2087.2053	0.0272045904266397
2085.7883	0.0273700973201991
2084.3713	0.0274981043487874
2082.9544	0.0274628286453709
2081.5374	0.0273577873140592
2080.1204	0.0284276470447997
2078.7034	0.0270428574790744
2077.2865	0.0278001090051822
2075.8695	0.0276794152288161
2074.4525	0.0276862541092056
2073.0355	0.0272295798020272
2071.6186	0.0276174247242462
2070.2016	0.0268848866488849
2068.7846	0.0271276897595794
2067.3676	0.0276731983707994
2065.9506	0.0270125967058584
2064.5337	0.0271515217287203
2063.1167	0.027577847048544
2061.6997	0.0278368902067674
2060.2827	0.0278190259770856
2058.8658	0.0276922422441596
2057.4488	0.0270150955852816
2056.0318	0.027047430392977
2054.6148	0.0274958313484027
2053.1979	0.0273413020065745
2051.7809	0.0276771390790159
2050.3639	0.0270731954942707
2048.9469	0.0268930298483026
2047.53	0.0261462321825657
2046.113	0.0262449457447051
2044.696	0.026684639641467
2043.279	0.027412581733724
2041.8621	0.0273354292610421
2040.4451	0.0265831253401805
2039.0281	0.0254860137794792
2037.6111	0.026145275942298
2036.1942	0.0267197655503201
2034.7772	0.0271505872666236
2033.3602	0.0258977113563438
2031.9432	0.0255066054580116
2030.5263	0.0260943327948942
2029.1093	0.0255091211012557
2027.6923	0.0251373538044826
2026.2753	0.0255511634325737
2024.8584	0.0246223995794311
2023.4414	0.0256763451869547
2022.0244	0.0263293221173946
2020.6074	0.0256497542586105
2019.1904	0.0271078527173956
2017.7735	0.0259247234095603
2016.3565	0.0251383147878804
2014.9395	0.0241388785003158
2013.5225	0.0243425262383888
2012.1056	0.0244051213977875
2010.6886	0.0236141724531586
2009.2716	0.024015374677541
2007.8546	0.0236702262331697
2006.4377	0.0237200922784831
2005.0207	0.0248242514946733
2003.6037	0.0243197594203643
2002.1867	0.0251880799393293
2000.7698	0.0255603935230348
1999.3528	0.0255537383388433
1997.9358	0.0248895123536568
1996.5188	0.0251183353339346
1995.1019	0.0246693304191271
1993.6849	0.0247739551797507
1992.2679	0.0253591444396547
1990.8509	0.0250846693209047
1989.434	0.0252440346862949
1988.017	0.0253060546482749
1986.6	0.0246840771648006
1985.183	0.0266575622364079
1983.7661	0.0261779594146672
1982.3491	0.0264924247955782
1980.9321	0.0270348339142338
1979.5151	0.0256054466914818
1978.0982	0.0258025472178755
1976.6812	0.0255532623410715
1975.2642	0.0251606810725376
1973.8472	0.0246903245759697
1972.4302	0.0255637933750361
1971.0133	0.0246942691712532
1969.5963	0.0252739834515141
1968.1793	0.0241044301948564
1966.7623	0.0239705512345303
1965.3454	0.0244105165909658
1963.9284	0.0251541384229293
1962.5114	0.0254336745055034
1961.0944	0.0255287309254995
1959.6775	0.0253625873582487
1958.2605	0.0255915758773432
1956.8435	0.024421575875654
1955.4265	0.0242321603774515
1954.0096	0.0254067271316674
1952.5926	0.0256713898963702
1951.1756	0.0257585101882911
1949.7586	0.025786554646962
1948.3417	0.0252360125617116
1946.9247	0.0244636009249808
1945.5077	0.025135356022651
1944.0907	0.0240150485293399
1942.6738	0.0243426684102509
1941.2568	0.0255767129793797
1939.8398	0.0254752201900234
1938.4228	0.0258394823629786
1937.0059	0.0257432496659565
1935.5889	0.0253318891158487
1934.1719	0.0243017457717124
1932.7549	0.0253078474334213
1931.338	0.0243271706776313
1929.921	0.0253702052987755
1928.504	0.024488737428172
1927.087	0.0246755585388377
1925.67	0.0257338944420609
1924.2531	0.0251378968968246
1922.8361	0.0265607135198983
1921.4191	0.0260210195770853
1920.0021	0.0254034326634042
1918.5852	0.0252410002264262
1917.1682	0.0262168821856092
1915.7512	0.025618430296621
1914.3342	0.0257985406599251
1912.9173	0.0249082599751129
1911.5003	0.0259108147113588
1910.0833	0.0250880883949154
1908.6663	0.025364417540218
1907.2494	0.0251806029738223
1905.8324	0.0258934534129909
1904.4154	0.0253054625598904
1902.9984	0.0251007521773337
1901.5815	0.0268135322131781
1900.1645	0.0258768395867597
1898.7475	0.0264761814191303
1897.3305	0.025412834046144
1895.9136	0.0257278696692174
1894.4966	0.0248927706955235
1893.0796	0.024986407008581
1891.6626	0.0255185566804683
1890.2457	0.0252768649694518
1888.8287	0.0254681955929416
1887.4117	0.0258120992342595
1885.9947	0.0254931339253622
1884.5778	0.0259079030744735
1883.1608	0.0258894885476387
1881.7438	0.026369297140714
1880.3268	0.0258678801935544
1878.9098	0.0257030994010938
1877.4929	0.0256906258200833
1876.0759	0.0246623805620605
1874.6589	0.0253246028829672
1873.2419	0.0252144953432608
1871.825	0.0248775184440388
1870.408	0.0254331982853808
1868.991	0.0251786641925102
1867.574	0.0261555511694204
1866.1571	0.0255507386501677
1864.7401	0.0258261395205797
1863.3231	0.0259866877405151
1861.9061	0.0251250453315866
1860.4892	0.0261099687127185
1859.0722	0.0248615388859247
1857.6552	0.0250193727726151
1856.2382	0.0246977908840755
1854.8213	0.0254399918314628
1853.4043	0.0254618368771724
1851.9873	0.0255117962778423
1850.5703	0.0255918392035201
1849.1534	0.0245533551628718
1847.7364	0.0258483344370659
1846.3194	0.0248490407036622
1844.9024	0.0245785950858925
1843.4855	0.0249426500755405
1842.0685	0.0261585320362583
1840.6515	0.0248620094211878
1839.2345	0.0254146437670101
1837.8176	0.0250335399929757
1836.4006	0.0251486928035697
1834.9836	0.0247873621796733
1833.5666	0.0248036648727875
1832.1496	0.0256595719267704
1830.7327	0.025348743166205
1829.3157	0.0245148060771148
1827.8987	0.0244302867526326
1826.4817	0.0247609227888048
1825.0648	0.0249343252309431
1823.6478	0.0248779110288966
1822.2308	0.0247734263308808
1820.8138	0.0247732724304018
1819.3969	0.0247817501617823
1817.9799	0.0250466016763633
1816.5629	0.0247324639780305
1815.1459	0.0244496844353775
1813.729	0.0241504517151543
1812.312	0.0255083393612484
1810.895	0.0240576666167766
1809.478	0.0251161690958082
1808.0611	0.0245651672729939
1806.6441	0.0247663265599553
1805.2271	0.0251469444597547
1803.8101	0.0247187780428151
1802.3932	0.0238872398725402
1800.9762	0.0235619487328723
1799.5592	0.0246936455411254
1798.1422	0.0247994356167164
1796.7253	0.0246163611613124
1795.3083	0.0238039068608756
1793.8913	0.0249775356534475
1792.4743	0.0247560867433061
1791.0574	0.0247690090300265
1789.6404	0.0258096970233357
1788.2234	0.0244595204209043
1786.8064	0.0247018747756387
1785.3894	0.0250812719148455
1783.9725	0.0253668286167031
1782.5555	0.0250320885165738
1781.1385	0.0244885617285525
1779.7215	0.0255866439034506
1778.3046	0.0245490758675551
1776.8876	0.0250174273547579
1775.4706	0.0251579005658376
1774.0536	0.0253057894848442
1772.6367	0.0247414728793768
1771.2197	0.0244112903783319
1769.8027	0.0248976080783712
1768.3857	0.02516781765664
1766.9688	0.0251368119939314
1765.5518	0.024993024500509
1764.1348	0.0249410005537127
1762.7178	0.0261699537609157
1761.3009	0.0254926248481857
1759.8839	0.0248680853900222
1758.4669	0.0245244044117112
1757.0499	0.0254233174153788
1755.633	0.0248934530297164
1754.216	0.0256040263700676
1752.799	0.0260644270588155
1751.382	0.025879529565237
1749.9651	0.0261052907081975
1748.5481	0.026572016714086
1747.1311	0.0272382230905907
1745.7141	0.0271731231379903
1744.2972	0.0270667380971707
1742.8802	0.0261596540824027
1741.4632	0.0281549991448511
1740.0462	0.0278755258582127
1738.6292	0.0280032798526635
1737.2123	0.028251046198028
1735.7953	0.0276991255107218
1734.3783	0.0276568032654141
1732.9613	0.028112803765358
1731.5444	0.0284388688451094
1730.1274	0.028262006420677
1728.7104	0.0278587855795765
1727.2934	0.0293574688824993
1725.8765	0.0297513501853348
1724.4595	0.0292662451688065
1723.0425	0.0286859841384243
1721.6255	0.0298640129441164
1720.2086	0.0296439787045431
1718.7916	0.029382588234895
1717.3746	0.030202591387914
1715.9576	0.0315072119425095
1714.5407	0.0313388774853533
1713.1237	0.0313129535680588
1711.7067	0.0315923901203895
1710.2897	0.0317306990454155
1708.8728	0.0322472993251177
1707.4558	0.0318455018234751
1706.0388	0.0321682164438023
1704.6218	0.0330260966505217
1703.2049	0.0327181805896362
1701.7879	0.0322989239269266
1700.3709	0.0335801414973651
1698.9539	0.0334472404987785
1697.537	0.0329623092536931
1696.12	0.0330949971443531
1694.703	0.0340069331482501
1693.286	0.0322492540416869
1691.869	0.0330626632053661
1690.4521	0.0332097433110826
1689.0351	0.0340812569208126
1687.6181	0.0335160797862461
1686.2011	0.0341760317576152
1684.7842	0.0332027385316877
1683.3672	0.0340613195594508
1681.9502	0.0351936650711769
1680.5332	0.0349937196459443
1679.1163	0.035041291831064
1677.6993	0.0348004480640913
1676.2823	0.0349375645461243
1674.8653	0.0349470391290769
1673.4484	0.0352320367892969
1672.0314	0.0359125216534574
1670.6144	0.0363462950296627
1669.1974	0.0369939513642216
1667.7805	0.0360981545880434
1666.3635	0.0364043821562605
1664.9465	0.0364707846925245
1663.5295	0.0370101825663062
1662.1126	0.0368900753968654
1660.6956	0.0378417240926833
1659.2786	0.0368713649530144
1657.8616	0.0370204944733635
1656.4447	0.0374229553669446
1655.0277	0.0387683906696192
1653.6107	0.0386137051212087
1652.1937	0.0391739061738502
1650.7768	0.0394729994678256
1649.3598	0.0393848439737422
1647.9428	0.0403719160982805
1646.5258	0.0408383822004142
1645.1088	0.0411790521128451
1643.6919	0.0422978653853475
1642.2749	0.0424407359458859
1640.8579	0.0435335958532096
1639.4409	0.0430043076802226
1638.024	0.0440366940394838
1636.607	0.0446355782326989
1635.19	0.0464090814734265
1633.773	0.046178597563055
1632.3561	0.0456814870907152
1630.9391	0.0467901334942719
1629.5221	0.0470202473613527
1628.1051	0.04784942702778
1626.6882	0.0479864846081215
1625.2712	0.0485345387341598
1623.8542	0.0488585464847591
1622.4372	0.0498952239053564
1621.0203	0.0497052403243486
1619.6033	0.0504509225177282
1618.1863	0.0507996459229989
1616.7693	0.0516455195485455
1615.3524	0.0520528286369767
1613.9354	0.0523123308835156
1612.5184	0.0517473045082611
1611.1014	0.0529163576008358
1609.6845	0.0522531110760136
1608.2675	0.0529843063260153
1606.8505	0.0552607680614419
1605.4335	0.0546186522995398
1604.0166	0.0554666250901142
1602.5996	0.0553229913618697
1601.1826	0.05538491023488
1599.7656	0.0564789412599858
1598.3486	0.0565192342075627
1596.9317	0.056292842044533
1595.5147	0.0553893207882469
1594.0977	0.0563259734587459
1592.6807	0.0559869650693235
1591.2638	0.0547576974633141
1589.8468	0.0544186500310789
1588.4298	0.0542223042590078
1587.0128	0.0541799479954092
1585.5959	0.0535051566058267
1584.1789	0.0534242379926239
1582.7619	0.052208860592877
1581.3449	0.0515392825599048
1579.928	0.0500821678257179
1578.511	0.0498438185202585
1577.094	0.0496861408413487
1575.677	0.0491313325555478
1574.2601	0.0482368338346745
1572.8431	0.0475391735226358
1571.4261	0.0476224485572486
1570.0091	0.047170911819231
1568.5922	0.0468834584640362
1567.1752	0.0460586917947495
1565.7582	0.0450472018148386
1564.3412	0.0447104969575846
1562.9243	0.0444031478780327
1561.5073	0.0426994365724317
1560.0903	0.0419799477893799
1558.6733	0.0422206159945378
1557.2564	0.0395426388225528
1555.8394	0.0402300863920401
1554.4224	0.0394171524755506
1553.0054	0.0387434556343454
1551.5885	0.0387845128257906
1550.1715	0.0385373434724585
1548.7545	0.0380333005920128
1547.3375	0.037594545677396
1545.9205	0.0370128125072157
1544.5036	0.0365219903600299
1543.0866	0.0361382948569805
1541.6696	0.0353317477170894
1540.2526	0.0349071568199198
1538.8357	0.0349228512228681
1537.4187	0.0355572046460522
1536.0017	0.0360265142474004
1534.5847	0.0343279004968713
1533.1678	0.035059207243488
1531.7508	0.0342770841673007
1530.3338	0.0347157709905683
1528.9168	0.0351201086567055
1527.4999	0.0356249809248627
1526.0829	0.0348601491766048
1524.6659	0.0367673275617147
1523.2489	0.0360681013925164
1521.832	0.0371841144884588
1520.415	0.0393667769959583
1518.998	0.0399423397661245
1517.581	0.0401590431698684
1516.1641	0.0420411950196067
1514.7471	0.0417141541200879
1513.3301	0.0424291404209884
1511.9131	0.0428441563300659
1510.4962	0.043216353860241
1509.0792	0.0434900409627357
1507.6622	0.0441363952035789
1506.2452	0.0446517707116483
1504.8283	0.0436855567559847
1503.4113	0.042333122790067
1501.9943	0.0422325595453642
1500.5773	0.040099434390504
1499.1603	0.0397271953974418
1497.7434	0.0389972496446886
1496.3264	0.0386556024120815
1494.9094	0.0377356093222511
1493.4924	0.0364633798597066
1492.0755	0.0364555958903955
1490.6585	0.0361687876272028
1489.2415	0.0363016998575634
1487.8245	0.0367486342715383
1486.4076	0.0367643257070937
1484.9906	0.0378671946010543
1483.5736	0.0383140266704675
1482.1566	0.0384659762529665
1480.7397	0.0392652559415835
1479.3227	0.0380160202865999
1477.9057	0.0392771846498332
1476.4887	0.0376511135898475
1475.0718	0.039441053915811
1473.6548	0.040319899072349
1472.2378	0.0402201181722485
1470.8208	0.0414897985195152
1469.4039	0.0423480204060296
1467.9869	0.0430075233475774
1466.5699	0.0429669988942807
1465.1529	0.045701474300273
1463.736	0.0465472958748834
1462.319	0.0460524204384004
1460.902	0.0466259267152363
1459.485	0.0487430276160865
1458.0681	0.0482136610405781
1456.6511	0.0487884093275712
1455.2341	0.0499599162032507
1453.8171	0.0502227380931941
1452.4001	0.0512648531898949
1450.9832	0.0506132448351607
1449.5662	0.0508559462829308
1448.1492	0.0502173799864303
1446.7322	0.0507324035684711
1445.3153	0.0506178692041847
1443.8983	0.0503497245741295
1442.4813	0.050790124229698
1441.0643	0.050551557380282
1439.6474	0.0501860863772059
1438.2304	0.0514846799836459
1436.8134	0.0519958121101311
1435.3964	0.0514991773872727
1433.9795	0.0525529982421079
1432.5625	0.0528097526967005
1431.1455	0.0534355860507125
1429.7285	0.0534665614606074
1428.3116	0.054374252761479
1426.8946	0.0549709405388318
1425.4776	0.054957574289371
1424.0606	0.055175492573854
1422.6437	0.0556015923122587
1421.2267	0.0563717758630815
1419.8097	0.0569950308640303
1418.3927	0.0572437283399401
1416.9758	0.0578757648087586
1415.5588	0.0574209515156621
1414.1418	0.0580554828838671
1412.7248	0.058371633134052
1411.3079	0.0573745137784776
1409.8909	0.0587255637419413
1408.4739	0.0584413670174686
1407.0569	0.0580383406739883
1405.6399	0.0576655504660267
1404.223	0.0579497373262433
1402.806	0.0582223965469397
1401.389	0.0581104764493924
1399.972	0.0588870332784754
1398.5551	0.0580128005089248
1397.1381	0.0588538721641455
1395.7211	0.0591550003538727
1394.3041	0.0590984743820445
1392.8872	0.0605922470004675
1391.4702	0.0609314889231252
1390.0532	0.0610653076373385
1388.6362	0.061241982087404
1387.2193	0.0623558127111497
1385.8023	0.0628354986986659
1384.3853	0.0633704289763773
1382.9683	0.0630141606656731
1381.5514	0.0623837060852893
1380.1344	0.0619961432653222
1378.7174	0.0623462863477734
1377.3004	0.0618491146993044
1375.8835	0.06180838516668
1374.4665	0.0623184396253637
1373.0495	0.062390427848971
1371.6325	0.0624008682934165
1370.2156	0.0639915886613826
1368.7986	0.0645785226950256
1367.3816	0.0653335879243174
1365.9646	0.0651282635289638
1364.5477	0.0660713457007593
1363.1307	0.0664835548506881
1361.7137	0.0656198606840994
1360.2967	0.0658129345704714
1358.8797	0.0663259603095399
1357.4628	0.0650356299602589
1356.0458	0.0645216047988135
1354.6288	0.0634914175011969
1353.2118	0.0632217698320969
1351.7949	0.0625545306648904
1350.3779	0.0624851059075395
1348.9609	0.0623350579892901
1347.5439	0.0622696717629003
1346.127	0.0624711917756737
1344.71	0.0630567389808859
1343.293	0.062785735833615
1341.876	0.0636398139771017
1340.4591	0.0641403419834022
1339.0421	0.0640900525579682
1337.6251	0.0644720572708788
1336.2081	0.0638222502727963
1334.7912	0.0641217324601887
1333.3742	0.0633595336651137
1331.9572	0.0634611657744499
1330.5402	0.0641886856443231
1329.1233	0.0634891439668906
1327.7063	0.0628326621927491
1326.2893	0.0626285314616861
1324.8723	0.0615091457755249
1323.4554	0.0608166999636936
1322.0384	0.0615547068866688
1320.6214	0.0598245966489132
1319.2044	0.0602570966828621
1317.7875	0.0584706390886135
1316.3705	0.0578778738264767
1314.9535	0.0576354993194403
1313.5365	0.0577677414078645
1312.1195	0.0573842715617971
1310.7026	0.0574140507234836
1309.2856	0.0560626073019288
1307.8686	0.0568461203950285
1306.4516	0.05603725369766
1305.0347	0.0565871901108297
1303.6177	0.0567683870278413
1302.2007	0.0566842014363108
1300.7837	0.0579294455951956
1299.3668	0.0571340585696365
1297.9498	0.0555824690524023
1296.5328	0.0573472853360068
1295.1158	0.0568014399883483
1293.6989	0.0564139649080595
1292.2819	0.0576607226286103
1290.8649	0.0572499249232142
1289.4479	0.0572669904406976
1288.031	0.0565915800727692
1286.614	0.056795545698973
1285.197	0.0563578810395838
1283.78	0.0584636508708415
1282.3631	0.0581263883903934
1280.9461	0.0589480546287767
1279.5291	0.0598183764889656
1278.1121	0.0590056612232507
1276.6952	0.060628246096817
1275.2782	0.0606805087824341
1273.8612	0.0619302880617233
1272.4442	0.062948073007457
1271.0273	0.0621373983930882
1269.6103	0.0622802203527766
1268.1933	0.0623546523959176
1266.7763	0.0618746961291854
1265.3593	0.0614708594091173
1263.9424	0.0613715915487672
1262.5254	0.0604766259932616
1261.1084	0.0616256944199568
1259.6914	0.0610748051405179
1258.2745	0.0609885544476181
1256.8575	0.0613723974785779
1255.4405	0.0606496230885879
1254.0235	0.0609123927915678
1252.6066	0.0616947630562796
1251.1896	0.0610144023752622
1249.7726	0.0606722636843415
1248.3556	0.0605390265866196
1246.9387	0.0598611698047856
1245.5217	0.0596083470791262
1244.1047	0.0600708860195345
1242.6877	0.0596822256623055
1241.2708	0.059846780724564
1239.8538	0.0592478025343472
1238.4368	0.0607321275613948
1237.0198	0.0600797643031427
1235.6029	0.0608445878513331
1234.1859	0.0602161267853822
1232.7689	0.061146316366326
1231.3519	0.0600037814020919
1229.935	0.059325092261338
1228.518	0.0593109024548364
1227.101	0.0586639931788399
1225.684	0.0578715313431944
1224.2671	0.0555940363514204
1222.8501	0.0555099378120336
1221.4331	0.054233814979394
1220.0161	0.0542603751385844
1218.5991	0.0536887076219377
1217.1822	0.0530765496821473
1215.7652	0.0527657541331406
1214.3482	0.0531906895413829
1212.9312	0.0522904052368533
1211.5143	0.051015893605834
1210.0973	0.0527763236361241
1208.6803	0.0516712016659768
1207.2633	0.0502902518118215
1205.8464	0.0503261286645992
1204.4294	0.0511575642509193
1203.0124	0.0498557837993279
1201.5954	0.0497376058608455
1200.1785	0.0494675633694733
1198.7615	0.0474729349450034
1197.3445	0.0468178674712135
1195.9275	0.0465724653119015
1194.5106	0.0467337653335507
1193.0936	0.0461807238037865
1191.6766	0.0442461665187944
1190.2596	0.0442443194747955
1188.8427	0.0439342015769367
1187.4257	0.0442861375075294
1186.0087	0.0428448720202166
1184.5917	0.0420070689435371
1183.1748	0.0423833716331519
1181.7578	0.0422800450015159
1180.3408	0.0423159399763527
1178.9238	0.0426211024552769
1177.5069	0.0432151453647129
1176.0899	0.0440921168197885
1174.6729	0.0441879863963665
1173.2559	0.046027540543082
1171.8389	0.046751153653722
1170.422	0.0492556922999367
1169.005	0.0499869050146065
1167.588	0.0524424178701504
1166.171	0.0544337888211455
1164.7541	0.0580051844682184
1163.3371	0.0604956252420826
1161.9201	0.0640653667568579
1160.5031	0.0661199362234326
1159.0862	0.0702458091823818
1157.6692	0.0733434565339607
1156.2522	0.0763134677992163
1154.8352	0.0785229960186244
1153.4183	0.0808049043682831
1152.0013	0.0824724349341204
1150.5843	0.0840199535885209
1149.1673	0.0853478532000669
1147.7504	0.0856913210024499
1146.3334	0.0852020530214967
1144.9164	0.085472167319724
1143.4994	0.0843849003434624
1142.0825	0.0831887267059809
1140.6655	0.0820828009162886
1139.2485	0.0814373390609713
1137.8315	0.0794447168377991
1136.4146	0.0793023421227586
1134.9976	0.077992802950912
1133.5806	0.0773855030287832
1132.1636	0.0770039928564203
1130.7467	0.0767374186423946
1129.3297	0.0762510630792217
1127.9127	0.0782879507591478
1126.4957	0.0785391774486108
1125.0787	0.078417022021317
1123.6618	0.0792189016012503
1122.2448	0.0792843529276555
1120.8278	0.079617736999523
1119.4108	0.0798445163845514
1117.9939	0.0795548352939324
1116.5769	0.0792632169049895
1115.1599	0.081225489729512
1113.7429	0.0814050237783532
1112.326	0.0811583836577295
1110.909	0.0816659908456175
1109.492	0.0826393583328728
1108.075	0.0833402750051257
1106.6581	0.0840695603430606
1105.2411	0.0852866273275826
1103.8241	0.0854792039231127
1102.4071	0.0872211060113407
1100.9902	0.0866855391441331
1099.5732	0.0872892407713413
1098.1562	0.0882503827887991
1096.7392	0.0879799352624823
1095.3223	0.0871476749949615
1093.9053	0.0880170236412812
1092.4883	0.089562945033798
1091.0713	0.0919591150398865
1089.6544	0.0925171623511679
1088.2374	0.0944924262280485
1086.8204	0.0972175681442416
1085.4034	0.100522089009116
1083.9865	0.102396099572436
1082.5695	0.105767897615966
1081.1525	0.108305897714617
1079.7355	0.110803086232736
1078.3185	0.112826215495814
1076.9016	0.114014750179127
1075.4846	0.113829353837026
1074.0676	0.113643882088702
1072.6506	0.111768452323228
1071.2337	0.109856247529887
1069.8167	0.107770387021215
1068.3997	0.106269315264919
1066.9827	0.10328262523664
1065.5658	0.103644983250593
1064.1488	0.103432008144263
1062.7318	0.103353741761296
1061.3148	0.105381237747824
1059.8979	0.106586260171174
1058.4809	0.108093922782659
1057.0639	0.11028772085902
1055.6469	0.112792470253995
1054.23	0.114609402923314
1052.813	0.117173901107862
1051.396	0.118680160005483
1049.979	0.121304018119103
1048.5621	0.122661556051398
1047.1451	0.125902911873897
1045.7281	0.127295742298651
1044.3111	0.130241865784765
1042.8942	0.13202784180853
1041.4772	0.135353389680235
1040.0602	0.136466028809819
1038.6432	0.13975227953115
1037.2263	0.139957665551364
1035.8093	0.142443832221087
1034.3923	0.145857184026952
1032.9753	0.147208817183007
1031.5583	0.149339459883524
1030.1414	0.152693704905335
1028.7244	0.154624021739325
1027.3074	0.157644779918979
1025.8904	0.160656719751382
1024.4735	0.161942434844955
1023.0565	0.164954215067547
1021.6395	0.168153865837701
1020.2225	0.168979084152152
1018.8056	0.171560500837239
1017.3886	0.172703577621891
1015.9716	0.174213038304373
1014.5546	0.17489643004313
1013.1377	0.174933772481781
1011.7207	0.176017313372401
1010.3037	0.175582712950472
1008.8867	0.176688538638177
1007.4698	0.177098764732844
1006.0528	0.176284213186433
1004.6358	0.176995519824895
1003.2188	0.17792176521976
1001.8019	0.178465733522177
1000.3849	0.180289849115858
998.9679	0.181109127296948
997.5509	0.18143958058845
996.134	0.183325836598651
994.717	0.184137161291472
993.3	0.183747956183014
991.883	0.185289236838046
990.4661	0.184602157431293
989.0491	0.183562253696686
987.6321	0.183604570494289
986.2151	0.182541173435875
984.7981	0.181558060154256
983.3812	0.178734971861092
981.9642	0.177132396696077
980.5472	0.174367922638107
979.1302	0.17244694198208
977.7133	0.169294041208978
976.2963	0.165888048874653
974.8793	0.162659366001528
973.4623	0.159778306850111
972.0454	0.156358826918681
970.6284	0.154141134455208
969.2114	0.150311819815655
967.7944	0.146110062659961
966.3775	0.143778765170028
964.9605	0.140259999887464
963.5435	0.13668358215146
962.1265	0.134038662722428
960.7096	0.13122016656365
959.2926	0.128653034620942
957.8756	0.125215041662996
956.4586	0.122769300757844
955.0417	0.120542431164693
953.6247	0.117569988465284
952.2077	0.115105459744743
950.7907	0.114627608447946
949.3738	0.111521197438187
947.9568	0.110330845699364
946.5398	0.108670967000175
945.1228	0.107617097517293
943.7059	0.107360350473459
942.2889	0.107367109407464
940.8719	0.108047853945619
939.4549	0.108685485472785
938.0379	0.108826408782579
936.621	0.109099912107335
935.204	0.109859350818681
933.787	0.109735924106431
932.37	0.108988393464644
930.9531	0.10930034748498
929.5361	0.110009474515133
928.1191	0.109795781062776
926.7021	0.108855883897818
925.2852	0.109182009478233
923.8682	0.108584604916
922.4512	0.10861725866998
921.0342	0.108079343994427
919.6173	0.107877193621468
918.2003	0.106719362632126
916.7833	0.107903403849415
915.3663	0.105826853058207
913.9494	0.104673340212336
912.5324	0.104402761546045
911.1154	0.103465324914343
909.6984	0.102354965620955
908.2815	0.101550373312546
906.8645	0.100410590298411
905.4475	0.0998996663711031
904.0305	0.0979851497106198
902.6136	0.0977844573319399
901.1966	0.0963812622870917
899.7796	0.0960346243365992
898.3626	0.0952827994963437
896.9457	0.0950272763570967
895.5287	0.0934492263226245
894.1117	0.0938822361249957
892.6947	0.0936039982317525
891.2777	0.0922341607323138
889.8608	0.0911508872034391
888.4438	0.0910914749586299
887.0268	0.0897143306280796
885.6098	0.0894751840906818
884.1929	0.0882794912781002
882.7759	0.0870908260994728
881.3589	0.0868194237174186
879.9419	0.0859073103368887
878.525	0.0841262348943736
877.108	0.084683388063725
875.691	0.0847254990899558
874.274	0.0839192045857475
872.8571	0.0840436120663875
871.4401	0.0851107310850965
870.0231	0.0849361218276961
868.6061	0.0856664479730689
867.1892	0.0864025470594625
865.7722	0.0872501196637594
864.3552	0.0887209980084028
862.9382	0.088524906915107
861.5213	0.0894818223439042
860.1043	0.0899929452485484
858.6873	0.088866991289132
857.2703	0.0888283365913025
855.8534	0.0895152992618387
854.4364	0.0896238093133299
853.0194	0.0897517045618088
851.6024	0.0903269005397885
850.1855	0.0898920295316457
848.7685	0.0894438133415028
847.3515	0.0902578790761722
845.9345	0.0903146122647703
844.5175	0.0882545508979938
843.1006	0.0886269817798511
841.6836	0.0892111229798703
840.2666	0.0891784408031223
838.8496	0.0875218001488419
837.4327	0.0880648804785173
836.0157	0.0862949321145811
834.5987	0.0858043759830194
833.1817	0.0860508642707489
831.7648	0.0845407533001363
830.3478	0.0851318039997079
828.9308	0.0839094886933778
827.5138	0.0840233335793676
826.0969	0.0830327958277025
824.6799	0.0835228774214167
823.2629	0.0826309485245455
821.8459	0.0830482842345084
820.429	0.0820486374210599
819.012	0.0822873398806448
817.595	0.0824149538435072
816.178	0.0814927935554258
814.7611	0.0806073418491419
813.3441	0.0808136130247077
811.9271	0.0799391456420112
810.5101	0.0807760696008516
809.0932	0.0809782035031875
807.6762	0.080292418718802
806.2592	0.0795738613638227
804.8422	0.0794578831729103
803.4253	0.0790995769958506
802.0083	0.0796042552544826
800.5913	0.0791025311081308
799.1743	0.0792698837072318
797.7573	0.0802157274382062
796.3404	0.080211397437248
794.9234	0.0791904474558947
793.5064	0.0803236188361232
792.0894	0.0793377343439214
790.6725	0.0807221634649933
789.2555	0.080074208765268
787.8385	0.0810076617791122
786.4215	0.0811565629015904
785.0046	0.0809546926005845
783.5876	0.082572020533871
782.1706	0.0829634394031551
780.7536	0.0833450124877431
779.3367	0.0833685101897858
777.9197	0.084608485582065
776.5027	0.0854677687891274
775.0857	0.0857095383167459
773.6688	0.0876088287959415
772.2518	0.0882381465026338
770.8348	0.0881934948159622
769.4178	0.0905332311478743
768.0009	0.0911317866886889
766.5839	0.0918089226035689
765.1669	0.0925494661401982
763.7499	0.0943237468822695
762.333	0.0940891662568891
760.916	0.0950389896132707
759.499	0.0958999235309735
758.082	0.0950138437538031
756.6651	0.0940008352200939
755.2481	0.0929857128889853
753.8311	0.0930277309232846
752.4141	0.0921732877513972
750.9971	0.0917532078713838
749.5802	0.0909604593292175
748.1632	0.089296722494942
746.7462	0.0893554926255051
745.3292	0.0880894271717781
743.9123	0.0874554371437413
742.4953	0.0879558137902479
741.0783	0.0874964582861456
739.6613	0.0860234912595533
738.2444	0.0856735753606751
736.8274	0.086288605410244
735.4104	0.0854170297847654
733.9934	0.086117327375159
732.5765	0.0869108583109502
731.1595	0.0875156702793083
729.7425	0.0871919584322713
728.3255	0.0879918398337149
726.9086	0.0881371004690124
725.4916	0.0883886059169483
724.0746	0.0893253186157979
722.6576	0.0901931900813576
721.2407	0.0890019853624077
719.8237	0.0909032631612083
718.4067	0.0915225304994267
716.9897	0.0926290825052825
715.5728	0.092930028625055
714.1558	0.0936648771890606
712.7388	0.0951722772183549
711.3218	0.0960642353453008
709.9049	0.0969370028640153
708.4879	0.09762344109142
707.0709	0.099123375673357
705.6539	0.100178872678341
704.2369	0.0993879238027053
702.82	0.0989811716822509
701.403	0.0991001875765454
699.986	0.0991454388424918
698.569	0.0993698831665664
697.1521	0.0988084128135992
695.7351	0.0982013603635918
694.3181	0.0982399712159466
692.9011	0.0988095811727929
691.4842	0.0987726071573931
690.0672	0.0979724302300076
688.6502	0.0983836757189541
687.2332	0.0982017226652477
685.8163	0.0985030760179335
684.3993	0.097323890429615
682.9823	0.0979182263219704
681.5653	0.0981562751743502
680.1484	0.0983901047435046
678.7314	0.0987422287483766
677.3144	0.0994480661207938
675.8974	0.0978785985197847
674.4805	0.0980203191202185
673.0635	0.0994998566753533
671.6465	0.0997147389641816
670.2295	0.0997529111413479
668.8126	0.0997206320566208
667.3956	0.100973006279733
665.9786	0.102649271456479
664.5616	0.101085962012672
663.1447	0.102055552549284
661.7277	0.102230737233962
660.3107	0.10140092036078
658.8937	0.101942167191403
657.4767	0.103190568974174
656.0598	0.101664286230705
654.6428	0.103048765786363
653.2258	0.103468811781475
651.8088	0.104090503826762
650.3919	0.104010401134299
648.9749	0.104050278573329
647.5579	0.103672004971362
646.1409	0.105977921866258
644.724	0.10537899660324
643.307	0.105916022307757
641.89	0.105697890457642
640.473	0.105592679572492
639.0561	0.105797602245091
637.6391	0.107182799339552
636.2221	0.106649502948556
634.8051	0.106247012918452
633.3882	0.107401891023527
631.9712	0.108874612119629
630.5542	0.107947879726081
629.1372	0.108843678118179
627.7203	0.109920872342961
626.3033	0.108923924008896
624.8863	0.110210110225598
623.4693	0.11120355120243
622.0524	0.1126469949964
620.6354	0.113605960286777
619.2184	0.114799055043059
617.8014	0.115399032856272
616.3845	0.117876053515088
614.9675	0.119017451919407
613.5505	0.118653226937602
612.1335	0.120203139321829
610.7165	0.121847844015766
609.2996	0.121434557554867
607.8826	0.123373021018796
606.4656	0.124008140547115
605.0486	0.123491176684163
603.6317	0.124432576470248
602.2147	0.123759434301338
600.7977	0.124236993308944
599.3807	0.124623960504374
597.9638	0.124715158953908
596.5468	0.125267444965602
595.1298	0.124207662028355
593.7128	0.123875970992095
592.2959	0.12530235515007
590.8789	0.124955844682775
589.4619	0.126118948666558
588.0449	0.126272909083766
586.628	0.127378242691208
585.211	0.129655632476837
583.794	0.130904537408194
582.377	0.132716197735484
580.9601	0.134316314442345
579.5431	0.13573099527938
578.1261	0.137318856597903
576.7091	0.139525045417696
575.2922	0.139520370777206
573.8752	0.142539708999421
572.4582	0.142476756984619
571.0412	0.142275772162831
569.6243	0.143805859381758
568.2073	0.142874145666354
566.7903	0.143188288836228
565.3733	0.141591428666512
563.9563	0.140784310549201
562.5394	0.139993982943873
561.1224	0.139035970876263
559.7054	0.13826157567494
558.2884	0.138581913211769
556.8715	0.138071484531459
555.4545	0.137552847764625
554.0375	0.137593936052353
552.6205	0.136826409551401
551.2036	0.137099892488001
549.7866	0.136867785108374
548.3696	0.134493207421821
546.9526	0.134472152558322
545.5357	0.135736964735338
544.1187	0.134829175732505
542.7017	0.135813229677578
541.2847	0.136438089295448
539.8678	0.136741662800554
538.4508	0.138684738687389
537.0338	0.139113634117664
535.6168	0.14039154143467
534.1999	0.142379338476037
532.7829	0.143579757273428
531.3659	0.143640572472565
529.9489	0.144818898924306
528.532	0.145087657151598
527.115	0.146141557154414
525.698	0.14727110972778
524.281	0.147850265579267
522.8641	0.150093475289717
521.4471	0.149547603222659
520.0301	0.149429660658759
518.6131	0.149760028071304
517.1962	0.149459076877879
515.7792	0.150983410867384
514.3622	0.149808595176976
512.9452	0.151253999984931
511.5282	0.149748987189876
510.1113	0.149388373479598
508.6943	0.14889499282708
507.2773	0.148735249361218
505.8603	0.1476287507883
504.4434	0.147607212436905
503.0264	0.146609644245605
501.6094	0.146681414391616
500.1924	0.148649595497352
498.7755	0.147682460996878
497.3585	0.147144298648498
495.9415	0.148148581300058
494.5245	0.146760048219843
493.1076	0.147017888898833
491.6906	0.146668517473167
490.2736	0.147020421207548
488.8566	0.145351935696106
487.4397	0.145655831332822
486.0227	0.146083324285208
484.6057	0.146985322451623
483.1887	0.147325510889188
481.7718	0.147664719546605
480.3548	0.148104255837536
478.9378	0.148438403153583
477.5208	0.148983012984749
476.1039	0.147884318382836
474.6869	0.148382920509138
473.2699	0.14801188335147
471.8529	0.147416411290712
470.436	0.147646613863893
469.019	0.147702561653031
467.602	0.147070182833509
466.185	0.146316645835931
464.768	0.146204942886129
463.3511	0.145927940942235
461.9341	0.146755562825892
460.5171	0.146696498316183
459.1001	0.146428729431291
457.6832	0.145566788330263
456.2662	0.146447121581322
454.8492	0.146143826102708
453.4322	0.146837341020316
452.0153	0.146961518943182
450.5983	0.147156389316857
449.1813	0.146721140166168
447.7643	0.146818768343988
446.3474	0.147728161800602
444.9304	0.14849055226133
443.5134	0.149861514513641
442.0964	0.151738774412577
440.6795	0.153961618789678
439.2625	0.154671812933753
437.8455	0.154785980063387
436.4285	0.155993312863201
435.0116	0.157663148551644
433.5946	0.158518084407413
432.1776	0.159144180263827
430.7606	0.158777061271856
429.3437	0.157448688202449
427.9267	0.15830022141474
426.5097	0.15904052888262
425.0927	0.159293108040314
423.6758	0.159972965461139
422.2588	0.160212211727307
420.8418	0.160272688788472
419.4248	0.160939180365464
418.0078	0.162551880975611
416.5909	0.162714896391129
415.1739	0.161436492933159
413.7569	0.160853300735445
412.3399	0.160422624929193
410.923	0.162209911830835
409.506	0.163920592541464
408.089	0.16520252622363
406.672	0.165267661399232
405.2551	0.164038939634118
403.8381	0.163152127845901
402.4211	0.163434290080693
401.0041	0.163310858036993
