3994.4546	0.0235870573348104
3993.0377	0.0241243295159473
3991.6207	0.0241701843049259
3990.2037	0.0249552262091588
3988.7867	0.0242278080940259
3987.3698	0.0235986638540133
3985.9528	0.0229689185652346
3984.5358	0.0233912973423743
3983.1188	0.0234767446809747
3981.7019	0.0234862568963263
3980.2849	0.0230572686646986
3978.8679	0.0238778126804376
3977.4509	0.0231520720018638
3976.034	0.0234228293075137
3974.617	0.0234506056311117
3973.2	0.0229183629556911
3971.783	0.0230428009598893
3970.3661	0.0244063512835641
3968.9491	0.0233450001795336
3967.5321	0.0239375646927991
3966.1151	0.0229392516531497
3964.6982	0.0231747552096513
3963.2812	0.0225419257707139
3961.8642	0.023788175960693
3960.4472	0.0233456691476696
3959.0303	0.0225382849538788
3957.6133	0.0231701583352797
3956.1963	0.0225487966656355
3954.7793	0.0233948519038395
3953.3624	0.0230062599991804
3951.9454	0.0237757911997696
3950.5284	0.0249278776383507
3949.1114	0.0222391856997781
3947.6944	0.0230222603102344
3946.2775	0.0237802376754225
3944.8605	0.0230927433178385
3943.4435	0.0228041967877485
3942.0265	0.0219447163310354
3940.6096	0.0236195144084424
3939.1926	0.023163282427176
3937.7756	0.0218749947106619
3936.3586	0.0224746135434275
3934.9417	0.0232869353489378
3933.5247	0.0235686089779104
3932.1077	0.0239068379896566
3930.6907	0.0235913575376229
3929.2738	0.0229459990026331
3927.8568	0.0235372062351407
3926.4398	0.0226673539879623
3925.0228	0.0230260649303741
3923.6059	0.0224239071846344
3922.1889	0.0231953704996477
3920.7719	0.0228101712681686
3919.3549	0.0231054882141427
3917.938	0.022968224099995
3916.521	0.0229740254085458
3915.104	0.0239938028343951
3913.687	0.0236525618841676
3912.2701	0.0228992138695105
3910.8531	0.0235580691437706
3909.4361	0.0230214135692623
3908.0191	0.0230300500014604
3906.6022	0.0235646108201545
3905.1852	0.0221539965774012
3903.7682	0.0232525646314954
3902.3512	0.0233888669096644
3900.9342	0.0230808134419676
3899.5173	0.0231543293174887
3898.1003	0.0226817103461159
3896.6833	0.0230537093112514
3895.2663	0.0228858212220391
3893.8494	0.022685106308096
3892.4324	0.0235054625600985
3891.0154	0.0230141178369034
3889.5984	0.0230900922591419
3888.1815	0.0223417851556063
3886.7645	0.0226607874728221
3885.3475	0.0231536272149335
3883.9305	0.0223759309234595
3882.5136	0.0225302989710016
3881.0966	0.0238728929348904
3879.6796	0.0233227359977434
3878.2626	0.023144554503243
3876.8457	0.0230254990407982
3875.4287	0.0225494245336947
3874.0117	0.023547511082529
3872.5947	0.0243774897796064
3871.1778	0.0226075668911953
3869.7608	0.0226677919193172
3868.3438	0.0231806732785704
3866.9268	0.0228331227942323
3865.5099	0.0234525544704272
3864.0929	0.023073032113646
3862.6759	0.0236057639111329
3861.2589	0.0221988410793488
3859.842	0.0237407911038393
3858.425	0.0231778923170942
3857.008	0.0236354802696875
3855.591	0.022518711871341
3854.174	0.0228700095700927
3852.7571	0.0236023395760135
3851.3401	0.0234678898774534
3849.9231	0.0231937205359915
3848.5061	0.0230133957978893
3847.0892	0.023431420470708
3845.6722	0.0231945259624571
3844.2552	0.0233016499870577
3842.8382	0.0227473500764815
3841.4213	0.0231345905917342
3840.0043	0.0230516261053465
3838.5873	0.0215856585449026
3837.1703	0.022509030661478
3835.7534	0.023450837314627
3834.3364	0.0232155743906183
3832.9194	0.0220436285828839
3831.5024	0.0226651439658091
3830.0855	0.0235433736701666
3828.6685	0.0224568518626639
3827.2515	0.022338485314007
3825.8345	0.0235594829918997
3824.4176	0.0219913118002506
3823.0006	0.0219139074805547
3821.5836	0.0226671570118452
3820.1666	0.023082612790758
3818.7497	0.0229050035835394
3817.3327	0.0226722208519805
3815.9157	0.0223258933775157
3814.4987	0.0234969770210909
3813.0818	0.0228931445833267
3811.6648	0.0226085551260558
3810.2478	0.0213664009530881
3808.8308	0.0213759187985541
3807.4138	0.0231622388060935
3805.9969	0.0219216208093837
3804.5799	0.0223225605273577
3803.1629	0.0216268041330173
3801.7459	0.021636218474842
3800.329	0.022834638236642
3798.912	0.0232848504039659
3797.495	0.0232846557725274
3796.078	0.0222996529428416
3794.6611	0.0216372645908746
3793.2441	0.0217734045482137
3791.8271	0.0213949863451469
3790.4101	0.0221061296532428
3788.9932	0.0222146016056974
3787.5762	0.0220830906923817
3786.1592	0.0218181523947553
3784.7422	0.0228820618363351
3783.3253	0.0219928592371873
3781.9083	0.0220445913970136
3780.4913	0.02211105773966
3779.0743	0.0223901567907856
3777.6574	0.0210311073207927
3776.2404	0.0222803030363368
3774.8234	0.0223938652790517
3773.4064	0.0214667207212246
3771.9895	0.0221265039646693
3770.5725	0.0229248835719294
3769.1555	0.0223737280538872
3767.7385	0.0223864149758734
3766.3216	0.0218662214178637
3764.9046	0.0221690053858542
3763.4876	0.0214305550285401
3762.0706	0.0227007715729055
3760.6536	0.0214767090759627
3759.2367	0.0218632038175142
3757.8197	0.022391151938631
3756.4027	0.0207721746133498
3754.9857	0.0222586082541929
3753.5688	0.0218186199408867
3752.1518	0.0215276106331247
3750.7348	0.0216848636412357
3749.3178	0.0221108692782491
3747.9009	0.0217912375424368
3746.4839	0.0210162248826379
3745.0669	0.0215949592981783
3743.6499	0.0233915643952467
3742.233	0.0223916888341052
3740.816	0.0222452169257934
3739.399	0.021733811520664
3737.982	0.0218964812329984
3736.5651	0.022448087008169
3735.1481	0.022019165400172
3733.7311	0.0231652572086221
3732.3141	0.0223635176287647
3730.8972	0.0226469375952618
3729.4802	0.0220592985884395
3728.0632	0.0211946053595569
3726.6462	0.0211688709725431
3725.2293	0.0215208274121862
3723.8123	0.021626736971411
3722.3953	0.0208362467210626
3720.9783	0.0209010998770416
3719.5614	0.0206559808906303
3718.1444	0.0207547894876711
3716.7274	0.0208285281690499
3715.3104	0.020397132070313
3713.8935	0.0214859666938845
3712.4765	0.0210223985835799
3711.0595	0.0217860405105498
3709.6425	0.021106593035914
3708.2255	0.0208077339136072
3706.8086	0.0217273411019063
3705.3916	0.0217659696293129
3703.9746	0.0221931199766719
3702.5576	0.0209889246790776
3701.1407	0.0209825044181557
3699.7237	0.0200845200691111
3698.3067	0.0210128611011951
3696.8897	0.0213882937177581
3695.4728	0.0205187425549813
3694.0558	0.0206504693012098
3692.6388	0.020925273262952
3691.2218	0.0215043848722553
3689.8049	0.0202148175095192
3688.3879	0.0225355369052284
3686.9709	0.0207445133222536
3685.5539	0.0205316349655841
3684.137	0.0222562449144772
3682.72	0.0225917590305377
3681.303	0.0209154717936322
3679.886	0.0211252746181099
3678.4691	0.0208263825298371
3677.0521	0.0215495912331589
3675.6351	0.0222258553976454
3674.2181	0.0210359635648838
3672.8012	0.0209855115777934
3671.3842	0.0216782257924706
3669.9672	0.0220306706203691
3668.5502	0.0213616580628071
3667.1333	0.0209936271712725
3665.7163	0.0213129565086305
3664.2993	0.0210552181835563
3662.8823	0.0215010230104236
3661.4653	0.0211090790731662
3660.0484	0.0215111736809375
3658.6314	0.0207349914421471
3657.2144	0.0220528505335937
3655.7974	0.0214581977453637
3654.3805	0.0216430579810567
3652.9635	0.0218666217375392
3651.5465	0.0221393283225824
3650.1295	0.0225967379148
3648.7126	0.0222868382669593
3647.2956	0.021741468570469
3645.8786	0.0215957790465481
3644.4616	0.0217795017137499
3643.0447	0.021698789407894
3641.6277	0.0223739646171519
3640.2107	0.0223596835640288
3638.7937	0.0221770708364524
3637.3768	0.0221561505615499
3635.9598	0.0225415501302885
3634.5428	0.0218374997475153
3633.1258	0.0227184376739607
3631.7089	0.0220089292256124
3630.2919	0.0225249608597236
3628.8749	0.0225123994005256
3627.4579	0.0233283280964089
3626.041	0.0236496387770596
3624.624	0.02286588670012
3623.207	0.0221385927174786
3621.79	0.0233215037197261
3620.3731	0.023797027110115
3618.9561	0.0231773414028447
3617.5391	0.0243202204125262
3616.1221	0.0236348246775135
3614.7051	0.0248384649953347
3613.2882	0.0235669030504194
3611.8712	0.0243399058184029
3610.4542	0.0240689653254286
3609.0372	0.0245700810151513
3607.6203	0.0251094673864854
3606.2033	0.0243202735943251
3604.7863	0.0250578950138036
3603.3693	0.0243271059565494
3601.9524	0.0252335417102719
3600.5354	0.0251960326642543
3599.1184	0.0256726023086209
3597.7014	0.02608184828067
3596.2845	0.0261373197238601
3594.8675	0.026240598350015
3593.4505	0.0254543108052628
3592.0335	0.0253049284145744
3590.6166	0.0258457900248536
3589.1996	0.0265338672754788
3587.7826	0.027657247275306
3586.3656	0.0275108873246732
3584.9487	0.0276326764908059
3583.5317	0.0277500017342609
3582.1147	0.0284038208601631
3580.6977	0.0272119557602106
3579.2808	0.027324309986041
3577.8638	0.0284220528591974
3576.4468	0.028283751584788
3575.0298	0.0290724314820493
3573.6129	0.0293867573802401
3572.1959	0.029665088076685
3570.7789	0.0299289391975309
3569.3619	0.0297087187452859
3567.9449	0.0305398784920438
3566.528	0.0307817102180174
3565.111	0.0315346890759126
3563.694	0.0320336447638217
3562.277	0.0318467917482224
3560.8601	0.0310596507305696
3559.4431	0.032104064171495
3558.0261	0.0318835922507551
3556.6091	0.0323121748139713
3555.1922	0.032389517917214
3553.7752	0.0326700368901714
3552.3582	0.0330103034000435
3550.9412	0.0338731010459021
3549.5243	0.0346761487260694
3548.1073	0.0339626751918417
3546.6903	0.0345100935073705
3545.2733	0.0342132922759706
3543.8564	0.0348155305360688
3542.4394	0.0345231515475779
3541.0224	0.0358098297178113
3539.6054	0.0361240828780401
3538.1885	0.0360681382435173
3536.7715	0.0371262117792613
3535.3545	0.0369547561559199
3533.9375	0.0378870651805819
3532.5206	0.0383594550556882
3531.1036	0.0373095163162725
3529.6866	0.0392389293924846
3528.2696	0.039135703630232
3526.8527	0.0391132113015313
3525.4357	0.0394417658654773
3524.0187	0.0402135913490101
3522.6017	0.0400906232069106
3521.1847	0.0411266979713916
3519.7678	0.0405483724557126
3518.3508	0.0410940359461533
3516.9338	0.0411959367285001
3515.5168	0.0432845713442704
3514.0999	0.0440451352101905
3512.6829	0.0423727805266546
3511.2659	0.0426327885318368
3509.8489	0.0430709195084762
3508.432	0.0449514697108105
3507.015	0.0441816423697366
3505.598	0.0441064741639871
3504.181	0.0450142628979612
3502.7641	0.045183052508287
3501.3471	0.0451520683323847
3499.9301	0.0457780163947715
3498.5131	0.0457884314285712
3497.0962	0.0464237627884583
3495.6792	0.0470723833907876
3494.2622	0.0464728376442884
3492.8452	0.0468521073788613
3491.4283	0.0482074988769398
3490.0113	0.0474385584729875
3488.5943	0.046907531640408
3487.1773	0.0493884335242664
3485.7604	0.0483257598521619
3484.3434	0.0485349615212818
3482.9264	0.0493046421720336
3481.5094	0.0501715842033577
3480.0925	0.0502323532637306
3478.6755	0.0496537224859837
3477.2585	0.0513744620183277
3475.8415	0.0504367584355197
3474.4245	0.0514875526428404
3473.0076	0.0530468854995374
3471.5906	0.0513490026695297
3470.1736	0.0530545837499572
3468.7566	0.0519936379058306
3467.3397	0.052968179647497
3465.9227	0.0528003227695781
3464.5057	0.0537222986737197
3463.0887	0.0541235408668964
3461.6718	0.0540721149128972
3460.2548	0.0542347116690031
3458.8378	0.0554282477091834
3457.4208	0.0548362721994713
3456.0039	0.0558106091956234
3454.5869	0.0564371675259166
3453.1699	0.0554025254778954
3451.7529	0.0553545337197359
3450.336	0.0561520994985792
3448.919	0.056167059922678
3447.502	0.0575645700347239
3446.085	0.056912726936314
3444.6681	0.0579979613178851
3443.2511	0.058077768750661
3441.8341	0.0582637306559165
3440.4171	0.0592943519982055
3439.0002	0.0590484118797607
3437.5832	0.0590212738558933
3436.1662	0.0590965114394212
3434.7492	0.0601246208622253
3433.3323	0.0595240117382087
3431.9153	0.0613874878057046
3430.4983	0.0615971188805463
3429.0813	0.0607404548980542
3427.6643	0.0615353641733593
3426.2474	0.062259138574415
3424.8304	0.0630965406224456
3423.4134	0.0625967961434015
3421.9964	0.0628414185083287
3420.5795	0.0634812184132267
3419.1625	0.0624905266447855
3417.7455	0.0635483913076262
3416.3285	0.0635655008968086
3414.9116	0.0635561374696287
3413.4946	0.0651563480868019
3412.0776	0.0652092617262553
3410.6606	0.0646341368878047
3409.2437	0.06566204369715
3407.8267	0.065080469682027
3406.4097	0.0660161749670131
3404.9927	0.0658093918069623
3403.5758	0.0663929233512119
3402.1588	0.0657886781487917
3400.7418	0.0665933210205719
3399.3248	0.0671562914663317
3397.9079	0.0675149386760285
3396.4909	0.0677825947971799
3395.0739	0.0677582624345795
3393.6569	0.0665374600262143
3392.24	0.0676877530969503
3390.823	0.0682427266254336
3389.406	0.067746890450083
3387.989	0.0702884200518087
3386.5721	0.0680819441250621
3385.1551	0.0693065894328915
3383.7381	0.0695756298049709
3382.3211	0.0692644672954039
3380.9041	0.0692714111490184
3379.4872	0.0699632544533331
3378.0702	0.0703940791672
3376.6532	0.0700111244214644
3375.2362	0.0706083378288249
3373.8193	0.0703788838185495
3372.4023	0.0701887334584218
3370.9853	0.0710137096338919
3369.5683	0.0715014630696404
3368.1514	0.0715902917598818
3366.7344	0.0712058022124936
3365.3174	0.0711759288008485
3363.9004	0.0721939105260455
3362.4835	0.0721770418645153
3361.0665	0.0720782987483089
3359.6495	0.0719391223668334
3358.2325	0.0735033932078188
3356.8156	0.0727669857725828
3355.3986	0.07218719315162
3353.9816	0.0727789630135217
3352.5646	0.0733310046064815
3351.1477	0.0735725975579506
3349.7307	0.0726850767022332
3348.3137	0.0727759893760129
3346.8967	0.0737738862618943
3345.4798	0.0740738492095258
3344.0628	0.0744933596051713
3342.6458	0.0733501028996254
3341.2288	0.0742063702408438
3339.8119	0.0737375700339108
3338.3949	0.0741193696796434
3336.9779	0.0744664937500085
3335.5609	0.0744798033384372
3334.1439	0.0741889015277305
3332.727	0.0744840201817717
3331.31	0.0760735046077186
3329.893	0.0751246934865279
3328.476	0.0758217509655499
3327.0591	0.0747358084002425
3325.6421	0.0745351533929388
3324.2251	0.075620311155494
3322.8081	0.0755548286215697
3321.3912	0.0752790574196346
3319.9742	0.0759890143659521
3318.5572	0.0759986856435192
3317.1402	0.0754553525936454
3315.7233	0.0759822557244206
3314.3063	0.0759257653537099
3312.8893	0.0768871865217708
3311.4723	0.075779634534171
3310.0554	0.0759946013343941
3308.6384	0.0767693813641763
3307.2214	0.0763419749328486
3305.8044	0.0769446995612282
3304.3875	0.0759219491083181
3302.9705	0.0761546709909051
3301.5535	0.0771512428120807
3300.1365	0.0767079701832274
3298.7196	0.0764994837644769
3297.3026	0.0764167027928791
3295.8856	0.0764030591728835
3294.4686	0.0770073052571896
3293.0517	0.0765975329402445
3291.6347	0.0758445517213586
3290.2177	0.0776652522248724
3288.8007	0.0758659972413929
3287.3837	0.0773498454608549
3285.9668	0.0774235209573279
3284.5498	0.076641197493781
3283.1328	0.0774305014777375
3281.7158	0.077194757965738
3280.2989	0.0766799927318694
3278.8819	0.0769774402061384
3277.4649	0.0774172605343848
3276.0479	0.0761168442296893
3274.631	0.0771279684117511
3273.214	0.0768923635483994
3271.797	0.0777454358122399
3270.38	0.0775318221774749
3268.9631	0.0767182821557696
3267.5461	0.0776289922064271
3266.1291	0.0779195127851006
3264.7121	0.0778565470825969
3263.2952	0.0784548335322123
3261.8782	0.0770270678448916
3260.4612	0.0770903748864257
3259.0442	0.0780711513958866
3257.6273	0.0762682851404789
3256.2103	0.0773654181076897
3254.7933	0.077991761021175
3253.3763	0.0770721668307438
3251.9594	0.0777193916265077
3250.5424	0.0770684942010886
3249.1254	0.0764995727843296
3247.7084	0.0774983322070594
3246.2915	0.0768078949322764
3244.8745	0.0777568271133257
3243.4575	0.0765887687484998
3242.0405	0.0767871801480595
3240.6235	0.0771095834849245
3239.2066	0.0761295737344041
3237.7896	0.0769282419362267
3236.3726	0.0760134395547904
3234.9556	0.0757167944190628
3233.5387	0.0769101013275722
3232.1217	0.0758702838972073
3230.7047	0.0762347261625889
3229.2877	0.07618031933493
3227.8708	0.0747623634274308
3226.4538	0.0753504884051631
3225.0368	0.0754690176753378
3223.6198	0.0754675299017447
3222.2029	0.0756870025820714
3220.7859	0.0750050821592812
3219.3689	0.0743942856165371
3217.9519	0.0746666782964897
3216.535	0.0756349115944323
3215.118	0.0754422705599616
3213.701	0.0755566872641789
3212.284	0.0740872757356415
3210.8671	0.0758754264230251
3209.4501	0.075517701328165
3208.0331	0.0745957052325924
3206.6161	0.0750114515452679
3205.1992	0.0743479537634452
3203.7822	0.0742674832768689
3202.3652	0.0741840224844878
3200.9482	0.0733407218825901
3199.5313	0.0741786153994456
3198.1143	0.0740264418833352
3196.6973	0.0726838489693724
3195.2803	0.0741060176362287
3193.8633	0.0733897103402399
3192.4464	0.0728054305848402
3191.0294	0.0724533254574376
3189.6124	0.0723219113438946
3188.1954	0.072476286949276
3186.7785	0.073233256939725
3185.3615	0.0731965412140199
3183.9445	0.0713892738879732
3182.5275	0.0725333891466362
3181.1106	0.0712390816807639
3179.6936	0.0716781095260082
3178.2766	0.0711441849619097
3176.8596	0.0722922026692363
3175.4427	0.0716255164632539
3174.0257	0.0712970331984201
3172.6087	0.0708422976890049
3171.1917	0.0718274270331061
3169.7748	0.0703893607078127
3168.3578	0.0694788990386546
3166.9408	0.069971433522094
3165.5238	0.0704885951957687
3164.1069	0.0699422870996376
3162.6899	0.069217279600269
3161.2729	0.0701263086026586
3159.8559	0.0691015205406977
3158.439	0.0690745223900502
3157.022	0.0687418769526525
3155.605	0.069156346257703
3154.188	0.0682240088633282
3152.7711	0.0685079125219061
3151.3541	0.0677472648736561
3149.9371	0.0677998698711607
3148.5201	0.067395689073376
3147.1031	0.0673050734786801
3145.6862	0.0668533186918798
3144.2692	0.067500301824776
3142.8522	0.0662808561886032
3141.4352	0.0666013178876324
3140.0183	0.0663199757814542
3138.6013	0.0661753471982439
3137.1843	0.0655248494935712
3135.7673	0.0658546624341023
3134.3504	0.0653146099423579
3132.9334	0.0656096800918791
3131.5164	0.0657678267543274
3130.0994	0.0649472209733054
3128.6825	0.0643972593792981
3127.2655	0.064799535381695
3125.8485	0.0635583930767052
3124.4315	0.0640298005568117
3123.0146	0.0644784682538412
3121.5976	0.0639280561905511
3120.1806	0.0643633384917414
3118.7636	0.0629350860993419
3117.3467	0.0639170270209788
3115.9297	0.0631469702696551
3114.5127	0.0639157832600493
3113.0957	0.0632681055925631
3111.6788	0.0628974904086274
3110.2618	0.0619853813402001
3108.8448	0.0628685831693577
3107.4278	0.0612256488944307
3106.0109	0.0613654889690358
3104.5939	0.0602922433100233
3103.1769	0.0613960163226859
3101.7599	0.06135078489568
3100.3429	0.0604086127100514
3098.926	0.0609952783768841
3097.509	0.0601992243348857
3096.092	0.0602430097316597
3094.675	0.0603905941427877
3093.2581	0.0592520857746563
3091.8411	0.0590715108358978
3090.4241	0.0600593311104209
3089.0071	0.0601364441089597
3087.5902	0.0588572979195799
3086.1732	0.0594786558797948
3084.7562	0.0582364766364608
3083.3392	0.0581547578174903
3081.9223	0.0586568749259161
3080.5053	0.0581318925284982
3079.0883	0.057799553881711
3077.6713	0.0575163815327948
3076.2544	0.0567587629944483
3074.8374	0.0574970125199736
3073.4204	0.0572057627542025
3072.0034	0.0574553493543308
3070.5865	0.0565107988074891
3069.1695	0.0573954262265304
3067.7525	0.0564884407274657
3066.3355	0.0569009954491959
3064.9186	0.0559849613089863
3063.5016	0.0568657611292414
3062.0846	0.0559996359877675
3060.6676	0.0565414060225551
3059.2507	0.055810938638301
3057.8337	0.0557720486995409
3056.4167	0.0545700919740658
3054.9997	0.0546154078365498
3053.5827	0.0543381150849383
3052.1658	0.0542730481794448
3050.7488	0.0541474286537384
3049.3318	0.0545965482003102
3047.9148	0.0544458752639904
3046.4979	0.0532359726164307
3045.0809	0.0527290158766983
3043.6639	0.0519788130514599
3042.2469	0.0525607345854364
3040.83	0.0523698125874903
3039.413	0.0528999741672818
3037.996	0.0522647858116358
3036.579	0.0525816658069715
3035.1621	0.0522103069228517
3033.7451	0.0526189255596161
3032.3281	0.0513179540586001
3030.9111	0.0515415118513921
3029.4942	0.0509264473460893
3028.0772	0.0506773767105507
3026.6602	0.051495719852559
3025.2432	0.0517876447277683
3023.8263	0.0515842676679798
3022.4093	0.0516658115117283
3020.9923	0.0505415883955078
3019.5753	0.0505560837605553
3018.1584	0.0506252723849813
3016.7414	0.0493148026516772
3015.3244	0.0488482836713803
3013.9074	0.049616610582492
3012.4905	0.0499903267292482
3011.0735	0.0500623778607331
3009.6565	0.0495469257893584
3008.2395	0.0503340567502054
3006.8225	0.0487301164169166
3005.4056	0.0493095817580006
3003.9886	0.048775241501693
3002.5716	0.0490973262634334
3001.1546	0.0483130289630645
2999.7377	0.0497451302763956
2998.3207	0.0481476665889522
2996.9037	0.049501255212898
2995.4867	0.0490029338805673
2994.0698	0.0494034512998368
2992.6528	0.048647681922855
2991.2358	0.0490201556983347
2989.8188	0.0489578557687164
2988.4019	0.0492932452402543
2986.9849	0.0484734259028704
2985.5679	0.0481712065006782
2984.1509	0.0489233995754694
2982.734	0.0494844062549361
2981.317	0.0485542459548952
2979.9	0.0488555706178682
2978.483	0.048917065673122
2977.0661	0.0499962449817978
2975.6491	0.0490577040290896
2974.2321	0.0504986805458371
2972.8151	0.0514173007655353
2971.3982	0.0506311079546876
2969.9812	0.050787589120242
2968.5642	0.0514761781615282
2967.1472	0.0506377310051132
2965.7303	0.0520696187049986
2964.3133	0.0519311180462903
2962.8963	0.0519587464739307
2961.4793	0.0518493097454234
2960.0623	0.0521268035236811
2958.6454	0.0524003967820206
2957.2284	0.0524656741635691
2955.8114	0.0536210570228997
2954.3944	0.0539120563581886
2952.9775	0.0534564325524101
2951.5605	0.0543698143416521
2950.1435	0.0561968923274049
2948.7265	0.0551294657553508
2947.3096	0.0549834027511096
2945.8926	0.0566975328687116
2944.4756	0.0566298020361766
2943.0586	0.0571938302124832
2941.6417	0.0578268245280006
2940.2247	0.0577218805564435
2938.8077	0.0575889691283902
2937.3907	0.059454764209287
2935.9738	0.0583196641539922
2934.5568	0.059957231204777
2933.1398	0.0597736892064358
2931.7228	0.0608748381589438
2930.3059	0.0607461271227402
2928.8889	0.0593119300513397
2927.4719	0.0608649540971496
2926.0549	0.0611063519673946
2924.638	0.0609654323236894
2923.221	0.0598062261695781
2921.804	0.0603941809818501
2920.387	0.061411569602922
2918.9701	0.0608952363422374
2917.5531	0.0613298151072532
2916.1361	0.0609467440824408
2914.7191	0.0596099482435089
2913.3021	0.0600932573121834
2911.8852	0.0603465830242525
2910.4682	0.0602047792214419
2909.0512	0.0595742350182836
2907.6342	0.0596485451661833
2906.2173	0.0594309585810772
2904.8003	0.0583168667516953
2903.3833	0.058542624850036
2901.9663	0.0594626076309597
2900.5494	0.0592394500096173
2899.1324	0.0593554099669373
2897.7154	0.0583442439613613
2896.2984	0.0587496354890325
2894.8815	0.0589452234839794
2893.4645	0.0592560659740773
2892.0475	0.058464578344503
2890.6305	0.0587981079976826
2889.2136	0.0575826776548616
2887.7966	0.0587548428331355
2886.3796	0.0583060820477937
2884.9626	0.0582801079114342
2883.5457	0.0572944182565731
2882.1287	0.0587272660946007
2880.7117	0.0569794329776631
2879.2947	0.0583484063155788
2877.8778	0.0587031930522334
2876.4608	0.0581473183633571
2875.0438	0.057215582832478
2873.6268	0.0583921808073768
2872.2099	0.0577066792162101
2870.7929	0.0559473385705624
2869.3759	0.0563960525259353
2867.9589	0.0565197833076575
2866.5419	0.0550957319236737
2865.125	0.0548489402226233
2863.708	0.0545352341857749
2862.291	0.0549902564830599
2860.874	0.0541171187069132
2859.4571	0.054621356831958
2858.0401	0.0538250229763711
2856.6231	0.0546631858247811
2855.2061	0.0531677038931716
2853.7892	0.0537559028636858
2852.3722	0.0536850539111626
2850.9552	0.0539171725568808
2849.5382	0.0525040040765209
2848.1213	0.0545073176793379
2846.7043	0.0527883137979165
2845.2873	0.0524973873727194
2843.8703	0.0520880410004637
2842.4534	0.0521805975062421
2841.0364	0.0515892709139177
2839.6194	0.0523930559358292
2838.2024	0.0516828246681421
2836.7855	0.0521143632040161
2835.3685	0.0509352019656969
2833.9515	0.0509290233014413
2832.5345	0.0508567359295099
2831.1176	0.0503732831485281
2829.7006	0.0487452480251324
2828.2836	0.0495339112991966
2826.8666	0.049099145765533
2825.4497	0.0499482692045315
2824.0327	0.0497148660544251
2822.6157	0.0487134803720243
2821.1987	0.0494343808469454
2819.7817	0.0491874187410424
2818.3648	0.0495913255879243
2816.9478	0.0486060034726649
2815.5308	0.0484387089389382
2814.1138	0.0475972279301437
2812.6969	0.0480452395894986
2811.2799	0.0477614374353252
2809.8629	0.0485022593085119
2808.4459	0.0486363831577892
2807.029	0.0481804043503587
2805.612	0.048171839464006
2804.195	0.0474763715866877
2802.778	0.0474774375861563
2801.3611	0.0471378850985265
2799.9441	0.0473959255635863
2798.5271	0.0468486059700482
2797.1101	0.0467432577428226
2795.6932	0.0471279785694873
2794.2762	0.0469541671655274
2792.8592	0.0465839479626711
2791.4422	0.0457205527376025
2790.0253	0.0472020206832781
2788.6083	0.0457416435332916
2787.1913	0.0467296388424351
2785.7743	0.0469189542177196
2784.3574	0.0459773151660465
2782.9404	0.0467684026732731
2781.5234	0.0467177521671541
2780.1064	0.0464076154886357
2778.6895	0.0461373183306811
2777.2725	0.0459208243300241
2775.8555	0.0459581576950231
2774.4385	0.046058388680075
2773.0215	0.0454088296250566
2771.6046	0.046006072839962
2770.1876	0.0457111001982402
2768.7706	0.045656106467635
2767.3536	0.0453739381346919
2765.9367	0.0450421414440427
2764.5197	0.0452305680413142
2763.1027	0.0454164452908649
2761.6857	0.0456150362855603
2760.2688	0.0457538689514824
2758.8518	0.0448800893859636
2757.4348	0.0450922702307889
2756.0178	0.0448710982725148
2754.6009	0.0440185766697167
2753.1839	0.0447590865580209
2751.7669	0.0448861466265431
2750.3499	0.0450124499478952
2748.933	0.0450402724451223
2747.516	0.0453420169051398
2746.099	0.0455654224786394
2744.682	0.045560674198871
2743.2651	0.0443327253116948
2741.8481	0.0455033769919997
2740.4311	0.0444235869142616
2739.0141	0.0449385121902314
2737.5972	0.0446537120306486
2736.1802	0.0450494295225156
2734.7632	0.0445571088756018
2733.3462	0.0450836759705465
2731.9293	0.0446815461560255
2730.5123	0.0449398189989166
2729.0953	0.0445959864367393
2727.6783	0.0446009942800309
2726.2613	0.0438437900076293
2724.8444	0.0441381453483656
2723.4274	0.0445376081846806
2722.0104	0.0440060530200531
2720.5934	0.0444436205157362
2719.1765	0.0439619162250943
2717.7595	0.0447462800578655
2716.3425	0.0435582309144715
2714.9255	0.0438465129486298
2713.5086	0.0446102105664447
2712.0916	0.0440279400023694
2710.6746	0.0441056403227029
2709.2576	0.0433238126710537
2707.8407	0.0440050937844396
2706.4237	0.0443780386513848
2705.0067	0.044852707541796
2703.5897	0.0447149223615224
2702.1728	0.0433051723822702
2700.7558	0.0437583682373826
2699.3388	0.0432675824020268
2697.9218	0.0438843897649326
2696.5049	0.04483545811097
2695.0879	0.0428433523001025
2693.6709	0.0432512617077233
2692.2539	0.043336314842064
2690.837	0.0426411163610912
2689.42	0.0427087272036942
2688.003	0.0427335654638901
2686.586	0.0427566020594236
2685.1691	0.0422952704423753
2683.7521	0.0426976960056466
2682.3351	0.0429790746182028
2680.9181	0.042209100418752
2679.5011	0.0427436911958573
2678.0842	0.0426734963245175
2676.6672	0.0420206656729857
2675.2502	0.0428387374129527
2673.8332	0.0427950518438968
2672.4163	0.0430254047887855
2670.9993	0.0431736562584082
2669.5823	0.0424480691789719
2668.1653	0.041558877246454
2666.7484	0.0432678876127325
2665.3314	0.0439646233004655
2663.9144	0.0420707549916274
2662.4974	0.0421720487609025
2661.0805	0.0428365125153572
2659.6635	0.0429797468194154
2658.2465	0.0427265280359482
2656.8295	0.042999383795044
2655.4126	0.0427254281192382
2653.9956	0.0421204061969702
2652.5786	0.0424584964896532
2651.1616	0.0417222603145475
2649.7447	0.0418283649588296
2648.3277	0.043636297490822
2646.9107	0.0423244490399806
2645.4937	0.0418945633971547
2644.0768	0.041918299915716
2642.6598	0.0422907573799754
2641.2428	0.0407275400589106
2639.8258	0.0412068590134674
2638.4089	0.0424051947320829
2636.9919	0.041540645407373
2635.5749	0.041521185098126
2634.1579	0.0417397903545823
2632.741	0.0411945942334306
2631.324	0.0411947420181142
2629.907	0.0414596968908742
2628.49	0.040847827161532
2627.073	0.0398147377635129
2625.6561	0.0415655368033383
2624.2391	0.0415767964862517
2622.8221	0.0415142728061397
2621.4051	0.0413639688868394
2619.9882	0.0408305345288306
2618.5712	0.0410554382040786
2617.1542	0.0412451976111455
2615.7372	0.0405268401074031
2614.3203	0.0401085835120678
2612.9033	0.0399310933616413
2611.4863	0.0398349028693684
2610.0693	0.0405402407230781
2608.6524	0.0407102738445758
2607.2354	0.0407475602391131
2605.8184	0.0402049267269552
2604.4014	0.04001801208728
2602.9845	0.0386487573267311
2601.5675	0.0393424669023079
2600.1505	0.0394702654600664
2598.7335	0.0407084627517886
2597.3166	0.0396072299827878
2595.8996	0.039029410854583
2594.4826	0.0395569492760666
2593.0656	0.0393092300486606
2591.6487	0.0400105404813527
2590.2317	0.0401693830254935
2588.8147	0.0389283123550193
2587.3977	0.0402311479784916
2585.9808	0.0395263932924907
2584.5638	0.0393632196044763
2583.1468	0.0392581697988478
2581.7298	0.0387180384262933
2580.3128	0.0389230962068877
2578.8959	0.0395002642531551
2577.4789	0.0394523289588441
2576.0619	0.0392916812359316
2574.6449	0.0396934934387998
2573.228	0.0387464387784559
2571.811	0.039113651422826
2570.394	0.0394677618375603
2568.977	0.0380715289433009
2567.5601	0.0387998586410329
2566.1431	0.038852055178985
2564.7261	0.0388202185749957
2563.3091	0.0390776505452398
2561.8922	0.0383502141313865
2560.4752	0.0385426195145849
2559.0582	0.0388617882474426
2557.6412	0.0390726355923857
2556.2243	0.0382937611043148
2554.8073	0.0394170303517777
2553.3903	0.0382331219974481
2551.9733	0.0376672676244909
2550.5564	0.0368815905797019
2549.1394	0.0377151515193157
2547.7224	0.0379039047052145
2546.3054	0.0374454711759366
2544.8885	0.0378557548495595
2543.4715	0.0380399271216814
2542.0545	0.0377065003175828
2540.6375	0.0379010610650249
2539.2206	0.0379913739208155
2537.8036	0.0375879118738149
2536.3866	0.0371262045034412
2534.9696	0.0372733524331689
2533.5526	0.0376753598786652
2532.1357	0.0372733824833602
2530.7187	0.0369090025920379
2529.3017	0.0369299084917663
2527.8847	0.0371065674197468
2526.4678	0.037741847905517
2525.0508	0.0375409824134479
2523.6338	0.0369080902871085
2522.2168	0.037401094604229
2520.7999	0.0383277619568848
2519.3829	0.0373853083883788
2517.9659	0.0373450580305721
2516.5489	0.0366459378743637
2515.132	0.0371080274963433
2513.715	0.0373926969714037
2512.298	0.0363288664634267
2510.881	0.0375056706074942
2509.4641	0.0372598418442484
2508.0471	0.0362741369535359
2506.6301	0.0372603260689272
2505.2131	0.0351587116379086
2503.7962	0.0365081542723755
2502.3792	0.0363180730102191
2500.9622	0.0360845180622327
2499.5452	0.0373070855646714
2498.1283	0.0369870434832989
2496.7113	0.0368428183752638
2495.2943	0.0361109720122983
2493.8773	0.036320582618104
2492.4604	0.0362960721193112
2491.0434	0.0365377143053561
2489.6264	0.0362096044079778
2488.2094	0.0370771530217145
2486.7924	0.0362154683187079
2485.3755	0.0363649620194511
2483.9585	0.0359701538612462
2482.5415	0.0370519066602726
2481.1245	0.0371317921726496
2479.7076	0.0361131487881953
2478.2906	0.0363282817115046
2476.8736	0.0356164953429512
2475.4566	0.0365606092630857
2474.0397	0.0359952417151653
2472.6227	0.036889427515081
2471.2057	0.0359845394937494
2469.7887	0.0352705539204899
2468.3718	0.0354730923680043
2466.9548	0.035971290402152
2465.5378	0.0360612872150594
2464.1208	0.0364991236446099
2462.7039	0.0359940198192504
2461.2869	0.0360294465568364
2459.8699	0.0363225078422898
2458.4529	0.0361836440050565
2457.036	0.0367790717742706
2455.619	0.0357786654557125
2454.202	0.0353501190512097
2452.785	0.0360500328892232
2451.3681	0.0354815454721433
2449.9511	0.0358227390554018
2448.5341	0.0355197671601042
2447.1171	0.0353063029340746
2445.7002	0.0365773673879319
2444.2832	0.0354035206518968
2442.8662	0.0354503969260532
2441.4492	0.0361027239014728
2440.0322	0.0362177583974382
2438.6153	0.0350449496137209
2437.1983	0.0348039417191488
2435.7813	0.0357923477576183
2434.3643	0.0352722246509687
2432.9474	0.0357548726454302
2431.5304	0.0354242931048191
2430.1134	0.0356517750119002
2428.6964	0.0347771697119423
2427.2795	0.0356144691641474
2425.8625	0.0353378820834093
2424.4455	0.0348100249009758
2423.0285	0.0354896239122178
2421.6116	0.034687726949891
2420.1946	0.0344216436357946
2418.7776	0.0349071789631086
2417.3606	0.0352642633480094
2415.9437	0.0354206379543252
2414.5267	0.0342085269264171
2413.1097	0.0340198757159861
2411.6927	0.0355879334371603
2410.2758	0.0347492783920662
2408.8588	0.0345682037591522
2407.4418	0.0350606448442774
2406.0248	0.0340255307622585
2404.6079	0.0345070464986484
2403.1909	0.0341308930318321
2401.7739	0.0352430330610314
2400.3569	0.0345933088707006
2398.94	0.0347847169409987
2397.523	0.0352252201300581
2396.106	0.0344536397618143
2394.689	0.034787695635321
2393.272	0.0341137723859783
2391.8551	0.0357827699093037
2390.4381	0.0348702835231228
2389.0211	0.034332666057832
2387.6041	0.0336014194344197
2386.1872	0.034401054468109
2384.7702	0.0342697334977105
2383.3532	0.0345581216797004
2381.9362	0.0340805691221053
2380.5193	0.0346112709240837
2379.1023	0.0330143621595612
2377.6853	0.0343324374896844
2376.2683	0.0336436872015384
2374.8514	0.0344864202225931
2373.4344	0.0341302021901785
2372.0174	0.0344535859372623
2370.6004	0.0330222724455553
2369.1835	0.033903521609816
2367.7665	0.0335635472945627
2366.3495	0.034252020141793
2364.9325	0.0343113926998364
2363.5156	0.0333806308031204
2362.0986	0.0340308863038097
2360.6816	0.034470160316598
2359.2646	0.0329949998590948
2357.8477	0.0346839410084316
2356.4307	0.0343007777562505
2355.0137	0.0350660302988882
2353.5967	0.0338298233150074
2352.1798	0.0336029477130391
2350.7628	0.0337499330874934
2349.3458	0.0347480581227768
2347.9288	0.0340169999646655
2346.5118	0.0348840300214645
2345.0949	0.0348980266847695
2343.6779	0.0336663155387295
2342.2609	0.033925910527605
2340.8439	0.0336881256342776
2339.427	0.0339935744274173
2338.01	0.0341177466996096
2336.593	0.0330423940222215
2335.176	0.0345421783073692
2333.7591	0.0335940167474415
2332.3421	0.0330077427711199
2330.9251	0.035552822333438
2329.5081	0.03392045080538
2328.0912	0.0343253354865875
2326.6742	0.0341459028393141
2325.2572	0.0346611889313833
2323.8402	0.0342494015075874
2322.4233	0.0351780800308659
2321.0063	0.0354273105281536
2319.5893	0.0345601071528336
2318.1723	0.034179296331387
2316.7554	0.0334673025166137
2315.3384	0.0345807489743022
2313.9214	0.0335879032533658
2312.5044	0.0334068094550481
2311.0875	0.0337705201587088
2309.6705	0.0337054681823511
2308.2535	0.0334352224663358
2306.8365	0.0332961021797098
2305.4196	0.0343124243226091
2304.0026	0.033579619467439
2302.5856	0.033687181347038
2301.1686	0.0346175235524585
2299.7516	0.0344316420192039
2298.3347	0.0332327885710015
2296.9177	0.0339186973831172
2295.5007	0.0341195078854448
2294.0837	0.0334168087921314
2292.6668	0.0340794005874737
2291.2498	0.0333214000414634
2289.8328	0.0338803985604649
2288.4158	0.0339322541096496
2286.9989	0.0330725032233265
2285.5819	0.033203505084918
2284.1649	0.0339770687981198
2282.7479	0.0346696253868934
2281.331	0.0334842047424865
2279.914	0.0334130590472905
2278.497	0.0332483763726315
2277.08	0.0327282330010736
2275.6631	0.032778141194887
2274.2461	0.0328135416099319
2272.8291	0.0329432606272371
2271.4121	0.0321910161234759
2269.9952	0.0326086185575658
2268.5782	0.0329808342143402
2267.1612	0.0327455172091173
2265.7442	0.0325214942802674
2264.3273	0.0330721576297137
2262.9103	0.0323118722219311
2261.4933	0.0324947539438475
2260.0763	0.032648643476805
2258.6594	0.033842827186333
2257.2424	0.0328992617177642
2255.8254	0.0337120896959646
2254.4084	0.0331368307535781
2252.9914	0.0319590463548931
2251.5745	0.0320220647833257
2250.1575	0.0330365968594816
2248.7405	0.0315426250313508
2247.3235	0.0317259549789047
2245.9066	0.0325268642732734
2244.4896	0.0315072022632575
2243.0726	0.0319285791101098
2241.6556	0.0320332703234765
2240.2387	0.0316385603667279
2238.8217	0.0319317336815841
2237.4047	0.0325279717646118
2235.9877	0.0330524989255064
2234.5708	0.0319856875473766
2233.1538	0.0325170203287206
2231.7368	0.032610277969823
2230.3198	0.032566788919217
2228.9029	0.0330590428662818
2227.4859	0.0333670201355825
2226.0689	0.0326341624955711
2224.6519	0.0319728054952961
2223.235	0.0312382179209699
2221.818	0.0322271490722221
2220.401	0.0323496213265733
2218.984	0.0321192293792736
2217.5671	0.031265739108748
2216.1501	0.0322217804888437
2214.7331	0.0323862169644655
2213.3161	0.0315162659748851
2211.8992	0.0317729821716772
2210.4822	0.032424465869755
2209.0652	0.0329008375271919
2207.6482	0.032371167604054
2206.2312	0.0334260674705036
2204.8143	0.032165227203956
2203.3973	0.0321837188293541
2201.9803	0.0324323222594918
2200.5633	0.0328052200971214
2199.1464	0.0326707113766678
2197.7294	0.0326415484154594
2196.3124	0.032628855805038
2194.8954	0.0328182714714103
2193.4785	0.0325955517358081
2192.0615	0.031601208473273
2190.6445	0.0327373464799823
2189.2275	0.0315849711814983
2187.8106	0.0328507384333528
2186.3936	0.0313028173515183
2184.9766	0.0327304514434395
2183.5596	0.0313587352937625
2182.1427	0.0311871319185885
2180.7257	0.0306136769852799
2179.3087	0.030426390144481
2177.8917	0.0307340549981272
2176.4748	0.030591030668363
2175.0578	0.0307912120732085
2173.6408	0.0306200877720025
2172.2238	0.0319017301789288
2170.8069	0.0321636954465365
2169.3899	0.0329547174904331
2167.9729	0.0331810435656321
2166.5559	0.0328099416709043
2165.139	0.0326959477794714
2163.722	0.0326551406598246
2162.305	0.0323153957882761
2160.888	0.0327402528619649
2159.471	0.0309107592187102
2158.0541	0.0314763665426161
2156.6371	0.0294134123390086
2155.2201	0.028330168070656
2153.8031	0.0289178390878223
2152.3862	0.0287076679972945
2150.9692	0.0289378681346195
2149.5522	0.0276509717719081
2148.1352	0.0284306169138474
2146.7183	0.0298894209753453
2145.3013	0.030751566335282
2143.8843	0.0300246779931978
2142.4673	0.0301260776324865
2141.0504	0.0284162192163143
2139.6334	0.0290689582167666
2138.2164	0.0304611452833557
2136.7994	0.0289987364472686
2135.3825	0.0299388284245311
2133.9655	0.0308953636573746
2132.5485	0.0291790787592644
2131.1315	0.031878147008887
2129.7146	0.0304440548938445
2128.2976	0.030534230960203
2126.8806	0.0309227261679221
2125.4636	0.0315150473465981
2124.0467	0.0304880695407181
2122.6297	0.0310497600762816
2121.2127	0.0314030464217668
2119.7957	0.0304965104492083
2118.3788	0.0312441214497551
2116.9618	0.0316892263801984
2115.5448	0.0310995431832304
2114.1278	0.0309555364266022
2112.7108	0.0318284828231861
2111.2939	0.0315193605986089
2109.8769	0.0307837910369042
2108.4599	0.032528967574262
2107.0429	0.0307721955078914
2105.626	0.0309112325232574
2104.209	0.0298689493288107
2102.792	0.0303160206373118
2101.375	0.0309451962715534
2099.9581	0.0307393456431889
2098.5411	0.0314168025426812
2097.1241	0.0312812833962714
2095.7071	0.0304178700909542
2094.2902	0.0302705995551211
2092.8732	0.0307699018590305
2091.4562	0.0293807665849478
2090.0392	0.0298033141227777
2088.6223	0.0309330980368554
2087.2053	0.0310312653426502
2085.7883	0.0317536485902552
2084.3713	0.0311446831553262
2082.9544	0.0312020538850398
2081.5374	0.0311096918068716
2080.1204	0.0311263736773468
2078.7034	0.0308089256810358
2077.2865	0.0322175677081912
2075.8695	0.0304137869345507
2074.4525	0.0319147029295096
2073.0355	0.0312888624677994
2071.6186	0.0303672280869065
2070.2016	0.0304700286348348
2068.7846	0.0304029596148035
2067.3676	0.0304854981484481
2065.9506	0.0303591667551464
2064.5337	0.0299421663095057
2063.1167	0.0308950854979962
2061.6997	0.0308717838105
2060.2827	0.0306694833858319
2058.8658	0.0312097690340698
2057.4488	0.0295415925075831
2056.0318	0.0298195236732055
2054.6148	0.0306405792166876
2053.1979	0.0310670200636793
2051.7809	0.0316556046417136
2050.3639	0.0312413396854277
2048.9469	0.0315035875224911
2047.53	0.0312001064449826
2046.113	0.0294087577164622
2044.696	0.0296660109142666
2043.279	0.0285677715465952
2041.8621	0.0295100269069379
2040.4451	0.0286995253166539
2039.0281	0.0300540822174832
2037.6111	0.0299075948173129
2036.1942	0.0300722004481553
2034.7772	0.0300434997988535
2033.3602	0.0298021433045407
2031.9432	0.029981873936584
2030.5263	0.0288697246560439
2029.1093	0.0291340970610745
2027.6923	0.029174719931697
2026.2753	0.0285621467395358
2024.8584	0.0291476483435485
2023.4414	0.0286314159869758
2022.0244	0.0277365376576252
2020.6074	0.0284135503643326
2019.1904	0.0260415214954216
2017.7735	0.0262191957734334
2016.3565	0.025844386699677
2014.9395	0.0273028102471584
2013.5225	0.0258446623032423
2012.1056	0.0258696139205775
2010.6886	0.0270823444646587
2009.2716	0.0275391339192573
2007.8546	0.0266302692563676
2006.4377	0.0267675799324195
2005.0207	0.0279553807261774
2003.6037	0.0270688034242061
2002.1867	0.0267174630314944
2000.7698	0.0270913334896698
1999.3528	0.0272428488437249
1997.9358	0.0276774182891477
1996.5188	0.028641332275464
1995.1019	0.0283807972743489
1993.6849	0.0272814843050951
1992.2679	0.0270950672357778
1990.8509	0.0276403112177296
1989.434	0.0271528982330581
1988.017	0.0279448024523113
1986.6	0.027638373715928
1985.183	0.0275303821597946
1983.7661	0.0284047058541181
1982.3491	0.0278814387761343
1980.9321	0.0291280630208445
1979.5151	0.0277889271051198
1978.0982	0.0285749306719043
1976.6812	0.0276640320354883
1975.2642	0.0269006172576587
1973.8472	0.0266032983073174
1972.4302	0.0250713925292209
1971.0133	0.0257581219724552
1969.5963	0.0258580835905475
1968.1793	0.0262557233112764
1966.7623	0.0259544913559082
1965.3454	0.0259656047081775
1963.9284	0.026228169929476
1962.5114	0.0256436881848135
1961.0944	0.0254345132748369
1959.6775	0.0269002308866115
1958.2605	0.0259699678275591
1956.8435	0.0255774169431043
1955.4265	0.0262308977032641
1954.0096	0.0267042641029771
1952.5926	0.026156773361358
1951.1756	0.0280707800393902
1949.7586	0.0273544422505269
1948.3417	0.027450792362227
1946.9247	0.0276050552857047
1945.5077	0.027674370467585
1944.0907	0.027111322949357
1942.6738	0.0262384441188846
1941.2568	0.0271544667353085
1939.8398	0.0278497498312771
1938.4228	0.0286803768521463
1937.0059	0.0272749083620916
1935.5889	0.0272472554399607
1934.1719	0.0273308845089121
1932.7549	0.0275444565262005
1931.338	0.0282384943194528
1929.921	0.0281327183964532
1928.504	0.0273125986313193
1927.087	0.027485465495803
1925.67	0.0265539856582674
1924.2531	0.0279962815202773
1922.8361	0.0276483177324206
1921.4191	0.0284911123075327
1920.0021	0.0284128040335556
1918.5852	0.0294765384285299
1917.1682	0.0282763461753106
1915.7512	0.0284782245180255
1914.3342	0.0282295588340477
1912.9173	0.0284217235277096
1911.5003	0.0278354442424885
1910.0833	0.0294169049247367
1908.6663	0.0283005224728425
1907.2494	0.028360976724483
1905.8324	0.0278059433694854
1904.4154	0.0277822663428422
1902.9984	0.0281965822155511
1901.5815	0.0273908475027202
1900.1645	0.0278186992272331
1898.7475	0.0279810568001989
1897.3305	0.0284510557954994
1895.9136	0.0284103121936134
1894.4966	0.0277087382182089
1893.0796	0.0286176041433654
1891.6626	0.0282681791475105
1890.2457	0.0273309943615471
1888.8287	0.02916558593024
1887.4117	0.0276004860015967
1885.9947	0.0282698183744129
1884.5778	0.0283837825393136
1883.1608	0.0276771749697334
1881.7438	0.0283726858328311
1880.3268	0.027781262456743
1878.9098	0.0276046639972671
1877.4929	0.0275013535935915
1876.0759	0.0277303762722173
1874.6589	0.0280701046200451
1873.2419	0.0274425012745813
1871.825	0.0286406107148292
1870.408	0.0276733467391501
1868.991	0.0278053113806504
1867.574	0.0276094000450941
1866.1571	0.0273617204771385
1864.7401	0.0286626559611166
1863.3231	0.0287079232766008
1861.9061	0.0291989024261908
1860.4892	0.0279579138570006
1859.0722	0.0273546540933677
1857.6552	0.0279763712057355
1856.2382	0.0285951063059532
1854.8213	0.0276435959288685
1853.4043	0.0285872234399138
1851.9873	0.0275509642069834
1850.5703	0.0270083737224877
1849.1534	0.0284707250508106
1847.7364	0.0280581190705563
1846.3194	0.0276528454112091
1844.9024	0.0276579663228311
1843.4855	0.0276740885290447
1842.0685	0.027474139254376
1840.6515	0.0283801685260571
1839.2345	0.0262059744960308
1837.8176	0.0272833142765345
1836.4006	0.0277890575854679
1834.9836	0.0272506532787273
1833.5666	0.0274184076779418
1832.1496	0.0279303739193536
1830.7327	0.0275537653682851
1829.3157	0.0269568009829172
1827.8987	0.0274814646063636
1826.4817	0.0280392815507463
1825.0648	0.026198979738724
1823.6478	0.0281739839575032
1822.2308	0.0272579776981009
1820.8138	0.0269474096355678
1819.3969	0.0273426087980733
1817.9799	0.0269558305254926
1816.5629	0.0273088643625456
1815.1459	0.0270663132780495
1813.729	0.0265029682682513
1812.312	0.027188329677167
1810.895	0.0273609027393669
1809.478	0.0263158535632832
1808.0611	0.0270936697732064
1806.6441	0.0273407193933865
1805.2271	0.02739086296593
1803.8101	0.0270993412652293
1802.3932	0.0273393988804687
1800.9762	0.0272847433589373
1799.5592	0.0266719622519449
1798.1422	0.0264832297788529
1796.7253	0.0270736662382509
1795.3083	0.0274987569621239
1793.8913	0.0274386279103852
1792.4743	0.0272582830626512
1791.0574	0.0274091824612871
1789.6404	0.0277359222247673
1788.2234	0.0274166382947946
1786.8064	0.0276841128552889
1785.3894	0.0273622132299037
1783.9725	0.0271436940886221
1782.5555	0.0282661418272388
1781.1385	0.0279073662932187
1779.7215	0.0275982530387799
1778.3046	0.0269840540797665
1776.8876	0.0271380339315656
1775.4706	0.0272990331857567
1774.0536	0.0279554440686394
1772.6367	0.0278473048112247
1771.2197	0.0284450727741882
1769.8027	0.027322859148374
1768.3857	0.0272559589073439
1766.9688	0.0285515909065783
1765.5518	0.0270844931544188
1764.1348	0.0278484310743927
1762.7178	0.0272026283813097
1761.3009	0.0287890178049784
1759.8839	0.0291407848240193
1758.4669	0.029003837817842
1757.0499	0.0283899900038911
1755.633	0.0289710158497123
1754.216	0.0296170998951928
1752.799	0.028500311451672
1751.382	0.0296146402586104
1749.9651	0.0291270403536997
1748.5481	0.0284917014706933
1747.1311	0.0298961635964065
1745.7141	0.0299583489306778
1744.2972	0.0290976870417222
1742.8802	0.0298836713685263
1741.4632	0.0303411427002123
1740.0462	0.0295294182877895
1738.6292	0.0305144365881388
1737.2123	0.0309293924256065
1735.7953	0.0302434638564143
1734.3783	0.0303970935791702
1732.9613	0.0319048759328394
1731.5444	0.0315218032645425
1730.1274	0.032000458180509
1728.7104	0.0311339237898199
1727.2934	0.032179208677022
1725.8765	0.0315688659393706
1724.4595	0.0333625724468709
1723.0425	0.0338003147725627
1721.6255	0.0332382192684983
1720.2086	0.0339762391305804
1718.7916	0.0340229133807608
1717.3746	0.0340535785504216
1715.9576	0.0343923721221507
1714.5407	0.0349097014173807
1713.1237	0.0351215989044731
1711.7067	0.0353930823649194
1710.2897	0.0343644917400257
1708.8728	0.0356654341400292
1707.4558	0.0355373684726354
1706.0388	0.0357478836227259
1704.6218	0.0362130914585167
1703.2049	0.0356219813221819
1701.7879	0.0364885812638647
1700.3709	0.0369567727393421
1698.9539	0.0364495845806931
1697.537	0.037982395313265
1696.12	0.0376601496199337
1694.703	0.0369052521533605
1693.286	0.0381465356385016
1691.869	0.0372641580364373
1690.4521	0.0376567323087216
1689.0351	0.0384530408714195
1687.6181	0.0369990151284112
1686.2011	0.0385049709375923
1684.7842	0.0378141280484473
1683.3672	0.0383007099661011
1681.9502	0.0390525162546053
1680.5332	0.0388072679052129
1679.1163	0.0396304868110367
1677.6993	0.0387416510195302
1676.2823	0.0395621657729215
1674.8653	0.0390683678519406
1673.4484	0.0389373102640517
1672.0314	0.0407104443329273
1670.6144	0.0392349763993601
1669.1974	0.0401897706512111
1667.7805	0.0404974775458828
1666.3635	0.0397938611692534
1664.9465	0.0422912816524451
1663.5295	0.0410870667493238
1662.1126	0.0417866449607112
1660.6956	0.0414049226228504
1659.2786	0.0423207456590286
1657.8616	0.0424448035601177
1656.4447	0.0429670728189136
1655.0277	0.0428618080604017
1653.6107	0.0429421044721043
1652.1937	0.0438734796447342
1650.7768	0.0434933067945972
1649.3598	0.0449373404552759
1647.9428	0.0446630175543129
1646.5258	0.0447268604937517
1645.1088	0.0454995144550278
1643.6919	0.046402449662481
1642.2749	0.0485446973533743
1640.8579	0.047810717280952
1639.4409	0.0493065866373882
1638.024	0.0496197319501862
1636.607	0.0505969557586379
1635.19	0.0506719006470194
1633.773	0.0523705388783192
1632.3561	0.0522671666228683
1630.9391	0.0524644026121807
1629.5221	0.0536552119959814
1628.1051	0.0534560093206242
1626.6882	0.0537591877330449
1625.2712	0.054910141765923
1623.8542	0.054423442608403
1622.4372	0.054597573564912
1621.0203	0.0562094083301267
1619.6033	0.0560080804012392
1618.1863	0.0559682106838003
1616.7693	0.0567295905587437
1615.3524	0.0582933383577072
1613.9354	0.0579280660249706
1612.5184	0.0579052287230191
1611.1014	0.0578647683210713
1609.6845	0.0593505866875327
1608.2675	0.0603109453842338
1606.8505	0.0600263111159053
1605.4335	0.0602775939940047
1604.0166	0.0620471005906327
1602.5996	0.0632461927865007
1601.1826	0.0621425545821199
1599.7656	0.0618566814937044
1598.3486	0.062612551241667
1596.9317	0.0625478202819411
1595.5147	0.0615430176071225
1594.0977	0.0621410530316173
1592.6807	0.0610495477455542
1591.2638	0.0609415574533193
1589.8468	0.0617214109506401
1588.4298	0.0606779530488088
1587.0128	0.0591138877561491
1585.5959	0.059442666210975
1584.1789	0.0582202059253562
1582.7619	0.057911985100563
1581.3449	0.0571637662049381
1579.928	0.0567059628746378
1578.511	0.0547456594040952
1577.094	0.0550950967841168
1575.677	0.0542915745910148
1574.2601	0.0537756135511985
1572.8431	0.0541860900506755
1571.4261	0.0520806483314014
1570.0091	0.0524678509786549
1568.5922	0.0511273327336692
1567.1752	0.052329668817883
1565.7582	0.0500483694867138
1564.3412	0.0497437118681047
1562.9243	0.0487240683053335
1561.5073	0.0481863398269147
1560.0903	0.0467438152402294
1558.6733	0.0457278951898394
1557.2564	0.0447897678528811
1555.8394	0.0446093719788183
1554.4224	0.0440081333110923
1553.0054	0.0435290633644003
1551.5885	0.0432031618075401
1550.1715	0.0420861652278807
1548.7545	0.0415080010937815
1547.3375	0.0412289963018315
1545.9205	0.0405703276341084
1544.5036	0.040236450780849
1543.0866	0.0399166923316921
1541.6696	0.0401204288688992
1540.2526	0.0396020729769315
1538.8357	0.0400510286473146
1537.4187	0.039051978666484
1536.0017	0.0389708378386233
1534.5847	0.0388125334971432
1533.1678	0.0382622921612776
1531.7508	0.0381731454553052
1530.3338	0.0393548281803638
1528.9168	0.0385875390268957
1527.4999	0.038753069424226
1526.0829	0.0378494094070837
1524.6659	0.0396145078688575
1523.2489	0.0404486625575383
1521.832	0.040353237703813
1520.415	0.0423461235806284
1518.998	0.0437678891640125
1517.581	0.0444335585358428
1516.1641	0.045330627810709
1514.7471	0.0461668757064834
1513.3301	0.0472317086322799
1511.9131	0.0481365263301101
1510.4962	0.0485375978582046
1509.0792	0.0492337054123093
1507.6622	0.0483350322954601
1506.2452	0.0488683606135489
1504.8283	0.0478898250785435
1503.4113	0.0465790589320782
1501.9943	0.0466242420713562
1500.5773	0.0450355955665664
1499.1603	0.044281263389783
1497.7434	0.043306121010935
1496.3264	0.0420683498969201
1494.9094	0.0414647528673188
1493.4924	0.0408410262691515
1492.0755	0.0399110336214004
1490.6585	0.0411880300110396
1489.2415	0.0399588143361263
1487.8245	0.0409485347390917
1486.4076	0.042338977702993
1484.9906	0.0417297454245647
1483.5736	0.0424668483989134
1482.1566	0.0427836996587459
1480.7397	0.0433556635186516
1479.3227	0.0442930393576174
1477.9057	0.0436434112068446
1476.4887	0.0447219386208982
1475.0718	0.0439357106670907
1473.6548	0.0440460596898945
1472.2378	0.0449516466342123
1470.8208	0.045908557020039
1469.4039	0.0464497871067195
1467.9869	0.0478788245911145
1466.5699	0.0495491257215846
1465.1529	0.0496947329244774
1463.736	0.0515697958345882
1462.319	0.0534638788756794
1460.902	0.0529522494702945
1459.485	0.053758675676941
1458.0681	0.0553171586869887
1456.6511	0.0549843268840478
1455.2341	0.0562354727578297
1453.8171	0.0568046203615731
1452.4001	0.0562789833274849
1450.9832	0.0562166884826603
1449.5662	0.0570863618175058
1448.1492	0.0570085792698034
1446.7322	0.0570271082848897
1445.3153	0.0572537483972965
1443.8983	0.0579596921895542
1442.4813	0.0573474782195183
1441.0643	0.0558945984575526
1439.6474	0.0569220018345599
1438.2304	0.0575879102373624
1436.8134	0.0584285931768793
1435.3964	0.0578544460824579
1433.9795	0.0582868562457292
1432.5625	0.0590294874835912
1431.1455	0.0602627595492189
1429.7285	0.0605566036446808
1428.3116	0.0606885352993678
1426.8946	0.0614401921186224
1425.4776	0.0616269427965065
1424.0606	0.0629846369655879
1422.6437	0.0628272346419987
1421.2267	0.0634423588471072
1419.8097	0.0637378925768271
1418.3927	0.0646053552875942
1416.9758	0.0642412955835185
1415.5588	0.0641032651436888
1414.1418	0.0652740477647799
1412.7248	0.0648533339010748
1411.3079	0.0650353424384478
1409.8909	0.0646650422013256
1408.4739	0.0647810204736444
1407.0569	0.0654574430794756
1405.6399	0.0652653561911274
1404.223	0.0648896842751137
1402.806	0.0651192199480597
1401.389	0.0659087683026204
1399.972	0.0655160130892413
1398.5551	0.0654752860116884
1397.1381	0.0661683399793858
1395.7211	0.0651310077134337
1394.3041	0.0661279409398294
1392.8872	0.0660336032084547
1391.4702	0.06700481806106
1390.0532	0.0679492531532108
1388.6362	0.0678095988677512
1387.2193	0.069144783053237
1385.8023	0.0700164957688794
1384.3853	0.0691417158522724
1382.9683	0.0707129674619944
1381.5514	0.0691398126065998
1380.1344	0.0691025168496395
1378.7174	0.0694597030748904
1377.3004	0.0698250734138761
1375.8835	0.069878473812381
1374.4665	0.0696468810662847
1373.0495	0.0697894667957376
1371.6325	0.0705412128843021
1370.2156	0.0709521257147345
1368.7986	0.0712298663793459
1367.3816	0.0727267156424187
1365.9646	0.0734926356165083
1364.5477	0.0734354253847452
1363.1307	0.0739975644007029
1361.7137	0.07435042458149
1360.2967	0.0743337987314165
1358.8797	0.0732718578692583
1357.4628	0.0729671767699367
1356.0458	0.0718010707040731
1354.6288	0.0712701522881891
1353.2118	0.0709176707032103
1351.7949	0.0695241956595725
1350.3779	0.0698416406367974
1348.9609	0.0696116651444817
1347.5439	0.0695279369604079
1346.127	0.0689332589061116
1344.71	0.0705399482566758
1343.293	0.0709932278119988
1341.876	0.0702511025784313
1340.4591	0.0709248635866736
1339.0421	0.0723849252284404
1337.6251	0.0714150827661241
1336.2081	0.0713697833527906
1334.7912	0.0713164410804345
1333.3742	0.0718223795235001
1331.9572	0.0704170201354632
1330.5402	0.0714135992259864
1329.1233	0.0701174138264147
1327.7063	0.0696901538263116
1326.2893	0.0686679230782818
1324.8723	0.0691292311925501
1323.4554	0.0682818154028899
1322.0384	0.0662642837092757
1320.6214	0.0662821250408694
1319.2044	0.0667417291208632
1317.7875	0.0649780527505793
1316.3705	0.0648476580839344
1314.9535	0.0647681019234312
1313.5365	0.0652603448657929
1312.1195	0.0627785213332272
1310.7026	0.0631843415175541
1309.2856	0.0628804437477425
1307.8686	0.0636237403736396
1306.4516	0.0632178634700565
1305.0347	0.0632675411665669
1303.6177	0.0635430642844893
1302.2007	0.0630915280663309
1300.7837	0.0635871002436063
1299.3668	0.0629667339914427
1297.9498	0.0636646472730723
1296.5328	0.063459834738051
1295.1158	0.063780321010467
1293.6989	0.0641075015781634
1292.2819	0.0637766244279094
1290.8649	0.0624465280726578
1289.4479	0.0632860740478892
1288.031	0.063201339303609
1286.614	0.0629819830478121
1285.197	0.0635403421103607
1283.78	0.0645636286228269
1282.3631	0.0642608284769264
1280.9461	0.0650281615354477
1279.5291	0.0661019871268203
1278.1121	0.0657376345598092
1276.6952	0.0671572946069448
1275.2782	0.0680267931417631
1273.8612	0.0680505493479127
1272.4442	0.0684470974010509
1271.0273	0.0691930607280963
1269.6103	0.0691765703922105
1268.1933	0.0688129737159153
1266.7763	0.069691588302512
1265.3593	0.067932250730085
1263.9424	0.0687446695158429
1262.5254	0.0687444788588018
1261.1084	0.0684962577500658
1259.6914	0.0680094158541226
1258.2745	0.0680382903881873
1256.8575	0.0682564398575797
1255.4405	0.0675588455333122
1254.0235	0.068588244280218
1252.6066	0.0685734036665823
1251.1896	0.0685668092560573
1249.7726	0.0673785682371027
1248.3556	0.067794996267547
1246.9387	0.0666728140495958
1245.5217	0.0664384877599213
1244.1047	0.0669590415057759
1242.6877	0.0662410201502316
1241.2708	0.0664240798688591
1239.8538	0.0678020147946459
1238.4368	0.0662318809707789
1237.0198	0.0665496738697531
1235.6029	0.0666402134420612
1234.1859	0.0672368915386177
1232.7689	0.0684116486484264
1231.3519	0.0669455167105553
1229.935	0.0660892822600266
1228.518	0.0671931877543153
1227.101	0.0651559708184239
1225.684	0.063916878347249
1224.2671	0.063366726033154
1222.8501	0.0615225042711771
1221.4331	0.0619818597653204
1220.0161	0.060679397233534
1218.5991	0.0593688733623045
1217.1822	0.0598233434827359
1215.7652	0.0596487370400961
1214.3482	0.0586881471046444
1212.9312	0.0577043647464255
1211.5143	0.0587656642222458
1210.0973	0.0580128917906477
1208.6803	0.056373087067115
1207.2633	0.0560686509560378
1205.8464	0.0563022286727005
1204.4294	0.0561905261471129
1203.0124	0.0546020379176534
1201.5954	0.0549107880154287
1200.1785	0.0545209259829327
1198.7615	0.0531963666260338
1197.3445	0.0528076542982868
1195.9275	0.0523448396917364
1194.5106	0.0519783421898886
1193.0936	0.0517154110897409
1191.6766	0.0503110879985775
1190.2596	0.05059266251618
1188.8427	0.0488356791170447
1187.4257	0.0490827524646622
1186.0087	0.0481657059476937
1184.5917	0.0476034793471206
1183.1748	0.0473296392734262
1181.7578	0.048936871073188
1180.3408	0.0466535803258273
1178.9238	0.0480184001195819
1177.5069	0.0488117398097545
1176.0899	0.0490973960277286
1174.6729	0.0493814418886123
1173.2559	0.051235033903128
1171.8389	0.0526379637396162
1170.422	0.054203036582812
1169.005	0.0559480558389445
1167.588	0.058411304771533
1166.171	0.0605931655915702
1164.7541	0.0652152133429035
1163.3371	0.0670262149742188
1161.9201	0.0717515099467039
1160.5031	0.0753890945194756
1159.0862	0.0786887598263152
1157.6692	0.0816928749670746
1156.2522	0.0853198273499791
1154.8352	0.088726043962976
1153.4183	0.0913505714854436
1152.0013	0.0932280379191424
1150.5843	0.0939015357604895
1149.1673	0.0956191623855145
1147.7504	0.0961597677414388
1146.3334	0.0954096574601282
1144.9164	0.0952383587856683
1143.4994	0.0959192962586412
1142.0825	0.0941850705665833
1140.6655	0.0926823106458428
1139.2485	0.0917107291066948
1137.8315	0.0893679239458961
1136.4146	0.0884026292754056
1134.9976	0.0872565553027184
1133.5806	0.0865371511946226
1132.1636	0.0872983784311071
1130.7467	0.086661722543816
1129.3297	0.0867718214386018
1127.9127	0.0875193272159578
1126.4957	0.0884949203420596
1125.0787	0.0885051796850288
1123.6618	0.0885639675275854
1122.2448	0.0894605073900341
1120.8278	0.0894063861450006
1119.4108	0.0895040971196345
1117.9939	0.0901881238539605
1116.5769	0.0896075693609929
1115.1599	0.0898691526828642
1113.7429	0.0900124386863067
1112.326	0.0913700571990414
1110.909	0.0930548300514913
1109.492	0.0921965539302195
1108.075	0.0934634114163513
1106.6581	0.0946104023626718
1105.2411	0.0957053089596579
1103.8241	0.0968883912048247
1102.4071	0.0983146942899768
1100.9902	0.097694387128954
1099.5732	0.0974717834972243
1098.1562	0.0993703366895302
1096.7392	0.0991629577044394
1095.3223	0.0998365513065409
1093.9053	0.100258653615762
1092.4883	0.100022238341724
1091.0713	0.101129459297242
1089.6544	0.10416188684484
1088.2374	0.106171851229186
1086.8204	0.109158810357513
1085.4034	0.112032153253501
1083.9865	0.116292671298373
1082.5695	0.118641321777852
1081.1525	0.121512695590822
1079.7355	0.124049163272625
1078.3185	0.127068300721875
1076.9016	0.127778638623938
1075.4846	0.128867659906628
1074.0676	0.127185411829775
1072.6506	0.126412405219496
1071.2337	0.124065720744843
1069.8167	0.121301077097314
1068.3997	0.119510582236072
1066.9827	0.117697920344006
1065.5658	0.116449241151598
1064.1488	0.116311961228052
1062.7318	0.117684642121075
1061.3148	0.118584036865896
1059.8979	0.120056381524437
1058.4809	0.122106128649844
1057.0639	0.122980000778148
1055.6469	0.126144813684733
1054.23	0.129434463455058
1052.813	0.130643895258029
1051.396	0.134103960365378
1049.979	0.135387165350247
1048.5621	0.137905857165303
1047.1451	0.140512922375868
1045.7281	0.143729466209041
1044.3111	0.145792814754576
1042.8942	0.148400463707765
1041.4772	0.151056922365702
1040.0602	0.153833055665084
1038.6432	0.156189879631416
1037.2263	0.157939783490727
1035.8093	0.160486922273067
1034.3923	0.163864296450737
1032.9753	0.165163208525571
1031.5583	0.16895215385697
1030.1414	0.171032359848647
1028.7244	0.174231323243831
1027.3074	0.177162050291321
1025.8904	0.180866948363381
1024.4735	0.183209980065157
1023.0565	0.185534362385096
1021.6395	0.188478862382676
1020.2225	0.19082915627614
1018.8056	0.193259718806341
1017.3886	0.19520570497705
1015.9716	0.195861030572501
1014.5546	0.197514290977321
1013.1377	0.196575855943864
1011.7207	0.198215264299151
1010.3037	0.199648812962115
1008.8867	0.198019471259615
1007.4698	0.198940108449258
1006.0528	0.198285126611834
1004.6358	0.199624670069652
1003.2188	0.200000178331645
1001.8019	0.200747419510683
1000.3849	0.203441644070216
998.9679	0.203253863333404
997.5509	0.204893254676639
996.134	0.205473194992487
994.717	0.206409237743094
993.3	0.206805305261401
991.883	0.207680378546674
990.4661	0.208180070060132
989.0491	0.207200407516433
987.6321	0.206756380529224
986.2151	0.205331723425498
984.7981	0.204070678804908
983.3812	0.201549720661247
981.9642	0.199102381282981
980.5472	0.197077254057615
979.1302	0.194495819858094
977.7133	0.190822374037629
976.2963	0.186430570349137
974.8793	0.183810936989578
973.4623	0.179694274288315
972.0454	0.177247149651964
970.6284	0.171777788760389
969.2114	0.168558900941052
967.7944	0.165150247255819
966.3775	0.161496759824356
964.9605	0.1564817011742
963.5435	0.153186114299557
962.1265	0.149754492092877
960.7096	0.146792602572619
959.2926	0.143224548577293
957.8756	0.141631855047757
956.4586	0.138021463770859
955.0417	0.135746582077215
953.6247	0.132439255983286
952.2077	0.130236395487515
950.7907	0.12698576393603
949.3738	0.124204900390542
947.9568	0.123886556806256
946.5398	0.122430125820549
945.1228	0.122275775804667
943.7059	0.120608069938712
942.2889	0.120153052490378
940.8719	0.120418594123238
939.4549	0.120537473159374
938.0379	0.121045017608929
936.621	0.122627684159063
935.204	0.122472429632402
933.787	0.122300868446952
932.37	0.121966413663055
930.9531	0.12215260092532
929.5361	0.122960245368579
928.1191	0.123106011662282
926.7021	0.121698342450891
925.2852	0.121952022763668
923.8682	0.121908737858289
922.4512	0.120405133813149
921.0342	0.120964189543322
919.6173	0.120727753823778
918.2003	0.119651429108101
916.7833	0.119038309331968
915.3663	0.11810034691765
913.9494	0.117619545941023
912.5324	0.115831633737698
911.1154	0.115827403794298
909.6984	0.11565000699346
908.2815	0.112837295404413
906.8645	0.111223664145345
905.4475	0.110755486022976
904.0305	0.109598612686023
902.6136	0.10890863111047
901.1966	0.108237363921051
899.7796	0.107028214691996
898.3626	0.106170633690887
896.9457	0.104904663206455
895.5287	0.104911214263004
894.1117	0.103494210831511
892.6947	0.102990631291687
891.2777	0.102846351560263
889.8608	0.101453188931262
888.4438	0.100328883133748
887.0268	0.0996417976700824
885.6098	0.0982926423808649
884.1929	0.0976587278113312
882.7759	0.0960103862112851
881.3589	0.094871125357344
879.9419	0.0940508280542172
878.525	0.0934795140487039
877.108	0.0939419416013721
875.691	0.092941912452642
874.274	0.0935891410826942
872.8571	0.0944575564126368
871.4401	0.0928885671533791
870.0231	0.0943258754212478
868.6061	0.0951989690840456
867.1892	0.09637505599801
865.7722	0.0963593026773764
864.3552	0.0977857505782581
862.9382	0.0982071526926737
861.5213	0.098450164307166
860.1043	0.0988000854509853
858.6873	0.0992743608825404
857.2703	0.0986258231415737
855.8534	0.0990266159857874
854.4364	0.0986644009108251
853.0194	0.0997487128811082
851.6024	0.0988129485220266
850.1855	0.100162040543592
848.7685	0.0990127907538421
847.3515	0.100029491650868
845.9345	0.100535329125892
844.5175	0.0996312927152074
843.1006	0.0993836653753324
841.6836	0.0988337260938703
840.2666	0.0989261084521961
838.8496	0.098714543573238
837.4327	0.0973793880945863
836.0157	0.0964531819703081
834.5987	0.0961760352888911
833.1817	0.0954159881518033
831.7648	0.0949296163984492
830.3478	0.093800674219942
828.9308	0.0923555234586942
827.5138	0.0926102396201684
826.0969	0.0919121732787704
824.6799	0.0925290568129973
823.2629	0.090929172727311
821.8459	0.0916020048848725
820.429	0.0919149500758042
819.012	0.0905641824674109
817.595	0.0906409979825509
816.178	0.090818851225388
814.7611	0.0897333131880765
813.3441	0.0903695452373342
811.9271	0.0888789186112712
810.5101	0.0897325079058824
809.0932	0.0891109154122231
807.6762	0.0882932324769037
806.2592	0.0892638726538281
804.8422	0.0883487978044261
803.4253	0.0889399680863693
802.0083	0.0882237769410169
800.5913	0.0879573828412486
799.1743	0.0883015623219777
797.7573	0.0878254285858313
796.3404	0.0881501726563083
794.9234	0.0885761530453649
793.5064	0.0886279096706833
792.0894	0.0889300018690942
790.6725	0.0896479401694165
789.2555	0.0889030889786762
787.8385	0.0894042528844872
786.4215	0.0905316152499696
785.0046	0.090676803276224
783.5876	0.0906789579481864
782.1706	0.0913096176920645
780.7536	0.0922927712776935
779.3367	0.0932265316659825
777.9197	0.0941551728244316
776.5027	0.0944099022178353
775.0857	0.0952341975300867
773.6688	0.0973089623311139
772.2518	0.0967422226150158
770.8348	0.0988800161191659
769.4178	0.10030818694185
768.0009	0.100695396189835
766.5839	0.101741982839863
765.1669	0.103898589354299
763.7499	0.103672960566715
762.333	0.104159388349806
760.916	0.104658460877865
759.499	0.104274877061018
758.082	0.105190556641598
756.6651	0.105217210181592
755.2481	0.104002959392029
753.8311	0.103046877421347
752.4141	0.103038882540453
750.9971	0.101505579972757
749.5802	0.10023241153137
748.1632	0.100042454882889
746.7462	0.0985372730433647
745.3292	0.0979974976698311
743.9123	0.0967318820682181
742.4953	0.0971946302284938
741.0783	0.0958795939607946
739.6613	0.0964620556623544
738.2444	0.0963601226370411
736.8274	0.0968658926397526
735.4104	0.0975015423558851
733.9934	0.0961741348267675
732.5765	0.0968725835165478
731.1595	0.097145314604823
729.7425	0.0968190434444526
728.3255	0.0968700145305247
726.9086	0.0976055349404926
725.4916	0.0984199810934834
724.0746	0.0986102347228246
722.6576	0.100290711618455
721.2407	0.100880926037607
719.8237	0.101197123800588
718.4067	0.103172202543751
716.9897	0.102925134977709
715.5728	0.105187144289221
714.1558	0.105574296795258
712.7388	0.106432368408927
711.3218	0.107356044148277
709.9049	0.107843409027989
708.4879	0.109171727056401
707.0709	0.1102228815263
705.6539	0.110759545672568
704.2369	0.110545014357928
702.82	0.111830591396722
701.403	0.110783261825377
699.986	0.109929679277293
698.569	0.110582879979643
697.1521	0.109968543638928
695.7351	0.109840766655635
694.3181	0.110010614160045
692.9011	0.108483922762248
691.4842	0.108679190790786
690.0672	0.109325500684019
688.6502	0.108869866667516
687.2332	0.10912252733349
685.8163	0.108753135507348
684.3993	0.108580936158491
682.9823	0.109144935990922
681.5653	0.109567012279395
680.1484	0.109584251012844
678.7314	0.108798782576214
677.3144	0.110333049160009
675.8974	0.109999933688698
674.4805	0.110137272063049
673.0635	0.110002512894842
671.6465	0.110494645150715
670.2295	0.110800679769442
668.8126	0.111614168603021
667.3956	0.111888432906786
665.9786	0.113295960035654
664.5616	0.113227327700248
663.1447	0.114594403682041
661.7277	0.113815145814741
660.3107	0.114292661873995
658.8937	0.114915385496352
657.4767	0.114609246194264
656.0598	0.11480701236809
654.6428	0.114859676691514
653.2258	0.114875779738982
651.8088	0.115737741674385
650.3919	0.115970381094083
648.9749	0.11572114723552
647.5579	0.117188129445501
646.1409	0.117640686045854
644.724	0.117707335143633
643.307	0.117896167421911
641.89	0.118768732116915
640.473	0.11961934103788
639.0561	0.11925210029569
637.6391	0.119718947494705
636.2221	0.11931317720384
634.8051	0.119826189320239
633.3882	0.120599611254008
631.9712	0.119124791134542
630.5542	0.120495291216065
629.1372	0.120547030604995
627.7203	0.123078096306013
626.3033	0.122630090370912
624.8863	0.123030000022389
623.4693	0.124423019736018
622.0524	0.126503894083602
620.6354	0.126825867851141
619.2184	0.128446308470588
617.8014	0.129858826725175
616.3845	0.13065963487137
614.9675	0.132357259822511
613.5505	0.133222510886862
612.1335	0.135320133846348
610.7165	0.135119431024792
609.2996	0.137269366225423
607.8826	0.138372676506248
606.4656	0.138336236240624
605.0486	0.138396219024001
603.6317	0.139237542514171
602.2147	0.139195993719603
600.7977	0.138719771493799
599.3807	0.139176632037212
597.9638	0.139068542226003
596.5468	0.139239502030207
595.1298	0.138332957887156
593.7128	0.140399949304312
592.2959	0.139786560582963
590.8789	0.140036233146634
589.4619	0.141471842097018
588.0449	0.142772588731698
586.628	0.144579695740165
585.211	0.145703144686274
583.794	0.147121314184003
582.377	0.147888260167259
580.9601	0.150156879255798
579.5431	0.151516002626149
578.1261	0.153680095309661
576.7091	0.155671278260403
575.2922	0.158265417882891
573.8752	0.159119414230122
572.4582	0.15961012545139
571.0412	0.160537939080187
569.6243	0.159920098235207
568.2073	0.160042909709851
566.7903	0.159499928981273
565.3733	0.159242688337043
563.9563	0.15855940382376
562.5394	0.157966602730542
561.1224	0.156936119115282
559.7054	0.156295651258838
558.2884	0.156052174371275
556.8715	0.156553086768806
555.4545	0.156426213276065
554.0375	0.155710912908032
552.6205	0.153431193581475
551.2036	0.153072169626621
549.7866	0.153128274301592
548.3696	0.151784636352425
546.9526	0.152574752731567
545.5357	0.151572597732211
544.1187	0.151540279521737
542.7017	0.152534248755332
541.2847	0.152631357589565
539.8678	0.154511171249722
538.4508	0.15482155517781
537.0338	0.156227549169966
535.6168	0.157335536900207
534.1999	0.158396370580391
532.7829	0.159167461445141
531.3659	0.160176163853281
529.9489	0.162426323900693
528.532	0.16282110767369
527.115	0.164779399954919
525.698	0.166368173159422
524.281	0.167306376179722
522.8641	0.168183078212347
521.4471	0.168311125200533
520.0301	0.168173926476914
518.6131	0.167389276905719
517.1962	0.168432772903139
515.7792	0.168110148627256
514.3622	0.169086647890684
512.9452	0.166834167143935
511.5282	0.165911355988931
510.1113	0.166454362658598
508.6943	0.166263541439579
507.2773	0.166007036923269
505.8603	0.1666014966438
504.4434	0.166594394037013
503.0264	0.165504117936482
501.6094	0.166067234432011
500.1924	0.164220739566453
498.7755	0.165395889857885
497.3585	0.165330021972063
495.9415	0.165467786271479
494.5245	0.164899503789164
493.1076	0.164523052240835
491.6906	0.163868165491176
490.2736	0.164153878318083
488.8566	0.165151270682925
487.4397	0.165385476214631
486.0227	0.163616607158135
484.6057	0.164321826496004
483.1887	0.165784120844191
481.7718	0.163997604716365
480.3548	0.165699507618435
478.9378	0.165414953761552
477.5208	0.165648362496588
476.1039	0.164831816300707
474.6869	0.165753301604914
473.2699	0.165133515380462
471.8529	0.16381502584905
470.436	0.16372638469252
469.019	0.163100688865529
467.602	0.163426616560908
466.185	0.161659350930402
464.768	0.162559716651078
463.3511	0.161774328556555
461.9341	0.16276672131709
460.5171	0.163588134623718
459.1001	0.162977940326432
457.6832	0.162168955856104
456.2662	0.163327159697004
454.8492	0.162171084792328
453.4322	0.161514940247835
452.0153	0.162319990265009
450.5983	0.16127974632744
449.1813	0.162194259334171
447.7643	0.162991998278006
446.3474	0.164598009163987
444.9304	0.165591769359293
443.5134	0.166458698598539
442.0964	0.167302833642735
440.6795	0.168666213999122
439.2625	0.169789071158832
437.8455	0.171209670654567
436.4285	0.173002799495111
435.0116	0.174555497855678
433.5946	0.175284715396292
432.1776	0.175987322831488
430.7606	0.175144065510748
429.3437	0.174134339608829
427.9267	0.173865972483135
426.5097	0.174885347259469
425.0927	0.175680186717036
423.6758	0.176514377986115
422.2588	0.178154415745332
420.8418	0.17801155615489
419.4248	0.178470002158935
418.0078	0.179069428069344
416.5909	0.178815265099437
415.1739	0.179139298996052
413.7569	0.181264125929621
412.3399	0.180554172120332
410.923	0.180555610261535
409.506	0.179522988345262
408.089	0.18028205210657
406.672	0.179982628653158
405.2551	0.179731382037268
403.8381	0.181117415870395
402.4211	0.182124381875644
401.0041	0.182733895098759
