3994.4546	0.0182399267488609
3993.0377	0.0188710121446849
3991.6207	0.0185423321000051
3990.2037	0.0185499736691903
3988.7867	0.0186929682593369
3987.3698	0.018418205222685
3985.9528	0.0182630799010356
3984.5358	0.0194680953713389
3983.1188	0.018198003702218
3981.7019	0.0198226926599514
3980.2849	0.0189385532859434
3978.8679	0.0192729126218311
3977.4509	0.0198559735673622
3976.034	0.0180275917190799
3974.617	0.0188425142980639
3973.2	0.0185932819702238
3971.783	0.0177971719047749
3970.3661	0.0188243571882744
3968.9491	0.0190267787421879
3967.5321	0.0193321011202398
3966.1151	0.0186182732897462
3964.6982	0.0185423937737536
3963.2812	0.0182465964903074
3961.8642	0.0184604044920292
3960.4472	0.0188090855284505
3959.0303	0.018334482685504
3957.6133	0.0188408393796495
3956.1963	0.0195543988191712
3954.7793	0.0189819314250495
3953.3624	0.019039070667201
3951.9454	0.0197938661130195
3950.5284	0.0185977947081871
3949.1114	0.0180715344691291
3947.6944	0.0183185060191249
3946.2775	0.0186111892087227
3944.8605	0.018426655158275
3943.4435	0.019213393902347
3942.0265	0.0182761748201246
3940.6096	0.0183825756998034
3939.1926	0.0187041683646426
3937.7756	0.0178636084019024
3936.3586	0.018322566394997
3934.9417	0.0186089566060021
3933.5247	0.0185390843402389
3932.1077	0.0182878038212316
3930.6907	0.019143433743223
3929.2738	0.0182934687529231
3927.8568	0.0185294018353319
3926.4398	0.018172819275719
3925.0228	0.0183140204970307
3923.6059	0.0191615422548156
3922.1889	0.0185937887025222
3920.7719	0.0187622319584962
3919.3549	0.0193664529709377
3917.938	0.0186423751790048
3916.521	0.0186748809207456
3915.104	0.0188221705961013
3913.687	0.0182324369313189
3912.2701	0.0183737414443489
3910.8531	0.0184147876951247
3909.4361	0.0180073119526073
3908.0191	0.0182435588424304
3906.6022	0.0178878348138368
3905.1852	0.0176683131958992
3903.7682	0.0188520173891084
3902.3512	0.0191242282813892
3900.9342	0.0188589126574449
3899.5173	0.0184123316327109
3898.1003	0.0179927727308499
3896.6833	0.0181938104260533
3895.2663	0.0176566100983973
3893.8494	0.0188254509535779
3892.4324	0.0181581308911556
3891.0154	0.0188555083371445
3889.5984	0.0180703066671052
3888.1815	0.0178997741851432
3886.7645	0.0177307397974866
3885.3475	0.0193483074019497
3883.9305	0.0181196037952002
3882.5136	0.0180676838413404
3881.0966	0.0184484106839168
3879.6796	0.0184183173611946
3878.2626	0.0181940452637709
3876.8457	0.0183577141350083
3875.4287	0.0182009098474329
3874.0117	0.0182735934083285
3872.5947	0.0182336243220715
3871.1778	0.0183592951011068
3869.7608	0.0184751441151378
3868.3438	0.0176985120059206
3866.9268	0.017356238148858
3865.5099	0.0179460935576108
3864.0929	0.0181980419394674
3862.6759	0.017910553177956
3861.2589	0.0184697986899563
3859.842	0.0182080514190335
3858.425	0.0185727940918864
3857.008	0.0180232888713162
3855.591	0.0185219099767334
3854.174	0.0186724561049331
3852.7571	0.0186700589366949
3851.3401	0.0186286855075329
3849.9231	0.0182273169410307
3848.5061	0.0181205586514251
3847.0892	0.0177784261344627
3845.6722	0.0179650893084043
3844.2552	0.0176010677670718
3842.8382	0.018550728176504
3841.4213	0.0176441713115386
3840.0043	0.0174050895294312
3838.5873	0.0182383952764169
3837.1703	0.0184750780781393
3835.7534	0.018630469087999
3834.3364	0.0176706248998393
3832.9194	0.0182144731580982
3831.5024	0.0183006827755618
3830.0855	0.0180287681586512
3828.6685	0.0181557770424355
3827.2515	0.0183213015937116
3825.8345	0.0181398970441211
3824.4176	0.0177388147199717
3823.0006	0.0185293660785615
3821.5836	0.0176848195409391
3820.1666	0.017572125866864
3818.7497	0.017775459151518
3817.3327	0.0184192364015842
3815.9157	0.0177996242636048
3814.4987	0.0179671624867281
3813.0818	0.0185247470147189
3811.6648	0.017822476190367
3810.2478	0.0171671809039369
3808.8308	0.0184690159535952
3807.4138	0.017883008957233
3805.9969	0.0176167300450194
3804.5799	0.0178025942460129
3803.1629	0.0185307453610491
3801.7459	0.0169459763629272
3800.329	0.0180204117469258
3798.912	0.0177416968729997
3797.495	0.0187024613000559
3796.078	0.017036496932966
3794.6611	0.0176065923724307
3793.2441	0.0171782377730609
3791.8271	0.0181873396961837
3790.4101	0.0176342953449398
3788.9932	0.0169966533390125
3787.5762	0.0177190565933479
3786.1592	0.0183541822723373
3784.7422	0.0179693326512839
3783.3253	0.0166613000469324
3781.9083	0.0178980518319435
3780.4913	0.0180527706809302
3779.0743	0.0174538979872684
3777.6574	0.0172969868184636
3776.2404	0.0178783020285428
3774.8234	0.0176661496439234
3773.4064	0.0177748824370639
3771.9895	0.0186054551571967
3770.5725	0.0174848207106578
3769.1555	0.0181662664330073
3767.7385	0.0181958260759004
3766.3216	0.0168555531652719
3764.9046	0.0176911999820725
3763.4876	0.0176926706957467
3762.0706	0.0170039532829855
3760.6536	0.0173421561316271
3759.2367	0.0181157093892362
3757.8197	0.0170297528802383
3756.4027	0.0175918762384485
3754.9857	0.0169723504554321
3753.5688	0.0174156303135065
3752.1518	0.0173515559141758
3750.7348	0.0173634637582906
3749.3178	0.0178986182223158
3747.9009	0.0170988563960703
3746.4839	0.0174972702987352
3745.0669	0.0175526682512184
3743.6499	0.0184340613643087
3742.233	0.0180808824824127
3740.816	0.0173400994364418
3739.399	0.0177751037566262
3737.982	0.0172725741401191
3736.5651	0.0175065994899529
3735.1481	0.0175065533158331
3733.7311	0.0172907872240828
3732.3141	0.017092439803729
3730.8972	0.0171013224208267
3729.4802	0.0170506366395037
3728.0632	0.0169834755600365
3726.6462	0.0170814481466588
3725.2293	0.0173790113282243
3723.8123	0.0167932552056099
3722.3953	0.0174876067179416
3720.9783	0.0163267124183151
3719.5614	0.0171848424318121
3718.1444	0.0171105869370138
3716.7274	0.0174065260231058
3715.3104	0.0174303783346962
3713.8935	0.0172897607397451
3712.4765	0.0174630315897291
3711.0595	0.0175122032840869
3709.6425	0.0170078035185317
3708.2255	0.0163434994232997
3706.8086	0.0169578965876572
3705.3916	0.0170573931841672
3703.9746	0.0171675566619391
3702.5576	0.0171766103525475
3701.1407	0.0173170880614349
3699.7237	0.0162911909222312
3698.3067	0.0173173423696466
3696.8897	0.0160753652844525
3695.4728	0.0162287157997986
3694.0558	0.0168781013375569
3692.6388	0.0165263844274559
3691.2218	0.0168534648244807
3689.8049	0.0169705369943904
3688.3879	0.0164175682429114
3686.9709	0.0160154851124677
3685.5539	0.0163745848183065
3684.137	0.0177305237950257
3682.72	0.0165752677900585
3681.303	0.0165935197764604
3679.886	0.0165935968834599
3678.4691	0.0161568627019019
3677.0521	0.0173453865746847
3675.6351	0.0170141124809931
3674.2181	0.0172808612864048
3672.8012	0.016639069413907
3671.3842	0.0169874991766137
3669.9672	0.0169290924173496
3668.5502	0.0169380991730009
3667.1333	0.0168190642776494
3665.7163	0.017321955032284
3664.2993	0.0174019899709157
3662.8823	0.0175329471411655
3661.4653	0.0171101145118359
3660.0484	0.0165658015608038
3658.6314	0.0165073749703551
3657.2144	0.0164545243106078
3655.7974	0.017042165434007
3654.3805	0.0171623120734957
3652.9635	0.0175442057602012
3651.5465	0.0171336494701079
3650.1295	0.017755168655001
3648.7126	0.0174660696756601
3647.2956	0.0180745667118846
3645.8786	0.0171791691412086
3644.4616	0.0170905140987712
3643.0447	0.0163513270642329
3641.6277	0.0171022410156277
3640.2107	0.0169844464197966
3638.7937	0.0174589985557507
3637.3768	0.0172899612167181
3635.9598	0.0171033478486522
3634.5428	0.0184515876287991
3633.1258	0.0177419061858402
3631.7089	0.0176100306072418
3630.2919	0.0176998791043463
3628.8749	0.0180929776936081
3627.4579	0.017770074659998
3626.041	0.0180832659638503
3624.624	0.0181067981394804
3623.207	0.0181480806297333
3621.79	0.0181081439223942
3620.3731	0.0185817613609018
3618.9561	0.0185401488836093
3617.5391	0.0190723444902896
3616.1221	0.0183646406257159
3614.7051	0.0187963940727643
3613.2882	0.0183914505794818
3611.8712	0.0193220698314432
3610.4542	0.018749966316894
3609.0372	0.0190014621355752
3607.6203	0.0191342514282992
3606.2033	0.0191577476220068
3604.7863	0.0202112338394381
3603.3693	0.0191860112012584
3601.9524	0.0194427521755419
3600.5354	0.0203765496467513
3599.1184	0.0205175438513116
3597.7014	0.0198759376836976
3596.2845	0.0202705003055117
3594.8675	0.0206655927383447
3593.4505	0.0214104759415902
3592.0335	0.0216806952769592
3590.6166	0.0216176033112737
3589.1996	0.0208083850099074
3587.7826	0.021745886661449
3586.3656	0.0210165567024543
3584.9487	0.0220362127490596
3583.5317	0.0229865298871146
3582.1147	0.0220544145194269
3580.6977	0.0216400679380997
3579.2808	0.0226044332265541
3577.8638	0.0226599698401109
3576.4468	0.0232379773148262
3575.0298	0.0232439636111671
3573.6129	0.0227396313220173
3572.1959	0.0237692359369105
3570.7789	0.0230239548016559
3569.3619	0.0233831950639611
3567.9449	0.0238895766663227
3566.528	0.0245209533446451
3565.111	0.0252783534036227
3563.694	0.0251589241878507
3562.277	0.0253386004988091
3560.8601	0.0244143909164293
3559.4431	0.0254005343930998
3558.0261	0.0248490241278147
3556.6091	0.0257996945367952
3555.1922	0.0257033436153884
3553.7752	0.0263583570532184
3552.3582	0.0266513042493985
3550.9412	0.0271241334104278
3549.5243	0.0269360026487726
3548.1073	0.0270255375773163
3546.6903	0.0276436086230277
3545.2733	0.0276249927827596
3543.8564	0.0280222760509377
3542.4394	0.0289452733142884
3541.0224	0.0293628620381934
3539.6054	0.0294735157751921
3538.1885	0.0287696848017829
3536.7715	0.0297260291879083
3535.3545	0.0304656513641322
3533.9375	0.0304266430858301
3532.5206	0.03077202328168
3531.1036	0.0310747665277852
3529.6866	0.0314218846847019
3528.2696	0.0311004499920503
3526.8527	0.0304488155164376
3525.4357	0.0320331823971179
3524.0187	0.0319997092104695
3522.6017	0.0321008553262072
3521.1847	0.0327164564162591
3519.7678	0.0324152868143686
3518.3508	0.0328671506453923
3516.9338	0.0329403661306874
3515.5168	0.0339654576553356
3514.0999	0.0331163825427874
3512.6829	0.0347289104546511
3511.2659	0.034263599053691
3509.8489	0.034775259689957
3508.432	0.0347494004730244
3507.015	0.0349682644186365
3505.598	0.0360933312248241
3504.181	0.0353459025571726
3502.7641	0.036059005787079
3501.3471	0.0359068193726402
3499.9301	0.0363646422301207
3498.5131	0.0366140174827965
3497.0962	0.0368809686272371
3495.6792	0.0373555157878972
3494.2622	0.0380131929733468
3492.8452	0.0377927726236401
3491.4283	0.0389882610679423
3490.0113	0.0383410728290073
3488.5943	0.0385662748908247
3487.1773	0.0381348147818839
3485.7604	0.0394569822913872
3484.3434	0.0395158895598006
3482.9264	0.0393903658986315
3481.5094	0.0395953806929334
3480.0925	0.0400300419963678
3478.6755	0.040549841269096
3477.2585	0.0402398818383355
3475.8415	0.0409087263412212
3474.4245	0.0414640192035824
3473.0076	0.0427404390286809
3471.5906	0.0411166584953939
3470.1736	0.0419259499308046
3468.7566	0.0416836228304533
3467.3397	0.0423391214755691
3465.9227	0.0426388460650358
3464.5057	0.0430365928085418
3463.0887	0.0432202930255175
3461.6718	0.0434005011434026
3460.2548	0.0439220327062596
3458.8378	0.0440230221591754
3457.4208	0.0443795034292967
3456.0039	0.0447333173105543
3454.5869	0.0448154740567776
3453.1699	0.0451053595201131
3451.7529	0.044951778986583
3450.336	0.0455885961407621
3448.919	0.0456981622791428
3447.502	0.0450921247667988
3446.085	0.0462331233534931
3444.6681	0.046186418601031
3443.2511	0.0469553197452045
3441.8341	0.0477243681942134
3440.4171	0.046344538248994
3439.0002	0.0468916932541446
3437.5832	0.0471930904771901
3436.1662	0.0478678077819655
3434.7492	0.0480777207389941
3433.3323	0.0485974344325796
3431.9153	0.0481041214484032
3430.4983	0.0493199888450701
3429.0813	0.0483207451908305
3427.6643	0.0494904162420131
3426.2474	0.0486967345602447
3424.8304	0.048889002865155
3423.4134	0.0497750387064693
3421.9964	0.0504549835802654
3420.5795	0.0503849295451685
3419.1625	0.0499853228629628
3417.7455	0.0501957211936724
3416.3285	0.05044317230119
3414.9116	0.0508816530775272
3413.4946	0.0515829551784105
3412.0776	0.0519268805427582
3410.6606	0.0512602386402499
3409.2437	0.0518493007648513
3407.8267	0.0512781203783053
3406.4097	0.0520638346219085
3404.9927	0.0530909705594197
3403.5758	0.053305424997178
3402.1588	0.0524087065704556
3400.7418	0.0533740294701482
3399.3248	0.0536968308295222
3397.9079	0.0531407185135416
3396.4909	0.053804300564215
3395.0739	0.0537382535775047
3393.6569	0.0538658950539222
3392.24	0.0534862264085132
3390.823	0.0545050791788486
3389.406	0.0547742840266325
3387.989	0.054777385475747
3386.5721	0.0546039200144491
3385.1551	0.0551961771033501
3383.7381	0.0549827536171126
3382.3211	0.0549412948274038
3380.9041	0.0561657699894534
3379.4872	0.0557012249127303
3378.0702	0.0559953829236267
3376.6532	0.0560658129274309
3375.2362	0.056210679857017
3373.8193	0.0564194902410746
3372.4023	0.056308068019643
3370.9853	0.0564346688084489
3369.5683	0.0572858088912421
3368.1514	0.0575539585956098
3366.7344	0.0571144136260717
3365.3174	0.0581252023730163
3363.9004	0.0572647134499445
3362.4835	0.0575511943538473
3361.0665	0.0578453750236147
3359.6495	0.0581643567065276
3358.2325	0.058127253297235
3356.8156	0.0587117450210651
3355.3986	0.0575055829906279
3353.9816	0.0586014205433877
3352.5646	0.057598008711894
3351.1477	0.0580708421157997
3349.7307	0.0585225513455071
3348.3137	0.0589438771577797
3346.8967	0.0593873370373819
3345.4798	0.0590050188490824
3344.0628	0.059626946569453
3342.6458	0.0588660585731013
3341.2288	0.0600015707201937
3339.8119	0.0588162423843356
3338.3949	0.0585327872667094
3336.9779	0.0597178107694205
3335.5609	0.0596781431210875
3334.1439	0.0602574553574621
3332.727	0.0593999318805154
3331.31	0.0599641731849264
3329.893	0.0596798666398353
3328.476	0.0590975748121358
3327.0591	0.0604888465448829
3325.6421	0.0600915728171394
3324.2251	0.0605284385688037
3322.8081	0.0602572892687745
3321.3912	0.0605264961095705
3319.9742	0.0615060706308556
3318.5572	0.0612861364421011
3317.1402	0.0606190088588532
3315.7233	0.0608704558735096
3314.3063	0.0618381331771543
3312.8893	0.0606552934678286
3311.4723	0.0605494421855424
3310.0554	0.0614288437866744
3308.6384	0.0618998936528747
3307.2214	0.0609826288227324
3305.8044	0.0612421337902726
3304.3875	0.0610144289320951
3302.9705	0.060977981193304
3301.5535	0.0614646306629038
3300.1365	0.0611444614822247
3298.7196	0.0618417078373186
3297.3026	0.0606235255613445
3295.8856	0.0615697430306945
3294.4686	0.0618242068229879
3293.0517	0.0615522028301981
3291.6347	0.0615003739357375
3290.2177	0.0615332620807021
3288.8007	0.0622184008241939
3287.3837	0.0617242562742611
3285.9668	0.0619914669925858
3284.5498	0.0608770145354481
3283.1328	0.0612736787358493
3281.7158	0.0618728825924625
3280.2989	0.0614681043821029
3278.8819	0.0616323369250948
3277.4649	0.061351969587857
3276.0479	0.0619875842512971
3274.631	0.0610125571961988
3273.214	0.0613561592128334
3271.797	0.0616310670986318
3270.38	0.0618918219571007
3268.9631	0.0621482092803745
3267.5461	0.0619284206301431
3266.1291	0.0621968849309785
3264.7121	0.062363771379173
3263.2952	0.0617680147879117
3261.8782	0.0616138312235742
3260.4612	0.0616524722142204
3259.0442	0.0625079731223851
3257.6273	0.0616521264058078
3256.2103	0.062565532073088
3254.7933	0.0613442941413952
3253.3763	0.061449646686419
3251.9594	0.061021535667625
3250.5424	0.0614879733299768
3249.1254	0.0624495939272169
3247.7084	0.0616873645545281
3246.2915	0.061314062618538
3244.8745	0.0611104990671875
3243.4575	0.0611406273067164
3242.0405	0.0612412086720919
3240.6235	0.0611030946099633
3239.2066	0.0613632380006811
3237.7896	0.0607060002087931
3236.3726	0.0613434212884649
3234.9556	0.0612616763624866
3233.5387	0.0619841950284756
3232.1217	0.0611754285171964
3230.7047	0.061539100881131
3229.2877	0.0620818077565355
3227.8708	0.0610795315391767
3226.4538	0.0608750384797768
3225.0368	0.0611566783888523
3223.6198	0.0610274040005754
3222.2029	0.0611876452357982
3220.7859	0.0610404179148749
3219.3689	0.0602149392107004
3217.9519	0.0608560045320247
3216.535	0.0598654571813359
3215.118	0.0603601639067674
3213.701	0.0603067948818656
3212.284	0.0602027818325174
3210.8671	0.0592963288346015
3209.4501	0.0601338885622272
3208.0331	0.0596294726643168
3206.6161	0.0596042088760007
3205.1992	0.0597880488286199
3203.7822	0.0593550835575961
3202.3652	0.0593341478708253
3200.9482	0.0592826389565075
3199.5313	0.0593682405212699
3198.1143	0.0590707826357055
3196.6973	0.0590603783318081
3195.2803	0.0591747232072837
3193.8633	0.0586978723251696
3192.4464	0.0584431793381128
3191.0294	0.0588642280504003
3189.6124	0.0581442990884305
3188.1954	0.0585897910076691
3186.7785	0.0584729723636066
3185.3615	0.056999918244141
3183.9445	0.0589772678095917
3182.5275	0.0583145317609381
3181.1106	0.0572788747709715
3179.6936	0.0577359784036605
3178.2766	0.057221996748742
3176.8596	0.0571480510961519
3175.4427	0.0573608219725023
3174.0257	0.0572857800531633
3172.6087	0.0572030942017247
3171.1917	0.0566704773443738
3169.7748	0.0567135824374731
3168.3578	0.0567183222896298
3166.9408	0.0553058170227454
3165.5238	0.0556623508724373
3164.1069	0.0555385932362589
3162.6899	0.0553611169391772
3161.2729	0.0558718795418727
3159.8559	0.0550518601283922
3158.439	0.0548888373557772
3157.022	0.054704909524517
3155.605	0.054976825902913
3154.188	0.054821537296647
3152.7711	0.0544789847513349
3151.3541	0.054399928177423
3149.9371	0.0542129243433147
3148.5201	0.0538268244150759
3147.1031	0.0540336671573549
3145.6862	0.0546334654027324
3144.2692	0.0538157404506671
3142.8522	0.0536698370282096
3141.4352	0.0529379436771262
3140.0183	0.0530526585262549
3138.6013	0.0531257910141767
3137.1843	0.0521275593927154
3135.7673	0.0530265688310159
3134.3504	0.0523680747899519
3132.9334	0.0515992185863892
3131.5164	0.0523240765157303
3130.0994	0.0520256024869052
3128.6825	0.0519862400367841
3127.2655	0.0514858957219658
3125.8485	0.0516150159909203
3124.4315	0.0518490838906431
3123.0146	0.0507867864431677
3121.5976	0.051166926912445
3120.1806	0.050865405669204
3118.7636	0.0515538390555722
3117.3467	0.0514381560850813
3115.9297	0.0511290422921621
3114.5127	0.0508044797779599
3113.0957	0.0506495588292406
3111.6788	0.0504710970384247
3110.2618	0.050511854668015
3108.8448	0.0494701692016713
3107.4278	0.0501372284689891
3106.0109	0.0499713179906568
3104.5939	0.0490747854824325
3103.1769	0.0489754600771636
3101.7599	0.0489635114839927
3100.3429	0.0489265189414274
3098.926	0.0486268522553773
3097.509	0.0488817867509808
3096.092	0.0478673558901551
3094.675	0.04751710512043
3093.2581	0.0485899724357398
3091.8411	0.0477919040730275
3090.4241	0.0471659556062153
3089.0071	0.0478165033208394
3087.5902	0.0472005947233724
3086.1732	0.0471858719214984
3084.7562	0.0466364802617171
3083.3392	0.0464531803719583
3081.9223	0.0474339756507213
3080.5053	0.0459328765747077
3079.0883	0.0469024898803006
3077.6713	0.0462922637140939
3076.2544	0.0453911200117864
3074.8374	0.0463046707055334
3073.4204	0.0455916349484869
3072.0034	0.0458161227185338
3070.5865	0.0451819106260887
3069.1695	0.045412457945872
3067.7525	0.0454751132055303
3066.3355	0.0460113374663759
3064.9186	0.0457419659483589
3063.5016	0.0441144804377284
3062.0846	0.0449597293366383
3060.6676	0.0448524527644877
3059.2507	0.0445712109662923
3057.8337	0.0437505933179426
3056.4167	0.0439327208293692
3054.9997	0.0443780170090977
3053.5827	0.044120374888553
3052.1658	0.0439748705117414
3050.7488	0.0435557703537501
3049.3318	0.0432379667326735
3047.9148	0.0433177584065784
3046.4979	0.0432569903781852
3045.0809	0.0426269566410402
3043.6639	0.0421323021152569
3042.2469	0.0416828317851008
3040.83	0.0422986062904651
3039.413	0.0430462806500389
3037.996	0.0418607270124354
3036.579	0.0411543009832058
3035.1621	0.0423961132706649
3033.7451	0.0417987448914255
3032.3281	0.0411097126328426
3030.9111	0.0416483894409935
3029.4942	0.0413074628344533
3028.0772	0.0411107056889908
3026.6602	0.0417596669000293
3025.2432	0.0406253744731959
3023.8263	0.0410531538081464
3022.4093	0.0409907674333765
3020.9923	0.0406433723219793
3019.5753	0.0403782556311697
3018.1584	0.0399328545874644
3016.7414	0.0408005805553309
3015.3244	0.0402830488393429
3013.9074	0.0405424075942962
3012.4905	0.0397663667049501
3011.0735	0.0401194508655405
3009.6565	0.0389372743036396
3008.2395	0.0391665413061074
3006.8225	0.0387036307000768
3005.4056	0.038565742235217
3003.9886	0.0395499681251687
3002.5716	0.0389045269906909
3001.1546	0.0383543767000738
2999.7377	0.0394503249444546
2998.3207	0.0390860528273379
2996.9037	0.039112130281563
2995.4867	0.0389796304421241
2994.0698	0.0391025332543886
2992.6528	0.0390529758791707
2991.2358	0.0391208604001127
2989.8188	0.0388189322719084
2988.4019	0.0388045689182839
2986.9849	0.0391707281590625
2985.5679	0.0396054343910728
2984.1509	0.0393594574289917
2982.734	0.0399886407803213
2981.317	0.0394587832016591
2979.9	0.0391949001203874
2978.483	0.0394827529792954
2977.0661	0.0399859541840389
2975.6491	0.0399539079328003
2974.2321	0.039453431947918
2972.8151	0.0404085418927129
2971.3982	0.0407459431537081
2969.9812	0.0410693870274606
2968.5642	0.0413181094270865
2967.1472	0.0404857799721809
2965.7303	0.0410481571242948
2964.3133	0.041277755308463
2962.8963	0.041168274278687
2961.4793	0.0413342035763235
2960.0623	0.0415904228068267
2958.6454	0.0419495179555451
2957.2284	0.042208369398844
2955.8114	0.0427430149829358
2954.3944	0.0426909338562108
2952.9775	0.0437559895165359
2951.5605	0.0436837857289315
2950.1435	0.044140502014402
2948.7265	0.044155602142189
2947.3096	0.0442222577687216
2945.8926	0.0447347989540079
2944.4756	0.0463011638980971
2943.0586	0.0457604443701817
2941.6417	0.046390980896953
2940.2247	0.0455761327766407
2938.8077	0.0465841213624139
2937.3907	0.0460038616276572
2935.9738	0.047139331773296
2934.5568	0.0475294794608649
2933.1398	0.0481395830458108
2931.7228	0.0481785643240319
2930.3059	0.0480666938989279
2928.8889	0.0487014740816816
2927.4719	0.0484648507850459
2926.0549	0.04836967601165
2924.638	0.0486077734580093
2923.221	0.0489990358756139
2921.804	0.0488714004391393
2920.387	0.0477854696924991
2918.9701	0.0487412828110501
2917.5531	0.0482528301876283
2916.1361	0.0489441629401526
2914.7191	0.0484902168593979
2913.3021	0.0486593054430445
2911.8852	0.0480228567052037
2910.4682	0.0478197249636658
2909.0512	0.0482529368567108
2907.6342	0.0482210207746147
2906.2173	0.0477653088762222
2904.8003	0.0473353673525165
2903.3833	0.0475407378346329
2901.9663	0.0477485370967652
2900.5494	0.0481767018632949
2899.1324	0.046982629632447
2897.7154	0.0477256683402721
2896.2984	0.0475575518581905
2894.8815	0.0473701653671222
2893.4645	0.0471396555556491
2892.0475	0.0469504791095301
2890.6305	0.0473775693656231
2889.2136	0.0470423295207514
2887.7966	0.0474371690883074
2886.3796	0.0463119169418232
2884.9626	0.0473363558387461
2883.5457	0.0465761607079175
2882.1287	0.0470325315004573
2880.7117	0.0462606517825958
2879.2947	0.0456191684164687
2877.8778	0.0463751499398006
2876.4608	0.0461214329727024
2875.0438	0.0457110504211287
2873.6268	0.0456863156843789
2872.2099	0.0456236083550459
2870.7929	0.0449385805282877
2869.3759	0.0445801324080629
2867.9589	0.0442957484794594
2866.5419	0.0439411197341751
2865.125	0.0444281191767613
2863.708	0.0442773918670934
2862.291	0.0453375198339443
2860.874	0.0450443415459586
2859.4571	0.0434880692718356
2858.0401	0.0433875780343723
2856.6231	0.0435580540926774
2855.2061	0.0430112434384234
2853.7892	0.0428483564116536
2852.3722	0.0430435497199483
2850.9552	0.0428622399858955
2849.5382	0.0430126293649955
2848.1213	0.0422578845787608
2846.7043	0.0418807465560771
2845.2873	0.0419152621340848
2843.8703	0.0419266071065191
2842.4534	0.0425042598593459
2841.0364	0.0423727873797262
2839.6194	0.0409704298183659
2838.2024	0.041363088734771
2836.7855	0.0413773346697349
2835.3685	0.0403899426029924
2833.9515	0.0410067137024688
2832.5345	0.0403352676434225
2831.1176	0.0405071765143426
2829.7006	0.0403728967784122
2828.2836	0.0392163712980916
2826.8666	0.0398029405029738
2825.4497	0.0404842078371475
2824.0327	0.0399949676484726
2822.6157	0.0393830132128086
2821.1987	0.0387259093348365
2819.7817	0.0381174370854682
2818.3648	0.0395535540658557
2816.9478	0.0389262701477398
2815.5308	0.0383214836491823
2814.1138	0.0392982813508124
2812.6969	0.0389331482960493
2811.2799	0.0382911825608243
2809.8629	0.0385472000521971
2808.4459	0.0389816490274514
2807.029	0.0384643420137802
2805.612	0.0388313520529474
2804.195	0.0385554401530888
2802.778	0.0378775386226863
2801.3611	0.0387801000186889
2799.9441	0.037852990400566
2798.5271	0.0380101797241475
2797.1101	0.0371261088419858
2795.6932	0.0382771250240505
2794.2762	0.0381227756289055
2792.8592	0.0377954964457477
2791.4422	0.0372187022976396
2790.0253	0.0368634578549893
2788.6083	0.037438231983901
2787.1913	0.0377082689372981
2785.7743	0.0371191594344745
2784.3574	0.0373403702319534
2782.9404	0.037195732798256
2781.5234	0.036529188654302
2780.1064	0.0375405434083136
2778.6895	0.0368591940073401
2777.2725	0.0367451795699333
2775.8555	0.0372330067737874
2774.4385	0.0368828333183785
2773.0215	0.0366666580410406
2771.6046	0.0368364167943917
2770.1876	0.0366195466779847
2768.7706	0.036754181128288
2767.3536	0.0365694221597968
2765.9367	0.0369690416474674
2764.5197	0.0369516728102459
2763.1027	0.036299843140181
2761.6857	0.0362925252143618
2760.2688	0.0367059013834389
2758.8518	0.0364089505651156
2757.4348	0.0362895331671829
2756.0178	0.036284861673986
2754.6009	0.0361682691181544
2753.1839	0.0360379858969357
2751.7669	0.0367514845120394
2750.3499	0.0362534309142793
2748.933	0.0364150446744743
2747.516	0.0356714176185945
2746.099	0.0359893797824775
2744.682	0.0355039702771049
2743.2651	0.0361846453007425
2741.8481	0.0358851891931474
2740.4311	0.0366553996838037
2739.0141	0.0359266813450304
2737.5972	0.0357339200902813
2736.1802	0.0361204620498558
2734.7632	0.035933790029894
2733.3462	0.0359816232083815
2731.9293	0.0358803280455717
2730.5123	0.0354567455642784
2729.0953	0.03523807155588
2727.6783	0.0356917848996531
2726.2613	0.0349897257422132
2724.8444	0.036092165265152
2723.4274	0.036068320945483
2722.0104	0.0355426590799581
2720.5934	0.0351228463974789
2719.1765	0.0348858330561245
2717.7595	0.0350794223714859
2716.3425	0.035236227974735
2714.9255	0.0348722770697324
2713.5086	0.0350452335703545
2712.0916	0.0352639952330519
2710.6746	0.0356886888133335
2709.2576	0.0346553390441353
2707.8407	0.0346829154937239
2706.4237	0.0343559318483977
2705.0067	0.0351336494361611
2703.5897	0.0343960630933628
2702.1728	0.0347980730893175
2700.7558	0.0356068070636944
2699.3388	0.0345854361045732
2697.9218	0.0353723087733451
2696.5049	0.0345780381132346
2695.0879	0.0353914205333639
2693.6709	0.0339176829977901
2692.2539	0.0347308982153872
2690.837	0.0348949435423985
2689.42	0.0347899569274457
2688.003	0.0337571153098356
2686.586	0.0343419445543882
2685.1691	0.0340255970375774
2683.7521	0.0345405656113299
2682.3351	0.0339989443066542
2680.9181	0.0347959412196036
2679.5011	0.0337514039145666
2678.0842	0.0345235185567506
2676.6672	0.0353131133778352
2675.2502	0.0339679472223603
2673.8332	0.0334415954238016
2672.4163	0.0346413109685233
2670.9993	0.0344981697949577
2669.5823	0.0339047027274178
2668.1653	0.0344484186575916
2666.7484	0.0340334309008702
2665.3314	0.0345066168048316
2663.9144	0.0345762676703892
2662.4974	0.0338623468863469
2661.0805	0.033883799042717
2659.6635	0.0345045003970213
2658.2465	0.033869716633186
2656.8295	0.0337933439595589
2655.4126	0.0338568200453547
2653.9956	0.0346609629271398
2652.5786	0.0339811427365876
2651.1616	0.0337325077389629
2649.7447	0.034548744964771
2648.3277	0.033529864567385
2646.9107	0.0339124199575301
2645.4937	0.0337804071746146
2644.0768	0.0333223926188328
2642.6598	0.034341125825059
2641.2428	0.0337536818736056
2639.8258	0.0336198694263965
2638.4089	0.0337997605979435
2636.9919	0.0337024273536247
2635.5749	0.032908851412044
2634.1579	0.033495930393622
2632.741	0.0334056993108552
2631.324	0.0335741570138714
2629.907	0.0332316639984165
2628.49	0.0327425884318927
2627.073	0.0333370545690052
2625.6561	0.0329794072234642
2624.2391	0.0319526835915303
2622.8221	0.0324102075217678
2621.4051	0.0319689041330848
2619.9882	0.0327841291135948
2618.5712	0.0325104259726327
2617.1542	0.0334147892055088
2615.7372	0.0331435508793632
2614.3203	0.0321558727562249
2612.9033	0.0326148653831665
2611.4863	0.0319056065762978
2610.0693	0.0322314132374307
2608.6524	0.0311864208888353
2607.2354	0.0316627373185038
2605.8184	0.0322181855560727
2604.4014	0.0324439722698025
2602.9845	0.0315900663489071
2601.5675	0.0312086103587804
2600.1505	0.0312133177357171
2598.7335	0.0313064847601984
2597.3166	0.0317133694489827
2595.8996	0.0313664813365944
2594.4826	0.0314925236012281
2593.0656	0.0314240813091465
2591.6487	0.0320839821264214
2590.2317	0.0315932331932475
2588.8147	0.0309495941098235
2587.3977	0.031081311588517
2585.9808	0.0315500594507307
2584.5638	0.0317926544217806
2583.1468	0.0304172201493494
2581.7298	0.031203077054259
2580.3128	0.0315915036872965
2578.8959	0.0300288696496313
2577.4789	0.0310166301507396
2576.0619	0.0307696108572902
2574.6449	0.0315272780648031
2573.228	0.0303150793317728
2571.811	0.0312396492901946
2570.394	0.030639577365375
2568.977	0.0304680710292822
2567.5601	0.0302554574975529
2566.1431	0.0303561603861007
2564.7261	0.0309162251108637
2563.3091	0.0305404570690053
2561.8922	0.0310414400844519
2560.4752	0.0310206674005963
2559.0582	0.0311725730154771
2557.6412	0.0310573108562971
2556.2243	0.0309198008427981
2554.8073	0.0309025322785388
2553.3903	0.0305603687591478
2551.9733	0.030339272060534
2550.5564	0.0307279233371659
2549.1394	0.0293071732459006
2547.7224	0.0304117138301199
2546.3054	0.0315052726668775
2544.8885	0.0301371942009362
2543.4715	0.0307749893245339
2542.0545	0.0303989185515769
2540.6375	0.0304136022580624
2539.2206	0.0299128586218494
2537.8036	0.0300314486786141
2536.3866	0.0301683677362615
2534.9696	0.030239689949455
2533.5526	0.0305501788106208
2532.1357	0.0296035715820519
2530.7187	0.0296318535168591
2529.3017	0.0297041752359723
2527.8847	0.0299875465187799
2526.4678	0.0294440951686894
2525.0508	0.0298465527959323
2523.6338	0.0298176529632825
2522.2168	0.0297562627599749
2520.7999	0.0296633357426464
2519.3829	0.0292780263518387
2517.9659	0.0295874437403053
2516.5489	0.029290561835869
2515.132	0.0307554116105111
2513.715	0.0289157360897856
2512.298	0.0294874774963031
2510.881	0.0297459789699286
2509.4641	0.029525787448445
2508.0471	0.0294633690339174
2506.6301	0.0294131925532413
2505.2131	0.029737872562309
2503.7962	0.0290689579447472
2502.3792	0.0305751192831527
2500.9622	0.0296652833322801
2499.5452	0.0291052005821906
2498.1283	0.0293958608638352
2496.7113	0.0295971208115879
2495.2943	0.0295130006915844
2493.8773	0.0291662148212628
2492.4604	0.0287748687302362
2491.0434	0.0284551456863757
2489.6264	0.0294076496370967
2488.2094	0.0292388530539212
2486.7924	0.0293876221708941
2485.3755	0.0292439348751281
2483.9585	0.0297723594949944
2482.5415	0.0292125987892044
2481.1245	0.0290238394781459
2479.7076	0.0286868951804183
2478.2906	0.028281645973026
2476.8736	0.0284451697798012
2475.4566	0.0289162601352302
2474.0397	0.0283882827193195
2472.6227	0.0289230596745169
2471.2057	0.0291055796804698
2469.7887	0.0282084857217227
2468.3718	0.0291907115870043
2466.9548	0.0298849383642668
2465.5378	0.0289759947889472
2464.1208	0.0297600375395781
2462.7039	0.0284055117614638
2461.2869	0.0287079381586341
2459.8699	0.0289842540812693
2458.4529	0.0286713472677295
2457.036	0.0286660967687688
2455.619	0.028855932282004
2454.202	0.0294688018532504
2452.785	0.0288745712779293
2451.3681	0.029498027296679
2449.9511	0.0287273220278492
2448.5341	0.0290488337880168
2447.1171	0.0291459092436491
2445.7002	0.0288243919051379
2444.2832	0.0282061844301556
2442.8662	0.0286570105224406
2441.4492	0.0288948719506668
2440.0322	0.029105353648844
2438.6153	0.0280906604426256
2437.1983	0.027964601445835
2435.7813	0.0284058251052677
2434.3643	0.0276229671692323
2432.9474	0.0283823540020732
2431.5304	0.0279810082516337
2430.1134	0.0276665356936043
2428.6964	0.0277264603546508
2427.2795	0.0285475988577301
2425.8625	0.0286964863282668
2424.4455	0.0277784891296026
2423.0285	0.0272177836443312
2421.6116	0.0281182339309017
2420.1946	0.0280013704415676
2418.7776	0.0278385198809324
2417.3606	0.0279480112639672
2415.9437	0.0272243962272984
2414.5267	0.0276076278340852
2413.1097	0.0274412370447136
2411.6927	0.0271506922531057
2410.2758	0.0277270791009193
2408.8588	0.0275410095687595
2407.4418	0.0279690809231295
2406.0248	0.0270627198166217
2404.6079	0.027152154461749
2403.1909	0.0278105942204845
2401.7739	0.0274101560456724
2400.3569	0.0276016993117357
2398.94	0.0278081563073752
2397.523	0.0272708372304134
2396.106	0.0271754101715982
2394.689	0.0270780780722954
2393.272	0.0267598374390544
2391.8551	0.0277243954684059
2390.4381	0.0277836120213788
2389.0211	0.0274050857255357
2387.6041	0.027238386737364
2386.1872	0.0279787820097248
2384.7702	0.0271369691373701
2383.3532	0.0276267509322776
2381.9362	0.0271327954886156
2380.5193	0.026481298988893
2379.1023	0.0270337416021242
2377.6853	0.0274080547135042
2376.2683	0.0282125210546814
2374.8514	0.0276104776063692
2373.4344	0.0274354783049495
2372.0174	0.0271144926232095
2370.6004	0.0266989939486418
2369.1835	0.0260023366529906
2367.7665	0.0270802483594018
2366.3495	0.0275202498343783
2364.9325	0.0266786206280974
2363.5156	0.0276650489203037
2362.0986	0.0284637493535254
2360.6816	0.0268873301986334
2359.2646	0.0276230559029603
2357.8477	0.0269864366517054
2356.4307	0.0265802119603866
2355.0137	0.0266700240021542
2353.5967	0.0275481076157641
2352.1798	0.0265882073784747
2350.7628	0.0270124022808888
2349.3458	0.0268639644758347
2347.9288	0.0272149262951003
2346.5118	0.0271364859784461
2345.0949	0.0266510103947474
2343.6779	0.0280552690391829
2342.2609	0.0277434385977777
2340.8439	0.0270941382223943
2339.427	0.0267078329150287
2338.01	0.0268302107486388
2336.593	0.0274101652221097
2335.176	0.0270742521953199
2333.7591	0.0270040642068651
2332.3421	0.0264658063246307
2330.9251	0.0265809513858427
2329.5081	0.0266784447905087
2328.0912	0.0276596293475473
2326.6742	0.0280045063570675
2325.2572	0.0274659585953628
2323.8402	0.0273468341277037
2322.4233	0.028440762228735
2321.0063	0.0281920689955988
2319.5893	0.0276001251412102
2318.1723	0.0269769231991826
2316.7554	0.027684640573766
2315.3384	0.0272353019454651
2313.9214	0.027553756995562
2312.5044	0.0265853397641985
2311.0875	0.0272559590716864
2309.6705	0.026505120331662
2308.2535	0.0259190257374465
2306.8365	0.0261053314461325
2305.4196	0.0276191844342968
2304.0026	0.0269567377872626
2302.5856	0.0265509988212513
2301.1686	0.0265668626991718
2299.7516	0.0272631725067413
2298.3347	0.026862773895834
2296.9177	0.0264746606082874
2295.5007	0.0266675736770365
2294.0837	0.0269784934105393
2292.6668	0.0264196211805748
2291.2498	0.0270036009572301
2289.8328	0.0270523873150827
2288.4158	0.0262155072654368
2286.9989	0.0265976511934976
2285.5819	0.0272146923986581
2284.1649	0.027350940572712
2282.7479	0.0261867581439391
2281.331	0.0268913059026429
2279.914	0.027181348784861
2278.497	0.0264811360623259
2277.08	0.0273251772734815
2275.6631	0.0260635132458239
2274.2461	0.0258510968972652
2272.8291	0.0262211569151442
2271.4121	0.0262772380467372
2269.9952	0.0261561000193853
2268.5782	0.0257735375276403
2267.1612	0.026374241637046
2265.7442	0.0264603413057928
2264.3273	0.0261650161668621
2262.9103	0.026296723095553
2261.4933	0.0253846705091255
2260.0763	0.0253049735772009
2258.6594	0.0257044858930361
2257.2424	0.0259163826115014
2255.8254	0.0261617888859727
2254.4084	0.0259304726724011
2252.9914	0.0256917765637491
2251.5745	0.025489709662806
2250.1575	0.0249630859304144
2248.7405	0.0258513639508677
2247.3235	0.025469677523541
2245.9066	0.0250785020235067
2244.4896	0.0254323482402588
2243.0726	0.0255956088177679
2241.6556	0.0262611211816488
2240.2387	0.0254714442238005
2238.8217	0.024597508988665
2237.4047	0.0252454573035874
2235.9877	0.0253799991482716
2234.5708	0.0251340203071342
2233.1538	0.0261130672430128
2231.7368	0.0249082258918787
2230.3198	0.0261390027655777
2228.9029	0.0257047234528856
2227.4859	0.0256769113742966
2226.0689	0.0264037872725768
2224.6519	0.0258215437021259
2223.235	0.0249373430010362
2221.818	0.024527639197334
2220.401	0.0251485978568738
2218.984	0.0249698586054764
2217.5671	0.0259289684853179
2216.1501	0.0252239264189245
2214.7331	0.0242265586484812
2213.3161	0.024907877772818
2211.8992	0.0254683453095118
2210.4822	0.0251241305274357
2209.0652	0.0253572417037638
2207.6482	0.0254686178080506
2206.2312	0.0261875045299603
2204.8143	0.0257994953526621
2203.3973	0.0257924644153147
2201.9803	0.0264783729363213
2200.5633	0.025732598360649
2199.1464	0.0254964693767875
2197.7294	0.0252436409988088
2196.3124	0.0250836514016013
2194.8954	0.0261936308302824
2193.4785	0.0254884986841872
2192.0615	0.025599450822352
2190.6445	0.0262869995280654
2189.2275	0.0259508426608842
2187.8106	0.0249389258355689
2186.3936	0.0252735113045764
2184.9766	0.0254334426767563
2183.5596	0.0253525471219075
2182.1427	0.0245227660453888
2180.7257	0.0248453655840009
2179.3087	0.0239603068917426
2177.8917	0.0244418564582458
2176.4748	0.0239959049500139
2175.0578	0.0244968571414941
2173.6408	0.024860397230945
2172.2238	0.0246676174112821
2170.8069	0.0254337604306341
2169.3899	0.0252456822955555
2167.9729	0.02639953133377
2166.5559	0.0264931452953286
2165.139	0.0255214632321078
2163.722	0.0251287461126307
2162.305	0.0254742496315688
2160.888	0.0260602628860757
2159.471	0.0244845339803894
2158.0541	0.0237044620919429
2156.6371	0.0234609620022503
2155.2201	0.0217931667655383
2153.8031	0.0232375147363345
2152.3862	0.0231871010884713
2150.9692	0.0224529309592517
2149.5522	0.022738020295683
2148.1352	0.023003730382922
2146.7183	0.0237859082740899
2145.3013	0.0232991773177659
2143.8843	0.0231151870428304
2142.4673	0.023400670088274
2141.0504	0.0236036589557212
2139.6334	0.0232423104888839
2138.2164	0.0237986751145109
2136.7994	0.0242835279274977
2135.3825	0.023323239730063
2133.9655	0.0233255686359189
2132.5485	0.0237308525053793
2131.1315	0.0236993437069171
2129.7146	0.0239807704748266
2128.2976	0.0248870538982984
2126.8806	0.0245528265800515
2125.4636	0.0247563602845187
2124.0467	0.02396728692259
2122.6297	0.0242024122160928
2121.2127	0.0242597256269869
2119.7957	0.0247668069389281
2118.3788	0.0244879352329647
2116.9618	0.0253028171064221
2115.5448	0.0254357029879312
2114.1278	0.0253291083372709
2112.7108	0.024952884627159
2111.2939	0.0249118960876829
2109.8769	0.0249082582636428
2108.4599	0.0245828022213755
2107.0429	0.0240822021719266
2105.626	0.0238562792929796
2104.209	0.0247315108866865
2102.792	0.0250850255141713
2101.375	0.025108995924247
2099.9581	0.0245058116469209
2098.5411	0.0242085819259058
2097.1241	0.0247769689083402
2095.7071	0.0241706097487404
2094.2902	0.0242820291067595
2092.8732	0.0240347746547051
2091.4562	0.0240959714339395
2090.0392	0.0242779456861781
2088.6223	0.0244332876858663
2087.2053	0.02406273983964
2085.7883	0.02374634796253
2084.3713	0.0250022686866144
2082.9544	0.0246420196642516
2081.5374	0.0257597572572543
2080.1204	0.0254839741988926
2078.7034	0.0242282994569724
2077.2865	0.0244404116600261
2075.8695	0.0244115216011174
2074.4525	0.0247247091342353
2073.0355	0.0244787917243995
2071.6186	0.0242710075009288
2070.2016	0.024089707673374
2068.7846	0.0238719549181084
2067.3676	0.024013203887525
2065.9506	0.024429817318001
2064.5337	0.024494704942972
2063.1167	0.0244567836304492
2061.6997	0.024166286635995
2060.2827	0.0242566191774723
2058.8658	0.0247756741620995
2057.4488	0.023339624812461
2056.0318	0.0245279507529181
2054.6148	0.0238142155619743
2053.1979	0.0248306199467781
2051.7809	0.0244855264467464
2050.3639	0.0250476371518997
2048.9469	0.0238676447992011
2047.53	0.0231274994261967
2046.113	0.023216766718102
2044.696	0.0229224431854723
2043.279	0.0247698393752464
2041.8621	0.0229591542216222
2040.4451	0.0234242148973023
2039.0281	0.0232765780723586
2037.6111	0.0229300069017696
2036.1942	0.0238406571910861
2034.7772	0.023470355033902
2033.3602	0.0234403968244552
2031.9432	0.0237162796031714
2030.5263	0.0239923729755512
2029.1093	0.0230129992714447
2027.6923	0.0221021174579231
2026.2753	0.0228923711591356
2024.8584	0.0222790101876103
2023.4414	0.0222249167261784
2022.0244	0.0215209786874946
2020.6074	0.0214085544470697
2019.1904	0.0209294464582385
2017.7735	0.0205311518168925
2016.3565	0.0211053502679315
2014.9395	0.0201663553028005
2013.5225	0.0205268449278425
2012.1056	0.0212122141629165
2010.6886	0.0215119089783606
2009.2716	0.0214206999118399
2007.8546	0.0212456547028096
2006.4377	0.0207675043665994
2005.0207	0.020827077366226
2003.6037	0.0204995168958376
2002.1867	0.0212193623941648
2000.7698	0.0212766042868295
1999.3528	0.0208880157120921
1997.9358	0.0211477776510761
1996.5188	0.0222838497703566
1995.1019	0.0217237058550523
1993.6849	0.0219717039116254
1992.2679	0.0218619427422128
1990.8509	0.0213461462430638
1989.434	0.0215312188883123
1988.017	0.0222500563246079
1986.6	0.0217185022815304
1985.183	0.0221940687903368
1983.7661	0.022487837625601
1982.3491	0.0228391392712757
1980.9321	0.0214771840094112
1979.5151	0.0218306741187222
1978.0982	0.0218674638437584
1976.6812	0.0211642605718939
1975.2642	0.0207186498911239
1973.8472	0.0201273418890118
1972.4302	0.0204821633439055
1971.0133	0.0196473910080069
1969.5963	0.0206152521570318
1968.1793	0.0202573302563745
1966.7623	0.0200432009213524
1965.3454	0.0207458668096319
1963.9284	0.0210821738753616
1962.5114	0.0208685882745
1961.0944	0.0202507551934214
1959.6775	0.0201622388500589
1958.2605	0.0200521024241103
1956.8435	0.0206500556541755
1955.4265	0.020356332708687
1954.0096	0.0208242377045762
1952.5926	0.0210329823716884
1951.1756	0.021647865483604
1949.7586	0.0219591633033979
1948.3417	0.0215821419624309
1946.9247	0.0215989663755967
1945.5077	0.0216033547964167
1944.0907	0.0222011950931389
1942.6738	0.0206578637056616
1941.2568	0.0212319085012999
1939.8398	0.0220084387537569
1938.4228	0.0210193644046041
1937.0059	0.0225796999373801
1935.5889	0.022289932136018
1934.1719	0.0219248260927285
1932.7549	0.021976601686998
1931.338	0.0211341757135553
1929.921	0.0216500384298097
1928.504	0.0211861188991563
1927.087	0.0217830614010375
1925.67	0.0221636736290907
1924.2531	0.0221106729018269
1922.8361	0.0219796991043983
1921.4191	0.0226834280195222
1920.0021	0.0224459619785268
1918.5852	0.0224791218977644
1917.1682	0.0222071291074237
1915.7512	0.0221431162975763
1914.3342	0.0225441841908486
1912.9173	0.0230203603187035
1911.5003	0.0226431237017961
1910.0833	0.0226463662701507
1908.6663	0.0228196935163793
1907.2494	0.0221232753721187
1905.8324	0.0225821862481185
1904.4154	0.0219105283023962
1902.9984	0.0221559409610778
1901.5815	0.0222075639811158
1900.1645	0.0226323406894288
1898.7475	0.022581041998505
1897.3305	0.0226211749411594
1895.9136	0.0219815518392502
1894.4966	0.0219052580817028
1893.0796	0.0224032813421838
1891.6626	0.0233864815704462
1890.2457	0.0223312773291385
1888.8287	0.0232660737326071
1887.4117	0.0220906643073018
1885.9947	0.0224011891393825
1884.5778	0.0223082971053368
1883.1608	0.0221459096552628
1881.7438	0.0227926412280377
1880.3268	0.0226418129292974
1878.9098	0.02229499444786
1877.4929	0.0225597909317505
1876.0759	0.0215613748396376
1874.6589	0.0224027295657016
1873.2419	0.0219351704735609
1871.825	0.0223965048050971
1870.408	0.0230319896751355
1868.991	0.0219505608153457
1867.574	0.0221973052530852
1866.1571	0.0218262030258959
1864.7401	0.0214083875784271
1863.3231	0.0215856382930153
1861.9061	0.0227219967006032
1860.4892	0.0224233304947331
1859.0722	0.0225212764953498
1857.6552	0.0218426396142684
1856.2382	0.0222708906469896
1854.8213	0.0225248241689328
1853.4043	0.0226479615790522
1851.9873	0.0216483200298242
1850.5703	0.0218188753024615
1849.1534	0.0222290897167002
1847.7364	0.0223029981689848
1846.3194	0.0229483561248518
1844.9024	0.0219563125462465
1843.4855	0.0224492925768549
1842.0685	0.0216015867246084
1840.6515	0.0223094020241919
1839.2345	0.0217418960550377
1837.8176	0.0219587062076916
1836.4006	0.0225268562552659
1834.9836	0.020872791381054
1833.5666	0.0220293116550193
1832.1496	0.0219835164944618
1830.7327	0.022819710536512
1829.3157	0.0220988975358893
1827.8987	0.0216033960444438
1826.4817	0.0217286149317728
1825.0648	0.0213819661029643
1823.6478	0.021821227078512
1822.2308	0.022080706126244
1820.8138	0.0213967185252241
1819.3969	0.0219320916398589
1817.9799	0.0212340838308652
1816.5629	0.0220102183221528
1815.1459	0.0219316276628668
1813.729	0.0216040079019422
1812.312	0.0214049610798696
1810.895	0.0217907328132527
1809.478	0.0217937786169243
1808.0611	0.0214393081122567
1806.6441	0.0221697435723042
1805.2271	0.0213469278065912
1803.8101	0.0222524024849503
1802.3932	0.0225764608864517
1800.9762	0.0212325231963481
1799.5592	0.021558401465299
1798.1422	0.0219341971040822
1796.7253	0.0207961434145961
1795.3083	0.0214806048616423
1793.8913	0.0220228877614574
1792.4743	0.0225737624794221
1791.0574	0.0229351105035355
1789.6404	0.021963856033248
1788.2234	0.0225879611236213
1786.8064	0.0221832852426227
1785.3894	0.021895512485779
1783.9725	0.0222619739589741
1782.5555	0.0219196558207288
1781.1385	0.0221873848927125
1779.7215	0.022369557556006
1778.3046	0.0222484534059501
1776.8876	0.0213712810950792
1775.4706	0.0225518434545657
1774.0536	0.022008470838908
1772.6367	0.0225645968161704
1771.2197	0.022517692667291
1769.8027	0.022305152424688
1768.3857	0.0224351687051708
1766.9688	0.0223250074866972
1765.5518	0.0223425053986101
1764.1348	0.0224109339766069
1762.7178	0.0225200553463022
1761.3009	0.0227283299912708
1759.8839	0.0222383777590988
1758.4669	0.0232905414567356
1757.0499	0.0233967195706248
1755.633	0.023188939397554
1754.216	0.0230927280991855
1752.799	0.0231036377664534
1751.382	0.0231132889431005
1749.9651	0.0233198572525361
1748.5481	0.0239747608056814
1747.1311	0.0242660824537066
1745.7141	0.0237730742737397
1744.2972	0.0243984292300158
1742.8802	0.024532818278469
1741.4632	0.023600216307724
1740.0462	0.0244932306296711
1738.6292	0.0246140968709643
1737.2123	0.0241258291310586
1735.7953	0.0236380984193676
1734.3783	0.0248010482552455
1732.9613	0.0257525169581534
1731.5444	0.0261733652086845
1730.1274	0.024978935309314
1728.7104	0.0255884553471045
1727.2934	0.0258068409890307
1725.8765	0.026151075956671
1724.4595	0.0267050547108238
1723.0425	0.0259368542366219
1721.6255	0.0263072529702347
1720.2086	0.0269688666177089
1718.7916	0.0270348480296546
1717.3746	0.0274956182189537
1715.9576	0.0272095736734952
1714.5407	0.0263965231910421
1713.1237	0.0277348603232855
1711.7067	0.0284959517092522
1710.2897	0.0280430445927096
1708.8728	0.0288424779192843
1707.4558	0.028527096129511
1706.0388	0.0285057928057005
1704.6218	0.0292810107172639
1703.2049	0.0290275553990963
1701.7879	0.0296872121527164
1700.3709	0.0291470926130536
1698.9539	0.029656188771578
1697.537	0.0300486541083194
1696.12	0.029375320261484
1694.703	0.0301867516463096
1693.286	0.0304734362213001
1691.869	0.0313678968088561
1690.4521	0.0302814732070451
1689.0351	0.0300042273121998
1687.6181	0.0302585635808281
1686.2011	0.0302571401205022
1684.7842	0.030610814165036
1683.3672	0.0310228744538619
1681.9502	0.0309318310321176
1680.5332	0.0315637641428289
1679.1163	0.0313220183809799
1677.6993	0.0313536502302666
1676.2823	0.0313996849662963
1674.8653	0.0311563611321627
1673.4484	0.0311988784407455
1672.0314	0.0316442821457572
1670.6144	0.0324643073208197
1669.1974	0.032077138127356
1667.7805	0.0317661095391479
1666.3635	0.0327764059425383
1664.9465	0.0331629605299403
1663.5295	0.0326124575721492
1662.1126	0.0332346445535401
1660.6956	0.0332082219641922
1659.2786	0.0339580960755033
1657.8616	0.034257180680404
1656.4447	0.0336375633516488
1655.0277	0.0335970931696267
1653.6107	0.034579292172286
1652.1937	0.0350205562625047
1650.7768	0.035174792190581
1649.3598	0.0360618217255271
1647.9428	0.0362112923822688
1646.5258	0.036328882568176
1645.1088	0.0367287071753167
1643.6919	0.0384006550689531
1642.2749	0.0379685010340035
1640.8579	0.0388959608784613
1639.4409	0.0395616655596742
1638.024	0.0390845341471341
1636.607	0.0401372361784638
1635.19	0.0411533162319027
1633.773	0.0416987209685725
1632.3561	0.0416738560719613
1630.9391	0.0420244822355808
1629.5221	0.0424810162244765
1628.1051	0.0434263910444969
1626.6882	0.0436281481406792
1625.2712	0.0436956937491087
1623.8542	0.044585238229879
1622.4372	0.0442439374435143
1621.0203	0.0448439800213631
1619.6033	0.0453553376177673
1618.1863	0.0463776558865881
1616.7693	0.0453925388364947
1615.3524	0.0456153464283835
1613.9354	0.0464426138071583
1612.5184	0.0459282595005851
1611.1014	0.0474516389090158
1609.6845	0.0472935794278887
1608.2675	0.0477182725603855
1606.8505	0.0484161349533028
1605.4335	0.0488470350052496
1604.0166	0.0496726623297631
1602.5996	0.0502306387350236
1601.1826	0.0498795251488145
1599.7656	0.049716107277564
1598.3486	0.0498351688074006
1596.9317	0.0497693960527359
1595.5147	0.0497931093827337
1594.0977	0.0492646501691401
1592.6807	0.04945996445513
1591.2638	0.0490656127613675
1589.8468	0.0492799721951305
1588.4298	0.0482813473420162
1587.0128	0.0489756531853201
1585.5959	0.0476509976300814
1584.1789	0.0469246148657325
1582.7619	0.0460649354117529
1581.3449	0.0469714593290988
1579.928	0.0452372026098796
1578.511	0.0451501400480542
1577.094	0.0441937938113066
1575.677	0.0438932246073042
1574.2601	0.0429720212448529
1572.8431	0.0429433418834644
1571.4261	0.0421047252407315
1570.0091	0.0416442988215664
1568.5922	0.0406146819815608
1567.1752	0.041242441076975
1565.7582	0.0404021397240712
1564.3412	0.0405093356068795
1562.9243	0.0390954511693512
1561.5073	0.0383235705577899
1560.0903	0.0378360596691444
1558.6733	0.0361047652649119
1557.2564	0.0357286189806173
1555.8394	0.0344392489217627
1554.4224	0.0350724380018278
1553.0054	0.0344534838967197
1551.5885	0.0347608284749997
1550.1715	0.0336992718951405
1548.7545	0.0333902700097156
1547.3375	0.032637189904348
1545.9205	0.0332193436711836
1544.5036	0.032709168345799
1543.0866	0.0312860887691798
1541.6696	0.0316896379515674
1540.2526	0.0322728176667374
1538.8357	0.0317541287474285
1537.4187	0.0307907983580623
1536.0017	0.0310592142479822
1534.5847	0.0309008293952537
1533.1678	0.0310493358216576
1531.7508	0.0310441120134535
1530.3338	0.0312796298585943
1528.9168	0.0303891932913158
1527.4999	0.0310389363645772
1526.0829	0.0314867495870224
1524.6659	0.0322983092488905
1523.2489	0.0318794563550565
1521.832	0.0330081886254199
1520.415	0.034785960389926
1518.998	0.0358918183894637
1517.581	0.0356399454617078
1516.1641	0.0359503033824818
1514.7471	0.0387019112645417
1513.3301	0.0381138997287789
1511.9131	0.0377458257196612
1510.4962	0.0379538241407043
1509.0792	0.0388795618996078
1507.6622	0.0391291581255121
1506.2452	0.0388611427020312
1504.8283	0.0382629802483691
1503.4113	0.038232888797767
1501.9943	0.0367994505567593
1500.5773	0.0359600665718754
1499.1603	0.0354630117602288
1497.7434	0.0346990037697847
1496.3264	0.0337280884104973
1494.9094	0.0331335916177626
1493.4924	0.032942841846171
1492.0755	0.0328619983459822
1490.6585	0.0317093138139741
1489.2415	0.0326447941598003
1487.8245	0.032355137782491
1486.4076	0.0328810164999833
1484.9906	0.0339301263197641
1483.5736	0.0343366298080361
1482.1566	0.0339428972568398
1480.7397	0.0336057426735742
1479.3227	0.0339388463254931
1477.9057	0.0351951075788535
1476.4887	0.0350881566028588
1475.0718	0.0350930571121298
1473.6548	0.0360074278070291
1472.2378	0.0359970323817834
1470.8208	0.037238114278114
1469.4039	0.0384583388366133
1467.9869	0.0387369175914657
1466.5699	0.0392620531746861
1465.1529	0.0403917341596343
1463.736	0.0411608367799336
1462.319	0.0415867167531076
1460.902	0.0413948245437684
1459.485	0.0439228311719592
1458.0681	0.0440719680217591
1456.6511	0.0440322032558165
1455.2341	0.0444830070892007
1453.8171	0.0454827523246858
1452.4001	0.0449966600228405
1450.9832	0.045498710346476
1449.5662	0.0450426141883144
1448.1492	0.045273239654288
1446.7322	0.0454644190764491
1445.3153	0.0450748201479231
1443.8983	0.0454655818080693
1442.4813	0.0458073658192559
1441.0643	0.0455487484185584
1439.6474	0.0464339016977171
1438.2304	0.0464973261208102
1436.8134	0.0462006610088752
1435.3964	0.0465879842455662
1433.9795	0.0470142839020509
1432.5625	0.0472306248472884
1431.1455	0.0474867613824562
1429.7285	0.0490452106734214
1428.3116	0.0484843777500692
1426.8946	0.0494436549434077
1425.4776	0.0499279974212882
1424.0606	0.049616072762778
1422.6437	0.0511557546824301
1421.2267	0.0501385641445287
1419.8097	0.051011408486193
1418.3927	0.0509871725373094
1416.9758	0.0511541797176399
1415.5588	0.0517803427906651
1414.1418	0.0515282671215058
1412.7248	0.0520488214209697
1411.3079	0.052445745601103
1409.8909	0.0523027500565366
1408.4739	0.0519981096180198
1407.0569	0.0516062865495969
1405.6399	0.0521993884296317
1404.223	0.0525003309269905
1402.806	0.0523823318474933
1401.389	0.0526736686408564
1399.972	0.0517145912164007
1398.5551	0.052646378273612
1397.1381	0.0524716081101471
1395.7211	0.0529884976307422
1394.3041	0.0531959376053718
1392.8872	0.0538788928815726
1391.4702	0.0539177904224483
1390.0532	0.0549390056788859
1388.6362	0.0540460660510041
1387.2193	0.0561757562173062
1385.8023	0.0560364130060901
1384.3853	0.0565049535951824
1382.9683	0.056123036155825
1381.5514	0.0559691008497833
1380.1344	0.0559479100302739
1378.7174	0.0566552452872939
1377.3004	0.0557035245109996
1375.8835	0.0555473493495144
1374.4665	0.0563843301696333
1373.0495	0.0561919380288325
1371.6325	0.0570621797192927
1370.2156	0.0570416512437497
1368.7986	0.0576135810538632
1367.3816	0.0577357719244784
1365.9646	0.0588669916933221
1364.5477	0.0588989835797643
1363.1307	0.0593531349881872
1361.7137	0.0595866498469561
1360.2967	0.0589555591585884
1358.8797	0.0588148045804225
1357.4628	0.0589002766932983
1356.0458	0.0583613552094167
1354.6288	0.0573134848972964
1353.2118	0.0568060298109794
1351.7949	0.0550201481845808
1350.3779	0.0558667583499804
1348.9609	0.0559075419924746
1347.5439	0.0558291994191065
1346.127	0.0564774684970706
1344.71	0.0562068195602578
1343.293	0.0572683034247675
1341.876	0.0569811326602304
1340.4591	0.0575030134470115
1339.0421	0.0575284960087732
1337.6251	0.0577218491637006
1336.2081	0.0567750097913303
1334.7912	0.05692987095686
1333.3742	0.0567778796274485
1331.9572	0.0564226354565648
1330.5402	0.0563600934162009
1329.1233	0.0564396048773191
1327.7063	0.055723608454403
1326.2893	0.0553198584639028
1324.8723	0.0542366880576899
1323.4554	0.0543222911554874
1322.0384	0.0534547482406866
1320.6214	0.0535425525496133
1319.2044	0.0535175587505783
1317.7875	0.0526589274653554
1316.3705	0.0526114761020808
1314.9535	0.0512661890868497
1313.5365	0.050940511470822
1312.1195	0.0507081280308046
1310.7026	0.0510817866732753
1309.2856	0.0509965436245397
1307.8686	0.0502892216908469
1306.4516	0.0508490649231867
1305.0347	0.0513708382397697
1303.6177	0.0509478162387364
1302.2007	0.0505442736247402
1300.7837	0.0508615091871275
1299.3668	0.0503097511263715
1297.9498	0.0507576647379736
1296.5328	0.0506822912027071
1295.1158	0.0505558799869232
1293.6989	0.0515801664300897
1292.2819	0.050948178983823
1290.8649	0.0501710811099725
1289.4479	0.0508044247287784
1288.031	0.0508809614523589
1286.614	0.0504729185210138
1285.197	0.0515922094717011
1283.78	0.0517073567567708
1282.3631	0.0520136353506429
1280.9461	0.0527539844464407
1279.5291	0.0529554943155997
1278.1121	0.0540395760066651
1276.6952	0.0537526166065818
1275.2782	0.05522363856852
1273.8612	0.0549583016364037
1272.4442	0.0557995951732969
1271.0273	0.0550152414465431
1269.6103	0.0550539465480332
1268.1933	0.0542766039940666
1266.7763	0.0549152288412764
1265.3593	0.054548673728428
1263.9424	0.0547874808216949
1262.5254	0.0553220401638208
1261.1084	0.0539927466125309
1259.6914	0.0547359354875678
1258.2745	0.0546714225747309
1256.8575	0.0537615268828011
1255.4405	0.0545089781754889
1254.0235	0.0545308447546565
1252.6066	0.0543585465763098
1251.1896	0.0546216465771247
1249.7726	0.0533728363764679
1248.3556	0.0533112024218668
1246.9387	0.0536739503502389
1245.5217	0.0537596429532282
1244.1047	0.0540787615883362
1242.6877	0.0531900189758805
1241.2708	0.0529803321979468
1239.8538	0.0532111623727502
1238.4368	0.0533970782455677
1237.0198	0.0534642451230395
1235.6029	0.0539353148437095
1234.1859	0.0541452698704159
1232.7689	0.0540419395606934
1231.3519	0.0538801923135519
1229.935	0.0532864689286835
1228.518	0.0526742963893227
1227.101	0.0516688702031932
1225.684	0.0508953006271949
1224.2671	0.0506091366864675
1222.8501	0.0496718373739179
1221.4331	0.0493040603963922
1220.0161	0.0483826662998359
1218.5991	0.0476083109765168
1217.1822	0.0477550101935584
1215.7652	0.0469214173072678
1214.3482	0.0475357921223867
1212.9312	0.0465143906222503
1211.5143	0.0468863792901548
1210.0973	0.0459721489756192
1208.6803	0.0455178666777073
1207.2633	0.0455724139833632
1205.8464	0.0454003965033833
1204.4294	0.0439364971144941
1203.0124	0.0445297429928231
1201.5954	0.0442895946401034
1200.1785	0.0440539316802527
1198.7615	0.0431058083818955
1197.3445	0.0425451181962587
1195.9275	0.0413594923358701
1194.5106	0.0417741176554143
1193.0936	0.041093541670105
1191.6766	0.0406776039056909
1190.2596	0.0394246810054535
1188.8427	0.0393200662055521
1187.4257	0.0386297565382032
1186.0087	0.0384954082494199
1184.5917	0.0380070865260736
1183.1748	0.0382812175988161
1181.7578	0.0381723364802381
1180.3408	0.0384543024291376
1178.9238	0.038773536771263
1177.5069	0.039110207581622
1176.0899	0.039203774070827
1174.6729	0.04124894666901
1173.2559	0.0412477869266139
1171.8389	0.0423705126001807
1170.422	0.0434097600234115
1169.005	0.0460714962236055
1167.588	0.0472602547116
1166.171	0.0492198087521082
1164.7541	0.0524921492465579
1163.3371	0.0541596377153892
1161.9201	0.0565296994379208
1160.5031	0.0602691956881631
1159.0862	0.0625233011701458
1157.6692	0.0657329113772334
1156.2522	0.0680633540711361
1154.8352	0.0698084426927722
1153.4183	0.0724486244625872
1152.0013	0.0748152345082005
1150.5843	0.0751609253152705
1149.1673	0.0760408435960052
1147.7504	0.0773898974759181
1146.3334	0.0776796554545486
1144.9164	0.0769529798733709
1143.4994	0.0752560763751896
1142.0825	0.075057392762
1140.6655	0.0748659507483872
1139.2485	0.0736146100838241
1137.8315	0.0719561989752708
1136.4146	0.0710734637963314
1134.9976	0.0705659754398477
1133.5806	0.0692503923160584
1132.1636	0.0693181353511536
1130.7467	0.0696225107850389
1129.3297	0.0700844322189297
1127.9127	0.0690765616979844
1126.4957	0.0695672857024444
1125.0787	0.0714460505596389
1123.6618	0.0712450035121121
1122.2448	0.0710393323192849
1120.8278	0.0721288181052031
1119.4108	0.0715477986955987
1117.9939	0.0715394369753871
1116.5769	0.0724011554465927
1115.1599	0.0730673492402349
1113.7429	0.0730129590557675
1112.326	0.0741375810150118
1110.909	0.0734513017542583
1109.492	0.0743854548035476
1108.075	0.0754954652922665
1106.6581	0.0762506951108939
1105.2411	0.0772904333411299
1103.8241	0.0776016504717228
1102.4071	0.0777169292366616
1100.9902	0.0785344785341492
1099.5732	0.0797968452563497
1098.1562	0.0796557845335287
1096.7392	0.0795416709318413
1095.3223	0.0796123203761518
1093.9053	0.0791885125877551
1092.4883	0.0806624972205467
1091.0713	0.0812556879946736
1089.6544	0.083169621082499
1088.2374	0.0861981763172206
1086.8204	0.0866000537844969
1085.4034	0.0892698330034489
1083.9865	0.0925908702018322
1082.5695	0.0943938553646277
1081.1525	0.0979178622203223
1079.7355	0.100709416817915
1078.3185	0.101303442027333
1076.9016	0.103190960153644
1075.4846	0.103057781439175
1074.0676	0.102501452241824
1072.6506	0.100330080019663
1071.2337	0.0992642054832981
1069.8167	0.0966679589432778
1068.3997	0.0946945672036233
1066.9827	0.0938843651734648
1065.5658	0.0922694824212389
1064.1488	0.0934045705135009
1062.7318	0.0937659802309861
1061.3148	0.0953590422461985
1059.8979	0.0958918033778592
1058.4809	0.0979191413690052
1057.0639	0.0995004285180394
1055.6469	0.101193321649923
1054.23	0.102983260550745
1052.813	0.104280921565667
1051.396	0.107274812743849
1049.979	0.109199755746758
1048.5621	0.110536415116024
1047.1451	0.113004506688094
1045.7281	0.115358579023206
1044.3111	0.117201814255907
1042.8942	0.118433168950237
1041.4772	0.121373703469612
1040.0602	0.122562365370208
1038.6432	0.125068063316318
1037.2263	0.126617431572214
1035.8093	0.129340795950279
1034.3923	0.131776836751678
1032.9753	0.13322803759504
1031.5583	0.135939759010268
1030.1414	0.137019523488092
1028.7244	0.140239282623943
1027.3074	0.143396896371482
1025.8904	0.144960395977108
1024.4735	0.146804276057296
1023.0565	0.148846804061866
1021.6395	0.150999456047629
1020.2225	0.153244713068707
1018.8056	0.15504023141176
1017.3886	0.155437241507206
1015.9716	0.156577195897337
1014.5546	0.156863872880436
1013.1377	0.159100060619085
1011.7207	0.158235563615121
1010.3037	0.158621296014141
1008.8867	0.159028295750061
1007.4698	0.159105001063757
1006.0528	0.159635490050751
1004.6358	0.160238471569929
1003.2188	0.16095721709424
1001.8019	0.161562780850752
1000.3849	0.162246353906524
998.9679	0.162918493448878
997.5509	0.163284941658121
996.134	0.16471318199516
994.717	0.165999221501022
993.3	0.165496846256083
991.883	0.165788648042255
990.4661	0.16662404082832
989.0491	0.165987451632989
987.6321	0.166075809649486
986.2151	0.16436604082626
984.7981	0.163156731007742
983.3812	0.161012296804243
981.9642	0.160081454509076
980.5472	0.157343797468992
979.1302	0.15492576312266
977.7133	0.151568245888176
976.2963	0.14933673154157
974.8793	0.147109113703492
973.4623	0.144098995017117
972.0454	0.141375552004882
970.6284	0.138229927175103
969.2114	0.135336726072048
967.7944	0.131979059093715
966.3775	0.128887326805887
964.9605	0.126221014967819
963.5435	0.12308437442732
962.1265	0.120265143854531
960.7096	0.117275175652831
959.2926	0.115477613807342
957.8756	0.112923450058035
956.4586	0.110709688742084
955.0417	0.108593980454082
953.6247	0.106791475112515
952.2077	0.103430589900359
950.7907	0.10214813632581
949.3738	0.10022933680159
947.9568	0.0984268981488165
946.5398	0.0982022747754151
945.1228	0.0974167843522939
943.7059	0.0961751300294122
942.2889	0.0971173298043549
940.8719	0.0965471570776534
939.4549	0.0963406741268484
938.0379	0.0970247688314928
936.621	0.097551079498054
935.204	0.0970968660336465
933.787	0.0975835930511229
932.37	0.096540408879748
930.9531	0.098026220357942
929.5361	0.0974630724553111
928.1191	0.097907761745029
926.7021	0.0972915921775533
925.2852	0.0972457953187602
923.8682	0.0965992890392757
922.4512	0.0969758011716264
921.0342	0.0969333753183983
919.6173	0.0960626601183427
918.2003	0.0955811007671384
916.7833	0.0954957565172047
915.3663	0.0948225562380283
913.9494	0.094205015123974
912.5324	0.0935501734580294
911.1154	0.0921082123768684
909.6984	0.0916909476155821
908.2815	0.0912184219580378
906.8645	0.0892287306258905
905.4475	0.0879771236165575
904.0305	0.0871153496575925
902.6136	0.0867159988678051
901.1966	0.0856088962223391
899.7796	0.0848795545047709
898.3626	0.0842297958680394
896.9457	0.0840486282330331
895.5287	0.0832798521366708
894.1117	0.0832469544218632
892.6947	0.0817972030914072
891.2777	0.0816569628705653
889.8608	0.0806538664402579
888.4438	0.0802510161348526
887.0268	0.080146078006214
885.6098	0.0796481601382544
884.1929	0.0785058654169713
882.7759	0.0771734651365709
881.3589	0.0763123787991454
879.9419	0.0753891913347661
878.525	0.0752100377220781
877.108	0.0747617450906155
875.691	0.0749022697215433
874.274	0.0749643538569577
872.8571	0.0744740856098446
871.4401	0.0746134524415158
870.0231	0.076239910865471
868.6061	0.0766149651168323
867.1892	0.0762489728044953
865.7722	0.0771673875917225
864.3552	0.0775410702519518
862.9382	0.0778119648597356
861.5213	0.0784089420620845
860.1043	0.0791447891182467
858.6873	0.0797581713954011
857.2703	0.0791693804942644
855.8534	0.0797675872007956
854.4364	0.0789625659620144
853.0194	0.0787426355287209
851.6024	0.0802395308657518
850.1855	0.0793723768569391
848.7685	0.0799057984745976
847.3515	0.0794734752769363
845.9345	0.0794506940040518
844.5175	0.0791783124987277
843.1006	0.0798040058028812
841.6836	0.0793044473307457
840.2666	0.0787060962569984
838.8496	0.0782612334737826
837.4327	0.0776326951463941
836.0157	0.0774428978133506
834.5987	0.0767828761384764
833.1817	0.076555226188275
831.7648	0.0752734194965413
830.3478	0.0750649476597068
828.9308	0.0740939896270389
827.5138	0.0740150553255616
826.0969	0.0735898826412053
824.6799	0.0729513764739545
823.2629	0.0730694617538057
821.8459	0.073578180899354
820.429	0.0730249404571492
819.012	0.0728723298104106
817.595	0.0720746625465633
816.178	0.072266263488833
814.7611	0.0721855935506514
813.3441	0.0719074238023815
811.9271	0.0717301598244553
810.5101	0.071681551617516
809.0932	0.0720751770070753
807.6762	0.0709416164984935
806.2592	0.0710054663560332
804.8422	0.0699578956115569
803.4253	0.07010628023807
802.0083	0.0700559592826036
800.5913	0.0700897651234981
799.1743	0.0704425273420161
797.7573	0.0708278701165529
796.3404	0.0709581678811371
794.9234	0.0705647995978463
793.5064	0.0710529865675174
792.0894	0.0715828539378698
790.6725	0.0712991545502164
789.2555	0.0720035009775067
787.8385	0.0716606851060036
786.4215	0.0724102932804197
785.0046	0.0721850211337058
783.5876	0.072852849942758
782.1706	0.0731755914446002
780.7536	0.0738449633425192
779.3367	0.074524796566456
777.9197	0.07428787059745
776.5027	0.0751756316201207
775.0857	0.0764957124296237
773.6688	0.0766380877200769
772.2518	0.0780658291378945
770.8348	0.0790964030270597
769.4178	0.0801690327798969
768.0009	0.0816102190917348
766.5839	0.0812075741712461
765.1669	0.0836009276344872
763.7499	0.0833674724056517
762.333	0.0847524728841629
760.916	0.0832699331968645
759.499	0.0842809061031004
758.082	0.0843256076795737
756.6651	0.0840681475482288
755.2481	0.0830371646180126
753.8311	0.0830247745840138
752.4141	0.0824333176658928
750.9971	0.0812224772587219
749.5802	0.0809198578268832
748.1632	0.0794064995372216
746.7462	0.079472324456152
745.3292	0.0773212446244298
743.9123	0.0785301427930198
742.4953	0.077811309934861
741.0783	0.077266217836325
739.6613	0.0770036699287098
738.2444	0.0772332357614422
736.8274	0.07683634449628
735.4104	0.0764955694343649
733.9934	0.0775786638312507
732.5765	0.077374513525159
731.1595	0.0766304997666225
729.7425	0.0782598563145008
728.3255	0.0769966908232876
726.9086	0.0777516838352787
725.4916	0.0789839140227587
724.0746	0.0780927069136999
722.6576	0.0790728718009022
721.2407	0.0799925701902619
719.8237	0.0816128396499538
718.4067	0.0817138653585941
716.9897	0.0826924016244955
715.5728	0.0841701299193858
714.1558	0.0847807325999602
712.7388	0.0848839036790856
711.3218	0.0857763093053173
709.9049	0.0871040332858019
708.4879	0.0870262857142358
707.0709	0.0879066144503366
705.6539	0.0883502764139569
704.2369	0.0897796503463467
702.82	0.0888883473919154
701.403	0.0885029304224978
699.986	0.0891494094280237
698.569	0.0880841637580753
697.1521	0.0877636189313262
695.7351	0.0874600965491228
694.3181	0.0877750633865731
692.9011	0.0862249855641825
691.4842	0.0870175268573517
690.0672	0.0866987585232385
688.6502	0.0862951038893161
687.2332	0.0872096761893984
685.8163	0.0868382715765807
684.3993	0.0879730306491581
682.9823	0.0875728357964024
681.5653	0.0873670473962227
680.1484	0.0869883652237125
678.7314	0.0868181797875483
677.3144	0.0880370082034043
675.8974	0.0874155758659007
674.4805	0.0879207563286261
673.0635	0.0884761277341584
671.6465	0.0882160444356276
670.2295	0.089196891571627
668.8126	0.089478708180388
667.3956	0.0894304615255558
665.9786	0.0899080287950995
664.5616	0.0900240856635634
663.1447	0.0904119579411753
661.7277	0.0913769154749414
660.3107	0.0911942586341635
658.8937	0.0916220471090369
657.4767	0.0914899768728488
656.0598	0.0921117170915122
654.6428	0.0917023317011278
653.2258	0.0928196351395793
651.8088	0.0931718984103808
650.3919	0.0936154443896195
648.9749	0.09349517562155
647.5579	0.0938432550811975
646.1409	0.0939973278492634
644.724	0.0940241575843474
643.307	0.0951821158284451
641.89	0.0945954726664167
640.473	0.0948035025205905
639.0561	0.0956365870415083
637.6391	0.0958671608315789
636.2221	0.0961470324544959
634.8051	0.0957353205807789
633.3882	0.0962213127620364
631.9712	0.0961622703245875
630.5542	0.0969102914161564
629.1372	0.0963502930219417
627.7203	0.0978761537899993
626.3033	0.097508634813072
624.8863	0.0990691846513274
623.4693	0.100554655650758
622.0524	0.101157394917891
620.6354	0.100972652347379
619.2184	0.101825388710942
617.8014	0.103648364289099
616.3845	0.104026347517781
614.9675	0.10548774774826
613.5505	0.10622044488241
612.1335	0.107891209596369
610.7165	0.109321371421463
609.2996	0.108655416587889
607.8826	0.109147684352604
606.4656	0.110957901517701
605.0486	0.110804215673443
603.6317	0.111757600523484
602.2147	0.110863067625441
600.7977	0.111781783866617
599.3807	0.111383049021533
597.9638	0.11049053759947
596.5468	0.111114166280958
595.1298	0.111596761609437
593.7128	0.111971393431808
592.2959	0.111275328891799
590.8789	0.112549360163341
589.4619	0.113237437428692
588.0449	0.113880837931377
586.628	0.115219031511268
585.211	0.115857063332488
583.794	0.117687059812993
582.377	0.118180817921185
580.9601	0.119191682187199
579.5431	0.121521575190758
578.1261	0.122982932012436
576.7091	0.125761821871168
575.2922	0.125839933601588
573.8752	0.127310022962818
572.4582	0.127518264231135
571.0412	0.128897577029027
569.6243	0.128417175977315
568.2073	0.127847328069317
566.7903	0.127102009755903
565.3733	0.12663661299153
563.9563	0.125746644193012
562.5394	0.125848083203665
561.1224	0.125203547459851
559.7054	0.125407888986836
558.2884	0.125328212702615
556.8715	0.124676030484629
555.4545	0.124159539096485
554.0375	0.12385702163613
552.6205	0.123129260016592
551.2036	0.122711942362349
549.7866	0.121819475210432
548.3696	0.121980229318318
546.9526	0.122174147300102
545.5357	0.12150706073833
544.1187	0.121675185409569
542.7017	0.121978863674084
541.2847	0.121735287774886
539.8678	0.122994228776374
538.4508	0.123836402859535
537.0338	0.124231546321068
535.6168	0.125529357795473
534.1999	0.125686285641717
532.7829	0.126659909343546
531.3659	0.128113925908105
529.9489	0.129109951995976
528.532	0.130277325952991
527.115	0.13221582502052
525.698	0.132602915728913
524.281	0.132794009775064
522.8641	0.132747116133703
521.4471	0.134544404507772
520.0301	0.133660595195283
518.6131	0.133951260843637
517.1962	0.13430729769071
515.7792	0.13453374564348
514.3622	0.134240051750717
512.9452	0.133777843567172
511.5282	0.132320662763222
510.1113	0.132235545151634
508.6943	0.132803983356114
507.2773	0.13325423301365
505.8603	0.133267476518329
504.4434	0.13314908757412
503.0264	0.132811949781935
501.6094	0.132244987213455
500.1924	0.132295649118752
498.7755	0.131801859569187
497.3585	0.131945257371271
495.9415	0.13154328199545
494.5245	0.132009359148378
493.1076	0.131549635167921
491.6906	0.130260015308014
490.2736	0.131560716688054
488.8566	0.130836443964029
487.4397	0.131449455914765
486.0227	0.1319394249537
484.6057	0.13204772900214
483.1887	0.131459952173053
481.7718	0.131301790356583
480.3548	0.132154329360409
478.9378	0.131511119025036
477.5208	0.131652551287269
476.1039	0.13189642403266
474.6869	0.132601018600465
473.2699	0.131821068954719
471.8529	0.131215107766082
470.436	0.130504227514905
469.019	0.129715554349934
467.602	0.128919998402573
466.185	0.12999068485083
464.768	0.129774887784236
463.3511	0.129303593694104
461.9341	0.129511815378005
460.5171	0.129584829330335
459.1001	0.129959844802802
457.6832	0.129744404616455
456.2662	0.129375687748171
454.8492	0.130124898435512
453.4322	0.128847076093541
452.0153	0.129185645611184
450.5983	0.128546876329794
449.1813	0.129702756814876
447.7643	0.130350067469499
446.3474	0.131178253276843
444.9304	0.132298297945606
443.5134	0.133175054925851
442.0964	0.133780624127194
440.6795	0.134416327196234
439.2625	0.135227571371444
437.8455	0.136598949789044
436.4285	0.13934348966937
435.0116	0.139173484618062
433.5946	0.140499150628882
432.1776	0.139609529405
430.7606	0.13938565950735
429.3437	0.138265975601411
427.9267	0.137883153894768
426.5097	0.138720098053531
425.0927	0.139844147219905
423.6758	0.140597792717348
422.2588	0.140664395062917
420.8418	0.141878074496008
419.4248	0.14185172196416
418.0078	0.141928383994058
416.5909	0.141262122927148
415.1739	0.141680148449384
413.7569	0.142552909518034
412.3399	0.142782195559542
410.923	0.143396093310309
409.506	0.143027785320487
408.089	0.142291370941441
406.672	0.142945643652489
405.2551	0.14332810542193
403.8381	0.143862019152783
402.4211	0.145162930676715
401.0041	0.146091329762364
