3994.4546	0.0130963820853613
3993.0377	0.0138907744796292
3991.6207	0.0130112748656412
3990.2037	0.0135038032518746
3988.7867	0.0132515493459673
3987.3698	0.0128991043446744
3985.9528	0.0131209374654099
3984.5358	0.013461313775133
3983.1188	0.012868801409462
3981.7019	0.0129612327905536
3980.2849	0.0136213166967777
3978.8679	0.0131038865595093
3977.4509	0.0132033582992055
3976.034	0.0132158062382886
3974.617	0.0131186274291997
3973.2	0.0123464809831972
3971.783	0.0129994522950669
3970.3661	0.0126467683600892
3968.9491	0.0130873946566082
3967.5321	0.0137812617336944
3966.1151	0.013045954885178
3964.6982	0.0128785186658909
3963.2812	0.0124788631438458
3961.8642	0.0127704280169752
3960.4472	0.0131800424081025
3959.0303	0.012994577540695
3957.6133	0.0130394266289242
3956.1963	0.0133599336529908
3954.7793	0.0131222207655394
3953.3624	0.0131112383592425
3951.9454	0.0129492245120587
3950.5284	0.0130913821577917
3949.1114	0.0129994258439338
3947.6944	0.0125671213291677
3946.2775	0.0130307956227477
3944.8605	0.0130094539266206
3943.4435	0.0131786487032486
3942.0265	0.0130528546947818
3940.6096	0.0130192331577912
3939.1926	0.0132691559596954
3937.7756	0.0132492531141229
3936.3586	0.0122979560435855
3934.9417	0.0130291539790393
3933.5247	0.012816930234481
3932.1077	0.0127627709533441
3930.6907	0.0132793422944418
3929.2738	0.0126837379469845
3927.8568	0.0128493944978694
3926.4398	0.0131240516779911
3925.0228	0.0126008563849235
3923.6059	0.0128057423341181
3922.1889	0.012768520026473
3920.7719	0.01246190422209
3919.3549	0.0129278433074973
3917.938	0.0124472690648344
3916.521	0.0130909378283978
3915.104	0.0126167350509141
3913.687	0.012844786941677
3912.2701	0.0132612069109666
3910.8531	0.0129915437874121
3909.4361	0.0128089139694628
3908.0191	0.013329020782929
3906.6022	0.0129019359355407
3905.1852	0.0126632865055784
3903.7682	0.0129262216020307
3902.3512	0.0125552591577466
3900.9342	0.0134867448954077
3899.5173	0.0128671027010264
3898.1003	0.0131652045143407
3896.6833	0.0133550159738595
3895.2663	0.0126169788813748
3893.8494	0.0130284861012442
3892.4324	0.0127975796479701
3891.0154	0.0132033416831798
3889.5984	0.0127450075347536
3888.1815	0.0121718255590635
3886.7645	0.0125000384067543
3885.3475	0.0127746499892065
3883.9305	0.013220114481176
3882.5136	0.0129005687828102
3881.0966	0.0129284761629064
3879.6796	0.0133734431227301
3878.2626	0.0130891937834383
3876.8457	0.0128976914307901
3875.4287	0.0131502977138672
3874.0117	0.0129023844549681
3872.5947	0.0133544631136748
3871.1778	0.0123918648717582
3869.7608	0.0127200444420797
3868.3438	0.0130747733412161
3866.9268	0.0131643651215049
3865.5099	0.0130968531522256
3864.0929	0.0128273902563141
3862.6759	0.0129346646015264
3861.2589	0.0134789923890781
3859.842	0.0134271113447082
3858.425	0.0126366107236111
3857.008	0.0124751183273335
3855.591	0.0128044183335476
3854.174	0.0133968261179341
3852.7571	0.0129878140183496
3851.3401	0.0125525877242127
3849.9231	0.012835645611986
3848.5061	0.0130404968545701
3847.0892	0.012961262301179
3845.6722	0.0128611768795741
3844.2552	0.0130648927687358
3842.8382	0.0128062584861246
3841.4213	0.0124251821199641
3840.0043	0.0124844145598929
3838.5873	0.0125850835084078
3837.1703	0.012454290430505
3835.7534	0.0128658768845007
3834.3364	0.0126640822754815
3832.9194	0.0129742361125784
3831.5024	0.012924609766859
3830.0855	0.0123536158218272
3828.6685	0.0125255434698337
3827.2515	0.0131681038901991
3825.8345	0.012965639410943
3824.4176	0.0124674039577371
3823.0006	0.0128602827908189
3821.5836	0.0126355154473398
3820.1666	0.0121328318411773
3818.7497	0.0126898317977092
3817.3327	0.0128366513704517
3815.9157	0.0134299652395339
3814.4987	0.0129420034873503
3813.0818	0.0133070592312312
3811.6648	0.0129769700841967
3810.2478	0.012310811967741
3808.8308	0.01256235117686
3807.4138	0.0122191313905202
3805.9969	0.0120028372216731
3804.5799	0.0126183868136623
3803.1629	0.0120865843936521
3801.7459	0.012721883893967
3800.329	0.0121241977666812
3798.912	0.0124056117407259
3797.495	0.0124070987752802
3796.078	0.0120238001795
3794.6611	0.0126591287268301
3793.2441	0.0125771612028666
3791.8271	0.0118853888554872
3790.4101	0.0121202348356158
3788.9932	0.0130930898376014
3787.5762	0.0124511118985285
3786.1592	0.0119861003650432
3784.7422	0.0123105821780239
3783.3253	0.0118126790101548
3781.9083	0.0120791106004146
3780.4913	0.0124875618074965
3779.0743	0.0123622133535173
3777.6574	0.012540329026691
3776.2404	0.0119893684368208
3774.8234	0.0123480882133961
3773.4064	0.0122866645378882
3771.9895	0.0118211155547925
3770.5725	0.0125420331050455
3769.1555	0.0123292440006415
3767.7385	0.012298850365746
3766.3216	0.0125742852396533
3764.9046	0.0124038076017471
3763.4876	0.0118411402640368
3762.0706	0.0119325336486565
3760.6536	0.0117505076232121
3759.2367	0.012046444497096
3757.8197	0.0122766069607858
3756.4027	0.011945429041146
3754.9857	0.0121775391420557
3753.5688	0.0115705355779849
3752.1518	0.0118864115960848
3750.7348	0.011914925572875
3749.3178	0.0120406202246951
3747.9009	0.0123281290439258
3746.4839	0.0122375500266011
3745.0669	0.0122938168592255
3743.6499	0.0121157129516635
3742.233	0.0122626051753149
3740.816	0.0123323276341877
3739.399	0.0121671075085605
3737.982	0.0122158594024301
3736.5651	0.0119612042675468
3735.1481	0.0125245504221848
3733.7311	0.0130088528177867
3732.3141	0.0124606370239062
3730.8972	0.0124692632086803
3729.4802	0.0122041656595006
3728.0632	0.0124157294824461
3726.6462	0.0124311211278442
3725.2293	0.0118702866904477
3723.8123	0.0123571417698275
3722.3953	0.0121059424766641
3720.9783	0.0117336392559558
3719.5614	0.0121871835462213
3718.1444	0.0114248317368695
3716.7274	0.010922061990623
3715.3104	0.0118294635263556
3713.8935	0.0117173684203708
3712.4765	0.0113378263831439
3711.0595	0.0116901830808741
3709.6425	0.012109400977975
3708.2255	0.0123755797947912
3706.8086	0.0123123180387763
3705.3916	0.0115561712074675
3703.9746	0.0116247790483859
3702.5576	0.0118284098668277
3701.1407	0.0121593319071442
3699.7237	0.0114499691080707
3698.3067	0.0115825239977544
3696.8897	0.0114503959546843
3695.4728	0.0115310151971344
3694.0558	0.0120787088687664
3692.6388	0.0118349508780925
3691.2218	0.0114713675280563
3689.8049	0.0110044247099689
3688.3879	0.0121969145527774
3686.9709	0.0115620769586615
3685.5539	0.011644336541431
3684.137	0.0118208608764798
3682.72	0.0116791498198346
3681.303	0.0112923845566771
3679.886	0.0117106619745372
3678.4691	0.0117603372699707
3677.0521	0.011410466724636
3675.6351	0.0116704427124283
3674.2181	0.0114112803286277
3672.8012	0.0115245756896519
3671.3842	0.0117675294546279
3669.9672	0.011343163154792
3668.5502	0.0113764457571967
3667.1333	0.0114279818231738
3665.7163	0.0114298277443059
3664.2993	0.0115485124497874
3662.8823	0.0118673036687752
3661.4653	0.0118922755093007
3660.0484	0.0115488961442094
3658.6314	0.0115800106557453
3657.2144	0.0113074408905905
3655.7974	0.0119450502260294
3654.3805	0.0114569585296875
3652.9635	0.0120891960006148
3651.5465	0.0119486688191292
3650.1295	0.0122631216222602
3648.7126	0.0114134737588816
3647.2956	0.012491493699968
3645.8786	0.0115218495092238
3644.4616	0.012014168176407
3643.0447	0.0121343653839539
3641.6277	0.0118163901256282
3640.2107	0.0119128023101442
3638.7937	0.0122886752199546
3637.3768	0.0121054925596149
3635.9598	0.0120912298567584
3634.5428	0.0121018871075861
3633.1258	0.0125145523412401
3631.7089	0.0121012008470314
3630.2919	0.0126931713346626
3628.8749	0.0125214496061387
3627.4579	0.0122681033719524
3626.041	0.0127256498302169
3624.624	0.0127177149581605
3623.207	0.0128480997873109
3621.79	0.0122775921208144
3620.3731	0.0123091806984149
3618.9561	0.01284071655787
3617.5391	0.0128653197103921
3616.1221	0.0132047325530775
3614.7051	0.0134413970469393
3613.2882	0.0133864370386409
3611.8712	0.0131697779512078
3610.4542	0.0133504092389274
3609.0372	0.0132118921692183
3607.6203	0.0135996914475463
3606.2033	0.0138734247013108
3604.7863	0.0136855530715541
3603.3693	0.0136352134006536
3601.9524	0.0138470477683416
3600.5354	0.0140935251781106
3599.1184	0.0137679288536761
3597.7014	0.0139581240628343
3596.2845	0.0144170284636666
3594.8675	0.0146014570894596
3593.4505	0.0149093762334863
3592.0335	0.0143474809229042
3590.6166	0.0150899056269014
3589.1996	0.0146298801837758
3587.7826	0.0153029862893476
3586.3656	0.0153331124313003
3584.9487	0.0148969763101566
3583.5317	0.0156079314250104
3582.1147	0.0151268279486104
3580.6977	0.015275833431539
3579.2808	0.0158503385941024
3577.8638	0.0152741318934497
3576.4468	0.0158329165692728
3575.0298	0.0155252761072765
3573.6129	0.0162353821631316
3572.1959	0.0156020139921056
3570.7789	0.0166686802326461
3569.3619	0.0163571458858287
3567.9449	0.0171133903154303
3566.528	0.0171548669831066
3565.111	0.0181360248336336
3563.694	0.017656626476111
3562.277	0.0169583534394537
3560.8601	0.0176934997797314
3559.4431	0.0182979862895818
3558.0261	0.0179926744662872
3556.6091	0.017790645585372
3555.1922	0.0188152784152691
3553.7752	0.0185484991405744
3552.3582	0.0182459910872699
3550.9412	0.0184563491761812
3549.5243	0.0193589442306851
3548.1073	0.019060770774845
3546.6903	0.0192533805817512
3545.2733	0.0194867529000054
3543.8564	0.0198225433767862
3542.4394	0.0197868908618964
3541.0224	0.0204940806525462
3539.6054	0.020203477972617
3538.1885	0.0203534061002724
3536.7715	0.0207257814733265
3535.3545	0.0209870742698711
3533.9375	0.0210514026536603
3532.5206	0.020813786322177
3531.1036	0.0214114104741059
3529.6866	0.0210563508894792
3528.2696	0.0213650771786812
3526.8527	0.0221116992614329
3525.4357	0.0219983326944588
3524.0187	0.0223690656243948
3522.6017	0.0226176290583491
3521.1847	0.0232550355222705
3519.7678	0.0230809002106692
3518.3508	0.0235056130606419
3516.9338	0.023773192206808
3515.5168	0.0235116045487541
3514.0999	0.0237681857856432
3512.6829	0.0236113550389244
3511.2659	0.0236091875739581
3509.8489	0.0242369971857627
3508.432	0.0244503980059441
3507.015	0.0241755015507356
3505.598	0.0249737249399315
3504.181	0.0251545935288747
3502.7641	0.0248849002901691
3501.3471	0.0257927358494332
3499.9301	0.0255097062259313
3498.5131	0.0261580998534843
3497.0962	0.0254840749213974
3495.6792	0.0259681149276521
3494.2622	0.02589176088104
3492.8452	0.0260693770804841
3491.4283	0.0265962898740471
3490.0113	0.0270171793961915
3488.5943	0.0270303391937824
3487.1773	0.0270003583860821
3485.7604	0.0274756663408987
3484.3434	0.0280475047409185
3482.9264	0.0278212899846459
3481.5094	0.0280193134493666
3480.0925	0.0278948121171608
3478.6755	0.028457929135716
3477.2585	0.0286796941025048
3475.8415	0.0286200807085899
3474.4245	0.0288960124444691
3473.0076	0.0284232210234107
3471.5906	0.0297513645882689
3470.1736	0.029343767237438
3468.7566	0.0297852235787982
3467.3397	0.0297936860672178
3465.9227	0.0297365479708215
3464.5057	0.030193112293326
3463.0887	0.0306747685502562
3461.6718	0.0306786929235155
3460.2548	0.0303681074009875
3458.8378	0.0307382430733746
3457.4208	0.0310530383731717
3456.0039	0.0305691568858926
3454.5869	0.0312730094181417
3453.1699	0.0314941237272184
3451.7529	0.031375562083007
3450.336	0.0321337423819005
3448.919	0.0321936560769892
3447.502	0.0323733366332728
3446.085	0.032571128671872
3444.6681	0.0325247469076492
3443.2511	0.032842630065838
3441.8341	0.0329799707144476
3440.4171	0.0328169132342602
3439.0002	0.0338975969825824
3437.5832	0.0334778632700254
3436.1662	0.0335926913145286
3434.7492	0.0337511888998706
3433.3323	0.033586914357973
3431.9153	0.0340245975301577
3430.4983	0.0339584820362325
3429.0813	0.0340368859516737
3427.6643	0.0342453352199041
3426.2474	0.0348245377443807
3424.8304	0.0345644350738886
3423.4134	0.0348773810900541
3421.9964	0.0351330547039854
3420.5795	0.03499050520399
3419.1625	0.0352992969766911
3417.7455	0.0351883395560496
3416.3285	0.0355397205230764
3414.9116	0.0356783438816392
3413.4946	0.0360739724704954
3412.0776	0.0362266392752344
3410.6606	0.0361012758856173
3409.2437	0.0358164605751318
3407.8267	0.0365807099510692
3406.4097	0.0371546453126159
3404.9927	0.0365180449582811
3403.5758	0.0374225015482613
3402.1588	0.0366139616964915
3400.7418	0.0377104039756583
3399.3248	0.0375681030917164
3397.9079	0.0376266914021594
3396.4909	0.0380587195637815
3395.0739	0.0376811256528932
3393.6569	0.037587035449899
3392.24	0.0381524578486693
3390.823	0.0383078192839883
3389.406	0.0383316362647719
3387.989	0.0386550171742708
3386.5721	0.0384957566039902
3385.1551	0.0383353926207811
3383.7381	0.0389373574828687
3382.3211	0.0388304630669429
3380.9041	0.0395499374792674
3379.4872	0.0397278210965599
3378.0702	0.0393263526288842
3376.6532	0.0396764540884103
3375.2362	0.0397860564872735
3373.8193	0.0389875717151347
3372.4023	0.0398069899647626
3370.9853	0.0406246468833427
3369.5683	0.0400175495940345
3368.1514	0.0403439872703571
3366.7344	0.0398272108973523
3365.3174	0.0402683446431933
3363.9004	0.0403402785300818
3362.4835	0.0402950195669627
3361.0665	0.0404062287072787
3359.6495	0.0406257449806602
3358.2325	0.041231846443143
3356.8156	0.0406612572842297
3355.3986	0.0410037949662518
3353.9816	0.0411859166730459
3352.5646	0.0413802497608557
3351.1477	0.0413754959452837
3349.7307	0.0412032227289004
3348.3137	0.0413918056067062
3346.8967	0.0414141580554761
3345.4798	0.0417484812634175
3344.0628	0.0419534110081227
3342.6458	0.0419705696818155
3341.2288	0.0418307219733858
3339.8119	0.0419911382385339
3338.3949	0.0418728755421279
3336.9779	0.0414282763456659
3335.5609	0.0418383584167611
3334.1439	0.0419307475751438
3332.727	0.0423318638994034
3331.31	0.0423072589457303
3329.893	0.0425456762661074
3328.476	0.0422554206849986
3327.0591	0.0418482617715954
3325.6421	0.0422973913088527
3324.2251	0.0421379701546598
3322.8081	0.0424891067992387
3321.3912	0.0426088644203961
3319.9742	0.04269811585863
3318.5572	0.0429861927127799
3317.1402	0.0430810969260032
3315.7233	0.0428611870094024
3314.3063	0.0431998209742649
3312.8893	0.0422163902579545
3311.4723	0.0433388983114797
3310.0554	0.0426339087026968
3308.6384	0.0432189545617112
3307.2214	0.0431063876559541
3305.8044	0.0427557885133589
3304.3875	0.042879534762739
3302.9705	0.042714379817513
3301.5535	0.0429636133334983
3300.1365	0.0429361852098872
3298.7196	0.0424474591468964
3297.3026	0.0427696790262382
3295.8856	0.0434305626984239
3294.4686	0.0425875078278899
3293.0517	0.0434501537144926
3291.6347	0.0428701811334309
3290.2177	0.0435451491962768
3288.8007	0.043841564769302
3287.3837	0.0432810121037553
3285.9668	0.0434476058929149
3284.5498	0.0436356146559259
3283.1328	0.043391285918023
3281.7158	0.0431797555079539
3280.2989	0.0426067573219532
3278.8819	0.0432320797760185
3277.4649	0.0427649431980658
3276.0479	0.0427329572918252
3274.631	0.0433949571117081
3273.214	0.0432842101953839
3271.797	0.0430825992536761
3270.38	0.0432261475326772
3268.9631	0.0437666109937828
3267.5461	0.0435757674344399
3266.1291	0.0433375862766371
3264.7121	0.0438352367022071
3263.2952	0.0437100449985877
3261.8782	0.0435865845592601
3260.4612	0.0435850564075071
3259.0442	0.0437948977021832
3257.6273	0.043607732186573
3256.2103	0.0433247234897828
3254.7933	0.0433153164741839
3253.3763	0.0430946516643865
3251.9594	0.0435522155653246
3250.5424	0.0430294872202892
3249.1254	0.0427023591918134
3247.7084	0.0428713305691497
3246.2915	0.0436162758018326
3244.8745	0.0429984998509813
3243.4575	0.0431536707359555
3242.0405	0.0431887449121535
3240.6235	0.0429223943220912
3239.2066	0.0430399711355974
3237.7896	0.0423959684461124
3236.3726	0.0427607587214668
3234.9556	0.0432674814456255
3233.5387	0.0429051363188527
3232.1217	0.0424041850242461
3230.7047	0.0428289467106251
3229.2877	0.042518185557794
3227.8708	0.0421428612405064
3226.4538	0.0426772002897466
3225.0368	0.0422983828230668
3223.6198	0.0420673785475206
3222.2029	0.0428589524306042
3220.7859	0.0427899124377391
3219.3689	0.0418649008962566
3217.9519	0.0422865680211575
3216.535	0.0419327193179071
3215.118	0.0420903111679947
3213.701	0.0423697214991388
3212.284	0.0420519266814212
3210.8671	0.0417116449273529
3209.4501	0.0420254400916093
3208.0331	0.0414886783071416
3206.6161	0.0421371744610736
3205.1992	0.0414983603091491
3203.7822	0.0414916150844674
3202.3652	0.0412229730325573
3200.9482	0.0413813309466175
3199.5313	0.0414198169816103
3198.1143	0.0409124531527515
3196.6973	0.0409103831955523
3195.2803	0.0408469060109918
3193.8633	0.0409420158545095
3192.4464	0.0409124287053354
3191.0294	0.0409234497357199
3189.6124	0.0411191256869878
3188.1954	0.0409031067674021
3186.7785	0.0405374377699934
3185.3615	0.0404252100690392
3183.9445	0.0403694906626903
3182.5275	0.0397820159346767
3181.1106	0.0404123605986773
3179.6936	0.040562123537161
3178.2766	0.0404544835776902
3176.8596	0.0403876377059221
3175.4427	0.0399526134065183
3174.0257	0.0399460829098652
3172.6087	0.0399541355110084
3171.1917	0.0399641814357775
3169.7748	0.0396320065240648
3168.3578	0.0396512414672063
3166.9408	0.0392550747803127
3165.5238	0.0393444459754617
3164.1069	0.0385485079726464
3162.6899	0.0389662569031324
3161.2729	0.0390315925592724
3159.8559	0.0392678291646657
3158.439	0.0392571929981071
3157.022	0.0387931208240697
3155.605	0.0387267386346005
3154.188	0.0391644307264469
3152.7711	0.0387115092674667
3151.3541	0.0381825130041907
3149.9371	0.0381415692103723
3148.5201	0.0387159967742332
3147.1031	0.0381008122774925
3145.6862	0.0377522394471596
3144.2692	0.0381485644916277
3142.8522	0.0371780232043877
3141.4352	0.037700432942351
3140.0183	0.0371797311005927
3138.6013	0.0373062738938398
3137.1843	0.0372914984452098
3135.7673	0.0370306808739064
3134.3504	0.0368453903742924
3132.9334	0.0364849707905852
3131.5164	0.0366546883124112
3130.0994	0.0363278154273562
3128.6825	0.0361428403020879
3127.2655	0.0364396515751399
3125.8485	0.0355595771134583
3124.4315	0.0356829886461571
3123.0146	0.0363409268505914
3121.5976	0.0354565977567731
3120.1806	0.0354219813696666
3118.7636	0.0353371956485059
3117.3467	0.03475147972852
3115.9297	0.0355785786740295
3114.5127	0.0351277205841666
3113.0957	0.0351782833768788
3111.6788	0.0347536649143457
3110.2618	0.0346992368116489
3108.8448	0.0344582944693567
3107.4278	0.0345106435850653
3106.0109	0.0340243871158662
3104.5939	0.0348017207583659
3103.1769	0.0341012650897091
3101.7599	0.0340428577532052
3100.3429	0.0342877385931226
3098.926	0.0337295911156699
3097.509	0.0343744934036172
3096.092	0.0336860548222815
3094.675	0.0334856838480004
3093.2581	0.0335376592815447
3091.8411	0.033480219075671
3090.4241	0.0336007041996258
3089.0071	0.033196439436473
3087.5902	0.0329247909255154
3086.1732	0.0332786537364436
3084.7562	0.0331784961985261
3083.3392	0.0326451441457897
3081.9223	0.0326215110407441
3080.5053	0.0323014398784456
3079.0883	0.032218550524206
3077.6713	0.0327593173076319
3076.2544	0.0315092462686461
3074.8374	0.0322025060803932
3073.4204	0.0319402543604909
3072.0034	0.0325403801976574
3070.5865	0.0316911116422127
3069.1695	0.0318579459262069
3067.7525	0.0320972190673389
3066.3355	0.0323868839966248
3064.9186	0.0310759582214799
3063.5016	0.0309992831615075
3062.0846	0.0310602266561125
3060.6676	0.0308518448240398
3059.2507	0.0310827309367367
3057.8337	0.0312963615670856
3056.4167	0.0304896956737989
3054.9997	0.0302645523035402
3053.5827	0.0304105778299205
3052.1658	0.0306350085283619
3050.7488	0.0304444002226618
3049.3318	0.0298218730259997
3047.9148	0.0297621732093067
3046.4979	0.0300451652417494
3045.0809	0.0300199136019672
3043.6639	0.0295882369250017
3042.2469	0.029500452977715
3040.83	0.0300260883398971
3039.413	0.0294509417718924
3037.996	0.0298558502428376
3036.579	0.0289055406773557
3035.1621	0.0290454791392014
3033.7451	0.0292239657500371
3032.3281	0.0289080838986384
3030.9111	0.0288830199688338
3029.4942	0.0289131705299086
3028.0772	0.0284678576905926
3026.6602	0.0290001651092476
3025.2432	0.0288985953108297
3023.8263	0.0281587902512094
3022.4093	0.0282861024258979
3020.9923	0.0286310899774436
3019.5753	0.0281974625618871
3018.1584	0.0282103877629151
3016.7414	0.0284907972072118
3015.3244	0.0280069882214911
3013.9074	0.0287353736013312
3012.4905	0.02776592853492
3011.0735	0.0278496441939626
3009.6565	0.0277237828321051
3008.2395	0.027382915207622
3006.8225	0.0278218387116046
3005.4056	0.0268853037927677
3003.9886	0.0276574589257806
3002.5716	0.0276595337057678
3001.1546	0.0272733760509103
2999.7377	0.027316691393577
2998.3207	0.0272356469376819
2996.9037	0.0272200286544993
2995.4867	0.0273133939542487
2994.0698	0.0273878223179863
2992.6528	0.0275506643567367
2991.2358	0.0272425406158501
2989.8188	0.0273778997701154
2988.4019	0.0274405109358854
2986.9849	0.0271401073956093
2985.5679	0.027542587857037
2984.1509	0.0269179015223581
2982.734	0.0272104843934
2981.317	0.0277754372880283
2979.9	0.0273826098555199
2978.483	0.0279615168319916
2977.0661	0.0273484158102645
2975.6491	0.0278708118639152
2974.2321	0.0275822474735949
2972.8151	0.0286516850271679
2971.3982	0.0280924037356175
2969.9812	0.0280249498346396
2968.5642	0.0284377389859109
2967.1472	0.0290141513894955
2965.7303	0.0286895801766223
2964.3133	0.0288924841860786
2962.8963	0.0287256542838308
2961.4793	0.0283593852256529
2960.0623	0.028917600338378
2958.6454	0.0296435451321706
2957.2284	0.0294845720420545
2955.8114	0.0295537211621208
2954.3944	0.0299209839430796
2952.9775	0.0299126109698068
2951.5605	0.0296509074228954
2950.1435	0.0312674728713031
2948.7265	0.0304144976831714
2947.3096	0.0305008604654887
2945.8926	0.031611512567755
2944.4756	0.0315273456562832
2943.0586	0.0321952109688825
2941.6417	0.0320627721054139
2940.2247	0.0326260922102573
2938.8077	0.0320503764791686
2937.3907	0.0324397089415984
2935.9738	0.0331144932893394
2934.5568	0.0326354571060293
2933.1398	0.0333247340153949
2931.7228	0.0328102218666857
2930.3059	0.033449981161111
2928.8889	0.0332837337260675
2927.4719	0.0335499760583017
2926.0549	0.0336019130649439
2924.638	0.0332325458173372
2923.221	0.0335633788331474
2921.804	0.0331777796723999
2920.387	0.0332036544387035
2918.9701	0.0338346466108001
2917.5531	0.0334198130975677
2916.1361	0.0334524813428218
2914.7191	0.0330132522150858
2913.3021	0.032817924221631
2911.8852	0.0338116514541824
2910.4682	0.0335877947374338
2909.0512	0.0337447916519425
2907.6342	0.0334436782412402
2906.2173	0.0335587231213978
2904.8003	0.0330918550607619
2903.3833	0.0336398617064981
2901.9663	0.0331335190528013
2900.5494	0.0329818871485947
2899.1324	0.032976428629194
2897.7154	0.0330399658227491
2896.2984	0.0327578166817423
2894.8815	0.0333002452819237
2893.4645	0.0330853405728947
2892.0475	0.0324925776187196
2890.6305	0.0329176335681625
2889.2136	0.0326037744345302
2887.7966	0.0325429000247807
2886.3796	0.0322306663458107
2884.9626	0.0327196103941553
2883.5457	0.0324688114754119
2882.1287	0.0326399879901283
2880.7117	0.0325051512809361
2879.2947	0.0322203872703481
2877.8778	0.0320899687624524
2876.4608	0.0322222490392298
2875.0438	0.032338868833889
2873.6268	0.0321448228713175
2872.2099	0.0317038934593414
2870.7929	0.0310539212917241
2869.3759	0.0313931515856916
2867.9589	0.0311632423686211
2866.5419	0.0308154676161558
2865.125	0.0308755470762515
2863.708	0.0301257105216173
2862.291	0.0310045738938557
2860.874	0.030144191878907
2859.4571	0.0301790360888309
2858.0401	0.030313846056109
2856.6231	0.0307563090610385
2855.2061	0.0302087066300887
2853.7892	0.0296100302569801
2852.3722	0.0302174292170241
2850.9552	0.0299523323668345
2849.5382	0.0301901580914482
2848.1213	0.0298799057755283
2846.7043	0.0298042077097368
2845.2873	0.0291236042027293
2843.8703	0.0291398431873064
2842.4534	0.0292373657353021
2841.0364	0.029099018733946
2839.6194	0.028690068921883
2838.2024	0.0286220858893947
2836.7855	0.0285715829039469
2835.3685	0.0282318972516164
2833.9515	0.0283383297505118
2832.5345	0.0286590599664154
2831.1176	0.028411998589368
2829.7006	0.0281629789596906
2828.2836	0.0276383887072721
2826.8666	0.0286234165640925
2825.4497	0.0274471257194019
2824.0327	0.02679315655498
2822.6157	0.0273982332412733
2821.1987	0.0279120687608015
2819.7817	0.0273913251374715
2818.3648	0.0272298465653278
2816.9478	0.0275482629952887
2815.5308	0.0275252765521392
2814.1138	0.0272777152709525
2812.6969	0.0267309970572013
2811.2799	0.0271262540941206
2809.8629	0.0265338211356885
2808.4459	0.0273256754576358
2807.029	0.0272954520257699
2805.612	0.0267649808726505
2804.195	0.0267756654269815
2802.778	0.0261699984443002
2801.3611	0.0264482950617857
2799.9441	0.0264159674973579
2798.5271	0.0265783727811744
2797.1101	0.0262610571372219
2795.6932	0.0271751932089694
2794.2762	0.0262934303088119
2792.8592	0.0264707942034868
2791.4422	0.0260969940292685
2790.0253	0.0260191250724426
2788.6083	0.0264623481812755
2787.1913	0.0258150884206164
2785.7743	0.0261605315386511
2784.3574	0.0262456842432249
2782.9404	0.0257310808750431
2781.5234	0.0259298562245931
2780.1064	0.0252663892558421
2778.6895	0.025798358011798
2777.2725	0.0254586632311887
2775.8555	0.0260768324198912
2774.4385	0.0260562969101607
2773.0215	0.0260722408581477
2771.6046	0.0256188068112558
2770.1876	0.0256179739784213
2768.7706	0.0257487605875003
2767.3536	0.0259612198400071
2765.9367	0.0252759522136306
2764.5197	0.0257538447460956
2763.1027	0.0250907179856303
2761.6857	0.0251165814977701
2760.2688	0.0253499329346499
2758.8518	0.02551495738228
2757.4348	0.0255392621037314
2756.0178	0.0254185642266103
2754.6009	0.0251693674594474
2753.1839	0.0249662683508
2751.7669	0.0257203198023385
2750.3499	0.0253205649600881
2748.933	0.0255607744040481
2747.516	0.0254154304019864
2746.099	0.0253335809629094
2744.682	0.0251059744709892
2743.2651	0.0248670163171154
2741.8481	0.0251043470598147
2740.4311	0.0253873747484778
2739.0141	0.0250402019081649
2737.5972	0.0249377020502546
2736.1802	0.0257022236674586
2734.7632	0.0250214943328472
2733.3462	0.0247155376293534
2731.9293	0.0244776790800065
2730.5123	0.0248209596871132
2729.0953	0.0247779117452027
2727.6783	0.0251312700410598
2726.2613	0.0251325579725462
2724.8444	0.0246423804097109
2723.4274	0.0251034287437648
2722.0104	0.0249156062856816
2720.5934	0.0242424535671068
2719.1765	0.0251911013029118
2717.7595	0.0246280977986031
2716.3425	0.0248596564326623
2714.9255	0.0244629845118205
2713.5086	0.0247375697278979
2712.0916	0.0242265524635882
2710.6746	0.0250123848520561
2709.2576	0.0248229823324863
2707.8407	0.0246070500346292
2706.4237	0.0251093512766573
2705.0067	0.0247451186670316
2703.5897	0.0249056779084084
2702.1728	0.0248100767418865
2700.7558	0.024503679803074
2699.3388	0.0253125822663302
2697.9218	0.024352641471028
2696.5049	0.0242535318455059
2695.0879	0.0245435142741423
2693.6709	0.024040546842103
2692.2539	0.0246193779124295
2690.837	0.0246271210345087
2689.42	0.0244396475512801
2688.003	0.0242685352700026
2686.586	0.0241798656179867
2685.1691	0.0237699069508372
2683.7521	0.023983554201511
2682.3351	0.0247995962653914
2680.9181	0.0243071494419399
2679.5011	0.0243282502901969
2678.0842	0.0244082341526836
2676.6672	0.0241651773352433
2675.2502	0.0239883217546687
2673.8332	0.023976962183907
2672.4163	0.023662184874206
2670.9993	0.0240879994491529
2669.5823	0.0237947900290755
2668.1653	0.0238789870961844
2666.7484	0.0240267328446114
2665.3314	0.0236404954000805
2663.9144	0.0237450522218846
2662.4974	0.0238715114582899
2661.0805	0.0238782354501805
2659.6635	0.0239931015163695
2658.2465	0.0241576678035633
2656.8295	0.0236690878911568
2655.4126	0.0238896957966087
2653.9956	0.0237508551133808
2652.5786	0.0241626610086227
2651.1616	0.0228242989357666
2649.7447	0.0234812294001032
2648.3277	0.0239623390987303
2646.9107	0.0239369973167816
2645.4937	0.0238686941865752
2644.0768	0.0232608886678352
2642.6598	0.0241534316290892
2641.2428	0.0234068764195763
2639.8258	0.0237864714412019
2638.4089	0.0235268781844488
2636.9919	0.0229845224221545
2635.5749	0.0230810319223338
2634.1579	0.0235701911279194
2632.741	0.0236762865888693
2631.324	0.0228742680045083
2629.907	0.0227381416360184
2628.49	0.0230802507967115
2627.073	0.0230568381926879
2625.6561	0.0232347515196277
2624.2391	0.0228365390688277
2622.8221	0.0231239184072408
2621.4051	0.0228661728467368
2619.9882	0.0227557493321903
2618.5712	0.0228590219720032
2617.1542	0.0227542537145906
2615.7372	0.0222704801620391
2614.3203	0.0231161217109706
2612.9033	0.022420400496301
2611.4863	0.022678410977882
2610.0693	0.0227118362793119
2608.6524	0.0222430605163266
2607.2354	0.022145585655799
2605.8184	0.0225927342410292
2604.4014	0.0221952745560769
2602.9845	0.0224038649332363
2601.5675	0.0225274474728016
2600.1505	0.022678657572603
2598.7335	0.0221131339679411
2597.3166	0.0223479906446589
2595.8996	0.0219468944504986
2594.4826	0.0225255875970979
2593.0656	0.0225026701246228
2591.6487	0.0227009418173286
2590.2317	0.0228830519318818
2588.8147	0.0223803930639548
2587.3977	0.0222230079716666
2585.9808	0.0216756777113239
2584.5638	0.0222570662415036
2583.1468	0.0220558355456324
2581.7298	0.0222374029276727
2580.3128	0.0219655995548639
2578.8959	0.0222039859448407
2577.4789	0.0220771497722898
2576.0619	0.0219932424284079
2574.6449	0.0217276961111021
2573.228	0.0219359958770421
2571.811	0.0220885000559371
2570.394	0.0217883674836871
2568.977	0.02194600771087
2567.5601	0.0216185146943899
2566.1431	0.0221051744548762
2564.7261	0.0216533350727448
2563.3091	0.0219707334986904
2561.8922	0.0216173634378695
2560.4752	0.0219784084779294
2559.0582	0.0214732211884589
2557.6412	0.0215815232926401
2556.2243	0.0214978845749182
2554.8073	0.0219689383155697
2553.3903	0.0210880280742467
2551.9733	0.0212433489170561
2550.5564	0.0218401034238926
2549.1394	0.0211401634200685
2547.7224	0.0215965441309318
2546.3054	0.0207940738743796
2544.8885	0.0213505292275065
2543.4715	0.0211938117526268
2542.0545	0.0219306239411983
2540.6375	0.020775399944969
2539.2206	0.0207766816152735
2537.8036	0.0208553513596492
2536.3866	0.021202591414008
2534.9696	0.0213684768558621
2533.5526	0.0214063005675881
2532.1357	0.0208916333390306
2530.7187	0.0211758474600997
2529.3017	0.0211042999574304
2527.8847	0.0208366463513057
2526.4678	0.0206487441995543
2525.0508	0.0210451212351535
2523.6338	0.0210253949110998
2522.2168	0.0209172868736618
2520.7999	0.0212354857630032
2519.3829	0.0206584379355715
2517.9659	0.0210119526507386
2516.5489	0.0210783909581051
2515.132	0.021179314926914
2513.715	0.0214326380800517
2512.298	0.0212297830873043
2510.881	0.0207490283304636
2509.4641	0.0206096487388072
2508.0471	0.0204483501008161
2506.6301	0.0210662362851779
2505.2131	0.020709934873571
2503.7962	0.0207775716578667
2502.3792	0.020906559174037
2500.9622	0.0212356276702143
2499.5452	0.0207705202607829
2498.1283	0.0210569386939323
2496.7113	0.0210026608246416
2495.2943	0.0207453597074662
2493.8773	0.0202463524301496
2492.4604	0.020713147454391
2491.0434	0.0210941269462493
2489.6264	0.0203318270719238
2488.2094	0.0206886083380911
2486.7924	0.0208389883305227
2485.3755	0.0205232577279151
2483.9585	0.0207916673052446
2482.5415	0.0207469722473986
2481.1245	0.0209648518565145
2479.7076	0.019982681222285
2478.2906	0.0203345635678417
2476.8736	0.0202613206111595
2475.4566	0.0203903586526293
2474.0397	0.0202026809385063
2472.6227	0.0202110737263003
2471.2057	0.0205342586543522
2469.7887	0.019709083542216
2468.3718	0.0199118882839832
2466.9548	0.0207641744610646
2465.5378	0.0204044441883195
2464.1208	0.02045508630292
2462.7039	0.0205607361644692
2461.2869	0.0207215856212944
2459.8699	0.0207037978748027
2458.4529	0.0207139318991258
2457.036	0.0206196693145491
2455.619	0.0203535300229041
2454.202	0.0204004393266428
2452.785	0.0204959588003247
2451.3681	0.0197011823301619
2449.9511	0.0197339611516671
2448.5341	0.0202777888204219
2447.1171	0.0195873887714773
2445.7002	0.0203745329983406
2444.2832	0.0198559190374022
2442.8662	0.0201967679203557
2441.4492	0.020260237959046
2440.0322	0.0201777979928128
2438.6153	0.020209254148627
2437.1983	0.0199346063644394
2435.7813	0.0199856207334619
2434.3643	0.0200104108343004
2432.9474	0.020309505408927
2431.5304	0.0197833524083029
2430.1134	0.0202547317450153
2428.6964	0.020201106790162
2427.2795	0.0195831290622601
2425.8625	0.0201071386643478
2424.4455	0.0194962362456049
2423.0285	0.0194068444073222
2421.6116	0.0197390248374734
2420.1946	0.0204656218179878
2418.7776	0.0199133928776394
2417.3606	0.0194027535289479
2415.9437	0.0198202098387778
2414.5267	0.0193231326821937
2413.1097	0.0200745060412046
2411.6927	0.0193670608028256
2410.2758	0.0197281081553437
2408.8588	0.0192142213177458
2407.4418	0.019283394530166
2406.0248	0.0196536555164361
2404.6079	0.0196225511828404
2403.1909	0.018749014861408
2401.7739	0.0193853072056018
2400.3569	0.0196458029364651
2398.94	0.0191726789880892
2397.523	0.0193836359662512
2396.106	0.0195997288707609
2394.689	0.0192056276205763
2393.272	0.019830494294112
2391.8551	0.0194185345651225
2390.4381	0.019584251312379
2389.0211	0.0197328433963936
2387.6041	0.0192938621907473
2386.1872	0.0189713976235198
2384.7702	0.0189860337969306
2383.3532	0.0191080414351043
2381.9362	0.0192723799567495
2380.5193	0.0193365986222455
2379.1023	0.0192712366022765
2377.6853	0.0189994908625114
2376.2683	0.0191745828308714
2374.8514	0.0200410609278077
2373.4344	0.0193797110058088
2372.0174	0.0191168210840062
2370.6004	0.0188888934046572
2369.1835	0.0186513924327455
2367.7665	0.0189142624532946
2366.3495	0.0184990081299736
2364.9325	0.0199434919342781
2363.5156	0.0192435981007338
2362.0986	0.0189816545020253
2360.6816	0.0199758820109263
2359.2646	0.0194286919791945
2357.8477	0.0199903393494955
2356.4307	0.0195880094604491
2355.0137	0.0193550020619128
2353.5967	0.0190948807011151
2352.1798	0.0190958476383075
2350.7628	0.0194454528270112
2349.3458	0.0192267663668147
2347.9288	0.0188486245433595
2346.5118	0.0193275862097178
2345.0949	0.0195172468069238
2343.6779	0.0188832670529749
2342.2609	0.0191334096542247
2340.8439	0.0191331187941318
2339.427	0.0186708120479901
2338.01	0.0195904801848233
2336.593	0.0186555567413172
2335.176	0.0190079998869274
2333.7591	0.0193908663501119
2332.3421	0.0191153519404461
2330.9251	0.0195063001383175
2329.5081	0.0192203729425096
2328.0912	0.0191488676954679
2326.6742	0.0188942418631092
2325.2572	0.019548988926546
2323.8402	0.0199548182970917
2322.4233	0.0197344541061359
2321.0063	0.0192577369250968
2319.5893	0.0194708707170979
2318.1723	0.0191962476286712
2316.7554	0.0195602407118773
2315.3384	0.0189990758144779
2313.9214	0.0192344598633392
2312.5044	0.0188278611746323
2311.0875	0.0192971185550047
2309.6705	0.0191482864839522
2308.2535	0.0187683013805941
2306.8365	0.0189743480515779
2305.4196	0.0188418579878632
2304.0026	0.0189699871947103
2302.5856	0.0189342506900727
2301.1686	0.0192153813632473
2299.7516	0.019287001575167
2298.3347	0.0188800746135549
2296.9177	0.0184244771716518
2295.5007	0.0191603068539746
2294.0837	0.0192751469046807
2292.6668	0.0188462143881853
2291.2498	0.0188095966519248
2289.8328	0.0195450782461697
2288.4158	0.0190103044966143
2286.9989	0.0189556670057127
2285.5819	0.0191546399423346
2284.1649	0.0191089719166224
2282.7479	0.018991867588935
2281.331	0.0187651786098787
2279.914	0.0191127217900016
2278.497	0.0187380600470943
2277.08	0.0184320960487889
2275.6631	0.0189815917733055
2274.2461	0.0188348872172086
2272.8291	0.0191021329111405
2271.4121	0.0190850950487705
2269.9952	0.0182887883575894
2268.5782	0.0185731837551498
2267.1612	0.0187703894515223
2265.7442	0.0181328215090186
2264.3273	0.0186341327299675
2262.9103	0.0180544977442901
2261.4933	0.0188184400735534
2260.0763	0.0185634123068738
2258.6594	0.018419250154806
2257.2424	0.019360628555987
2255.8254	0.0187480041423748
2254.4084	0.018533429448483
2252.9914	0.0181475788071054
2251.5745	0.0187002898983723
2250.1575	0.0184543102659015
2248.7405	0.0187558252335059
2247.3235	0.0181270715122628
2245.9066	0.0184842574301414
2244.4896	0.018513638323183
2243.0726	0.0180357229053604
2241.6556	0.0182595428447666
2240.2387	0.0185154647686223
2238.8217	0.0180607592707223
2237.4047	0.0185093394036101
2235.9877	0.0187469815584304
2234.5708	0.0183389749112643
2233.1538	0.0181865775858527
2231.7368	0.0185732480419323
2230.3198	0.0192014579872258
2228.9029	0.0191738483953012
2227.4859	0.0189097886708892
2226.0689	0.0186531656282612
2224.6519	0.0180001579528881
2223.235	0.0184639796550147
2221.818	0.0178854979967886
2220.401	0.0178028227679375
2218.984	0.0186000545841313
2217.5671	0.0178088206971071
2216.1501	0.018814549551529
2214.7331	0.0183672031155212
2213.3161	0.0181118462551212
2211.8992	0.0184990731427764
2210.4822	0.0183718201252793
2209.0652	0.0183536114809458
2207.6482	0.0180668200650479
2206.2312	0.0184965094355305
2204.8143	0.0189201696515949
2203.3973	0.0189271536813647
2201.9803	0.0189023741018102
2200.5633	0.0189895111128479
2199.1464	0.0186693119650868
2197.7294	0.0183571570846878
2196.3124	0.0188766601575937
2194.8954	0.0189231556271219
2193.4785	0.0185171169167375
2192.0615	0.018788334446209
2190.6445	0.0184735271511258
2189.2275	0.018401656200967
2187.8106	0.0174640675773212
2186.3936	0.0178875229294448
2184.9766	0.0181058419036068
2183.5596	0.0183428450647353
2182.1427	0.0184841563267206
2180.7257	0.0181860027638142
2179.3087	0.0181669032243187
2177.8917	0.0176392691590912
2176.4748	0.017284036618815
2175.0578	0.017662040198305
2173.6408	0.018142755737478
2172.2238	0.0177511221040084
2170.8069	0.0186145498541699
2169.3899	0.0183310666662112
2167.9729	0.0191124171092017
2166.5559	0.0188323674234574
2165.139	0.0184815735558189
2163.722	0.0185029288407795
2162.305	0.0189449610932809
2160.888	0.0188200460386079
2159.471	0.0174153719638035
2158.0541	0.0169407311013122
2156.6371	0.0165567222781653
2155.2201	0.0162740236943647
2153.8031	0.0167146719849155
2152.3862	0.0173757990828995
2150.9692	0.0170064755521418
2149.5522	0.0167969531046026
2148.1352	0.0165655324589814
2146.7183	0.0170850180123971
2145.3013	0.0174115363603606
2143.8843	0.0169122420738013
2142.4673	0.017963968464795
2141.0504	0.0169181440417943
2139.6334	0.0167711305919691
2138.2164	0.0165856842773524
2136.7994	0.0165900745719036
2135.3825	0.0167371687000731
2133.9655	0.0166579558053367
2132.5485	0.01705128613328
2131.1315	0.0173815320529462
2129.7146	0.0179217100776816
2128.2976	0.0175831808226496
2126.8806	0.0172911729199796
2125.4636	0.0173119245005331
2124.0467	0.0175150158795106
2122.6297	0.0177481073912631
2121.2127	0.0176442556802321
2119.7957	0.0176925090816122
2118.3788	0.0177562359674719
2116.9618	0.0179844159474018
2115.5448	0.0183210396318842
2114.1278	0.0172700310382092
2112.7108	0.0182722669405816
2111.2939	0.0181130142580393
2109.8769	0.0174409681545739
2108.4599	0.018347156252394
2107.0429	0.0180296353241685
2105.626	0.0179990432143855
2104.209	0.0175475675815312
2102.792	0.0182687231704057
2101.375	0.0176977911385244
2099.9581	0.0183930767075688
2098.5411	0.0172924660130536
2097.1241	0.0170264843344966
2095.7071	0.0173939440020771
2094.2902	0.0174330045619315
2092.8732	0.0169104499237282
2091.4562	0.0180226597859092
2090.0392	0.0172812439619442
2088.6223	0.0177024717256256
2087.2053	0.0177744601767606
2085.7883	0.0179183966610047
2084.3713	0.0170570808027456
2082.9544	0.0179284563628395
2081.5374	0.0172466940966271
2080.1204	0.0173927655666957
2078.7034	0.0174924187165764
2077.2865	0.017152911056717
2075.8695	0.0173756782890215
2074.4525	0.0168616929150728
2073.0355	0.0176398791379809
2071.6186	0.0175821443697947
2070.2016	0.0171073187635541
2068.7846	0.0173932433868921
2067.3676	0.0170726373138147
2065.9506	0.0174164617806269
2064.5337	0.0173923950483589
2063.1167	0.0173404450252568
2061.6997	0.0169941943788878
2060.2827	0.017769519028996
2058.8658	0.017569135040147
2057.4488	0.0175928060046024
2056.0318	0.0176665978699182
2054.6148	0.0171639684591662
2053.1979	0.0177649613192654
2051.7809	0.0176463082577597
2050.3639	0.0182942372096271
2048.9469	0.0178382859712104
2047.53	0.017502217249844
2046.113	0.0173218827447412
2044.696	0.0171379032179725
2043.279	0.017043191428089
2041.8621	0.0171417185321336
2040.4451	0.0170090001451222
2039.0281	0.0165827988024256
2037.6111	0.0172097053735108
2036.1942	0.0168404246062837
2034.7772	0.0169325978482043
2033.3602	0.0169946144679786
2031.9432	0.0168507994350236
2030.5263	0.017091572814902
2029.1093	0.017265652806938
2027.6923	0.0161630761389522
2026.2753	0.0170064629112545
2024.8584	0.0170871415715423
2023.4414	0.0172415646588672
2022.0244	0.0165407099516971
2020.6074	0.0170986671057887
2019.1904	0.0163814550915632
2017.7735	0.0155961850023441
2016.3565	0.0151450841182744
2014.9395	0.0151472619623224
2013.5225	0.0151241337209232
2012.1056	0.016291787296094
2010.6886	0.0162007099087899
2009.2716	0.0160004025860813
2007.8546	0.0159194142175036
2006.4377	0.0159611088688291
2005.0207	0.0157533643896546
2003.6037	0.0153469347041129
2002.1867	0.0164830201662246
2000.7698	0.015781112876625
1999.3528	0.0157183933270376
1997.9358	0.0161241361521064
1996.5188	0.0160557205121759
1995.1019	0.0157753540625962
1993.6849	0.0158969253895103
1992.2679	0.0160233604308486
1990.8509	0.0165749101408411
1989.434	0.0155411197471736
1988.017	0.0156599282516136
1986.6	0.015815677053828
1985.183	0.0160306553350623
1983.7661	0.0158957813456627
1982.3491	0.016107451920551
1980.9321	0.0166713092863018
1979.5151	0.0172030461699354
1978.0982	0.0168029365128565
1976.6812	0.0160644529882199
1975.2642	0.0162255057819639
1973.8472	0.015870311767432
1972.4302	0.01539062199708
1971.0133	0.0153964059436906
1969.5963	0.015241297662121
1968.1793	0.0154566088114655
1966.7623	0.0155403196084439
1965.3454	0.0160034905188992
1963.9284	0.0151631207479774
1962.5114	0.0153469679851764
1961.0944	0.015420184240622
1959.6775	0.0150450798525309
1958.2605	0.0145152311672307
1956.8435	0.0155434809817098
1955.4265	0.0156158159120684
1954.0096	0.0149636067041857
1952.5926	0.015030602034553
1951.1756	0.0153868641175662
1949.7586	0.015882831517504
1948.3417	0.0154713374392697
1946.9247	0.015645478134238
1945.5077	0.0156724571254067
1944.0907	0.0153635945031082
1942.6738	0.0160928482871654
1941.2568	0.0159247760840149
1939.8398	0.0156637737697816
1938.4228	0.0161545823637826
1937.0059	0.0159940653046356
1935.5889	0.0163654814963165
1934.1719	0.0150647924519555
1932.7549	0.0158536895073114
1931.338	0.0160825865663396
1929.921	0.015690896967262
1928.504	0.0159282993052344
1927.087	0.0157209164220779
1925.67	0.0160656398138389
1924.2531	0.0160153170750888
1922.8361	0.0166713521778011
1921.4191	0.0160072754839638
1920.0021	0.0164909390746757
1918.5852	0.0160694237489409
1917.1682	0.0158484003655119
1915.7512	0.0156239874888495
1914.3342	0.0160298737725909
1912.9173	0.0152850918560684
1911.5003	0.0158873127591465
1910.0833	0.0156604737929146
1908.6663	0.0161568830131624
1907.2494	0.0166570081425348
1905.8324	0.016234558083441
1904.4154	0.0160833271972977
1902.9984	0.0156620240697811
1901.5815	0.0159223708777733
1900.1645	0.0162382455475735
1898.7475	0.0159693138903872
1897.3305	0.0159892978627885
1895.9136	0.0158272548789199
1894.4966	0.0162430079820662
1893.0796	0.0155651440721998
1891.6626	0.0158285752816606
1890.2457	0.0154577216351335
1888.8287	0.0164220576102575
1887.4117	0.0164087021222802
1885.9947	0.0164196909089648
1884.5778	0.0155949057528429
1883.1608	0.0157904466440436
1881.7438	0.0161165285155158
1880.3268	0.0157828872795139
1878.9098	0.0156826475469966
1877.4929	0.0155239721873336
1876.0759	0.0160815904347765
1874.6589	0.0159542878234236
1873.2419	0.0157436123747079
1871.825	0.0157071889698303
1870.408	0.01579255496831
1868.991	0.0156894653899978
1867.574	0.0158640377038474
1866.1571	0.0160099890420952
1864.7401	0.015663954016958
1863.3231	0.0160660550429332
1861.9061	0.0161749121252478
1860.4892	0.0159221521854517
1859.0722	0.0156732261759735
1857.6552	0.0162171312279056
1856.2382	0.0160414440165911
1854.8213	0.0155353385290334
1853.4043	0.0159222552820396
1851.9873	0.015947768616148
1850.5703	0.0161383514626715
1849.1534	0.0161431492335503
1847.7364	0.0164702562678674
1846.3194	0.0157223149596102
1844.9024	0.0158697779261195
1843.4855	0.0156699249760433
1842.0685	0.0155756741831596
1840.6515	0.0158399909903217
1839.2345	0.0159658873730488
1837.8176	0.0155732011037728
1836.4006	0.0156790941940297
1834.9836	0.0153124793370464
1833.5666	0.0157481062305951
1832.1496	0.0160273438116869
1830.7327	0.0148948388975265
1829.3157	0.0155587638097944
1827.8987	0.0153904894895309
1826.4817	0.0156050911863508
1825.0648	0.0156084277758905
1823.6478	0.0157633812590556
1822.2308	0.0157689928164755
1820.8138	0.0154407348573933
1819.3969	0.0154426748250829
1817.9799	0.0150413503941318
1816.5629	0.0145131019126203
1815.1459	0.0151550528945523
1813.729	0.015234362885762
1812.312	0.0156072503914755
1810.895	0.0154102439554816
1809.478	0.0158097380615555
1808.0611	0.0154706465783493
1806.6441	0.015773352648022
1805.2271	0.0154970515835934
1803.8101	0.0156462400139662
1802.3932	0.0157127118231827
1800.9762	0.0155704766903833
1799.5592	0.0152620489432784
1798.1422	0.0155088350816271
1796.7253	0.0157698950533693
1795.3083	0.0154848874000452
1793.8913	0.0156801519720412
1792.4743	0.0154338381266832
1791.0574	0.0156094452146256
1789.6404	0.0158504253245786
1788.2234	0.0154328494268528
1786.8064	0.0153812559814411
1785.3894	0.0154474885495315
1783.9725	0.0153820397334402
1782.5555	0.015777253605984
1781.1385	0.0155039179837795
1779.7215	0.0155468122559352
1778.3046	0.014811712178987
1776.8876	0.0162676734130458
1775.4706	0.0156698613362662
1774.0536	0.0150629327060934
1772.6367	0.0151753545417959
1771.2197	0.015667190494189
1769.8027	0.01555338359143
1768.3857	0.0160520682970453
1766.9688	0.0149853470807332
1765.5518	0.0155001744402124
1764.1348	0.0159459833943198
1762.7178	0.0161953599249308
1761.3009	0.0168607541070834
1759.8839	0.0160024740727886
1758.4669	0.016454215425109
1757.0499	0.0168552933150741
1755.633	0.0164344460606867
1754.216	0.0159653099469327
1752.799	0.0164372264318683
1751.382	0.0161227240382844
1749.9651	0.0160791204558022
1748.5481	0.0168527205430629
1747.1311	0.0164330363754274
1745.7141	0.0164443923797337
1744.2972	0.01670523206127
1742.8802	0.0168669267643181
1741.4632	0.0166640598758856
1740.0462	0.0173632383853352
1738.6292	0.0170965954824743
1737.2123	0.0169706007227231
1735.7953	0.0177312299764163
1734.3783	0.0180945184359385
1732.9613	0.0170365153939342
1731.5444	0.0181200677776071
1730.1274	0.018068136527412
1728.7104	0.0179291276456814
1727.2934	0.0183060703359291
1725.8765	0.0183621166767425
1724.4595	0.0183881940521254
1723.0425	0.0183879633080738
1721.6255	0.0187400293449046
1720.2086	0.0186007067362763
1718.7916	0.0187009074121983
1717.3746	0.0192960518084238
1715.9576	0.0187646990565409
1714.5407	0.0195625231344073
1713.1237	0.0196514648820107
1711.7067	0.0195717429725491
1710.2897	0.020531189024984
1708.8728	0.0201074949495576
1707.4558	0.01975534167842
1706.0388	0.0204727389632706
1704.6218	0.0203788631553722
1703.2049	0.020022430708809
1701.7879	0.0200454666107587
1700.3709	0.0202838625303647
1698.9539	0.0201970258053673
1697.537	0.0206553402152716
1696.12	0.0206840841459581
1694.703	0.0212200746840362
1693.286	0.020919920477591
1691.869	0.0210383853627125
1690.4521	0.0213430232484894
1689.0351	0.0211919300236961
1687.6181	0.0214338145945628
1686.2011	0.0217598186371017
1684.7842	0.0225992505411077
1683.3672	0.0218081211336711
1681.9502	0.0217740541057151
1680.5332	0.0217817144541447
1679.1163	0.0215972117867502
1677.6993	0.0219084075405347
1676.2823	0.0217126794358973
1674.8653	0.0219655616708113
1673.4484	0.0221619493164871
1672.0314	0.0221618781672989
1670.6144	0.023451325800431
1669.1974	0.0225816021563814
1667.7805	0.0225866330980916
1666.3635	0.0226496126436825
1664.9465	0.0230527317835347
1663.5295	0.0228150759503583
1662.1126	0.0230317609522677
1660.6956	0.0234129710440367
1659.2786	0.023786376786706
1657.8616	0.024081780641188
1656.4447	0.0235236825852045
1655.0277	0.0236053494692349
1653.6107	0.0241077059381711
1652.1937	0.0249090244954293
1650.7768	0.0251123710005894
1649.3598	0.0242467103928649
1647.9428	0.0245946178790044
1646.5258	0.0253864058891991
1645.1088	0.0261073176241489
1643.6919	0.0269874287332053
1642.2749	0.0269649429082294
1640.8579	0.0263638288855666
1639.4409	0.0274995033341322
1638.024	0.0274119230097649
1636.607	0.0282156027737124
1635.19	0.0289236942278339
1633.773	0.0288668115349762
1632.3561	0.0293200479903504
1630.9391	0.0295923803057393
1629.5221	0.0299891787693617
1628.1051	0.0302741507937752
1626.6882	0.0305141058221613
1625.2712	0.0300947032824482
1623.8542	0.0304146643438109
1622.4372	0.0310273081362867
1621.0203	0.0311516125893304
1619.6033	0.0314865751089452
1618.1863	0.0313989489907749
1616.7693	0.0314693555161603
1615.3524	0.0319750222588628
1613.9354	0.0323133513330753
1612.5184	0.0321697916264797
1611.1014	0.0324821627925932
1609.6845	0.0328156487782514
1608.2675	0.033964028084181
1606.8505	0.0339692643494345
1605.4335	0.0348438720400797
1604.0166	0.0346493589745163
1602.5996	0.0348297338158439
1601.1826	0.035039403529801
1599.7656	0.0353087069938475
1598.3486	0.0354278518468992
1596.9317	0.0347476980585855
1595.5147	0.0347455422026615
1594.0977	0.0346134666715874
1592.6807	0.0348366170088184
1591.2638	0.0340114762129099
1589.8468	0.0339821956971766
1588.4298	0.0336972700665202
1587.0128	0.0329819937874666
1585.5959	0.0328139908041862
1584.1789	0.0328646921678498
1582.7619	0.0321956696955323
1581.3449	0.0316336551462254
1579.928	0.0314584317976115
1578.511	0.0308874801960269
1577.094	0.0308229098828428
1575.677	0.0302698196279403
1574.2601	0.0303505043213349
1572.8431	0.0299647354263596
1571.4261	0.0291943014776694
1570.0091	0.028815754599983
1568.5922	0.0290009973299059
1567.1752	0.028796586125657
1565.7582	0.0286891118771143
1564.3412	0.0272118289069967
1562.9243	0.0269550924725173
1561.5073	0.0263433784320424
1560.0903	0.0266251054021773
1558.6733	0.0253918096635913
1557.2564	0.025336773080106
1555.8394	0.02464832856829
1554.4224	0.0242741487932053
1553.0054	0.0245347831929176
1551.5885	0.02376640186435
1550.1715	0.0238553303475958
1548.7545	0.0235205828126282
1547.3375	0.0228758156787055
1545.9205	0.0221638849903347
1544.5036	0.0218640415724416
1543.0866	0.0220973484045767
1541.6696	0.0214563581329971
1540.2526	0.022451176488801
1538.8357	0.0220923850173781
1537.4187	0.0218898683394383
1536.0017	0.0217546351894284
1534.5847	0.0218552408581675
1533.1678	0.0215723973998725
1531.7508	0.0216383066364123
1530.3338	0.0214378166381058
1528.9168	0.0214726533658701
1527.4999	0.0214583589104703
1526.0829	0.0219124775220646
1524.6659	0.0224575854920383
1523.2489	0.023033549886753
1521.832	0.0233320022647467
1520.415	0.0237798300952653
1518.998	0.0244137967345408
1517.581	0.0252688729334969
1516.1641	0.0254619251127925
1514.7471	0.0258649239878234
1513.3301	0.0262781039500837
1511.9131	0.0269065870504551
1510.4962	0.0273377442621968
1509.0792	0.0267581397918091
1507.6622	0.0275187815577297
1506.2452	0.0267560364594103
1504.8283	0.0263772360745725
1503.4113	0.0264998655521084
1501.9943	0.0264576879295265
1500.5773	0.0256731617298729
1499.1603	0.0252616316846448
1497.7434	0.0245222462277552
1496.3264	0.0232706139460498
1494.9094	0.0230892244829005
1493.4924	0.0229369723081822
1492.0755	0.0225669229247208
1490.6585	0.0221739002049567
1489.2415	0.0221053062991952
1487.8245	0.0230386949249499
1486.4076	0.022989667754435
1484.9906	0.0234340410611958
1483.5736	0.0232759320212588
1482.1566	0.0235089623382713
1480.7397	0.0239248265312773
1479.3227	0.024381184029764
1477.9057	0.0245719972397005
1476.4887	0.0242167345324293
1475.0718	0.0246928016011023
1473.6548	0.0250050201931201
1472.2378	0.0257840600519272
1470.8208	0.0258000574773706
1469.4039	0.0263460387541848
1467.9869	0.0270668719706096
1466.5699	0.0274227461294367
1465.1529	0.0284207483651053
1463.736	0.0283460821559306
1462.319	0.0296994572587676
1460.902	0.0294346221276055
1459.485	0.0298426335106594
1458.0681	0.0306373363259141
1456.6511	0.0309448057511312
1455.2341	0.0311520775335455
1453.8171	0.0312622350439885
1452.4001	0.0313030347175885
1450.9832	0.031959669580663
1449.5662	0.0317797732955458
1448.1492	0.0318363944701971
1446.7322	0.0328497191454401
1445.3153	0.0314965140690066
1443.8983	0.0323540213024778
1442.4813	0.0312620445118763
1441.0643	0.0320380111457442
1439.6474	0.0317065668367745
1438.2304	0.03193832660456
1436.8134	0.0323541894163343
1435.3964	0.0325218173261775
1433.9795	0.0332869972770079
1432.5625	0.0329942970864142
1431.1455	0.0338458140297864
1429.7285	0.0340912464227748
1428.3116	0.0343063286116636
1426.8946	0.0352700714859699
1425.4776	0.0350296135908482
1424.0606	0.0348674568521663
1422.6437	0.0348282911838367
1421.2267	0.0357145860740778
1419.8097	0.0358147677677276
1418.3927	0.036190612108291
1416.9758	0.0362453865258934
1415.5588	0.0356452088025635
1414.1418	0.0361469882204218
1412.7248	0.036117417768895
1411.3079	0.0365335354428427
1409.8909	0.0364682158128843
1408.4739	0.0366642733901514
1407.0569	0.0364795814003815
1405.6399	0.0367296913009543
1404.223	0.0364453923487586
1402.806	0.0366277218512756
1401.389	0.0364377000815244
1399.972	0.0363691908264352
1398.5551	0.0370545535734801
1397.1381	0.0362356508557601
1395.7211	0.0374832784576507
1394.3041	0.0369916513175395
1392.8872	0.0375301071180727
1391.4702	0.0377250574289421
1390.0532	0.0374398989419108
1388.6362	0.0379200343566429
1387.2193	0.0388406330153487
1385.8023	0.039453728786924
1384.3853	0.0398182746799289
1382.9683	0.039040015105764
1381.5514	0.0392684424713377
1380.1344	0.0389119432494913
1378.7174	0.0388540823925324
1377.3004	0.0386825326340992
1375.8835	0.0392397890260712
1374.4665	0.039022954765807
1373.0495	0.0395544097013665
1371.6325	0.0396469497422562
1370.2156	0.0402492115349249
1368.7986	0.0404437379446999
1367.3816	0.0411812407616
1365.9646	0.040752428792433
1364.5477	0.0409003658128166
1363.1307	0.0416276773096574
1361.7137	0.0412805402616063
1360.2967	0.0414048000442459
1358.8797	0.0412623116233535
1357.4628	0.0406076932282582
1356.0458	0.0401073330318108
1354.6288	0.0401789369289632
1353.2118	0.0394504476394129
1351.7949	0.0394185610239401
1350.3779	0.0394291927790762
1348.9609	0.0388453750633416
1347.5439	0.0394171281487419
1346.127	0.039492777951522
1344.71	0.0395836048713778
1343.293	0.0395332962627212
1341.876	0.0398572261785108
1340.4591	0.0402480695056112
1339.0421	0.0396200894604144
1337.6251	0.0403206156769101
1336.2081	0.0399255288647223
1334.7912	0.0393209453036732
1333.3742	0.0400186556456414
1331.9572	0.0398333204607138
1330.5402	0.0403097661360475
1329.1233	0.0398011592629441
1327.7063	0.0390726512039789
1326.2893	0.0388398078262475
1324.8723	0.0383405265944657
1323.4554	0.0378679683809781
1322.0384	0.0372126685498895
1320.6214	0.037458859675093
1319.2044	0.0370677379128264
1317.7875	0.0370162980622199
1316.3705	0.0364357987954358
1314.9535	0.0363200055822004
1313.5365	0.0354399966455461
1312.1195	0.035838040921516
1310.7026	0.0358032699832861
1309.2856	0.0355002520025012
1307.8686	0.0357121656071899
1306.4516	0.0363787123504022
1305.0347	0.0355280642921947
1303.6177	0.0356225530328766
1302.2007	0.0356914946868228
1300.7837	0.0352926264701876
1299.3668	0.035812018376975
1297.9498	0.036416694611628
1296.5328	0.036104669127284
1295.1158	0.0359916909907964
1293.6989	0.0360012202808731
1292.2819	0.0354647960473531
1290.8649	0.0359599124160243
1289.4479	0.0351413025659801
1288.031	0.0360831229957124
1286.614	0.0354632003295202
1285.197	0.0360313824151115
1283.78	0.0358504814735056
1282.3631	0.0361410548372087
1280.9461	0.0365080008318198
1279.5291	0.0371128583032976
1278.1121	0.0375071453149657
1276.6952	0.037518518231365
1275.2782	0.0379604797310863
1273.8612	0.0380348681080018
1272.4442	0.0382410118269165
1271.0273	0.0382729871251437
1269.6103	0.0387798705480623
1268.1933	0.0384176821777383
1266.7763	0.0388971134491817
1265.3593	0.0382346505191077
1263.9424	0.0384749346636353
1262.5254	0.0382082266009241
1261.1084	0.0375198247248798
1259.6914	0.0378327747651571
1258.2745	0.0377996861106494
1256.8575	0.0373884045665776
1255.4405	0.0380432005108029
1254.0235	0.0385230939806932
1252.6066	0.0382322107477013
1251.1896	0.0380143621900091
1249.7726	0.0377139180478396
1248.3556	0.0380863143935309
1246.9387	0.0371379558865855
1245.5217	0.0379879902237746
1244.1047	0.0377261251597965
1242.6877	0.0373689929032966
1241.2708	0.0378995927326235
1239.8538	0.0368788285531241
1238.4368	0.0373508056188184
1237.0198	0.0382528698477817
1235.6029	0.0376069103406419
1234.1859	0.0374020651190995
1232.7689	0.0375878900259888
1231.3519	0.0369868956177356
1229.935	0.0370459350676952
1228.518	0.0373268814466853
1227.101	0.036402400398373
1225.684	0.0359352607678572
1224.2671	0.0354590849892866
1222.8501	0.0348383973718722
1221.4331	0.0343454190888602
1220.0161	0.0337126830177885
1218.5991	0.0330746482536656
1217.1822	0.0333704794110045
1215.7652	0.0331182304417333
1214.3482	0.0321968438979846
1212.9312	0.0321520899047858
1211.5143	0.0322236301195791
1210.0973	0.0321958176608113
1208.6803	0.0316661113842726
1207.2633	0.0313408288862867
1205.8464	0.0319768751817026
1204.4294	0.0312956874568429
1203.0124	0.0308781876588615
1201.5954	0.0301832653550427
1200.1785	0.0303324746421107
1198.7615	0.029968537923236
1197.3445	0.0293983011886668
1195.9275	0.0290286320809797
1194.5106	0.0292102405552624
1193.0936	0.0291311814448499
1191.6766	0.0285257110485291
1190.2596	0.0275505807430716
1188.8427	0.0282748251032799
1187.4257	0.0268075850016078
1186.0087	0.0269235058988758
1184.5917	0.0268528951485953
1183.1748	0.0263689958185851
1181.7578	0.0265458123315726
1180.3408	0.0264742672580586
1178.9238	0.0266395177331692
1177.5069	0.0275773926751755
1176.0899	0.0270594655665352
1174.6729	0.0281720996436103
1173.2559	0.0283248139401934
1171.8389	0.0294227622233808
1170.422	0.0302649211356685
1169.005	0.0318819354816768
1167.588	0.0336383444852027
1166.171	0.0352897477650357
1164.7541	0.0364296237891758
1163.3371	0.0383043968743867
1161.9201	0.0400134482691246
1160.5031	0.0422801811197316
1159.0862	0.0440005120158642
1157.6692	0.0464793116217107
1156.2522	0.0478262242085491
1154.8352	0.0494059392587567
1153.4183	0.0511877678432428
1152.0013	0.0525449894336806
1150.5843	0.0532822478664184
1149.1673	0.0535549320402557
1147.7504	0.0543275184905756
1146.3334	0.0537157023520907
1144.9164	0.0535052672225612
1143.4994	0.0537208935437136
1142.0825	0.0534189513440393
1140.6655	0.0526224168721433
1139.2485	0.0513732074767564
1137.8315	0.05088538488564
1136.4146	0.0498347057320184
1134.9976	0.0490450280371522
1133.5806	0.0495904645524483
1132.1636	0.0486739064820968
1130.7467	0.0492033514176844
1129.3297	0.0490434713765442
1127.9127	0.0494783053012779
1126.4957	0.04950663654107
1125.0787	0.0494989592624169
1123.6618	0.0496831416367317
1122.2448	0.0500976389459194
1120.8278	0.0499343027339382
1119.4108	0.0507283717884203
1117.9939	0.0504936747350322
1116.5769	0.0507974636305072
1115.1599	0.0517319228720724
1113.7429	0.0514482422865429
1112.326	0.0511070249106856
1110.909	0.0513330337420054
1109.492	0.0524831435954972
1108.075	0.052489477800932
1106.6581	0.0530303263694133
1105.2411	0.053989904400719
1103.8241	0.0542398966983324
1102.4071	0.0549151222733183
1100.9902	0.0546139664646205
1099.5732	0.0548427325429154
1098.1562	0.0554081206352101
1096.7392	0.0556637541677433
1095.3223	0.0553630404158991
1093.9053	0.0560995733335583
1092.4883	0.0567439469491789
1091.0713	0.0572132523405091
1089.6544	0.0584965898706555
1088.2374	0.0597855602119199
1086.8204	0.0615713065695108
1085.4034	0.0635166712873051
1083.9865	0.064940890784448
1082.5695	0.0670105795186497
1081.1525	0.0685711550641274
1079.7355	0.070617839178171
1078.3185	0.0715970423660477
1076.9016	0.0720580759619101
1075.4846	0.072175758463779
1074.0676	0.071669086110152
1072.6506	0.0704310168360692
1071.2337	0.0697018043511786
1069.8167	0.0677083502118457
1068.3997	0.0668087994465678
1066.9827	0.066347920468694
1065.5658	0.066054431283083
1064.1488	0.0660823229467671
1062.7318	0.0664910226746432
1061.3148	0.0668941079686481
1059.8979	0.0681567620797933
1058.4809	0.0691031370387813
1057.0639	0.0696884665286754
1055.6469	0.0710993827527653
1054.23	0.072451557660323
1052.813	0.0740256759309216
1051.396	0.0752558328175501
1049.979	0.0767231899116913
1048.5621	0.0783551848338873
1047.1451	0.0799229015428048
1045.7281	0.0807396212054224
1044.3111	0.082809964622079
1042.8942	0.0840170575350461
1041.4772	0.0851262184618094
1040.0602	0.0867627179957268
1038.6432	0.0878294919416246
1037.2263	0.0891433225618803
1035.8093	0.090568184716242
1034.3923	0.0919224182942318
1032.9753	0.0942584393601923
1031.5583	0.0955076794475276
1030.1414	0.0971674811793868
1028.7244	0.098925665220361
1027.3074	0.100198956045461
1025.8904	0.10183125049794
1024.4735	0.102982941887139
1023.0565	0.104711175872133
1021.6395	0.106781609231338
1020.2225	0.107482019939872
1018.8056	0.108439252279266
1017.3886	0.109115185933245
1015.9716	0.11002038096169
1014.5546	0.110968488014978
1013.1377	0.110961981474044
1011.7207	0.11160458088264
1010.3037	0.111693338703975
1008.8867	0.112241190613649
1007.4698	0.112314341515044
1006.0528	0.112326679809003
1004.6358	0.112778707985902
1003.2188	0.113489139557307
1001.8019	0.113020624347428
1000.3849	0.114197705756709
998.9679	0.114605204855499
997.5509	0.115278859386276
996.134	0.11601717999798
994.717	0.11637242607812
993.3	0.116888357772575
991.883	0.116535658987095
990.4661	0.116541134696482
989.0491	0.117102115892365
987.6321	0.116056923565626
986.2151	0.115657992630847
984.7981	0.114931069957041
983.3812	0.113966673414598
981.9642	0.112894085891575
980.5472	0.111283500927641
979.1302	0.109517915975675
977.7133	0.107297551208964
976.2963	0.105599249215486
974.8793	0.103157118873965
973.4623	0.101243491997648
972.0454	0.0990795606897015
970.6284	0.0969605850354151
969.2114	0.094595218388588
967.7944	0.0931074013901894
966.3775	0.0909922082774996
964.9605	0.0892207450590963
963.5435	0.0870088138134646
962.1265	0.0850092244790096
960.7096	0.0832239774762474
959.2926	0.0813201536783135
957.8756	0.0798872970814623
956.4586	0.0774454791464202
955.0417	0.0760982074434619
953.6247	0.0746604132931943
952.2077	0.0731788340106122
950.7907	0.0720342899550832
949.3738	0.0709887378285616
947.9568	0.0693179505494582
946.5398	0.0687219442653633
945.1228	0.0683757508872094
943.7059	0.0688498658331381
942.2889	0.0682083077971875
940.8719	0.068229116876003
939.4549	0.0694239016570715
938.0379	0.0689278658317746
936.621	0.0687916365915781
935.204	0.0687220125209055
933.787	0.0689642676806349
932.37	0.0692679827211206
930.9531	0.0696276733920698
929.5361	0.0694075548162641
928.1191	0.0689663248348941
926.7021	0.0697289752975827
925.2852	0.0689169218880549
923.8682	0.0690530633271983
922.4512	0.0687773208469447
921.0342	0.069011569652597
919.6173	0.0683767550080373
918.2003	0.0683569440412601
916.7833	0.0684000085057312
915.3663	0.0671006220057225
913.9494	0.0666562127418773
912.5324	0.0658586694784946
911.1154	0.0652514234544452
909.6984	0.0651716499977399
908.2815	0.0644677689106751
906.8645	0.0642223169069283
905.4475	0.0627355332579475
904.0305	0.0620949598714606
902.6136	0.0613218696368249
901.1966	0.0612043390770249
899.7796	0.0604428237245698
898.3626	0.0599962806293971
896.9457	0.0602903123906251
895.5287	0.059891986398932
894.1117	0.0592031143606182
892.6947	0.0587029336709972
891.2777	0.0585231721780526
889.8608	0.0581164632662076
888.4438	0.0575271080455019
887.0268	0.0566430692095728
885.6098	0.0562844661504447
884.1929	0.0554660848151382
882.7759	0.0546962500821404
881.3589	0.0544761444929988
879.9419	0.0537547787454485
878.525	0.0536060178961429
877.108	0.0531035427127564
875.691	0.0534496321319082
874.274	0.0533671489715172
872.8571	0.0534949687699529
871.4401	0.0538752572957378
870.0231	0.0544361343163353
868.6061	0.0541899295347234
867.1892	0.0548067371508595
865.7722	0.0546667535648983
864.3552	0.0557695596708582
862.9382	0.0557267235446598
861.5213	0.0563157026822719
860.1043	0.0560019076704862
858.6873	0.0560128868846767
857.2703	0.0562093977702616
855.8534	0.0569090466742988
854.4364	0.056937719402435
853.0194	0.056412725775082
851.6024	0.0561036715880097
850.1855	0.0566761998990311
848.7685	0.0569926333422952
847.3515	0.0561596473707147
845.9345	0.0565115258865069
844.5175	0.0564873254709257
843.1006	0.0565524328008218
841.6836	0.0568205857482484
840.2666	0.0566935475494417
838.8496	0.0555375226677042
837.4327	0.0552601775041324
836.0157	0.055388582789761
834.5987	0.0540964527471696
833.1817	0.05454398183888
831.7648	0.0539741176566204
830.3478	0.0530581252425216
828.9308	0.0530912438282031
827.5138	0.0528902705417098
826.0969	0.0521738614453587
824.6799	0.0521999310652035
823.2629	0.0515696138013951
821.8459	0.0523953722245276
820.429	0.0517480165746
819.012	0.0517408360758906
817.595	0.0519705136987983
816.178	0.0516748789376968
814.7611	0.0520400650494883
813.3441	0.051082657010292
811.9271	0.0509258186407161
810.5101	0.0501019221744341
809.0932	0.0508173489084637
807.6762	0.0502688952727097
806.2592	0.0505225788354104
804.8422	0.0500406058856407
803.4253	0.0503110008885851
802.0083	0.0501570175284909
800.5913	0.0499427398365262
799.1743	0.0500608843170507
797.7573	0.0501980401806052
796.3404	0.0503132744895693
794.9234	0.0505213902490639
793.5064	0.0504215453923077
792.0894	0.0504295629840475
790.6725	0.0509275470104684
789.2555	0.0511863227023918
787.8385	0.0510141742846665
786.4215	0.0514459346959567
785.0046	0.0517930962340723
783.5876	0.0521295082775691
782.1706	0.0520097220489342
780.7536	0.0530769187041655
779.3367	0.0526391349224556
777.9197	0.0533142460177448
776.5027	0.0538970641052701
775.0857	0.0547343620774005
773.6688	0.0553886570979039
772.2518	0.0555872401860035
770.8348	0.0565947798892503
769.4178	0.0572444578842644
768.0009	0.0578158833194675
766.5839	0.058448711912862
765.1669	0.0587292290948934
763.7499	0.0591907130346977
762.333	0.059411145840111
760.916	0.0596987989757292
759.499	0.0598018652565106
758.082	0.0600792866942244
756.6651	0.0597457786366496
755.2481	0.0595363353201032
753.8311	0.0591921612612465
752.4141	0.0590096858945539
750.9971	0.0580574062369406
749.5802	0.0575882017694232
748.1632	0.0565343384543304
746.7462	0.0561612787483314
745.3292	0.0559189538742523
743.9123	0.0558113668355462
742.4953	0.0557241754746515
741.0783	0.055690991518478
739.6613	0.0546147554519314
738.2444	0.0542047196823314
736.8274	0.0545379343664662
735.4104	0.0544399402641556
733.9934	0.0549002258081446
732.5765	0.0547535065849665
731.1595	0.0545033336560812
729.7425	0.055096722529606
728.3255	0.0551812013584774
726.9086	0.055247021177196
725.4916	0.0561497225458788
724.0746	0.0556849922746892
722.6576	0.056295081669865
721.2407	0.0564831076477235
719.8237	0.057661837462457
718.4067	0.0580078698509578
716.9897	0.0589464802365167
715.5728	0.0599760559164357
714.1558	0.0595397874377907
712.7388	0.0605382432675254
711.3218	0.0610969429035094
709.9049	0.061580486591087
708.4879	0.062565521251081
707.0709	0.0622641212791461
705.6539	0.0629803847435836
704.2369	0.0629613113318504
702.82	0.0632268779034461
701.403	0.0627447188493318
699.986	0.0633724344588095
698.569	0.062782138182886
697.1521	0.062695749661401
695.7351	0.062305171591434
694.3181	0.0620273633990998
692.9011	0.062478579918473
691.4842	0.0618260968346415
690.0672	0.0621553562340742
688.6502	0.0616680705319419
687.2332	0.0617082872702383
685.8163	0.0619208714809493
684.3993	0.0615890414780118
682.9823	0.062549839355045
681.5653	0.0622244645786011
680.1484	0.0623295511642028
678.7314	0.0630230676693248
677.3144	0.0627385779101936
675.8974	0.0622790155381557
674.4805	0.0627607797308434
673.0635	0.062442195827985
671.6465	0.0623928396199745
670.2295	0.0628417442127883
668.8126	0.0635604113167965
667.3956	0.0638300792510119
665.9786	0.0647423508256765
664.5616	0.06368285303544
663.1447	0.0645029707794256
661.7277	0.0643092078779932
660.3107	0.0646212949875981
658.8937	0.0649788948041641
657.4767	0.0652265020354853
656.0598	0.0650429941602711
654.6428	0.0655321883884556
653.2258	0.0651866831058909
651.8088	0.0660988992857527
650.3919	0.0663652840499969
648.9749	0.0665863615679958
647.5579	0.0660526894046633
646.1409	0.0658559282444703
644.724	0.067276622641685
643.307	0.0670869433348675
641.89	0.0669718812984376
640.473	0.0671913888290699
639.0561	0.0675947124227423
637.6391	0.0680994075336644
636.2221	0.0680011896879248
634.8051	0.0680871753057505
633.3882	0.0676437065887511
631.9712	0.0684734846584851
630.5542	0.0688924242005198
629.1372	0.0691538295268023
627.7203	0.0692097878568584
626.3033	0.0697768779134632
624.8863	0.0705547827164183
623.4693	0.0709942034615801
622.0524	0.0716859750179657
620.6354	0.0723527024610551
619.2184	0.0729334499435149
617.8014	0.0738298190488055
616.3845	0.0751260883901424
614.9675	0.0754595009202151
613.5505	0.075738179972831
612.1335	0.07677061208566
610.7165	0.077084168015333
609.2996	0.077724303034779
607.8826	0.0779678304028038
606.4656	0.0781951617117338
605.0486	0.0783929158109362
603.6317	0.0785434856864797
602.2147	0.079113596196935
600.7977	0.0786341411748654
599.3807	0.0783199016651503
597.9638	0.0784939659860976
596.5468	0.0795321740423294
595.1298	0.079639507094511
593.7128	0.0797153115484212
592.2959	0.0789209351764468
590.8789	0.0790065952828533
589.4619	0.0801360963879908
588.0449	0.0807392041643651
586.628	0.0812197774767876
585.211	0.0825955651418495
583.794	0.083410035557065
582.377	0.0842644079092933
580.9601	0.0855157745671602
579.5431	0.0860323938340519
578.1261	0.0871452228546021
576.7091	0.0883741205127473
575.2922	0.0892428210951703
573.8752	0.0897650614086449
572.4582	0.0909647604158733
571.0412	0.0906843668236026
569.6243	0.09095990937802
568.2073	0.0909950349763678
566.7903	0.091167718473446
565.3733	0.0901013764810086
563.9563	0.0898497672984618
562.5394	0.0893060440324648
561.1224	0.0892031293460659
559.7054	0.0893983458121563
558.2884	0.0889859941674901
556.8715	0.0884130721646382
555.4545	0.0882743512215376
554.0375	0.0885821889417499
552.6205	0.0883073372782635
551.2036	0.0877115618357805
549.7866	0.087156086697374
548.3696	0.0868899374355893
546.9526	0.0860653186209779
545.5357	0.0866528647958439
544.1187	0.0864929558432121
542.7017	0.0865371000246027
541.2847	0.0872504821492879
539.8678	0.0872156010005403
538.4508	0.0875659297926448
537.0338	0.0889711972519259
535.6168	0.0892564932127187
534.1999	0.0899273593499401
532.7829	0.0900491381878471
531.3659	0.09087705625207
529.9489	0.0921716175709145
528.532	0.0931772363842658
527.115	0.0937902007978594
525.698	0.0944270059789163
524.281	0.0949747511246768
522.8641	0.095017875199279
521.4471	0.0955400794512476
520.0301	0.0952738745143032
518.6131	0.0953483197169015
517.1962	0.0950660358010405
515.7792	0.0956219094782409
514.3622	0.0960869056578664
512.9452	0.0965779780493001
511.5282	0.0955416760771057
510.1113	0.0960882506926751
508.6943	0.0954857245547411
507.2773	0.0951444157956935
505.8603	0.0947289844731995
504.4434	0.0944119731078282
503.0264	0.0944903198783557
501.6094	0.0937666574869155
500.1924	0.0937249849028482
498.7755	0.0946182181456307
497.3585	0.094020118575468
495.9415	0.0937979328778263
494.5245	0.094518919791742
493.1076	0.0934688735717816
491.6906	0.0939552706375525
490.2736	0.0939525341325238
488.8566	0.0943861365658963
487.4397	0.0937501334316076
486.0227	0.0945129720349068
484.6057	0.0937510482312101
483.1887	0.0947521916778641
481.7718	0.0941387318130131
480.3548	0.0939872237805621
478.9378	0.0945429831274517
477.5208	0.0949348610225957
476.1039	0.0942337035775442
474.6869	0.094480424897822
473.2699	0.0945619205394327
471.8529	0.0946449504092099
470.436	0.0946707872611127
469.019	0.0942653192258873
467.602	0.0941788680076613
466.185	0.0939019352833691
464.768	0.0935547236286185
463.3511	0.0931145267656045
461.9341	0.0932794749272915
460.5171	0.0935166452351319
459.1001	0.0937253846072948
457.6832	0.0929120617703032
456.2662	0.0932058099038116
454.8492	0.0928357601283713
453.4322	0.0927630242645263
452.0153	0.0919073983669218
450.5983	0.0916051121314989
449.1813	0.0924079790212274
447.7643	0.0936643429626578
446.3474	0.0938599626079861
444.9304	0.094984432981581
443.5134	0.0958795767052669
442.0964	0.0963460168844504
440.6795	0.0969650457979645
439.2625	0.098138807511036
437.8455	0.0994166920299128
436.4285	0.0993994927034828
435.0116	0.0996266355453183
433.5946	0.100062113069598
432.1776	0.100040610639965
430.7606	0.0998464961563736
429.3437	0.100036376461303
427.9267	0.100236313578458
426.5097	0.100764584346511
425.0927	0.100828049977966
423.6758	0.101803359015238
422.2588	0.101870506859506
420.8418	0.10223488306214
419.4248	0.102436134520037
418.0078	0.102286391173907
416.5909	0.103779448925059
415.1739	0.104326321912462
413.7569	0.104794042855735
412.3399	0.105067546361905
410.923	0.103802606839317
409.506	0.1040170768344
408.089	0.102992509071407
406.672	0.102820222522317
405.2551	0.103682236832836
403.8381	0.104112357458211
402.4211	0.1052466862879
401.0041	0.105983719469964
