3994.4546	0.0190514287261917
3993.0377	0.0195199937467067
3991.6207	0.0188570703890867
3990.2037	0.0188906061067731
3988.7867	0.0190170926750509
3987.3698	0.01871124927916
3985.9528	0.0186001079786203
3984.5358	0.0192144931214438
3983.1188	0.0196875054302086
3981.7019	0.0183492141061345
3980.2849	0.0188944617785503
3978.8679	0.0196240233645117
3977.4509	0.0195866229680196
3976.034	0.0193623532113826
3974.617	0.0191531357442463
3973.2	0.0188551959870748
3971.783	0.0179977257592185
3970.3661	0.0195729392257913
3968.9491	0.0194226130482282
3967.5321	0.0193486427892141
3966.1151	0.020218435201586
3964.6982	0.0187253114502455
3963.2812	0.01898723782949
3961.8642	0.0193826598375315
3960.4472	0.0191633443040163
3959.0303	0.0186991931331125
3957.6133	0.0183191228353812
3956.1963	0.0180515237185849
3954.7793	0.0190973577226119
3953.3624	0.0181294049287349
3951.9454	0.0189105980213522
3950.5284	0.0183262230731096
3949.1114	0.0192351292558146
3947.6944	0.0189503923567971
3946.2775	0.0199793688827708
3944.8605	0.0194687112095865
3943.4435	0.0199428136793973
3942.0265	0.0186765055515358
3940.6096	0.0193421832524941
3939.1926	0.0194875372870986
3937.7756	0.0188154879384083
3936.3586	0.0182191252155677
3934.9417	0.0189802252477223
3933.5247	0.0189532614606446
3932.1077	0.0184667715413801
3930.6907	0.0189972447178255
3929.2738	0.0186962231039429
3927.8568	0.0182960053008778
3926.4398	0.0187738391696562
3925.0228	0.0185660221659476
3923.6059	0.018192614401792
3922.1889	0.0191587724534673
3920.7719	0.0190488603275337
3919.3549	0.0184780127246027
3917.938	0.0183172562781804
3916.521	0.0179820058562043
3915.104	0.0178030573601184
3913.687	0.018817900246691
3912.2701	0.0183236771072296
3910.8531	0.0181384893474344
3909.4361	0.0191588912359781
3908.0191	0.0188359700944156
3906.6022	0.0191294883167109
3905.1852	0.0179066046983002
3903.7682	0.0184041683287849
3902.3512	0.0187336631686893
3900.9342	0.017303266789933
3899.5173	0.0191495483644672
3898.1003	0.0183014032381748
3896.6833	0.0182269613891898
3895.2663	0.0187112932775094
3893.8494	0.018108417963674
3892.4324	0.0188727286990312
3891.0154	0.0187012291444433
3889.5984	0.0191408570575788
3888.1815	0.018113501772641
3886.7645	0.0178927053513203
3885.3475	0.0187647763437442
3883.9305	0.0188945926733317
3882.5136	0.0184645590792696
3881.0966	0.0182270977806606
3879.6796	0.0183209066060032
3878.2626	0.0189160238858539
3876.8457	0.01851379720266
3875.4287	0.0185072674561179
3874.0117	0.0184158100503381
3872.5947	0.0181989379437897
3871.1778	0.0190310710180432
3869.7608	0.0193674853274308
3868.3438	0.0187476737085428
3866.9268	0.018665047753551
3865.5099	0.0187422002219595
3864.0929	0.0186085591190478
3862.6759	0.0178888190450763
3861.2589	0.0188638340441423
3859.842	0.0178455661137947
3858.425	0.0179417197153594
3857.008	0.0174491925677423
3855.591	0.0183423172158196
3854.174	0.0183526937090202
3852.7571	0.0186089729345005
3851.3401	0.0182483097613417
3849.9231	0.0186520353767741
3848.5061	0.0181698355292955
3847.0892	0.0183065256590278
3845.6722	0.0185851337311593
3844.2552	0.0180064267541118
3842.8382	0.0174809259571766
3841.4213	0.0183580465279919
3840.0043	0.0179510086775295
3838.5873	0.0181201851323261
3837.1703	0.0187165730380484
3835.7534	0.0186905101024834
3834.3364	0.0178239762938478
3832.9194	0.0172256800497873
3831.5024	0.0187344868219136
3830.0855	0.0176806235982438
3828.6685	0.0179642221978303
3827.2515	0.0184383878134934
3825.8345	0.0186375830135485
3824.4176	0.017383853864992
3823.0006	0.0181894874235109
3821.5836	0.0181198184367269
3820.1666	0.0188939988860573
3818.7497	0.0179397567270825
3817.3327	0.0179326412166174
3815.9157	0.0177182838756428
3814.4987	0.0183266672436503
3813.0818	0.0179646968638293
3811.6648	0.0184734918149902
3810.2478	0.0184150278932255
3808.8308	0.0179457613562641
3807.4138	0.0169747403634983
3805.9969	0.0172395045521887
3804.5799	0.0176889560790329
3803.1629	0.0184678184452651
3801.7459	0.0176551829239395
3800.329	0.018496236659506
3798.912	0.0181424077337248
3797.495	0.0183347477190499
3796.078	0.0176273526004986
3794.6611	0.0177150807413521
3793.2441	0.0173568372263645
3791.8271	0.017707578661762
3790.4101	0.0176114476844635
3788.9932	0.0170672266515776
3787.5762	0.0179227072259592
3786.1592	0.0172740478473118
3784.7422	0.0177261709743626
3783.3253	0.0175837512828144
3781.9083	0.0184570430933406
3780.4913	0.0183427892964372
3779.0743	0.0176045647081755
3777.6574	0.0177913387091209
3776.2404	0.0183400504243264
3774.8234	0.0174616156323534
3773.4064	0.0169307222792048
3771.9895	0.0166938594809687
3770.5725	0.0170169335385459
3769.1555	0.0171088438117153
3767.7385	0.0168215480277331
3766.3216	0.0170274087521282
3764.9046	0.0168875872175772
3763.4876	0.0178180262433244
3762.0706	0.0176945801724798
3760.6536	0.0174146650013733
3759.2367	0.017309359927179
3757.8197	0.0167221300441386
3756.4027	0.0169630614585738
3754.9857	0.0177690454529613
3753.5688	0.0165687597773763
3752.1518	0.0175603212237899
3750.7348	0.0175529227202426
3749.3178	0.0183768972912495
3747.9009	0.0180861308619372
3746.4839	0.0171705004648455
3745.0669	0.0175685801453848
3743.6499	0.0178888255587687
3742.233	0.0177043180944866
3740.816	0.0179836387741866
3739.399	0.0177322430018335
3737.982	0.0181345244106439
3736.5651	0.0173304430202789
3735.1481	0.0171985074727598
3733.7311	0.0173127015568702
3732.3141	0.0178324138838498
3730.8972	0.0171549775372316
3729.4802	0.0171073544117303
3728.0632	0.0171482892720256
3726.6462	0.0172593956893811
3725.2293	0.0168581091509137
3723.8123	0.0160997447141351
3722.3953	0.0170019428156103
3720.9783	0.0155633644086418
3719.5614	0.0166050403524344
3718.1444	0.01704315003001
3716.7274	0.0171820523816443
3715.3104	0.016030580125043
3713.8935	0.0167143930743933
3712.4765	0.0165363362177083
3711.0595	0.0162179833719897
3709.6425	0.0169027803516514
3708.2255	0.0174853928229327
3706.8086	0.0171277963792599
3705.3916	0.0174346391147585
3703.9746	0.0168773276882361
3702.5576	0.0165823992761967
3701.1407	0.0169277177341794
3699.7237	0.0168861955611133
3698.3067	0.016339200095306
3696.8897	0.0162847772218426
3695.4728	0.0165222193267407
3694.0558	0.0170384340525973
3692.6388	0.0162994302839407
3691.2218	0.0161358379900989
3689.8049	0.0162153476993404
3688.3879	0.016075638843032
3686.9709	0.0168734401902768
3685.5539	0.0161703729165402
3684.137	0.0158731732532165
3682.72	0.0167819615695547
3681.303	0.0157869416188483
3679.886	0.0158203493454622
3678.4691	0.0159367247127711
3677.0521	0.0157540414924365
3675.6351	0.01632982671102
3674.2181	0.0171518335605188
3672.8012	0.0171268169593824
3671.3842	0.017101678830951
3669.9672	0.016447678590271
3668.5502	0.0171902585672814
3667.1333	0.0162158278302328
3665.7163	0.0167523423080411
3664.2993	0.0159418742492711
3662.8823	0.01576458256063
3661.4653	0.0161770032268418
3660.0484	0.0165238721160323
3658.6314	0.0169858737560409
3657.2144	0.0163711950651152
3655.7974	0.0162400722111641
3654.3805	0.0168087567687615
3652.9635	0.0161393225972272
3651.5465	0.0163667287963655
3650.1295	0.0172385059229354
3648.7126	0.0168853679724264
3647.2956	0.0163214211990164
3645.8786	0.0168063451391379
3644.4616	0.0174060219326827
3643.0447	0.0167491735902277
3641.6277	0.0162586424501042
3640.2107	0.0162777836764887
3638.7937	0.017857875266481
3637.3768	0.0167950451650191
3635.9598	0.0170689857143114
3634.5428	0.0175866771241285
3633.1258	0.0169952630892984
3631.7089	0.0173021886227633
3630.2919	0.0173019194107631
3628.8749	0.0180827013673984
3627.4579	0.0179330241444291
3626.041	0.0179572462863534
3624.624	0.017737201960336
3623.207	0.0176242155762051
3621.79	0.0168903731920205
3620.3731	0.01851872075375
3618.9561	0.0179742499213434
3617.5391	0.0190758295664439
3616.1221	0.0184542698813729
3614.7051	0.0184069136302731
3613.2882	0.0183079134714873
3611.8712	0.0191583343748919
3610.4542	0.0188984421435411
3609.0372	0.0195133070895216
3607.6203	0.0192060634121137
3606.2033	0.018722236613842
3604.7863	0.0189001924739542
3603.3693	0.0194198555910588
3601.9524	0.0195685898357735
3600.5354	0.0192786507196669
3599.1184	0.0202418975977525
3597.7014	0.0203090387441495
3596.2845	0.0202707170923263
3594.8675	0.0209074968702675
3593.4505	0.0202448511951636
3592.0335	0.0199470838559278
3590.6166	0.02070812847854
3589.1996	0.0213458740782139
3587.7826	0.0211307533181186
3586.3656	0.0199065174494049
3584.9487	0.0215168324630863
3583.5317	0.0216332370870961
3582.1147	0.0217528688019906
3580.6977	0.0218845495295678
3579.2808	0.0212411067923296
3577.8638	0.0229214700515136
3576.4468	0.0222012658709758
3575.0298	0.0235573569523278
3573.6129	0.0228275474150858
3572.1959	0.0235903442958455
3570.7789	0.0234144550061158
3569.3619	0.0231642160332563
3567.9449	0.0232994733974093
3566.528	0.022588519651226
3565.111	0.0238878782928966
3563.694	0.0243746031981383
3562.277	0.025355487137798
3560.8601	0.024312940686865
3559.4431	0.0254231503609617
3558.0261	0.0252895916841742
3556.6091	0.0250210698517079
3555.1922	0.0263606519441316
3553.7752	0.0267571983363671
3552.3582	0.0259789602056047
3550.9412	0.0262609310503907
3549.5243	0.02592273098573
3548.1073	0.0272955064719554
3546.6903	0.0265680377186043
3545.2733	0.0279470767180195
3543.8564	0.0275412749566007
3542.4394	0.0270386073643255
3541.0224	0.0281636767188676
3539.6054	0.0281986311662283
3538.1885	0.0290504435709145
3536.7715	0.029338069545682
3535.3545	0.0297549197221277
3533.9375	0.0287865552956652
3532.5206	0.0295738418802674
3531.1036	0.0286615437174956
3529.6866	0.0301114011596999
3528.2696	0.0294285140165488
3526.8527	0.0308837305168283
3525.4357	0.0307585327524318
3524.0187	0.0306770703372548
3522.6017	0.0316739606370396
3521.1847	0.0312516909747732
3519.7678	0.0323238592343956
3518.3508	0.031899626158323
3516.9338	0.0325232144592414
3515.5168	0.0325827811407065
3514.0999	0.0325984582171055
3512.6829	0.0327637698287205
3511.2659	0.0331332990528823
3509.8489	0.03337660620042
3508.432	0.0334614491948845
3507.015	0.0340404629924131
3505.598	0.0345008393313924
3504.181	0.0350847543277014
3502.7641	0.0347798694225363
3501.3471	0.0357968357589612
3499.9301	0.0355843175481037
3498.5131	0.0363385350546144
3497.0962	0.0362366213352616
3495.6792	0.0367143474631907
3494.2622	0.0368561999029904
3492.8452	0.0365561511617042
3491.4283	0.0372075289708533
3490.0113	0.0370706879432723
3488.5943	0.037543380830925
3487.1773	0.0376870570244718
3485.7604	0.0373563616758115
3484.3434	0.0381300921865649
3482.9264	0.0383357574859373
3481.5094	0.0386621310479835
3480.0925	0.0393772558619208
3478.6755	0.0396931329526664
3477.2585	0.039711067441049
3475.8415	0.0393480042568704
3474.4245	0.0406112886899661
3473.0076	0.0406343297656188
3471.5906	0.0406550916671571
3470.1736	0.0412928913025505
3468.7566	0.0406793330712844
3467.3397	0.0409279484251791
3465.9227	0.0419101610403434
3464.5057	0.042943725721298
3463.0887	0.0425097918653684
3461.6718	0.0424697901132044
3460.2548	0.0424003517272593
3458.8378	0.0427809081193954
3457.4208	0.0428278736793257
3456.0039	0.0430384903248498
3454.5869	0.0437058229530555
3453.1699	0.0424029231406083
3451.7529	0.0442576893733524
3450.336	0.0452226417994296
3448.919	0.0442537274930705
3447.502	0.0452832054762579
3446.085	0.0454045466135019
3444.6681	0.0451998336625086
3443.2511	0.046121826245692
3441.8341	0.0456367228387707
3440.4171	0.0460327321386366
3439.0002	0.0457306162173775
3437.5832	0.0464859524083296
3436.1662	0.0461151493757418
3434.7492	0.0464179542636431
3433.3323	0.0474173004247865
3431.9153	0.0471046887919431
3430.4983	0.0478092634233421
3429.0813	0.0478176333519686
3427.6643	0.0468396895999314
3426.2474	0.0478098944770687
3424.8304	0.0480585446089658
3423.4134	0.0483689408818384
3421.9964	0.0484332021928444
3420.5795	0.0483107634216371
3419.1625	0.0487831153805898
3417.7455	0.0496284778981924
3416.3285	0.0496738318244167
3414.9116	0.0498879817305852
3413.4946	0.0492138706465714
3412.0776	0.0500459635565315
3410.6606	0.050729353861391
3409.2437	0.0502439085940146
3407.8267	0.0517491931952738
3406.4097	0.0512506459059884
3404.9927	0.0514977089868515
3403.5758	0.0517855517450938
3402.1588	0.0512728350651815
3400.7418	0.0514843246871823
3399.3248	0.0516433037591275
3397.9079	0.0518892117550628
3396.4909	0.0522802141181526
3395.0739	0.0525866395717127
3393.6569	0.0526863009274112
3392.24	0.0528395065577772
3390.823	0.0529556904839275
3389.406	0.0529192715934234
3387.989	0.0536564189784117
3386.5721	0.0535628196545076
3385.1551	0.0537212190414936
3383.7381	0.0533424843519857
3382.3211	0.0541958026888812
3380.9041	0.0542829186266723
3379.4872	0.0541705692783164
3378.0702	0.0548258335653225
3376.6532	0.0551140154086289
3375.2362	0.0555411348162691
3373.8193	0.055056943579515
3372.4023	0.0556486633510377
3370.9853	0.0556154994983175
3369.5683	0.0550879256868183
3368.1514	0.0560400622643491
3366.7344	0.0550763876034223
3365.3174	0.0566568596519694
3363.9004	0.0557156266616502
3362.4835	0.0563760901198631
3361.0665	0.0568234012590615
3359.6495	0.0564295205624628
3358.2325	0.0568141251439255
3356.8156	0.0574513923156639
3355.3986	0.0566398281559877
3353.9816	0.0572835753278952
3352.5646	0.0575712650523648
3351.1477	0.0581034922172717
3349.7307	0.0575467262369115
3348.3137	0.0581392298495689
3346.8967	0.0569948291461195
3345.4798	0.0576630938064548
3344.0628	0.0572289634784203
3342.6458	0.0579277747648191
3341.2288	0.0574541577923799
3339.8119	0.0576128230237101
3338.3949	0.0582569123477628
3336.9779	0.0585793231248271
3335.5609	0.0590841127619599
3334.1439	0.057893592641492
3332.727	0.0583855218621791
3331.31	0.058945764485212
3329.893	0.058498547014646
3328.476	0.0595022949796269
3327.0591	0.0583669591485524
3325.6421	0.0588843129978997
3324.2251	0.0592797080080375
3322.8081	0.0592204041481812
3321.3912	0.0588876708142054
3319.9742	0.0591840190561167
3318.5572	0.060082439356992
3317.1402	0.060265954091451
3315.7233	0.0598019203905002
3314.3063	0.0595483514003339
3312.8893	0.0602367348130352
3311.4723	0.0598479682831992
3310.0554	0.059107141453438
3308.6384	0.059137857536695
3307.2214	0.0595776644578174
3305.8044	0.05951514740752
3304.3875	0.0599931591722789
3302.9705	0.0596180995747695
3301.5535	0.0592641038428978
3300.1365	0.0607497736394017
3298.7196	0.0593081113278702
3297.3026	0.0603839879666033
3295.8856	0.060365853882934
3294.4686	0.0605818096724496
3293.0517	0.0598866871119695
3291.6347	0.0604300490554935
3290.2177	0.0597162403281533
3288.8007	0.0596468285450066
3287.3837	0.0603550612189908
3285.9668	0.0606417977704824
3284.5498	0.0606396217614585
3283.1328	0.0605088905413755
3281.7158	0.0603875395825144
3280.2989	0.0605567464948609
3278.8819	0.0606209895177247
3277.4649	0.0611940103308307
3276.0479	0.0607841236001218
3274.631	0.0605079320620587
3273.214	0.0600499574384613
3271.797	0.0603720731173065
3270.38	0.0614959966075069
3268.9631	0.0603949343441179
3267.5461	0.0610897285265042
3266.1291	0.0603207189193681
3264.7121	0.0604047131187419
3263.2952	0.0602608780034576
3261.8782	0.0613784555524314
3260.4612	0.0606871695909583
3259.0442	0.0605361529312278
3257.6273	0.0601417478772937
3256.2103	0.0596957506442371
3254.7933	0.0611405486258602
3253.3763	0.0602716770954464
3251.9594	0.0599584678796936
3250.5424	0.0603261288429452
3249.1254	0.0606870706470324
3247.7084	0.0606062598991822
3246.2915	0.0603690212650324
3244.8745	0.0606598245192717
3243.4575	0.0596683446244191
3242.0405	0.0597828791140638
3240.6235	0.0605218202046672
3239.2066	0.0603349752081898
3237.7896	0.0593109666487438
3236.3726	0.0602636235897707
3234.9556	0.0599227065861549
3233.5387	0.0598810236921377
3232.1217	0.0597380462536232
3230.7047	0.0599954352048343
3229.2877	0.0605789763137206
3227.8708	0.0599155616861229
3226.4538	0.0589072691833503
3225.0368	0.0605953365465771
3223.6198	0.0597250729706359
3222.2029	0.0595581402023776
3220.7859	0.0594077159923066
3219.3689	0.0585015894342502
3217.9519	0.0586791680165707
3216.535	0.0588233918889912
3215.118	0.059405568903294
3213.701	0.0589402886236583
3212.284	0.05906766524156
3210.8671	0.0594150709590216
3209.4501	0.058824064165487
3208.0331	0.058069919234232
3206.6161	0.0581236716055474
3205.1992	0.0590396330198594
3203.7822	0.0582977711331025
3202.3652	0.0587857005513928
3200.9482	0.0575542337236358
3199.5313	0.0576326887659013
3198.1143	0.0578881280075097
3196.6973	0.0579742696903682
3195.2803	0.0576537040604052
3193.8633	0.0574813200780268
3192.4464	0.0558798163323902
3191.0294	0.0578503693395576
3189.6124	0.0567291361488555
3188.1954	0.0572611187134683
3186.7785	0.0573846188700338
3185.3615	0.056564017032889
3183.9445	0.057089267626515
3182.5275	0.0566294988838111
3181.1106	0.0564298431121917
3179.6936	0.0563562219495994
3178.2766	0.0569103326254603
3176.8596	0.0564959621679207
3175.4427	0.0559593297074357
3174.0257	0.0555877660958603
3172.6087	0.0550917891318402
3171.1917	0.0563460335444492
3169.7748	0.0555373102623958
3168.3578	0.0554978399273403
3166.9408	0.0553841249603214
3165.5238	0.0546578749365356
3164.1069	0.0552670283244404
3162.6899	0.0551622154327526
3161.2729	0.0553350826021855
3159.8559	0.0548354000604488
3158.439	0.0549020804078914
3157.022	0.0534533612252428
3155.605	0.0548935101451111
3154.188	0.0534877023812975
3152.7711	0.0530915181411351
3151.3541	0.0540866192875241
3149.9371	0.0538719312266922
3148.5201	0.0542302282012552
3147.1031	0.0533163450872543
3145.6862	0.0535762350123295
3144.2692	0.0523274849385251
3142.8522	0.0538622732360721
3141.4352	0.0524664989899198
3140.0183	0.0530194636618391
3138.6013	0.0522490025250183
3137.1843	0.0521732421119883
3135.7673	0.051685415091851
3134.3504	0.0530844822407754
3132.9334	0.0522529224250641
3131.5164	0.0516217678660508
3130.0994	0.0516396728497778
3128.6825	0.0517657028398264
3127.2655	0.0517385288971275
3125.8485	0.0522219810795961
3124.4315	0.0509600576197759
3123.0146	0.0509740307538934
3121.5976	0.0505690420594093
3120.1806	0.0510700201123164
3118.7636	0.049865289352016
3117.3467	0.0506613722721304
3115.9297	0.0496258230374628
3114.5127	0.0488739891148861
3113.0957	0.0502463841556384
3111.6788	0.0493267518730793
3110.2618	0.0494241889928096
3108.8448	0.0486938529022878
3107.4278	0.047984107564781
3106.0109	0.0495397284102932
3104.5939	0.0481603494093966
3103.1769	0.0492207129668837
3101.7599	0.049303271647588
3100.3429	0.0481162465185301
3098.926	0.0474559905596251
3097.509	0.0478605616424984
3096.092	0.0473799801324137
3094.675	0.0478071651481081
3093.2581	0.0475767774824688
3091.8411	0.0472852936730151
3090.4241	0.04746069503607
3089.0071	0.0475398052016267
3087.5902	0.0476846152284164
3086.1732	0.0465773823680615
3084.7562	0.0471737712971547
3083.3392	0.0465851502554533
3081.9223	0.0456852400834976
3080.5053	0.0464153718026756
3079.0883	0.0464690950318207
3077.6713	0.0461353340817655
3076.2544	0.045595150586161
3074.8374	0.0452536441351265
3073.4204	0.0455737227858813
3072.0034	0.0454463247217281
3070.5865	0.0456251688314685
3069.1695	0.0447840834745873
3067.7525	0.0449799640363197
3066.3355	0.0444787977017919
3064.9186	0.0447152010070255
3063.5016	0.0447567987839695
3062.0846	0.0442237488926887
3060.6676	0.0441984898191088
3059.2507	0.0438154324771425
3057.8337	0.0441810285784505
3056.4167	0.0437954461889252
3054.9997	0.0436223927750432
3053.5827	0.0432676829121334
3052.1658	0.0432275617327374
3050.7488	0.0434108197615269
3049.3318	0.0438735058758996
3047.9148	0.0434248039990452
3046.4979	0.0434400659947055
3045.0809	0.0431392291973492
3043.6639	0.0421877024980104
3042.2469	0.0421405789759668
3040.83	0.0421533638329316
3039.413	0.0423607640243351
3037.996	0.0426763452657897
3036.579	0.0418032891346133
3035.1621	0.0422491993467445
3033.7451	0.0420645825730798
3032.3281	0.0409540178268093
3030.9111	0.0411336718437007
3029.4942	0.0406964619939452
3028.0772	0.0414023704413349
3026.6602	0.041494724748055
3025.2432	0.0404155630582873
3023.8263	0.0401833297761122
3022.4093	0.0403851888231186
3020.9923	0.0405483404135305
3019.5753	0.0410583110175775
3018.1584	0.0405290557459043
3016.7414	0.0414001980119008
3015.3244	0.0397163703929457
3013.9074	0.0403468768958925
3012.4905	0.0399480381461238
3011.0735	0.0396163107269062
3009.6565	0.0405758649062828
3008.2395	0.0401558853054862
3006.8225	0.0395206743598072
3005.4056	0.0400673868008272
3003.9886	0.0391131275629961
3002.5716	0.0402251294141802
3001.1546	0.0390795015637448
2999.7377	0.0386966503693039
2998.3207	0.0389068755783422
2996.9037	0.0394735214146738
2995.4867	0.0383992370318374
2994.0698	0.0394067261818972
2992.6528	0.0386511991048492
2991.2358	0.0392745571769243
2989.8188	0.0391453097141231
2988.4019	0.0385327909707422
2986.9849	0.0389681653424813
2985.5679	0.0383939588430576
2984.1509	0.0392319121006543
2982.734	0.0395314252521497
2981.317	0.0397002494969767
2979.9	0.0390972102791885
2978.483	0.0392777150012082
2977.0661	0.0395825967023172
2975.6491	0.039951647616497
2974.2321	0.0404004090692015
2972.8151	0.0400557601360488
2971.3982	0.0398920929860584
2969.9812	0.0407203679488598
2968.5642	0.040383205107262
2967.1472	0.0411644044316775
2965.7303	0.0401742355041515
2964.3133	0.0406104196548965
2962.8963	0.0401010489425324
2961.4793	0.0409926986221203
2960.0623	0.0419436881151571
2958.6454	0.0425265285922585
2957.2284	0.0419580163390481
2955.8114	0.0419178847948393
2954.3944	0.0427542187367859
2952.9775	0.0426279738327643
2951.5605	0.042435611989766
2950.1435	0.0424668202250018
2948.7265	0.0428214603552486
2947.3096	0.0435987311260313
2945.8926	0.0441359978244696
2944.4756	0.0445942836871775
2943.0586	0.0450985632655161
2941.6417	0.0450621445964623
2940.2247	0.0452462552357205
2938.8077	0.0455079534124149
2937.3907	0.0460468848411451
2935.9738	0.0462311498096812
2934.5568	0.0463958493905255
2933.1398	0.0468416843368376
2931.7228	0.0467076784470912
2930.3059	0.0475658726142907
2928.8889	0.0478390290103176
2927.4719	0.04772436808876
2926.0549	0.0476051632143564
2924.638	0.0481377288959332
2923.221	0.0481585569390614
2921.804	0.0465784660697754
2920.387	0.0476679003567944
2918.9701	0.0471537310022162
2917.5531	0.0479318419535308
2916.1361	0.0482909142437837
2914.7191	0.0477886869174319
2913.3021	0.047355915901167
2911.8852	0.0472674723699639
2910.4682	0.0476896435224004
2909.0512	0.0469209907222232
2907.6342	0.0474721387933646
2906.2173	0.0463592554705452
2904.8003	0.0468361780817248
2903.3833	0.0466254590699237
2901.9663	0.0463086434946258
2900.5494	0.0467951784769077
2899.1324	0.0469072976311615
2897.7154	0.0468588369752785
2896.2984	0.0468312915781615
2894.8815	0.0463212818296365
2893.4645	0.0469436065858558
2892.0475	0.0464760765269751
2890.6305	0.0465160271892974
2889.2136	0.0467588830157003
2887.7966	0.0465638586384766
2886.3796	0.0464822073576787
2884.9626	0.0458016630689046
2883.5457	0.0451153707194808
2882.1287	0.0454508947050304
2880.7117	0.0456409173330573
2879.2947	0.045637601038009
2877.8778	0.0454501706144783
2876.4608	0.045331179675864
2875.0438	0.0456784059644533
2873.6268	0.0460659392453305
2872.2099	0.0453505371622652
2870.7929	0.0453126911847126
2869.3759	0.0450824955179044
2867.9589	0.0445550681014418
2866.5419	0.0444020817260811
2865.125	0.044491932208008
2863.708	0.043852147167187
2862.291	0.043436260966582
2860.874	0.0431502626037235
2859.4571	0.043474976070934
2858.0401	0.0431183800872105
2856.6231	0.042716257814053
2855.2061	0.0426733801435277
2853.7892	0.0430888296306807
2852.3722	0.0423460428599178
2850.9552	0.0427807025548327
2849.5382	0.0423210518838835
2848.1213	0.0423992311247578
2846.7043	0.0419032432600196
2845.2873	0.0419518856988392
2843.8703	0.0419144505527652
2842.4534	0.0412637347788118
2841.0364	0.0416608828558673
2839.6194	0.0413541799356382
2838.2024	0.0412116234421299
2836.7855	0.0420653095713076
2835.3685	0.0410123175472261
2833.9515	0.0415851656450512
2832.5345	0.0408563562916658
2831.1176	0.0398849371501713
2829.7006	0.0408978565288484
2828.2836	0.0404181537125643
2826.8666	0.0399356632026563
2825.4497	0.0408138058858307
2824.0327	0.0394497662847312
2822.6157	0.039353166811054
2821.1987	0.0396742931656145
2819.7817	0.0401628060456043
2818.3648	0.040007116860601
2816.9478	0.0394298428643684
2815.5308	0.0389477225914739
2814.1138	0.039340877979089
2812.6969	0.038918566493293
2811.2799	0.0391612682384896
2809.8629	0.0390624268210388
2808.4459	0.0386847608881852
2807.029	0.0391477200814435
2805.612	0.0385708420255807
2804.195	0.0387206623766134
2802.778	0.0386250633127008
2801.3611	0.0382427640929202
2799.9441	0.037834727916381
2798.5271	0.0381120045589662
2797.1101	0.0378910349335123
2795.6932	0.0378975646120507
2794.2762	0.0382068333868717
2792.8592	0.0375733729769965
2791.4422	0.0374128143529336
2790.0253	0.038549005431673
2788.6083	0.0374462882795431
2787.1913	0.0380451071984961
2785.7743	0.0374030708261455
2784.3574	0.0377371822590855
2782.9404	0.0375988208455236
2781.5234	0.0369663153393591
2780.1064	0.037046432118373
2778.6895	0.0374613639550868
2777.2725	0.037740300514106
2775.8555	0.0360829423994882
2774.4385	0.0369361286290375
2773.0215	0.0365209186875125
2771.6046	0.0369107879599702
2770.1876	0.0369448184179352
2768.7706	0.036665507165962
2767.3536	0.0367820108215611
2765.9367	0.0369392604436414
2764.5197	0.0362705006624766
2763.1027	0.0368223920207651
2761.6857	0.036880945804546
2760.2688	0.0361444415781306
2758.8518	0.0369843110038066
2757.4348	0.0367222942767958
2756.0178	0.0363915492019374
2754.6009	0.0371465199663137
2753.1839	0.0367347082710143
2751.7669	0.0367733947352237
2750.3499	0.0364097576435863
2748.933	0.0359292248000416
2747.516	0.0367254338559301
2746.099	0.036848345393592
2744.682	0.036190738015351
2743.2651	0.0350602754736144
2741.8481	0.0362652083627767
2740.4311	0.0365408555695
2739.0141	0.0352521446911612
2737.5972	0.0360526528627874
2736.1802	0.036229881939319
2734.7632	0.0367277310140483
2733.3462	0.0361018777358028
2731.9293	0.0363480826799804
2730.5123	0.0361387298783353
2729.0953	0.0357867822709902
2727.6783	0.0363629065150361
2726.2613	0.0356212922194988
2724.8444	0.0357043498791233
2723.4274	0.0357027008886643
2722.0104	0.0361997417029789
2720.5934	0.035508129670419
2719.1765	0.0363699160110531
2717.7595	0.0360126432396321
2716.3425	0.0362887404394285
2714.9255	0.0356495041262843
2713.5086	0.0358438731346778
2712.0916	0.0357236860891713
2710.6746	0.0355265158331175
2709.2576	0.0351168134176089
2707.8407	0.0361886492880698
2706.4237	0.0352447226813658
2705.0067	0.0353299638957131
2703.5897	0.0349482751523235
2702.1728	0.0360592371147186
2700.7558	0.0356055956241831
2699.3388	0.0350491633947107
2697.9218	0.0359408498153201
2696.5049	0.0356208819341152
2695.0879	0.0351732413733677
2693.6709	0.036011697450351
2692.2539	0.0354682844022792
2690.837	0.035424847231318
2689.42	0.0358725792986292
2688.003	0.0350588816941116
2686.586	0.0345482354630735
2685.1691	0.0340577448198022
2683.7521	0.0351663996030508
2682.3351	0.0348652623466277
2680.9181	0.0352781230637761
2679.5011	0.0350825858666373
2678.0842	0.0347919234943737
2676.6672	0.035842698239449
2675.2502	0.0347361744396515
2673.8332	0.0346621584101769
2672.4163	0.0343074111573849
2670.9993	0.0349647279009285
2669.5823	0.0342922344984531
2668.1653	0.0352188465924832
2666.7484	0.0343227764992433
2665.3314	0.0344161019511312
2663.9144	0.0351565080788753
2662.4974	0.0346891267500438
2661.0805	0.0347310236508694
2659.6635	0.0348500663318903
2658.2465	0.0340018815382379
2656.8295	0.0342910883635895
2655.4126	0.0343678691809609
2653.9956	0.034569141406908
2652.5786	0.0342373611789597
2651.1616	0.0347107899599166
2649.7447	0.0343394488358101
2648.3277	0.0339719337557674
2646.9107	0.0341888667390789
2645.4937	0.0342873313887692
2644.0768	0.034113978425499
2642.6598	0.0331736784416368
2641.2428	0.0332143794925127
2639.8258	0.0333120544902848
2638.4089	0.0341974517524264
2636.9919	0.0336553507936696
2635.5749	0.0330242862986119
2634.1579	0.0333338301772189
2632.741	0.0333822434550323
2631.324	0.0333821125131263
2629.907	0.0336399664163993
2628.49	0.0331311409082592
2627.073	0.0336820316174392
2625.6561	0.032801176488174
2624.2391	0.03342593186174
2622.8221	0.0330583944055221
2621.4051	0.0335749733622688
2619.9882	0.0328131070319502
2618.5712	0.0329416696853527
2617.1542	0.0328710151520539
2615.7372	0.0324265310997548
2614.3203	0.0327053460172841
2612.9033	0.0318012250764805
2611.4863	0.032425297976674
2610.0693	0.0319650798473052
2608.6524	0.0332126202403828
2607.2354	0.0315138387955853
2605.8184	0.0321871204583074
2604.4014	0.0318211634247052
2602.9845	0.0332292722575066
2601.5675	0.0321117060399478
2600.1505	0.032472964573819
2598.7335	0.0328080338626402
2597.3166	0.0325133301998373
2595.8996	0.0319505231326257
2594.4826	0.0320031878668453
2593.0656	0.0324172461242767
2591.6487	0.0316063553002056
2590.2317	0.0313627251817267
2588.8147	0.0331050088099198
2587.3977	0.0313546967560652
2585.9808	0.0314229486793333
2584.5638	0.0318348053386898
2583.1468	0.0324336336390899
2581.7298	0.0320586067487532
2580.3128	0.0315653668782904
2578.8959	0.0321017701360369
2577.4789	0.0316757244025864
2576.0619	0.0318014752942603
2574.6449	0.0316435805754882
2573.228	0.0313002870109686
2571.811	0.0319022644728892
2570.394	0.032747931264119
2568.977	0.0317032142978935
2567.5601	0.0314827442947644
2566.1431	0.0312200876709984
2564.7261	0.031621049767503
2563.3091	0.0308013979256418
2561.8922	0.0316633018938189
2560.4752	0.0319638847868948
2559.0582	0.0313827400729821
2557.6412	0.0313943770960559
2556.2243	0.0313078868799408
2554.8073	0.0310297857224567
2553.3903	0.0318563924603548
2551.9733	0.0315769165393206
2550.5564	0.0308754215917155
2549.1394	0.0310320892306177
2547.7224	0.0304124932669458
2546.3054	0.0303435328117415
2544.8885	0.0313816132776909
2543.4715	0.0314888774590053
2542.0545	0.0307539168889928
2540.6375	0.0309080064262137
2539.2206	0.0312075548883124
2537.8036	0.0309728604100277
2536.3866	0.0299386655531633
2534.9696	0.0303339130956047
2533.5526	0.0312031565248234
2532.1357	0.0312926986452159
2530.7187	0.0309741478071289
2529.3017	0.0309223802890322
2527.8847	0.0309255373324717
2526.4678	0.0311772709525505
2525.0508	0.0311902274058787
2523.6338	0.0310729776905669
2522.2168	0.0307738146997021
2520.7999	0.0306921639643279
2519.3829	0.0305967238998075
2517.9659	0.0300608620219255
2516.5489	0.0309727392579944
2515.132	0.0303415227271907
2513.715	0.029936373517545
2512.298	0.0290944945308354
2510.881	0.0298329460478971
2509.4641	0.0305026932516148
2508.0471	0.0305071865999327
2506.6301	0.0300441833768229
2505.2131	0.0301629083597797
2503.7962	0.0290872886483445
2502.3792	0.0290793146478581
2500.9622	0.0296972754613179
2499.5452	0.0297392557385171
2498.1283	0.0303374789244406
2496.7113	0.0291905943625609
2495.2943	0.0295122844737193
2493.8773	0.0302358406359799
2492.4604	0.0302308272177789
2491.0434	0.0301279582344505
2489.6264	0.0308388722981882
2488.2094	0.0298144546962105
2486.7924	0.0298126377358532
2485.3755	0.0291930683102627
2483.9585	0.0297212733780744
2482.5415	0.0295828026426056
2481.1245	0.0293800721840351
2479.7076	0.0292738062668146
2478.2906	0.0299057946610033
2476.8736	0.029935408863614
2475.4566	0.0300518455959143
2474.0397	0.0299017782347682
2472.6227	0.0291031819855464
2471.2057	0.0288986921549484
2469.7887	0.0301896434023774
2468.3718	0.0294049004972417
2466.9548	0.0300239030240299
2465.5378	0.0292205126917273
2464.1208	0.0296875546838806
2462.7039	0.0292113652730317
2461.2869	0.029940053376611
2459.8699	0.0301550897855053
2458.4529	0.0294957450491885
2457.036	0.029052458303488
2455.619	0.0289836620918733
2454.202	0.0296019756759236
2452.785	0.0291523610095483
2451.3681	0.030092061898599
2449.9511	0.0293761950146086
2448.5341	0.0291626759338271
2447.1171	0.0291671512816997
2445.7002	0.0297427136293526
2444.2832	0.0289165899324378
2442.8662	0.0289819402470902
2441.4492	0.0291084229767281
2440.0322	0.0296140376353937
2438.6153	0.0289886018787299
2437.1983	0.0286038156214147
2435.7813	0.0283982719607702
2434.3643	0.0288260867615891
2432.9474	0.0285140134398803
2431.5304	0.0285937355393241
2430.1134	0.028420016742868
2428.6964	0.0290220792096982
2427.2795	0.0285857256398754
2425.8625	0.0291970407341943
2424.4455	0.0291540671514479
2423.0285	0.0282263388448344
2421.6116	0.0289727084342351
2420.1946	0.0286321474643119
2418.7776	0.0287226975154016
2417.3606	0.028481969492914
2415.9437	0.0283696455016104
2414.5267	0.0281029719377816
2413.1097	0.0288110061259718
2411.6927	0.0286214478703553
2410.2758	0.0288805706022521
2408.8588	0.028457738099929
2407.4418	0.02799417864585
2406.0248	0.0286322895020295
2404.6079	0.028395482233646
2403.1909	0.0286134997474095
2401.7739	0.0283853729210248
2400.3569	0.0280564198077952
2398.94	0.0272190538097451
2397.523	0.0288882007370303
2396.106	0.0278255947184425
2394.689	0.0286179674530301
2393.272	0.0285056208875078
2391.8551	0.0280927105238128
2390.4381	0.0282538551917054
2389.0211	0.0271771344280678
2387.6041	0.0280326905873223
2386.1872	0.0273873760273055
2384.7702	0.0279672344383786
2383.3532	0.0276034839637799
2381.9362	0.0282858812109609
2380.5193	0.0277839361671032
2379.1023	0.029043101934735
2377.6853	0.0285633548150161
2376.2683	0.0278262903950866
2374.8514	0.0276891564147905
2373.4344	0.0277914069933716
2372.0174	0.0276445177599039
2370.6004	0.0276839821260945
2369.1835	0.0274036520515378
2367.7665	0.0274131745815011
2366.3495	0.0281865301767046
2364.9325	0.027656617749284
2363.5156	0.0278324941782488
2362.0986	0.0282295177343147
2360.6816	0.0282971268619637
2359.2646	0.0288318464323171
2357.8477	0.0284503644163346
2356.4307	0.0275349018180787
2355.0137	0.0279055280932412
2353.5967	0.027408295118536
2352.1798	0.0277250772456609
2350.7628	0.0274353249318641
2349.3458	0.0277777963285789
2347.9288	0.0279541059933508
2346.5118	0.0282833059085686
2345.0949	0.0282904671145838
2343.6779	0.0283823398189137
2342.2609	0.0277389351250066
2340.8439	0.0276682469137133
2339.427	0.0275750835499262
2338.01	0.027403996027255
2336.593	0.0266788887836583
2335.176	0.0269848486520604
2333.7591	0.0273986643544079
2332.3421	0.0274411661836173
2330.9251	0.0281937769224678
2329.5081	0.0283191198050314
2328.0912	0.0284403584246216
2326.6742	0.0281353094364126
2325.2572	0.028731708267443
2323.8402	0.0279968085737031
2322.4233	0.028320264578686
2321.0063	0.0270180372913562
2319.5893	0.0283697956335879
2318.1723	0.027283196054802
2316.7554	0.028455682558978
2315.3384	0.0276096206336311
2313.9214	0.0282935783917156
2312.5044	0.0283290296098015
2311.0875	0.0281799154659995
2309.6705	0.0279112300115134
2308.2535	0.027379903994539
2306.8365	0.0273103763841853
2305.4196	0.0277207630553348
2304.0026	0.0272513943238058
2302.5856	0.0281891074941743
2301.1686	0.0283189870620741
2299.7516	0.0273262237955041
2298.3347	0.0280219995160031
2296.9177	0.026851374696181
2295.5007	0.0276817186947786
2294.0837	0.0275688787692301
2292.6668	0.0270718915543857
2291.2498	0.0275251656574656
2289.8328	0.0276406633912594
2288.4158	0.0280342466252258
2286.9989	0.0273119944967573
2285.5819	0.0272435622324825
2284.1649	0.0280346180583323
2282.7479	0.026878636893079
2281.331	0.0273697530083024
2279.914	0.0278652292664827
2278.497	0.0275384749885413
2277.08	0.0273492545070878
2275.6631	0.027199468250045
2274.2461	0.0266920230313374
2272.8291	0.0264790498540081
2271.4121	0.0267812095021021
2269.9952	0.0267895346507323
2268.5782	0.0267064390703763
2267.1612	0.0268293085180153
2265.7442	0.0264188327131263
2264.3273	0.0270377608108628
2262.9103	0.027055619508187
2261.4933	0.0270917262574637
2260.0763	0.0268074620852066
2258.6594	0.0262190629511584
2257.2424	0.0266816898952947
2255.8254	0.0262233962528161
2254.4084	0.0262796092582301
2252.9914	0.026230165472646
2251.5745	0.0265912059094223
2250.1575	0.0255999703533477
2248.7405	0.0259475142657598
2247.3235	0.0263121279101921
2245.9066	0.027304837649823
2244.4896	0.0270477719586301
2243.0726	0.0267544286805319
2241.6556	0.0256025545254492
2240.2387	0.0261692660829226
2238.8217	0.0262790153739776
2237.4047	0.02635058838094
2235.9877	0.0261895116614365
2234.5708	0.0256621657628938
2233.1538	0.0260934538113784
2231.7368	0.0260598661458186
2230.3198	0.0261673323356627
2228.9029	0.0259511343984408
2227.4859	0.0261206925768528
2226.0689	0.0270562114220085
2224.6519	0.0266112695660902
2223.235	0.0269121758016678
2221.818	0.0264228818934807
2220.401	0.0269455571566782
2218.984	0.0264540839354608
2217.5671	0.0267866029732633
2216.1501	0.0255927690041145
2214.7331	0.0259738020352267
2213.3161	0.0252419187855111
2211.8992	0.0256491657051731
2210.4822	0.0259146639060834
2209.0652	0.026184399202253
2207.6482	0.0259718274085303
2206.2312	0.0267991105792728
2204.8143	0.0267836623053298
2203.3973	0.0270546273373401
2201.9803	0.0271825005088442
2200.5633	0.0266869685839638
2199.1464	0.0267660406711559
2197.7294	0.0262804562748227
2196.3124	0.025951341321491
2194.8954	0.0263238063926998
2193.4785	0.0272531476292452
2192.0615	0.0280862134576832
2190.6445	0.0291274082359208
2189.2275	0.0281009839420011
2187.8106	0.0279079628457308
2186.3936	0.0266138067502265
2184.9766	0.0273927287793279
2183.5596	0.0274411701939596
2182.1427	0.02682573254501
2180.7257	0.0270664549554636
2179.3087	0.0264818891586963
2177.8917	0.0261403263136499
2176.4748	0.0260032014285084
2175.0578	0.0258553035343024
2173.6408	0.0256043810455175
2172.2238	0.024976203448119
2170.8069	0.024477423076053
2169.3899	0.0245220550763542
2167.9729	0.0257555500949185
2166.5559	0.0263041215645213
2165.139	0.0255850955934395
2163.722	0.0267265424776589
2162.305	0.026734777223232
2160.888	0.0261243039822786
2159.471	0.0250077314989179
2158.0541	0.0250361831139719
2156.6371	0.0251329593038471
2155.2201	0.0240358301144522
2153.8031	0.0241989857147785
2152.3862	0.0250729101157263
2150.9692	0.025781674268267
2149.5522	0.0247934603050648
2148.1352	0.0247553132514099
2146.7183	0.0247731745957044
2145.3013	0.0243185504112146
2143.8843	0.0254131637538167
2142.4673	0.0246737970592275
2141.0504	0.0241567157680358
2139.6334	0.0252198458742937
2138.2164	0.0245181720387091
2136.7994	0.025553140896917
2135.3825	0.0243772673548466
2133.9655	0.0243670996690903
2132.5485	0.0251267609453361
2131.1315	0.024114860964251
2129.7146	0.0246318119933038
2128.2976	0.0244065973353749
2126.8806	0.0252009688157501
2125.4636	0.0257204171392794
2124.0467	0.02465770301268
2122.6297	0.0243642894821945
2121.2127	0.0256540478948255
2119.7957	0.0260095014943071
2118.3788	0.0255916293506191
2116.9618	0.0255889615196458
2115.5448	0.025245994909453
2114.1278	0.0256193957247087
2112.7108	0.0265541410503158
2111.2939	0.0267917431387883
2109.8769	0.0260540259696908
2108.4599	0.025559188747088
2107.0429	0.0256426864311832
2105.626	0.0262710186205865
2104.209	0.0260010362166766
2102.792	0.0262062749176709
2101.375	0.0254990172100497
2099.9581	0.0252954415027079
2098.5411	0.0252049469786213
2097.1241	0.0255248492795867
2095.7071	0.0253810460611929
2094.2902	0.0257425591976479
2092.8732	0.0251788054630072
2091.4562	0.0246073142249295
2090.0392	0.024970810413399
2088.6223	0.0257751294710639
2087.2053	0.0260708347212518
2085.7883	0.0252437705025322
2084.3713	0.0261175858869905
2082.9544	0.0253132501873038
2081.5374	0.0256315319332372
2080.1204	0.0260207856261659
2078.7034	0.0250372797092531
2077.2865	0.025964744626795
2075.8695	0.0251528555365435
2074.4525	0.0257083849616433
2073.0355	0.0259630723254752
2071.6186	0.0245333955285734
2070.2016	0.0247785406860029
2068.7846	0.0253157344882756
2067.3676	0.0252444782373691
2065.9506	0.0248263737172614
2064.5337	0.0246754304406268
2063.1167	0.0250120463630768
2061.6997	0.0251550257648905
2060.2827	0.0258399232991805
2058.8658	0.0247345976247535
2057.4488	0.0250408615065625
2056.0318	0.0259216226253743
2054.6148	0.0259824333899974
2053.1979	0.0256564113791211
2051.7809	0.0257608913210163
2050.3639	0.0248579476071347
2048.9469	0.0249458079212572
2047.53	0.0246612204051863
2046.113	0.023681189742052
2044.696	0.0253142141866904
2043.279	0.0253270152304439
2041.8621	0.0253404374236716
2040.4451	0.025019991712517
2039.0281	0.0242034170640436
2037.6111	0.0240631184098773
2036.1942	0.0243702866365979
2034.7772	0.0248844216140226
2033.3602	0.0255073703813593
2031.9432	0.0246299600699735
2030.5263	0.0249513018406152
2029.1093	0.0243111170323091
2027.6923	0.0240033397032161
2026.2753	0.0235472536298697
2024.8584	0.0237239983519765
2023.4414	0.0240965715374371
2022.0244	0.0246193016902795
2020.6074	0.0255280306409044
2019.1904	0.0245634510520345
2017.7735	0.0246434156365422
2016.3565	0.0237271658785939
2014.9395	0.0221860094617907
2013.5225	0.0224550242017893
2012.1056	0.0220697568872021
2010.6886	0.0223782580825139
2009.2716	0.0227679535204839
2007.8546	0.0232690823714757
2006.4377	0.0233658097675392
2005.0207	0.0228815579789445
2003.6037	0.0231037249956542
2002.1867	0.0217720708118715
2000.7698	0.0242748493990859
1999.3528	0.0241897861538673
1997.9358	0.0232900179641545
1996.5188	0.0232942597279615
1995.1019	0.022607506018889
1993.6849	0.0226631402700821
1992.2679	0.0227533483838485
1990.8509	0.0233721578306445
1989.434	0.0234494699858176
1988.017	0.0246048787002284
1986.6	0.0251089956248927
1985.183	0.0254420860187329
1983.7661	0.0254849699792735
1982.3491	0.0250508178852193
1980.9321	0.025469094392867
1979.5151	0.0252214091817686
1978.0982	0.0243981877018398
1976.6812	0.0242661841820182
1975.2642	0.0223967155566157
1973.8472	0.0228335165517808
1972.4302	0.0231868778103617
1971.0133	0.0234705903520838
1969.5963	0.0226531742575536
1968.1793	0.0227548178565543
1966.7623	0.0229737556174353
1965.3454	0.022887413302918
1963.9284	0.0232846411618704
1962.5114	0.0232089942604999
1961.0944	0.0227714127837312
1959.6775	0.0231536784358502
1958.2605	0.0234262345186332
1956.8435	0.0225729353695581
1955.4265	0.0235410279385777
1954.0096	0.0230076097107957
1952.5926	0.0239676807907225
1951.1756	0.0232182666260355
1949.7586	0.023928210521716
1948.3417	0.0239067569274582
1946.9247	0.0223488603700099
1945.5077	0.0231000674658635
1944.0907	0.0229777381691393
1942.6738	0.0240468469414365
1941.2568	0.0234975972910929
1939.8398	0.0248909673220753
1938.4228	0.0233786433843135
1937.0059	0.0241919839789221
1935.5889	0.0234105642662958
1934.1719	0.0234825380518459
1932.7549	0.02344452267332
1931.338	0.0230685354309227
1929.921	0.0225058831726496
1928.504	0.022331958990475
1927.087	0.0231964413844757
1925.67	0.0233167108271582
1924.2531	0.02381070764087
1922.8361	0.0236738785334763
1921.4191	0.0248544399990045
1920.0021	0.0240169239082612
1918.5852	0.0236377411390814
1917.1682	0.0237712946311162
1915.7512	0.0236306278629314
1914.3342	0.0229955002145804
1912.9173	0.024236852743719
1911.5003	0.0235402410552818
1910.0833	0.0233438493078151
1908.6663	0.0237078597198095
1907.2494	0.0241475996749206
1905.8324	0.0240463049152257
1904.4154	0.0234647478584581
1902.9984	0.0236537386016118
1901.5815	0.0237034770010329
1900.1645	0.0235372914451308
1898.7475	0.0235686124093186
1897.3305	0.0239639672747913
1895.9136	0.0240023511724507
1894.4966	0.023192826683773
1893.0796	0.0229723551917815
1891.6626	0.023060554660267
1890.2457	0.0238490882637157
1888.8287	0.0236783323795315
1887.4117	0.0239332296643902
1885.9947	0.0235521356792255
1884.5778	0.0237462860989995
1883.1608	0.0239025656038041
1881.7438	0.0232574842447274
1880.3268	0.0231360173667741
1878.9098	0.0227635531966349
1877.4929	0.0230449883696818
1876.0759	0.0235878467715964
1874.6589	0.0232524329396019
1873.2419	0.0227882670941051
1871.825	0.0226892824495443
1870.408	0.0229734319050929
1868.991	0.0231163993173131
1867.574	0.0233479362939739
1866.1571	0.0237835534608967
1864.7401	0.0233971092953773
1863.3231	0.0239781178919521
1861.9061	0.0236790481400138
1860.4892	0.0232424458724785
1859.0722	0.023889077399822
1857.6552	0.0236095327958938
1856.2382	0.0233911349597316
1854.8213	0.0223394330307212
1853.4043	0.0235308472382242
1851.9873	0.0230851682339292
1850.5703	0.0223788514547315
1849.1534	0.0229295713448451
1847.7364	0.0234333275493069
1846.3194	0.0231708035859397
1844.9024	0.0233590974839353
1843.4855	0.0233849283578176
1842.0685	0.0236171342613438
1840.6515	0.0236436662860633
1839.2345	0.0223612234980022
1837.8176	0.0233273132493681
1836.4006	0.0231236217447484
1834.9836	0.0232672937962804
1833.5666	0.022975055008072
1832.1496	0.0224920109214129
1830.7327	0.0229215113512597
1829.3157	0.0227395210056829
1827.8987	0.0232257402661253
1826.4817	0.0230775517311894
1825.0648	0.0222874041931438
1823.6478	0.022271730926346
1822.2308	0.022637584664563
1820.8138	0.0231889025773793
1819.3969	0.0235409318776736
1817.9799	0.0230228641377381
1816.5629	0.0224600580415395
1815.1459	0.0225193989387648
1813.729	0.0225319370552933
1812.312	0.0220193684321218
1810.895	0.0222466995295977
1809.478	0.0223054026265966
1808.0611	0.0226018126667454
1806.6441	0.0231777305492338
1805.2271	0.0232561082013191
1803.8101	0.0224619550867704
1802.3932	0.0222955321688105
1800.9762	0.022915091621695
1799.5592	0.0232371310348965
1798.1422	0.0224870372319421
1796.7253	0.0225107604264115
1795.3083	0.0228408802919568
1793.8913	0.0222915918405335
1792.4743	0.0233065388843666
1791.0574	0.0224011978006269
1789.6404	0.0226655186334595
1788.2234	0.022262944391878
1786.8064	0.0226914517132434
1785.3894	0.0229095921296501
1783.9725	0.022789129390918
1782.5555	0.0230882794526181
1781.1385	0.0230715024000618
1779.7215	0.0231622753307738
1778.3046	0.0225411123317756
1776.8876	0.0229375342704534
1775.4706	0.0225957776191956
1774.0536	0.0227564421337306
1772.6367	0.0232166722750898
1771.2197	0.023051540903005
1769.8027	0.0226099044437808
1768.3857	0.0226293947571979
1766.9688	0.0227564604882212
1765.5518	0.0234617416031012
1764.1348	0.0232835866904338
1762.7178	0.022504097075765
1761.3009	0.0236444361977806
1759.8839	0.0230979115134201
1758.4669	0.0235096569614774
1757.0499	0.0230897023631551
1755.633	0.0242410225571542
1754.216	0.0245506662096915
1752.799	0.0243161879050854
1751.382	0.0242496331149808
1749.9651	0.0240540220522963
1748.5481	0.0247294639897869
1747.1311	0.0245014736847795
1745.7141	0.0247368304134452
1744.2972	0.024475846328816
1742.8802	0.0244074615273103
1741.4632	0.0243151459042848
1740.0462	0.02501041070325
1738.6292	0.0252707352616177
1737.2123	0.0256838524341058
1735.7953	0.0259721130166746
1734.3783	0.0251216231546496
1732.9613	0.0257828581949248
1731.5444	0.0268187537277329
1730.1274	0.0267313218766005
1728.7104	0.0262821684071655
1727.2934	0.026697107939399
1725.8765	0.0266701567416556
1724.4595	0.0259484310239608
1723.0425	0.0258759711904255
1721.6255	0.0267813561193959
1720.2086	0.0273007446116368
1718.7916	0.0272065589290194
1717.3746	0.0290118418619476
1715.9576	0.0288917101571165
1714.5407	0.0285207333128053
1713.1237	0.0292487761006182
1711.7067	0.0281781906875825
1710.2897	0.0292519180573591
1708.8728	0.0286522272442168
1707.4558	0.0288112030774618
1706.0388	0.0300878217075882
1704.6218	0.0293283310844464
1703.2049	0.0296127703344022
1701.7879	0.030369445426279
1700.3709	0.0303131221767375
1698.9539	0.0301744697592293
1697.537	0.0300779093499321
1696.12	0.0307259131301113
1694.703	0.0299570914622448
1693.286	0.0306740312693809
1691.869	0.031081152591208
1690.4521	0.0309778072339264
1689.0351	0.0303262829404515
1687.6181	0.0312513937519545
1686.2011	0.0308043633035765
1684.7842	0.0315538394650142
1683.3672	0.0313318217021049
1681.9502	0.0318090793129331
1680.5332	0.0315833020237212
1679.1163	0.032080018817983
1677.6993	0.0318160261475743
1676.2823	0.031034431701994
1674.8653	0.0324433800575687
1673.4484	0.0323613143545139
1672.0314	0.0322631170962375
1670.6144	0.0331398166628937
1669.1974	0.0327647814270717
1667.7805	0.0329318916810014
1666.3635	0.033271012008555
1664.9465	0.0324107596490892
1663.5295	0.0334336992101093
1662.1126	0.0331932671610809
1660.6956	0.0344757771973677
1659.2786	0.0343972570700407
1657.8616	0.0343666339752754
1656.4447	0.0333974269512801
1655.0277	0.0334538018597117
1653.6107	0.0346336075354598
1652.1937	0.0364826168171809
1650.7768	0.0365567235829165
1649.3598	0.0360395741915965
1647.9428	0.0357775570081686
1646.5258	0.0370713551294743
1645.1088	0.0383735449290915
1643.6919	0.0377432606582199
1642.2749	0.0386770575930711
1640.8579	0.0392601505312678
1639.4409	0.0394462285280413
1638.024	0.0400469131815605
1636.607	0.0402064002311148
1635.19	0.042068482695925
1633.773	0.0431605178790012
1632.3561	0.0423805466087297
1630.9391	0.0432059280536007
1629.5221	0.0430577815153329
1628.1051	0.043702592274959
1626.6882	0.0446589687765032
1625.2712	0.044177362291216
1623.8542	0.0451689655558221
1622.4372	0.0454824448749538
1621.0203	0.0455810428802094
1619.6033	0.0461294143968098
1618.1863	0.0460561960897971
1616.7693	0.0464535864614816
1615.3524	0.0470502415827299
1613.9354	0.0474998180154844
1612.5184	0.0478821059606354
1611.1014	0.0480602786291568
1609.6845	0.0493257026068106
1608.2675	0.0501549920311296
1606.8505	0.0494415285221598
1605.4335	0.0498580928359749
1604.0166	0.0502097276200918
1602.5996	0.0512801376409282
1601.1826	0.0506796317326827
1599.7656	0.051104778635254
1598.3486	0.0515685981228633
1596.9317	0.0511717886522539
1595.5147	0.0522364199534229
1594.0977	0.0506593140403119
1592.6807	0.0508198610873054
1591.2638	0.0506938782897919
1589.8468	0.0507732567637862
1588.4298	0.0499076047686596
1587.0128	0.0484310773042742
1585.5959	0.0495696127711432
1584.1789	0.048744316822457
1582.7619	0.0485898355311886
1581.3449	0.0473929902674704
1579.928	0.0464410351501862
1578.511	0.046095857617735
1577.094	0.0454684415050568
1575.677	0.0451260153360568
1574.2601	0.044392096199158
1572.8431	0.0438730445559656
1571.4261	0.0440015008636516
1570.0091	0.0433575140523567
1568.5922	0.0422080812879551
1567.1752	0.0433761189236708
1565.7582	0.0415075107504425
1564.3412	0.0410035100773694
1562.9243	0.0407983240482086
1561.5073	0.0395887306930268
1560.0903	0.03845550808077
1558.6733	0.0379333128996822
1557.2564	0.0374662156603058
1555.8394	0.0365831419853304
1554.4224	0.0359357963158733
1553.0054	0.0361528252080664
1551.5885	0.0352099106150988
1550.1715	0.0352871306707402
1548.7545	0.035090034096005
1547.3375	0.0346501201199735
1545.9205	0.0338946989996835
1544.5036	0.0335930953356752
1543.0866	0.0333560020241282
1541.6696	0.032592045023814
1540.2526	0.0325674479868435
1538.8357	0.0319133057106329
1537.4187	0.0320533679972466
1536.0017	0.0317130040283208
1534.5847	0.031819065839961
1533.1678	0.0318674291503133
1531.7508	0.0316045468697269
1530.3338	0.0314897028398069
1528.9168	0.0322273738702712
1527.4999	0.0320801135945696
1526.0829	0.0319143746890663
1524.6659	0.0321275587071441
1523.2489	0.0339602053215503
1521.832	0.0343549066988258
1520.415	0.0358623642001483
1518.998	0.036231705106289
1517.581	0.0379410362442876
1516.1641	0.0378550819234888
1514.7471	0.0379836402041401
1513.3301	0.039707443568274
1511.9131	0.0393598116297635
1510.4962	0.039926456026336
1509.0792	0.0402783164905606
1507.6622	0.0395856476121499
1506.2452	0.0402284002060144
1504.8283	0.0405307117646505
1503.4113	0.0394629930607979
1501.9943	0.0382090825715905
1500.5773	0.0370490760668858
1499.1603	0.0366595580045822
1497.7434	0.0358351911867191
1496.3264	0.0351949314825489
1494.9094	0.0343627114914326
1493.4924	0.0339670257059765
1492.0755	0.0331983590214233
1490.6585	0.0336989375941806
1489.2415	0.0325001621444854
1487.8245	0.0335503370449012
1486.4076	0.0344097534692319
1484.9906	0.0342834131098047
1483.5736	0.0343246983366094
1482.1566	0.035378515930341
1480.7397	0.0360553967777942
1479.3227	0.0357199220294054
1477.9057	0.0355677642255904
1476.4887	0.0358321306491032
1475.0718	0.0350614396066672
1473.6548	0.0356984354856435
1472.2378	0.0364705150477859
1470.8208	0.0378015532491491
1469.4039	0.0374281046184449
1467.9869	0.0393215826216351
1466.5699	0.0395092496946476
1465.1529	0.0404146106477537
1463.736	0.0418825682046617
1462.319	0.0417820298354739
1460.902	0.0427483124398372
1459.485	0.0439777277750195
1458.0681	0.0440113932186767
1456.6511	0.0451001742075582
1455.2341	0.0455268513714868
1453.8171	0.0461698609057084
1452.4001	0.045882186813878
1450.9832	0.0457032334488399
1449.5662	0.0463563467190563
1448.1492	0.0465269635296925
1446.7322	0.0458102870478676
1445.3153	0.0465577715609584
1443.8983	0.0460090940828256
1442.4813	0.0457926359023692
1441.0643	0.0464179514329937
1439.6474	0.0463466116220711
1438.2304	0.0464155332839647
1436.8134	0.0466477413685704
1435.3964	0.0472836526125504
1433.9795	0.0474229725168712
1432.5625	0.0478249566221641
1431.1455	0.0481839956808309
1429.7285	0.0489753373750962
1428.3116	0.0490270739423337
1426.8946	0.0510537928799188
1425.4776	0.0509836254031681
1424.0606	0.0511921391891139
1422.6437	0.0512788041527454
1421.2267	0.0512940041710754
1419.8097	0.0517304269808607
1418.3927	0.0522363391164621
1416.9758	0.0522266178198687
1415.5588	0.053235501869896
1414.1418	0.0530599288594496
1412.7248	0.0526398938833501
1411.3079	0.0524829833156021
1409.8909	0.0523697770501552
1408.4739	0.0522951962138443
1407.0569	0.0524019719640748
1405.6399	0.0527002497934766
1404.223	0.0524802085496224
1402.806	0.0533268223167971
1401.389	0.0532360787401778
1399.972	0.0528719410857378
1398.5551	0.0540130256005349
1397.1381	0.0532861135798678
1395.7211	0.05297386995674
1394.3041	0.0533298504642167
1392.8872	0.0551457819233665
1391.4702	0.055728680636469
1390.0532	0.0552041378511465
1388.6362	0.0563212924681644
1387.2193	0.0570638783192708
1385.8023	0.0567489209398799
1384.3853	0.0575300492427007
1382.9683	0.0571882923993797
1381.5514	0.0574829371203361
1380.1344	0.0571380727096854
1378.7174	0.0577924042622394
1377.3004	0.0559194571222504
1375.8835	0.0562899610208378
1374.4665	0.056431934970945
1373.0495	0.0574060515450415
1371.6325	0.0579103400679486
1370.2156	0.0577462084691473
1368.7986	0.0582594260345068
1367.3816	0.0584254860911444
1365.9646	0.0588754633347742
1364.5477	0.060030966254799
1363.1307	0.0604830303298558
1361.7137	0.0608889019832256
1360.2967	0.0606086551836766
1358.8797	0.0591075804524463
1357.4628	0.0596447964025558
1356.0458	0.0587068958738012
1354.6288	0.0574227412030689
1353.2118	0.057867451386135
1351.7949	0.0564026489572172
1350.3779	0.0560883856460735
1348.9609	0.057275386954396
1347.5439	0.0559851196785059
1346.127	0.0567587583589016
1344.71	0.0570065521059107
1343.293	0.0581102746063509
1341.876	0.0581701506763
1340.4591	0.058183336254973
1339.0421	0.0572896643317294
1337.6251	0.0588030474705653
1336.2081	0.0578468267673818
1334.7912	0.0581382607544607
1333.3742	0.0581703666148326
1331.9572	0.0575996959076561
1330.5402	0.0582869349766616
1329.1233	0.0567522537471548
1327.7063	0.056732907877431
1326.2893	0.0559650945945126
1324.8723	0.0562755772323389
1323.4554	0.0547079141422028
1322.0384	0.0547283924425367
1320.6214	0.0540445390990489
1319.2044	0.0532917335099523
1317.7875	0.0531379509046548
1316.3705	0.0527542135966532
1314.9535	0.0528690198313719
1313.5365	0.0525264610213416
1312.1195	0.0516982940383909
1310.7026	0.0523376809153738
1309.2856	0.0515067650194022
1307.8686	0.0520187238442816
1306.4516	0.0508612402717817
1305.0347	0.0519823197786212
1303.6177	0.0515654052414538
1302.2007	0.0517289788670441
1300.7837	0.0517102365075482
1299.3668	0.0514903562664288
1297.9498	0.0514606104025825
1296.5328	0.0522560404946167
1295.1158	0.051318453485827
1293.6989	0.0511447365291595
1292.2819	0.0525717016054979
1290.8649	0.0517081797017081
1289.4479	0.0517880492578463
1288.031	0.0516171352844352
1286.614	0.0528224453813958
1285.197	0.0522317505102962
1283.78	0.051932453907179
1282.3631	0.053368502664499
1280.9461	0.0529947962722877
1279.5291	0.0531053650378617
1278.1121	0.0546985205118565
1276.6952	0.0540102192941932
1275.2782	0.0555775401940731
1273.8612	0.0557002709166474
1272.4442	0.0567139369590472
1271.0273	0.0564416780435455
1269.6103	0.0572585542149141
1268.1933	0.0564296137802959
1266.7763	0.0561152702815765
1265.3593	0.0563630975142662
1263.9424	0.0562811395687759
1262.5254	0.0560300894475487
1261.1084	0.0559394717501552
1259.6914	0.0555912923601021
1258.2745	0.0558555855426596
1256.8575	0.0562609819067903
1255.4405	0.0557853196820158
1254.0235	0.055804934551671
1252.6066	0.0566586105432852
1251.1896	0.0565379103726045
1249.7726	0.0550377007994706
1248.3556	0.0548897660698687
1246.9387	0.0541706789122051
1245.5217	0.0551194399649844
1244.1047	0.0553553031912556
1242.6877	0.0547757026990903
1241.2708	0.0543350094313708
1239.8538	0.0542842713713194
1238.4368	0.0539724638130842
1237.0198	0.0551479995678318
1235.6029	0.0555664393077863
1234.1859	0.0555729025417384
1232.7689	0.0550663903924062
1231.3519	0.0548990864908476
1229.935	0.0538977254868795
1228.518	0.0543488804492593
1227.101	0.0533686136389035
1225.684	0.0523375124074876
1224.2671	0.0519596443276666
1222.8501	0.0517710501495266
1221.4331	0.0501781611965739
1220.0161	0.0502305514235779
1218.5991	0.049232496005465
1217.1822	0.048967759794715
1215.7652	0.0484929131263719
1214.3482	0.0473378124407253
1212.9312	0.048052261222148
1211.5143	0.0478437742607903
1210.0973	0.0472482361784827
1208.6803	0.0473366406320602
1207.2633	0.0462411829420289
1205.8464	0.0460761746626105
1204.4294	0.0464105872507088
1203.0124	0.0447443493831384
1201.5954	0.0445225801636546
1200.1785	0.0441222163570193
1198.7615	0.0439238200065875
1197.3445	0.0432448914892337
1195.9275	0.0427181294284199
1194.5106	0.0417981529757188
1193.0936	0.0421583329259499
1191.6766	0.0425656819016101
1190.2596	0.0407786320316787
1188.8427	0.0400973131718842
1187.4257	0.0391072952635205
1186.0087	0.0396696968432854
1184.5917	0.0387201273899863
1183.1748	0.0378648704534212
1181.7578	0.0389077795140335
1180.3408	0.0381897964419314
1178.9238	0.039103838320827
1177.5069	0.0390293490494382
1176.0899	0.0393469742630637
1174.6729	0.0406380786024141
1173.2559	0.0415164699522544
1171.8389	0.0416824151471719
1170.422	0.0436315622895528
1169.005	0.0452209209413149
1167.588	0.047672025318242
1166.171	0.049734475640058
1164.7541	0.0514018265055201
1163.3371	0.0546258430044469
1161.9201	0.0571886955245712
1160.5031	0.0603673675087506
1159.0862	0.0631726274877986
1157.6692	0.0652677757295303
1156.2522	0.0685012203109126
1154.8352	0.0705947539486973
1153.4183	0.0727638318816055
1152.0013	0.0741485265509365
1150.5843	0.0745933570678228
1149.1673	0.0766380015019265
1147.7504	0.0765487858254067
1146.3334	0.0760656871817715
1144.9164	0.0770667693937612
1143.4994	0.0770221580681877
1142.0825	0.0753235321299003
1140.6655	0.0745262840684935
1139.2485	0.0727524426325604
1137.8315	0.0718266773189525
1136.4146	0.071352814552521
1134.9976	0.0701976920404102
1133.5806	0.0707829982079929
1132.1636	0.0700582159858294
1130.7467	0.069822606833403
1129.3297	0.0692988816354005
1127.9127	0.0696086738111796
1126.4957	0.0707664738337422
1125.0787	0.0709883354274001
1123.6618	0.0707209691301236
1122.2448	0.0716832943572024
1120.8278	0.0722954126707022
1119.4108	0.0721255580925321
1117.9939	0.0724677822209495
1116.5769	0.0720176756485528
1115.1599	0.0730563020052325
1113.7429	0.0731764648222979
1112.326	0.0743062635164319
1110.909	0.0746109651999334
1109.492	0.0746347844903727
1108.075	0.0752540292499461
1106.6581	0.0757204696686985
1105.2411	0.0760112625211915
1103.8241	0.0774255928423834
1102.4071	0.077710533768199
1100.9902	0.0782443038719806
1099.5732	0.0784847631547226
1098.1562	0.0799575611202681
1096.7392	0.0796210772742573
1095.3223	0.0796615473043326
1093.9053	0.0804762985358
1092.4883	0.0807490064074385
1091.0713	0.0824598890903308
1089.6544	0.0823753926803447
1088.2374	0.0855300955330563
1086.8204	0.0870775001302971
1085.4034	0.0893524861648785
1083.9865	0.0921243271518922
1082.5695	0.0955770863313052
1081.1525	0.0974726869501393
1079.7355	0.100010000069239
1078.3185	0.101650300374419
1076.9016	0.102278993732634
1075.4846	0.1028457860335
1074.0676	0.102236031434981
1072.6506	0.10157114025387
1071.2337	0.0994936374291283
1069.8167	0.0966315587142194
1068.3997	0.0954024143162203
1066.9827	0.0941257999578456
1065.5658	0.0933065511534986
1064.1488	0.0934948106833995
1062.7318	0.0943537394820345
1061.3148	0.096342451017102
1059.8979	0.0958262148357496
1058.4809	0.0984227665743792
1057.0639	0.0986786979425485
1055.6469	0.10197220328725
1054.23	0.103316891095186
1052.813	0.105347079339989
1051.396	0.106925849256171
1049.979	0.108363607587668
1048.5621	0.111072675078463
1047.1451	0.113192881555213
1045.7281	0.115593270635331
1044.3111	0.116474022115414
1042.8942	0.11822463307613
1041.4772	0.120592130498233
1040.0602	0.123781370152887
1038.6432	0.124832601656568
1037.2263	0.126816357491829
1035.8093	0.128365271724456
1034.3923	0.13014524778743
1032.9753	0.133201854641515
1031.5583	0.135219121235847
1030.1414	0.137384821978728
1028.7244	0.13956737900151
1027.3074	0.141877483384705
1025.8904	0.143652580355643
1024.4735	0.145509652789393
1023.0565	0.148630601502899
1021.6395	0.150733035054273
1020.2225	0.151811688417254
1018.8056	0.15396583403879
1017.3886	0.154716544954996
1015.9716	0.156015559807683
1014.5546	0.157726752987046
1013.1377	0.157309080432772
1011.7207	0.1571571926091
1010.3037	0.158300926512885
1008.8867	0.158141358472407
1007.4698	0.158594963495169
1006.0528	0.159027037294895
1004.6358	0.15904244991378
1003.2188	0.15902830767925
1001.8019	0.159241808541034
1000.3849	0.160870381221804
998.9679	0.162287235538323
997.5509	0.16330967981135
996.134	0.163675608045496
994.717	0.163917049844446
993.3	0.164750454995773
991.883	0.165634461139429
990.4661	0.166058827176202
989.0491	0.165122725729362
987.6321	0.163878879761256
986.2151	0.163382783254281
984.7981	0.161905769038383
983.3812	0.160830320557551
981.9642	0.159461982035071
980.5472	0.156675629223506
979.1302	0.15511264886346
977.7133	0.151346121347292
976.2963	0.148943079214905
974.8793	0.146409813607903
973.4623	0.144407012862062
972.0454	0.140844551732856
970.6284	0.139130925693198
969.2114	0.135031745168327
967.7944	0.131775708230149
966.3775	0.129640138717258
964.9605	0.126957945068892
963.5435	0.123612929669821
962.1265	0.120402673573042
960.7096	0.117460258808918
959.2926	0.115161915675668
957.8756	0.113428862500628
956.4586	0.11112297928497
955.0417	0.109670238100536
953.6247	0.106803676202644
952.2077	0.104886072219793
950.7907	0.103751728931162
949.3738	0.101132490234672
947.9568	0.100238360770253
946.5398	0.0992722186347385
945.1228	0.0985667995945983
943.7059	0.0990238443362728
942.2889	0.0980229520339332
940.8719	0.0976841327027347
939.4549	0.0991559360803094
938.0379	0.0983875951009924
936.621	0.098711956106448
935.204	0.0993068208879733
933.787	0.098627905765208
932.37	0.0990902091723723
930.9531	0.0992056557377469
929.5361	0.0990969073163329
928.1191	0.100150424779985
926.7021	0.0992123728934765
925.2852	0.0994419614593398
923.8682	0.0987211548082493
922.4512	0.0989167779617093
921.0342	0.09827412727199
919.6173	0.0976013799044696
918.2003	0.0969729843028873
916.7833	0.0974698439765584
915.3663	0.0958052662181606
913.9494	0.0958543137919369
912.5324	0.0947450467240902
911.1154	0.0936102496487568
909.6984	0.0927405895870264
908.2815	0.092068998538666
906.8645	0.0911985973126141
905.4475	0.0899972275864288
904.0305	0.0886308218987135
902.6136	0.0889008208886375
901.1966	0.0886934425745737
899.7796	0.0877316987679932
898.3626	0.0867244660493927
896.9457	0.0862974118761063
895.5287	0.0861205782736204
894.1117	0.0854188037285564
892.6947	0.0846967041854058
891.2777	0.0837447607880669
889.8608	0.0827728868929971
888.4438	0.0823522993079596
887.0268	0.0820346052378806
885.6098	0.0813720052035985
884.1929	0.0812069757381403
882.7759	0.0803021577211974
881.3589	0.0786709381655439
879.9419	0.078037444547868
878.525	0.078470140632663
877.108	0.0772941752035098
875.691	0.0765991855921602
874.274	0.0773829010577096
872.8571	0.0770611450110873
871.4401	0.0780125164047864
870.0231	0.0776790872467494
868.6061	0.0785240264590302
867.1892	0.0794009882472293
865.7722	0.0791392578193739
864.3552	0.0788851760145898
862.9382	0.0806161485338925
861.5213	0.0812755703511067
860.1043	0.0807493498513287
858.6873	0.0812530334176862
857.2703	0.0815908489177327
855.8534	0.081448759519287
854.4364	0.0823131813052093
853.0194	0.0815351637371495
851.6024	0.0818061667864448
850.1855	0.0814741928560375
848.7685	0.0826546614261848
847.3515	0.0823177993583602
845.9345	0.0810419727000609
844.5175	0.0817514172309066
843.1006	0.0809569450997117
841.6836	0.0808365874325514
840.2666	0.0800816314932976
838.8496	0.0805418727931475
837.4327	0.0801122776486646
836.0157	0.0794569791422551
834.5987	0.0788755237639383
833.1817	0.0781517383102047
831.7648	0.0781463271622963
830.3478	0.0775092301482835
828.9308	0.0770997680911634
827.5138	0.0766521216878498
826.0969	0.0765259543917435
824.6799	0.076212537422051
823.2629	0.0760394566399603
821.8459	0.0763676942716641
820.429	0.0759975491521286
819.012	0.0759873572596926
817.595	0.0751597360151746
816.178	0.0750016794529912
814.7611	0.0744185731865488
813.3441	0.0743882582707797
811.9271	0.0738042384410979
810.5101	0.0734687930978902
809.0932	0.0741643940559618
807.6762	0.0737723085390396
806.2592	0.0729967520531783
804.8422	0.0728154554449497
803.4253	0.0721976625933184
802.0083	0.0723796202675504
800.5913	0.0724866783165576
799.1743	0.0721512311668988
797.7573	0.0728685973775284
796.3404	0.0729293636835268
794.9234	0.0727481004273794
793.5064	0.0732338535305061
792.0894	0.0739955274528134
790.6725	0.0729925861111253
789.2555	0.0741748895956593
787.8385	0.0740235827346028
786.4215	0.0746358800128443
785.0046	0.074857087680679
783.5876	0.0754314759121722
782.1706	0.0753099514987585
780.7536	0.0754246857629865
779.3367	0.0763535550756936
777.9197	0.0773963578420812
776.5027	0.0773803237906465
775.0857	0.0784667680158236
773.6688	0.078958077385344
772.2518	0.0801665576415813
770.8348	0.0812129097583385
769.4178	0.0824890062605301
768.0009	0.08294659767455
766.5839	0.0844080647044796
765.1669	0.0841729743133969
763.7499	0.0857218340574269
762.333	0.0854737033132431
760.916	0.0860733748504764
759.499	0.0863142567658697
758.082	0.0860771980358945
756.6651	0.0860633068429888
755.2481	0.0848678199062436
753.8311	0.0854996240443292
752.4141	0.0841980196313524
750.9971	0.0839250344604676
749.5802	0.0813853386185528
748.1632	0.0821744278916106
746.7462	0.0814543602701076
745.3292	0.080939290858882
743.9123	0.080218000574854
742.4953	0.0792594655150171
741.0783	0.0792815304089574
739.6613	0.0790803164127077
738.2444	0.0783248985457535
736.8274	0.0787689178994839
735.4104	0.0791083875643579
733.9934	0.0782490732662269
732.5765	0.0799729841519785
731.1595	0.0800501282482009
729.7425	0.0791485067010376
728.3255	0.0797658243532042
726.9086	0.0795360306659204
725.4916	0.0803894315059074
724.0746	0.080556761787201
722.6576	0.0819283327679199
721.2407	0.0818774097313081
719.8237	0.0826077131847134
718.4067	0.0835364243156598
716.9897	0.0842669334436501
715.5728	0.084691109126204
714.1558	0.0863647728124278
712.7388	0.0871517734594283
711.3218	0.0884933411761576
709.9049	0.0882465310621651
708.4879	0.0895482107137527
707.0709	0.0907010654892109
705.6539	0.0902146523293044
704.2369	0.090799502585016
702.82	0.0907235609592959
701.403	0.0903971801476847
699.986	0.0900866927486587
698.569	0.0899286911377329
697.1521	0.0895027285545918
695.7351	0.08945531557033
694.3181	0.0888741850366695
692.9011	0.0898123077231653
691.4842	0.0888351547135697
690.0672	0.0894157018063029
688.6502	0.0900816727407692
687.2332	0.090305328067565
685.8163	0.0897070991480143
684.3993	0.0901995153340155
682.9823	0.0892171886531051
681.5653	0.0896476179845078
680.1484	0.0896952644643338
678.7314	0.0898389828396785
677.3144	0.0904666120718315
675.8974	0.0896337035831078
674.4805	0.0904660853425239
673.0635	0.0902855012672351
671.6465	0.0903142523602687
670.2295	0.0901887287723516
668.8126	0.0913878526004495
667.3956	0.0920052770205637
665.9786	0.0916303110118053
664.5616	0.0924921484739251
663.1447	0.0928816412847011
661.7277	0.0926102380599247
660.3107	0.0927441246547825
658.8937	0.092932798834066
657.4767	0.092203900579699
656.0598	0.0935694787485667
654.6428	0.0933401400904486
653.2258	0.0936767341273921
651.8088	0.0951373280823454
650.3919	0.0948162373548396
648.9749	0.0952394631659041
647.5579	0.0956191128927047
646.1409	0.0955257019489474
644.724	0.095700383603355
643.307	0.0959910252801615
641.89	0.0962995873922417
640.473	0.0969237670378384
639.0561	0.0970892787584745
637.6391	0.0962900014493514
636.2221	0.0973079417981974
634.8051	0.0979586395871127
633.3882	0.0969560498438718
631.9712	0.0975504406100009
630.5542	0.0985279036839438
629.1372	0.0987054550455038
627.7203	0.100184325702245
626.3033	0.0998103940816855
624.8863	0.100535341042693
623.4693	0.101754823360567
622.0524	0.101243273251699
620.6354	0.103887337779235
619.2184	0.10426407683258
617.8014	0.106026874949773
616.3845	0.106403884208435
614.9675	0.107651293408028
613.5505	0.108703993920816
612.1335	0.108392805215097
610.7165	0.109842463788912
609.2996	0.111178968047223
607.8826	0.111911337122476
606.4656	0.112866592674805
605.0486	0.112632668194442
603.6317	0.113168226920108
602.2147	0.114038262284461
600.7977	0.113576760067318
599.3807	0.113019389562694
597.9638	0.113758129007009
596.5468	0.11377427115951
595.1298	0.113542948625556
593.7128	0.11397155611839
592.2959	0.113538805847088
590.8789	0.11343643312523
589.4619	0.114930655865171
588.0449	0.115103420843112
586.628	0.117095605600961
585.211	0.116999195154944
583.794	0.120207066627576
582.377	0.12033323007504
580.9601	0.122102350283002
579.5431	0.123898873108284
578.1261	0.124615119624046
576.7091	0.125639118655978
575.2922	0.127946484701333
573.8752	0.129090956681084
572.4582	0.130845989198396
571.0412	0.131809631285732
569.6243	0.129982969367743
568.2073	0.12970185014518
566.7903	0.129053386196909
565.3733	0.128750527744076
563.9563	0.128543431428007
562.5394	0.127177389115754
561.1224	0.126664054777323
559.7054	0.126188709789169
558.2884	0.126426366858478
556.8715	0.124877159629502
555.4545	0.125094185448499
554.0375	0.12451775030408
552.6205	0.125258431816021
551.2036	0.124676309149978
549.7866	0.124547591011947
548.3696	0.123475149478081
546.9526	0.122838168376817
545.5357	0.122714676025211
544.1187	0.123048817931771
542.7017	0.123858907064403
541.2847	0.124480151439581
539.8678	0.124529383752098
538.4508	0.125459446670477
537.0338	0.125953361315939
535.6168	0.127598415371432
534.1999	0.128852359111802
532.7829	0.129464366914999
531.3659	0.131420207216069
529.9489	0.13207140715587
528.532	0.132993073774068
527.115	0.132919663594107
525.698	0.13396856335354
524.281	0.135389397304035
522.8641	0.135843235457084
521.4471	0.136563561821401
520.0301	0.135872226832576
518.6131	0.135417786075598
517.1962	0.136974950098854
515.7792	0.136556198560004
514.3622	0.1367783649905
512.9452	0.136252351276706
511.5282	0.136924512690322
510.1113	0.137153880110025
508.6943	0.135667951210709
507.2773	0.135233817773525
505.8603	0.135278363622985
504.4434	0.135000106805079
503.0264	0.134384782256985
501.6094	0.13406473412068
500.1924	0.134427277377316
498.7755	0.135847709027766
497.3585	0.135302899085787
495.9415	0.134496386249312
494.5245	0.134533792844433
493.1076	0.132916554270768
491.6906	0.133425052991231
490.2736	0.132327405403537
488.8566	0.132642453337542
487.4397	0.133599266894944
486.0227	0.133419562307078
484.6057	0.133616767576229
483.1887	0.134522882913611
481.7718	0.135933369079401
480.3548	0.135880936559116
478.9378	0.137110588580645
477.5208	0.136388496464695
476.1039	0.135424166041852
474.6869	0.135594001623993
473.2699	0.135035924063432
471.8529	0.135644206037996
470.436	0.135166287559657
469.019	0.135432096989943
467.602	0.133864342757227
466.185	0.13247189349758
464.768	0.13291280900645
463.3511	0.133642823401563
461.9341	0.133646815361942
460.5171	0.133572413887026
459.1001	0.134351504354275
457.6832	0.1335620101302
456.2662	0.133957128594923
454.8492	0.134912248209758
453.4322	0.13458952582555
452.0153	0.133938236702866
450.5983	0.134160786368961
449.1813	0.134331295814249
447.7643	0.135424635169678
446.3474	0.136379689043832
444.9304	0.137924485946096
443.5134	0.138738008039032
442.0964	0.139538825408942
440.6795	0.141576640771706
439.2625	0.142006758173991
437.8455	0.141827218508486
436.4285	0.143100191035368
435.0116	0.142927515716659
433.5946	0.143260337155616
432.1776	0.1441135295581
430.7606	0.14645154842443
429.3437	0.146276458476384
427.9267	0.146149791008215
426.5097	0.146619744364132
425.0927	0.147485610359144
423.6758	0.149143000324282
422.2588	0.149118897953575
420.8418	0.149622485755674
419.4248	0.148925250493839
418.0078	0.149312732074413
416.5909	0.149233784085347
415.1739	0.148078053132172
413.7569	0.148122742207509
412.3399	0.147567812903768
410.923	0.149917603220604
409.506	0.151517356719567
408.089	0.152883675829191
406.672	0.152106283845862
405.2551	0.152801286263361
403.8381	0.151731483977955
402.4211	0.151229502255358
401.0041	0.150894308180003
