3994.4546	0.0187805394407548
3993.0377	0.0185890414655106
3991.6207	0.0186259273249001
3990.2037	0.0184106083774228
3988.7867	0.0185128917242545
3987.3698	0.0179130199089561
3985.9528	0.0174758232232805
3984.5358	0.0183790172289366
3983.1188	0.0180516890278479
3981.7019	0.018704226842964
3980.2849	0.017510589989494
3978.8679	0.0180453062227181
3977.4509	0.0184442432548396
3976.034	0.0179600229414513
3974.617	0.0177662487719284
3973.2	0.0187067493762907
3971.783	0.01833842672803
3970.3661	0.0183589006123284
3968.9491	0.0186040335704305
3967.5321	0.018408622565067
3966.1151	0.0173569789899551
3964.6982	0.0183815156934176
3963.2812	0.0183220708841259
3961.8642	0.0182409625434242
3960.4472	0.0176719451177769
3959.0303	0.0186208554849176
3957.6133	0.018704201669844
3956.1963	0.0187292609149129
3954.7793	0.0184992559012272
3953.3624	0.0178723971513503
3951.9454	0.017481997303552
3950.5284	0.0183513995902166
3949.1114	0.0180059510984171
3947.6944	0.0181673593415633
3946.2775	0.0179101467170364
3944.8605	0.0183459132636581
3943.4435	0.0181199794673573
3942.0265	0.0180086605389197
3940.6096	0.0181736471964584
3939.1926	0.0181228949649193
3937.7756	0.0171691218936836
3936.3586	0.0173401508145227
3934.9417	0.0177175920964593
3933.5247	0.0181439882057858
3932.1077	0.0177984086054823
3930.6907	0.0187719796383827
3929.2738	0.0181380899951979
3927.8568	0.018423137140931
3926.4398	0.0185377028426366
3925.0228	0.0182163848073968
3923.6059	0.0186769063528028
3922.1889	0.0179901405969198
3920.7719	0.0180322167765247
3919.3549	0.0181853453276794
3917.938	0.0188336370682973
3916.521	0.0180567794178844
3915.104	0.0183808151797366
3913.687	0.018752032607457
3912.2701	0.0181201692914593
3910.8531	0.0185397878357213
3909.4361	0.0179319855458277
3908.0191	0.0178863247868445
3906.6022	0.0185923139747941
3905.1852	0.017686787093523
3903.7682	0.0178459798407328
3902.3512	0.0185177461261516
3900.9342	0.0175996978992998
3899.5173	0.0174161246887487
3898.1003	0.0181118413984629
3896.6833	0.0186268020052341
3895.2663	0.0177366413755678
3893.8494	0.0179425204541547
3892.4324	0.0179896451415933
3891.0154	0.0185388129043095
3889.5984	0.018621311642524
3888.1815	0.0179564078697114
3886.7645	0.0183817204993454
3885.3475	0.0174792550023054
3883.9305	0.0179423774777268
3882.5136	0.0178962567253611
3881.0966	0.0178935790321294
3879.6796	0.0183202208694468
3878.2626	0.017446673030611
3876.8457	0.0177036408331777
3875.4287	0.0179357592435141
3874.0117	0.0177809216243282
3872.5947	0.0173300174152161
3871.1778	0.0175260966393105
3869.7608	0.0185202207791651
3868.3438	0.0183082770236563
3866.9268	0.0179973386187234
3865.5099	0.0183332710956666
3864.0929	0.0177149958886902
3862.6759	0.0177890743660471
3861.2589	0.0179402559295955
3859.842	0.017337789415162
3858.425	0.0180304340728538
3857.008	0.0167861167644689
3855.591	0.0160636997841543
3854.174	0.0173829473670863
3852.7571	0.0171887181372791
3851.3401	0.0169344312049926
3849.9231	0.0176289259410603
3848.5061	0.0181059987728399
3847.0892	0.0175941919660065
3845.6722	0.017121159870876
3844.2552	0.0176216894285701
3842.8382	0.0172233218111438
3841.4213	0.0167972328502617
3840.0043	0.0173288119273762
3838.5873	0.0176105559704708
3837.1703	0.0169761318970252
3835.7534	0.0179886019972607
3834.3364	0.017667955492952
3832.9194	0.0176662830504454
3831.5024	0.0180142383186051
3830.0855	0.0181217003774674
3828.6685	0.0179850375063336
3827.2515	0.0177284095192778
3825.8345	0.0176415411516883
3824.4176	0.0176137822381135
3823.0006	0.0170998258172966
3821.5836	0.018300721887001
3820.1666	0.0176073168355692
3818.7497	0.0177348117159854
3817.3327	0.0166118189869141
3815.9157	0.0167872532155545
3814.4987	0.0180859258000279
3813.0818	0.0175998131345126
3811.6648	0.017443358680017
3810.2478	0.0170159759677016
3808.8308	0.0176593199370571
3807.4138	0.0169237632101028
3805.9969	0.0175231068170568
3804.5799	0.0176879415743483
3803.1629	0.0171017865850564
3801.7459	0.0171254149376543
3800.329	0.0177514659777192
3798.912	0.017254959441288
3797.495	0.0166883779509712
3796.078	0.0177964229746358
3794.6611	0.017606953497871
3793.2441	0.016942418305658
3791.8271	0.0174036606530924
3790.4101	0.0175057924802697
3788.9932	0.0169160315519852
3787.5762	0.0170991763462533
3786.1592	0.0170636895566964
3784.7422	0.0178607048208196
3783.3253	0.016395406640163
3781.9083	0.0172690713689913
3780.4913	0.0167735785690611
3779.0743	0.0175259255311697
3777.6574	0.0173524543456487
3776.2404	0.017670146518662
3774.8234	0.0174916283815912
3773.4064	0.0167834497594086
3771.9895	0.0171730224132603
3770.5725	0.0169521908323204
3769.1555	0.0168115182516229
3767.7385	0.0167936763580701
3766.3216	0.0170574718463757
3764.9046	0.0161660681405991
3763.4876	0.0174947482852283
3762.0706	0.016308657109686
3760.6536	0.0168411736553497
3759.2367	0.0168340282244313
3757.8197	0.0170512625910209
3756.4027	0.0171322920562916
3754.9857	0.0168081724955332
3753.5688	0.0170318298188047
3752.1518	0.0172752702546442
3750.7348	0.0170675059960675
3749.3178	0.0172132952662283
3747.9009	0.0175048626701919
3746.4839	0.0169346788554205
3745.0669	0.0169745478525885
3743.6499	0.0176697766932197
3742.233	0.0168963922424565
3740.816	0.0174572188567795
3739.399	0.0168778209354262
3737.982	0.0162749367210072
3736.5651	0.016513916759254
3735.1481	0.01580449624351
3733.7311	0.0162159016111705
3732.3141	0.0159366043228413
3730.8972	0.0163822582742539
3729.4802	0.0169095966791268
3728.0632	0.016747818851017
3726.6462	0.0154024239545791
3725.2293	0.0162591904201453
3723.8123	0.016302498893759
3722.3953	0.0165996674182345
3720.9783	0.0165506276558935
3719.5614	0.0160785685763416
3718.1444	0.0158648767278734
3716.7274	0.0154397140124382
3715.3104	0.0159840697702638
3713.8935	0.0153447329852682
3712.4765	0.016234223242425
3711.0595	0.0165007615261831
3709.6425	0.0156230322354824
3708.2255	0.0159506351034587
3706.8086	0.016239245154977
3705.3916	0.0159379683846586
3703.9746	0.0162739961703148
3702.5576	0.0161794181753004
3701.1407	0.016862098837569
3699.7237	0.0155708870274035
3698.3067	0.0160357504102594
3696.8897	0.0151937358240477
3695.4728	0.0170464232583219
3694.0558	0.0158280091541937
3692.6388	0.0159304151282112
3691.2218	0.0155973172616467
3689.8049	0.0158263212365716
3688.3879	0.0155001093280409
3686.9709	0.0154094598112893
3685.5539	0.0155560332742528
3684.137	0.0161696658811082
3682.72	0.0159509674390153
3681.303	0.0151516113362833
3679.886	0.0153171959343529
3678.4691	0.01447892295433
3677.0521	0.0157637574951281
3675.6351	0.0162385443863646
3674.2181	0.0158325992073987
3672.8012	0.0163580710946641
3671.3842	0.0158928714484951
3669.9672	0.0157754029748946
3668.5502	0.0162237264531331
3667.1333	0.0164319715991048
3665.7163	0.016529123845523
3664.2993	0.015622342288749
3662.8823	0.0153598231891961
3661.4653	0.0158779449905672
3660.0484	0.0157812071841314
3658.6314	0.0158589438297307
3657.2144	0.0165972775673941
3655.7974	0.0165147342668845
3654.3805	0.0169658625231675
3652.9635	0.0156680728821472
3651.5465	0.0161625387612493
3650.1295	0.0158497382183483
3648.7126	0.0161019052420703
3647.2956	0.0159664060222791
3645.8786	0.0168541285048538
3644.4616	0.0160722264408481
3643.0447	0.01679365323587
3641.6277	0.0171533616064185
3640.2107	0.0166613675254734
3638.7937	0.0167490409940031
3637.3768	0.0163948269536174
3635.9598	0.01709639144118
3634.5428	0.0167681035745201
3633.1258	0.016673768100581
3631.7089	0.0171260460993347
3630.2919	0.0174082639026107
3628.8749	0.0169609425591213
3627.4579	0.0175587609456028
3626.041	0.0178710426239992
3624.624	0.0175010270373451
3623.207	0.0169159156835771
3621.79	0.0173643462472307
3620.3731	0.0188230447536885
3618.9561	0.0182676170221832
3617.5391	0.018890635266769
3616.1221	0.0180828728588278
3614.7051	0.0182858181443127
3613.2882	0.0190739640751879
3611.8712	0.0182260345583397
3610.4542	0.0180580122717493
3609.0372	0.0185264303566486
3607.6203	0.0182236558209137
3606.2033	0.0183753965093636
3604.7863	0.0185518538347094
3603.3693	0.0189353457203504
3601.9524	0.0192079310522144
3600.5354	0.0191331269620737
3599.1184	0.0191885771469781
3597.7014	0.0197768297442662
3596.2845	0.020094614675925
3594.8675	0.0197304309089751
3593.4505	0.019833890215597
3592.0335	0.0201699264684133
3590.6166	0.0205148325362274
3589.1996	0.020982378040594
3587.7826	0.0206006322258801
3586.3656	0.0207129349796176
3584.9487	0.0204083067194836
3583.5317	0.0213470016757179
3582.1147	0.0213771676563873
3580.6977	0.0214778859867188
3579.2808	0.0214994696334635
3577.8638	0.0220479946123787
3576.4468	0.0221050169049692
3575.0298	0.0218556292080769
3573.6129	0.0227828068909395
3572.1959	0.023202762595738
3570.7789	0.0225397813872376
3569.3619	0.0231413921568508
3567.9449	0.0219788457928299
3566.528	0.0233063963407195
3565.111	0.0237227521454084
3563.694	0.0243328796222597
3562.277	0.0248141602106948
3560.8601	0.0239302642094483
3559.4431	0.0254582552067691
3558.0261	0.0261166938830303
3556.6091	0.0249050041418935
3555.1922	0.0263636649499387
3553.7752	0.0251098658264841
3552.3582	0.0257497023278757
3550.9412	0.0256026195506527
3549.5243	0.0265286135577083
3548.1073	0.0255920571641093
3546.6903	0.0269222995218137
3545.2733	0.0262010745545506
3543.8564	0.0271849026383979
3542.4394	0.0274167602642991
3541.0224	0.0279747732447922
3539.6054	0.0285433679199082
3538.1885	0.0278254167786415
3536.7715	0.0283217353423143
3535.3545	0.0299964283397126
3533.9375	0.0290959057868137
3532.5206	0.0293072294859393
3531.1036	0.0300413660196347
3529.6866	0.0304187316993378
3528.2696	0.0300494316259041
3526.8527	0.0296665429587889
3525.4357	0.0309133700698071
3524.0187	0.0309617453931683
3522.6017	0.0318794286507762
3521.1847	0.0318644413021678
3519.7678	0.0315382506374502
3518.3508	0.0320420891541831
3516.9338	0.0321818498738566
3515.5168	0.0325608153280645
3514.0999	0.0330932712465718
3512.6829	0.0332870933008655
3511.2659	0.0336290473093601
3509.8489	0.0334915239441273
3508.432	0.0337718743493044
3507.015	0.0341768607479252
3505.598	0.0344758924484475
3504.181	0.0348815998177512
3502.7641	0.0348234661872454
3501.3471	0.0347858210925714
3499.9301	0.0348886120414435
3498.5131	0.0354194911825124
3497.0962	0.0361356094297082
3495.6792	0.0355913401761914
3494.2622	0.0364467624156268
3492.8452	0.0364388003281571
3491.4283	0.0374461389918157
3490.0113	0.0372135982160365
3488.5943	0.0379060127333713
3487.1773	0.0376533828230292
3485.7604	0.0382990626895817
3484.3434	0.0386389033470315
3482.9264	0.0382165653825067
3481.5094	0.0386951449933631
3480.0925	0.0393588382789868
3478.6755	0.0388978186290642
3477.2585	0.0399104850438844
3475.8415	0.0397205350068118
3474.4245	0.0398168699375156
3473.0076	0.0403145183700265
3471.5906	0.0406012736025193
3470.1736	0.040606076911997
3468.7566	0.0408042804942105
3467.3397	0.0416774460663013
3465.9227	0.0409887636081269
3464.5057	0.0413963432191295
3463.0887	0.0410492330832901
3461.6718	0.0426039896247177
3460.2548	0.0426752017750547
3458.8378	0.0418437839543636
3457.4208	0.0426041973406046
3456.0039	0.0428604013630882
3454.5869	0.0441874809313725
3453.1699	0.0443582935519094
3451.7529	0.0438833396793208
3450.336	0.0449674711914895
3448.919	0.044098098610878
3447.502	0.0448397885380989
3446.085	0.0448849857127803
3444.6681	0.0449794035469463
3443.2511	0.0456502814949032
3441.8341	0.0456959592767351
3440.4171	0.0468018888828372
3439.0002	0.0467008397025462
3437.5832	0.0462161898394307
3436.1662	0.0465497190361551
3434.7492	0.0472462786573796
3433.3323	0.0462440339594803
3431.9153	0.047631233548824
3430.4983	0.0475085116996628
3429.0813	0.0473376478420469
3427.6643	0.0482966461122452
3426.2474	0.0476993328897471
3424.8304	0.0479790536774133
3423.4134	0.0483641782557786
3421.9964	0.0486189991264526
3420.5795	0.049607527773423
3419.1625	0.0487994121906056
3417.7455	0.0486400785743079
3416.3285	0.0505634312518851
3414.9116	0.0498523962438642
3413.4946	0.0501238897374063
3412.0776	0.0506917652186891
3410.6606	0.0504377139107107
3409.2437	0.0507238634675706
3407.8267	0.0515332998509431
3406.4097	0.0512559225109032
3404.9927	0.0507083890341633
3403.5758	0.0515148734868155
3402.1588	0.0511269592579561
3400.7418	0.05167598272658
3399.3248	0.05160581388958
3397.9079	0.0515456043792619
3396.4909	0.0527986258010972
3395.0739	0.0530048079996593
3393.6569	0.0523656995740237
3392.24	0.0524336195410385
3390.823	0.0531700509135241
3389.406	0.0537905672903465
3387.989	0.0538464295891324
3386.5721	0.0541467984665824
3385.1551	0.0537160526455438
3383.7381	0.0534487740837932
3382.3211	0.0540822007349728
3380.9041	0.0544544315802348
3379.4872	0.0540392317171849
3378.0702	0.0549057332230096
3376.6532	0.055186954374234
3375.2362	0.0554299725277929
3373.8193	0.0561232498908328
3372.4023	0.0554088002270813
3370.9853	0.055456579308134
3369.5683	0.0560517344224756
3368.1514	0.0560183565441694
3366.7344	0.0559222695622954
3365.3174	0.0546974702953857
3363.9004	0.0563975016663626
3362.4835	0.0565975172241759
3361.0665	0.0566361493561747
3359.6495	0.0568648635531605
3358.2325	0.057346253051125
3356.8156	0.0566266170155269
3355.3986	0.0574573824445074
3353.9816	0.0581714092616637
3352.5646	0.0577287458496854
3351.1477	0.0575785497813434
3349.7307	0.0572722045869701
3348.3137	0.05749133979411
3346.8967	0.0579833378695896
3345.4798	0.0580689174191624
3344.0628	0.0583882073258459
3342.6458	0.0580605759936785
3341.2288	0.0586922926041303
3339.8119	0.0577601097605797
3338.3949	0.0588643417766895
3336.9779	0.057795509615819
3335.5609	0.0581710974557681
3334.1439	0.0592393385455183
3332.727	0.0586180883827491
3331.31	0.0584334071208804
3329.893	0.0586409481428402
3328.476	0.0585880695758349
3327.0591	0.0587388942811811
3325.6421	0.059421826212731
3324.2251	0.0595936505138659
3322.8081	0.0594686862911454
3321.3912	0.0597845241941755
3319.9742	0.0595495657066804
3318.5572	0.0595503571789165
3317.1402	0.0596953599024468
3315.7233	0.0592941610635175
3314.3063	0.0598342512799789
3312.8893	0.060417746160442
3311.4723	0.0602789062758438
3310.0554	0.0593029285138337
3308.6384	0.0605489762969441
3307.2214	0.0596559455617429
3305.8044	0.0596876082264478
3304.3875	0.0602841378447404
3302.9705	0.0597791695239588
3301.5535	0.0596957088134626
3300.1365	0.0600264413794358
3298.7196	0.0598007016958503
3297.3026	0.0604203880330787
3295.8856	0.060341986910033
3294.4686	0.0606562283482891
3293.0517	0.0602958636103326
3291.6347	0.0608538179276885
3290.2177	0.0603831143397441
3288.8007	0.0604497395207956
3287.3837	0.0606628415809631
3285.9668	0.0602813538360602
3284.5498	0.0602055074965406
3283.1328	0.0602077084028404
3281.7158	0.0599958816983441
3280.2989	0.0607309956938919
3278.8819	0.0598651144352148
3277.4649	0.0601974856877441
3276.0479	0.0602649204221997
3274.631	0.0608347463556782
3273.214	0.0599832500533447
3271.797	0.0599604931612872
3270.38	0.0603282684055125
3268.9631	0.0606175242605142
3267.5461	0.0598539089245571
3266.1291	0.0594838303812217
3264.7121	0.060208716606573
3263.2952	0.0601271340798382
3261.8782	0.0602797629598528
3260.4612	0.0607066454630345
3259.0442	0.0607501006308862
3257.6273	0.0606321342149707
3256.2103	0.0597877524579022
3254.7933	0.0602808346250201
3253.3763	0.0606431973687356
3251.9594	0.0607490598343876
3250.5424	0.0595251634100949
3249.1254	0.0608879707876926
3247.7084	0.0605664610649203
3246.2915	0.0602966478024588
3244.8745	0.0605734343943193
3243.4575	0.0603613413052873
3242.0405	0.0598974237396321
3240.6235	0.0599094852711941
3239.2066	0.060314453991201
3237.7896	0.0602648736936909
3236.3726	0.0594609251991137
3234.9556	0.0599076717651516
3233.5387	0.0599424605829351
3232.1217	0.059795125522022
3230.7047	0.0605115305611154
3229.2877	0.0592218150279542
3227.8708	0.0598107036117922
3226.4538	0.0601318538975268
3225.0368	0.0591890903921077
3223.6198	0.0594193792097894
3222.2029	0.0592444552200595
3220.7859	0.0593547895492674
3219.3689	0.0592971074459685
3217.9519	0.0587520524457258
3216.535	0.0589137896187679
3215.118	0.0601482437058524
3213.701	0.0584551260506836
3212.284	0.0591063895268589
3210.8671	0.058698652815342
3209.4501	0.0590458473074473
3208.0331	0.0582310681028824
3206.6161	0.0580344938902422
3205.1992	0.0575862553648115
3203.7822	0.0581891180775734
3202.3652	0.0576269660235859
3200.9482	0.0574433648892853
3199.5313	0.0573953903673914
3198.1143	0.0571634574540827
3196.6973	0.0579048043577566
3195.2803	0.0580626463795214
3193.8633	0.0575568307523014
3192.4464	0.057676041855589
3191.0294	0.0580357253458841
3189.6124	0.0566427420828102
3188.1954	0.0569599276870879
3186.7785	0.0563623231233342
3185.3615	0.0562912666132032
3183.9445	0.0564911798457452
3182.5275	0.055549269834109
3181.1106	0.0557289840316146
3179.6936	0.0561587935207178
3178.2766	0.0560893527515386
3176.8596	0.0551937443114419
3175.4427	0.0553367833758762
3174.0257	0.0557127341218219
3172.6087	0.0556450841942907
3171.1917	0.0553478286347382
3169.7748	0.0549246996609105
3168.3578	0.0545923760745222
3166.9408	0.055404251901884
3165.5238	0.0541495500949194
3164.1069	0.0537943112200308
3162.6899	0.053800938032701
3161.2729	0.0540376085565863
3159.8559	0.0547025447622337
3158.439	0.0542395424860504
3157.022	0.0536340892368538
3155.605	0.0537872381114508
3154.188	0.0536282856244305
3152.7711	0.0537933486040074
3151.3541	0.0535296590840876
3149.9371	0.0534709841738926
3148.5201	0.0530396531726703
3147.1031	0.0529267719167603
3145.6862	0.0516787250827401
3144.2692	0.0524917885718219
3142.8522	0.0516474469317015
3141.4352	0.0519054326835875
3140.0183	0.0514263363414838
3138.6013	0.0520210750120308
3137.1843	0.0517351645904002
3135.7673	0.051871489323888
3134.3504	0.0514508801597205
3132.9334	0.0513669303679022
3131.5164	0.0506154253642016
3130.0994	0.0510132815810331
3128.6825	0.05144709418893
3127.2655	0.0501969750556268
3125.8485	0.0508980476613418
3124.4315	0.0505666879783745
3123.0146	0.0499267701061306
3121.5976	0.049687928470198
3120.1806	0.0492447428059472
3118.7636	0.049484976359426
3117.3467	0.0499416690917606
3115.9297	0.049116023000051
3114.5127	0.0495909737747165
3113.0957	0.0485776281024159
3111.6788	0.0489798917508515
3110.2618	0.0474483089060215
3108.8448	0.0486954866906707
3107.4278	0.048045367612323
3106.0109	0.048750573522452
3104.5939	0.0480973963297212
3103.1769	0.0478093727827593
3101.7599	0.0478371960122063
3100.3429	0.0481802370156253
3098.926	0.047034717390112
3097.509	0.0476673314243512
3096.092	0.0469238495181867
3094.675	0.0470852943494768
3093.2581	0.0465661508521513
3091.8411	0.0467912995772022
3090.4241	0.0465991967314586
3089.0071	0.0460951096856668
3087.5902	0.0461491727711386
3086.1732	0.0464649830318006
3084.7562	0.0465906355351883
3083.3392	0.0462396789128426
3081.9223	0.0460168759524277
3080.5053	0.0455963845958138
3079.0883	0.0454513238756572
3077.6713	0.0444904975512951
3076.2544	0.0454566754637433
3074.8374	0.0451746858639226
3073.4204	0.0457414086723262
3072.0034	0.044511938814933
3070.5865	0.0447520359030311
3069.1695	0.044092779943515
3067.7525	0.0435929506964655
3066.3355	0.0444813304933879
3064.9186	0.0440489906125593
3063.5016	0.0438813545642477
3062.0846	0.0440633595955669
3060.6676	0.0433566513974008
3059.2507	0.0438030987717169
3057.8337	0.0430397404533289
3056.4167	0.0430440330405435
3054.9997	0.0424214105123693
3053.5827	0.043082768329738
3052.1658	0.0428538761230739
3050.7488	0.0423872194313443
3049.3318	0.0424788848389811
3047.9148	0.0425190544667461
3046.4979	0.0416438474209067
3045.0809	0.0423002246098271
3043.6639	0.04162567823634
3042.2469	0.0416864179531175
3040.83	0.0423894417536153
3039.413	0.0415307895738589
3037.996	0.0402542227602046
3036.579	0.0409509631766677
3035.1621	0.0405902465617064
3033.7451	0.0402103667019491
3032.3281	0.0398551587116125
3030.9111	0.0410951643914456
3029.4942	0.0403548710497151
3028.0772	0.0407466326115605
3026.6602	0.0400540073112096
3025.2432	0.039920874333206
3023.8263	0.0394392818836163
3022.4093	0.0398616948784446
3020.9923	0.0393544330135202
3019.5753	0.0397569123689868
3018.1584	0.0393362873691569
3016.7414	0.0400136118069139
3015.3244	0.0397764528902793
3013.9074	0.0388189782380135
3012.4905	0.0391939219989989
3011.0735	0.0390424404288619
3009.6565	0.0377518398376102
3008.2395	0.0385657849996314
3006.8225	0.0386525245388019
3005.4056	0.0383555813151024
3003.9886	0.0387114804481775
3002.5716	0.0382290590044203
3001.1546	0.0384076925994288
2999.7377	0.0383908486476874
2998.3207	0.0386680685186642
2996.9037	0.0386091659905543
2995.4867	0.038340798467299
2994.0698	0.0377358127686274
2992.6528	0.0379929494316054
2991.2358	0.0387058425226423
2989.8188	0.0373167079381356
2988.4019	0.0372999832681601
2986.9849	0.0381642332987117
2985.5679	0.0382920705922474
2984.1509	0.0380531567553411
2982.734	0.0380649722358471
2981.317	0.0387775776938205
2979.9	0.0384366664938835
2978.483	0.0385533864352858
2977.0661	0.0388776406670352
2975.6491	0.0387803229616665
2974.2321	0.0387191642587517
2972.8151	0.0388394274859301
2971.3982	0.0395052653382355
2969.9812	0.0401719174770468
2968.5642	0.0399237870592382
2967.1472	0.0392213342664744
2965.7303	0.039755116739714
2964.3133	0.0398538692369932
2962.8963	0.0396948643849193
2961.4793	0.0403736644584464
2960.0623	0.0401414499598613
2958.6454	0.0412110286257768
2957.2284	0.0409756394104696
2955.8114	0.041061222064938
2954.3944	0.0420509814337174
2952.9775	0.0416548864362676
2951.5605	0.0422180426400785
2950.1435	0.0426464091362939
2948.7265	0.042439663429332
2947.3096	0.0436223359615615
2945.8926	0.0435112964548998
2944.4756	0.0435769909508442
2943.0586	0.0437913408506738
2941.6417	0.044726117426481
2940.2247	0.044806193450053
2938.8077	0.0453643772602939
2937.3907	0.0450556995341667
2935.9738	0.0453217866158291
2934.5568	0.0464296123235045
2933.1398	0.0459750294742656
2931.7228	0.0459350549852274
2930.3059	0.046298212395718
2928.8889	0.046043820419838
2927.4719	0.0462407446273918
2926.0549	0.0466729723834858
2924.638	0.0465144601576335
2923.221	0.0465930270926885
2921.804	0.0462849447843617
2920.387	0.0469169597398345
2918.9701	0.0470238870443108
2917.5531	0.0461410341293073
2916.1361	0.046347204403791
2914.7191	0.0465965883848642
2913.3021	0.0467446371434829
2911.8852	0.0465624403681178
2910.4682	0.0464176654600392
2909.0512	0.045737485313267
2907.6342	0.045907927063037
2906.2173	0.0458894944974589
2904.8003	0.0454604637644233
2903.3833	0.0456898239986611
2901.9663	0.0456587647460586
2900.5494	0.0454640121650787
2899.1324	0.0451307603926662
2897.7154	0.0462315929636024
2896.2984	0.0456603912106964
2894.8815	0.0459239885554828
2893.4645	0.0468998444009414
2892.0475	0.0462152275580529
2890.6305	0.0462272840527147
2889.2136	0.0459616698918556
2887.7966	0.0457750446981442
2886.3796	0.0455885902085018
2884.9626	0.0450469552695373
2883.5457	0.04492586234879
2882.1287	0.0450671631512245
2880.7117	0.0449393577809324
2879.2947	0.0444055099545444
2877.8778	0.0443604017238962
2876.4608	0.0442710741382107
2875.0438	0.0456300919552966
2873.6268	0.0442087082822406
2872.2099	0.0444174078604413
2870.7929	0.0439958809669975
2869.3759	0.0439679728111115
2867.9589	0.0436898986413749
2866.5419	0.0434201336142302
2865.125	0.043534402863109
2863.708	0.0421830688137007
2862.291	0.0429454914364653
2860.874	0.0428297910606858
2859.4571	0.042634620268264
2858.0401	0.0429228632756408
2856.6231	0.0422850580333168
2855.2061	0.0420784713893628
2853.7892	0.0421169807813631
2852.3722	0.0412734773058217
2850.9552	0.0413028150123362
2849.5382	0.041051316231077
2848.1213	0.040777238843508
2846.7043	0.0414573231818622
2845.2873	0.0404369297220447
2843.8703	0.0402311949774192
2842.4534	0.0403620341163039
2841.0364	0.0408256984854842
2839.6194	0.0407099268982564
2838.2024	0.0399263718681951
2836.7855	0.0406305770044509
2835.3685	0.0401090505966185
2833.9515	0.0388309299567677
2832.5345	0.0390933951819033
2831.1176	0.0397051888663986
2829.7006	0.0405127244972456
2828.2836	0.0397238299580135
2826.8666	0.0394000665952476
2825.4497	0.039036654714738
2824.0327	0.0389882972756767
2822.6157	0.0388369553327988
2821.1987	0.0387737988149063
2819.7817	0.0387895117348878
2818.3648	0.0378608048973802
2816.9478	0.0382934852916641
2815.5308	0.0379783330246161
2814.1138	0.0385308896888433
2812.6969	0.0384336520018981
2811.2799	0.0383129895872173
2809.8629	0.0376762477737558
2808.4459	0.0383250385679988
2807.029	0.0377138737495578
2805.612	0.0377751394095471
2804.195	0.0372944842568476
2802.778	0.0375454912146462
2801.3611	0.0374856824053362
2799.9441	0.0367963408383551
2798.5271	0.0371940120667283
2797.1101	0.0369303086429673
2795.6932	0.0364791744500294
2794.2762	0.0372856787561723
2792.8592	0.0366335649826536
2791.4422	0.0365175116106531
2790.0253	0.0370691550302226
2788.6083	0.0359357084025142
2787.1913	0.0365589216437157
2785.7743	0.0370624213995532
2784.3574	0.0368114154512788
2782.9404	0.0359006138584899
2781.5234	0.0363700088781584
2780.1064	0.036145894701411
2778.6895	0.0366486089396016
2777.2725	0.0360949232047668
2775.8555	0.0360627285162645
2774.4385	0.0359773185793969
2773.0215	0.0353936054585119
2771.6046	0.0361563365896569
2770.1876	0.0354546927699142
2768.7706	0.0360541220209214
2767.3536	0.0356439228455318
2765.9367	0.0367040028496705
2764.5197	0.0360754683249825
2763.1027	0.0354731568895621
2761.6857	0.0352841459330557
2760.2688	0.0360393307346579
2758.8518	0.0360646646359552
2757.4348	0.0353342883512026
2756.0178	0.0360512430442946
2754.6009	0.0351064355054395
2753.1839	0.0351056373497396
2751.7669	0.0353592223239173
2750.3499	0.0356211213109871
2748.933	0.0356948091218345
2747.516	0.0351590203999227
2746.099	0.0354054642628033
2744.682	0.0345219192984233
2743.2651	0.035064551434613
2741.8481	0.0351793866603791
2740.4311	0.0348233352473765
2739.0141	0.0354605103926724
2737.5972	0.0348156111167133
2736.1802	0.0352770193105383
2734.7632	0.0350796964842388
2733.3462	0.0352247607539967
2731.9293	0.034690099794665
2730.5123	0.0349028014489324
2729.0953	0.0344194944553292
2727.6783	0.0351951237226481
2726.2613	0.0351826784498151
2724.8444	0.0346677288457756
2723.4274	0.0355840472073636
2722.0104	0.0359363507464907
2720.5934	0.0351102324277998
2719.1765	0.0346126420661859
2717.7595	0.0348388104448944
2716.3425	0.0348661428306037
2714.9255	0.0345308192364711
2713.5086	0.0349016682784426
2712.0916	0.0345817740073011
2710.6746	0.033828258875134
2709.2576	0.0340898180175482
2707.8407	0.0335152203209988
2706.4237	0.0346668095221699
2705.0067	0.0341340633718944
2703.5897	0.0341899925019176
2702.1728	0.0338478739756947
2700.7558	0.0339798238574355
2699.3388	0.0339284362372366
2697.9218	0.0344447251737308
2696.5049	0.0340365035228398
2695.0879	0.0338543687366813
2693.6709	0.0340601065700006
2692.2539	0.034008806491634
2690.837	0.0334663279205023
2689.42	0.0338951304476257
2688.003	0.0339736224938977
2686.586	0.034088969795025
2685.1691	0.0332193560977079
2683.7521	0.0329358137117358
2682.3351	0.0334697483167132
2680.9181	0.0340398372013418
2679.5011	0.0336400241260798
2678.0842	0.0336019120517531
2676.6672	0.0340604431294136
2675.2502	0.0329182724267895
2673.8332	0.0330618370912719
2672.4163	0.0337440737338574
2670.9993	0.0323046732110486
2669.5823	0.0337238715039753
2668.1653	0.0330595429810054
2666.7484	0.0336926707878152
2665.3314	0.0332633028982385
2663.9144	0.0339882713390466
2662.4974	0.0334670282142591
2661.0805	0.0334206320628951
2659.6635	0.0332057994404908
2658.2465	0.0329861321277748
2656.8295	0.0332609267900839
2655.4126	0.0328752071714672
2653.9956	0.0335802313512105
2652.5786	0.0329204354784206
2651.1616	0.0329934161930664
2649.7447	0.033051836145267
2648.3277	0.032315418171003
2646.9107	0.0341625907933382
2645.4937	0.0322934831859951
2644.0768	0.0330682155149798
2642.6598	0.0324246874186453
2641.2428	0.032441564540859
2639.8258	0.0327778824949525
2638.4089	0.0319271363274324
2636.9919	0.0324250845367312
2635.5749	0.0328789338988923
2634.1579	0.0317344756735283
2632.741	0.0324225813710636
2631.324	0.0321144033743278
2629.907	0.0326024348728492
2628.49	0.0322624310983045
2627.073	0.0318615187913306
2625.6561	0.0321810258584494
2624.2391	0.031556273774209
2622.8221	0.0309934515674096
2621.4051	0.0318458303345905
2619.9882	0.0317626667915165
2618.5712	0.0313095073969666
2617.1542	0.0313095233674778
2615.7372	0.0311565784922009
2614.3203	0.0321497612083936
2612.9033	0.0316904507502677
2611.4863	0.0314329568384545
2610.0693	0.0317575108746009
2608.6524	0.0308159394543503
2607.2354	0.031856682382578
2605.8184	0.030822436907146
2604.4014	0.0305860332316647
2602.9845	0.0314111121046628
2601.5675	0.0316467512984705
2600.1505	0.0297757906035836
2598.7335	0.0307721552590228
2597.3166	0.0316574682793927
2595.8996	0.0309239657493544
2594.4826	0.0316192275873895
2593.0656	0.0300533873249726
2591.6487	0.03101499607546
2590.2317	0.0303716401302357
2588.8147	0.0302760305733167
2587.3977	0.0301666121573007
2585.9808	0.0312244809820512
2584.5638	0.0305575306140617
2583.1468	0.0299606574989488
2581.7298	0.0315222914495456
2580.3128	0.0301936377841847
2578.8959	0.0305673544490846
2577.4789	0.0307290248986457
2576.0619	0.031463540059594
2574.6449	0.0308819331717928
2573.228	0.0299867092783307
2571.811	0.0304424974952681
2570.394	0.0303674761393521
2568.977	0.029015961344045
2567.5601	0.0304499055005742
2566.1431	0.0303073480502462
2564.7261	0.0306506819390709
2563.3091	0.0302143221985733
2561.8922	0.0300791228273727
2560.4752	0.0294914105766929
2559.0582	0.0302313148639394
2557.6412	0.0301750500990805
2556.2243	0.0299893432918022
2554.8073	0.0288611571258478
2553.3903	0.0296298932562509
2551.9733	0.0292353423080871
2550.5564	0.0290843084175376
2549.1394	0.0293075039509645
2547.7224	0.0295684254909957
2546.3054	0.0300160887874618
2544.8885	0.0298459743484505
2543.4715	0.029868524421438
2542.0545	0.02921926446177
2540.6375	0.0292713465784639
2539.2206	0.0292194594502367
2537.8036	0.0290942371934628
2536.3866	0.0286246275721557
2534.9696	0.0287528277295233
2533.5526	0.0294233627294888
2532.1357	0.0298348607983453
2530.7187	0.0294952746347275
2529.3017	0.0295250826265043
2527.8847	0.0293746203590708
2526.4678	0.0291964131907139
2525.0508	0.0293074797775129
2523.6338	0.0295963469935238
2522.2168	0.0287335882343238
2520.7999	0.029056498978725
2519.3829	0.0292996499493939
2517.9659	0.0288839166243423
2516.5489	0.0288615327547816
2515.132	0.0288009346680719
2513.715	0.0285592209518274
2512.298	0.0290914597879624
2510.881	0.0292521515720719
2509.4641	0.0295407491167565
2508.0471	0.0280756933006051
2506.6301	0.0289514772096224
2505.2131	0.0277910946184913
2503.7962	0.0283699346494716
2502.3792	0.0282149426828003
2500.9622	0.0273185213494525
2499.5452	0.0279334563536855
2498.1283	0.0285845470321841
2496.7113	0.0280686917684089
2495.2943	0.0279784750806776
2493.8773	0.0284451052351449
2492.4604	0.0285313632731055
2491.0434	0.0277887569401596
2489.6264	0.0284482746585092
2488.2094	0.0288796903399663
2486.7924	0.0286916931037191
2485.3755	0.0281969355577106
2483.9585	0.0276326000344147
2482.5415	0.0281365194099699
2481.1245	0.0282516081318129
2479.7076	0.0273650929060704
2478.2906	0.0282145303840088
2476.8736	0.0275293609996897
2475.4566	0.0279646848454877
2474.0397	0.0284281497137517
2472.6227	0.0283143830782198
2471.2057	0.0286557419709068
2469.7887	0.0280643580559974
2468.3718	0.0281502594048975
2466.9548	0.028065144539221
2465.5378	0.0276884659883873
2464.1208	0.028271999863675
2462.7039	0.0281015054532078
2461.2869	0.0284690800292367
2459.8699	0.0282769961445734
2458.4529	0.0274627058825279
2457.036	0.0273854631956783
2455.619	0.0276510645797455
2454.202	0.0286197238449803
2452.785	0.0281986220764268
2451.3681	0.0272279630240706
2449.9511	0.0282695654307101
2448.5341	0.0279790006214125
2447.1171	0.0279492098377968
2445.7002	0.0278768181101333
2444.2832	0.0276138881201371
2442.8662	0.0274704873638122
2441.4492	0.0272568255491504
2440.0322	0.02797289377503
2438.6153	0.0272446010648353
2437.1983	0.0272926653730435
2435.7813	0.0271806127597026
2434.3643	0.0280011335796674
2432.9474	0.0275340692118515
2431.5304	0.027748784991853
2430.1134	0.0268680315594786
2428.6964	0.026450961098799
2427.2795	0.0275505336571644
2425.8625	0.0274602413597541
2424.4455	0.0266131303038664
2423.0285	0.0271638609602769
2421.6116	0.0273019295865159
2420.1946	0.0266398501934989
2418.7776	0.0274541946754033
2417.3606	0.0268941945516023
2415.9437	0.0271518207600303
2414.5267	0.0272752875308575
2413.1097	0.0275619166137424
2411.6927	0.0274786538521651
2410.2758	0.0262532701948732
2408.8588	0.0270491513057892
2407.4418	0.0272095594427894
2406.0248	0.027089317122647
2404.6079	0.0263800593095885
2403.1909	0.0272210415943809
2401.7739	0.0266913155273052
2400.3569	0.0261500305034131
2398.94	0.0267414993803233
2397.523	0.0269515801166479
2396.106	0.0266622400501781
2394.689	0.0264778346423816
2393.272	0.0263834306019176
2391.8551	0.027589269566775
2390.4381	0.026970497096526
2389.0211	0.0270744644199764
2387.6041	0.0262999536443649
2386.1872	0.0267761444872367
2384.7702	0.0267516522748662
2383.3532	0.0263510009587397
2381.9362	0.0263307212113032
2380.5193	0.0265803030300083
2379.1023	0.0262640042717129
2377.6853	0.026539387039247
2376.2683	0.0264337051474363
2374.8514	0.0264202589528365
2373.4344	0.0266830127705388
2372.0174	0.0260318937750474
2370.6004	0.026413249481006
2369.1835	0.0264747862767937
2367.7665	0.026460922630025
2366.3495	0.0255665680208119
2364.9325	0.0253031153953099
2363.5156	0.0257404627608894
2362.0986	0.026299153645348
2360.6816	0.0260378881098162
2359.2646	0.0260488347612607
2357.8477	0.0263353351676667
2356.4307	0.0268597747911849
2355.0137	0.0254072505825126
2353.5967	0.0256484602933548
2352.1798	0.0269658710876732
2350.7628	0.0257218156723615
2349.3458	0.0263600143853227
2347.9288	0.025592619808878
2346.5118	0.0258431317980491
2345.0949	0.0257292992247158
2343.6779	0.0253718086548505
2342.2609	0.0251459910644537
2340.8439	0.0264116697673171
2339.427	0.0261979571973766
2338.01	0.0252506426016171
2336.593	0.0259379543755744
2335.176	0.0254408489274083
2333.7591	0.0264869943657927
2332.3421	0.0265386011359672
2330.9251	0.0268778686981295
2329.5081	0.0261949707461813
2328.0912	0.026585604420257
2326.6742	0.0263343697567864
2325.2572	0.0266715098955168
2323.8402	0.0274667640801717
2322.4233	0.0275615622506963
2321.0063	0.0258621638377845
2319.5893	0.026366342494743
2318.1723	0.0261871407643706
2316.7554	0.0258255455341393
2315.3384	0.026399973981703
2313.9214	0.0270316040369501
2312.5044	0.02600710033513
2311.0875	0.0254938018840638
2309.6705	0.0264346137315094
2308.2535	0.0259598829345715
2306.8365	0.0256224970038585
2305.4196	0.025400204160208
2304.0026	0.0262501299371428
2302.5856	0.0261430930979118
2301.1686	0.0259800811713978
2299.7516	0.026511576810165
2298.3347	0.0263996879574591
2296.9177	0.0265730336017966
2295.5007	0.0263805120342729
2294.0837	0.0251177136172744
2292.6668	0.0258327012412802
2291.2498	0.02603171528505
2289.8328	0.0262204842897409
2288.4158	0.0259645565372698
2286.9989	0.0255887634299819
2285.5819	0.0263817398899934
2284.1649	0.0257970968807149
2282.7479	0.0251609711066186
2281.331	0.0258573917326129
2279.914	0.0255473160601942
2278.497	0.0256778609603315
2277.08	0.0254479981805866
2275.6631	0.0252579950364741
2274.2461	0.024818682218552
2272.8291	0.0256311850564157
2271.4121	0.0252293917098083
2269.9952	0.0254163431101265
2268.5782	0.0254085746674546
2267.1612	0.0251089763540538
2265.7442	0.0244472430074304
2264.3273	0.0246710716111008
2262.9103	0.0241500440685703
2261.4933	0.0249769254791518
2260.0763	0.0247065476598201
2258.6594	0.0252466844406017
2257.2424	0.0251122965551755
2255.8254	0.0256307630057314
2254.4084	0.0248416613114147
2252.9914	0.0244098345045831
2251.5745	0.024759617245971
2250.1575	0.0247089486827468
2248.7405	0.0245252067468886
2247.3235	0.0253486840202168
2245.9066	0.0253112653447251
2244.4896	0.0248870813158626
2243.0726	0.024450930259438
2241.6556	0.0243681788078616
2240.2387	0.0241939837103745
2238.8217	0.0240896552830056
2237.4047	0.02423047947889
2235.9877	0.0241084415064163
2234.5708	0.0239988844155213
2233.1538	0.0250554261778872
2231.7368	0.0245771525163167
2230.3198	0.0240455863299195
2228.9029	0.0238326860292074
2227.4859	0.0249465757942267
2226.0689	0.0244367577549035
2224.6519	0.0243446432326058
2223.235	0.025026043106558
2221.818	0.0243882310001648
2220.401	0.0236417285564632
2218.984	0.0244262635656111
2217.5671	0.0249649068763295
2216.1501	0.0249666756352581
2214.7331	0.0245183228295702
2213.3161	0.023797031292423
2211.8992	0.0239155715233924
2210.4822	0.0240925744944502
2209.0652	0.0240535448716333
2207.6482	0.0241686545524658
2206.2312	0.0243479414472775
2204.8143	0.0253620775065856
2203.3973	0.0244403070455721
2201.9803	0.0244188803710379
2200.5633	0.0232964612150719
2199.1464	0.0236230177005209
2197.7294	0.0238338354321279
2196.3124	0.0243085398886974
2194.8954	0.0245376557692717
2193.4785	0.0252504582400435
2192.0615	0.0247963724420572
2190.6445	0.0248250344866629
2189.2275	0.0246445959397462
2187.8106	0.0245316908929633
2186.3936	0.0251699308783256
2184.9766	0.0243958499458211
2183.5596	0.0237963186258497
2182.1427	0.0240238346106745
2180.7257	0.0231924351900477
2179.3087	0.0238294547033896
2177.8917	0.0239891606142298
2176.4748	0.0240326786854523
2175.0578	0.024438301733546
2173.6408	0.0242354766877282
2172.2238	0.0235082505768191
2170.8069	0.0244487616522705
2169.3899	0.0238571705027274
2167.9729	0.0244472199517744
2166.5559	0.0247750616603688
2165.139	0.0253349962865669
2163.722	0.0247285380521419
2162.305	0.0239176716145073
2160.888	0.0236028514267627
2159.471	0.0232710415717888
2158.0541	0.0221324559404551
2156.6371	0.0216765987069218
2155.2201	0.0210774692006918
2153.8031	0.0215959235332547
2152.3862	0.0217026498280667
2150.9692	0.0226797167779156
2149.5522	0.0222026282072416
2148.1352	0.0222833278884514
2146.7183	0.022360310746775
2145.3013	0.0225285912866145
2143.8843	0.0223022620381705
2142.4673	0.023436256311978
2141.0504	0.0224914791951105
2139.6334	0.0226911148307134
2138.2164	0.0229407521814109
2136.7994	0.0226023000531982
2135.3825	0.0228069455268519
2133.9655	0.0220957287006399
2132.5485	0.0224478636056852
2131.1315	0.0221807143732539
2129.7146	0.0222698288811102
2128.2976	0.0232038458294187
2126.8806	0.0232751728900608
2125.4636	0.023473025435273
2124.0467	0.0235762911653394
2122.6297	0.0234782772835074
2121.2127	0.0236507031747456
2119.7957	0.0237518411917042
2118.3788	0.0239892814108024
2116.9618	0.0240468425828364
2115.5448	0.0246867981787991
2114.1278	0.0237470690764854
2112.7108	0.0237038743047021
2111.2939	0.0249340618590202
2109.8769	0.0245458652547497
2108.4599	0.0230249804859944
2107.0429	0.023411667735434
2105.626	0.0232012649656991
2104.209	0.0237286147598987
2102.792	0.0243476851477591
2101.375	0.0234826702976251
2099.9581	0.0231939255647432
2098.5411	0.0234851756928618
2097.1241	0.0231254581875114
2095.7071	0.0231756144102534
2094.2902	0.0233667249511428
2092.8732	0.0238774669852764
2091.4562	0.0238207851945679
2090.0392	0.024594780951987
2088.6223	0.0239681202704288
2087.2053	0.0238152449483119
2085.7883	0.0240059409588774
2084.3713	0.0240997676402469
2082.9544	0.0233233629355542
2081.5374	0.0228636054995887
2080.1204	0.0239369885413665
2078.7034	0.0236356709806562
2077.2865	0.0235472761894959
2075.8695	0.0233017188132839
2074.4525	0.0234099695710288
2073.0355	0.0241998222022376
2071.6186	0.0233744223251514
2070.2016	0.0231779392865752
2068.7846	0.023378657362568
2067.3676	0.0239429590841757
2065.9506	0.023651122785626
2064.5337	0.0235821218097635
2063.1167	0.0237245487159006
2061.6997	0.0230459027192544
2060.2827	0.0237335467697059
2058.8658	0.0239110638182016
2057.4488	0.0228039534549686
2056.0318	0.0231200117094935
2054.6148	0.0228041183701298
2053.1979	0.0229103163033547
2051.7809	0.0223111528674746
2050.3639	0.02302761335556
2048.9469	0.0222546630071093
2047.53	0.0223634057746114
2046.113	0.022255734736239
2044.696	0.0227454721844856
2043.279	0.0227187754947426
2041.8621	0.0218023662701816
2040.4451	0.0217674984486781
2039.0281	0.0224269755680564
2037.6111	0.0215493863476534
2036.1942	0.022397793260541
2034.7772	0.0221048208545587
2033.3602	0.0211061187235979
2031.9432	0.0220723353626291
2030.5263	0.0218926124500644
2029.1093	0.0225504598692094
2027.6923	0.0222608992516468
2026.2753	0.021000450491396
2024.8584	0.0207005330083166
2023.4414	0.0199960657366035
2022.0244	0.0205254737548568
2020.6074	0.0206788885578768
2019.1904	0.0210763716957801
2017.7735	0.0214064046133722
2016.3565	0.0206562338522892
2014.9395	0.0210175209769554
2013.5225	0.0209925708782191
2012.1056	0.0203024144648575
2010.6886	0.0205526482466351
2009.2716	0.0208752210515667
2007.8546	0.0203743009861181
2006.4377	0.020483110852306
2005.0207	0.0202794081893203
2003.6037	0.0203247805269042
2002.1867	0.020812640986629
2000.7698	0.0214652554842562
1999.3528	0.0207770506963303
1997.9358	0.0208132759855594
1996.5188	0.0205963741189575
1995.1019	0.0207449430584263
1993.6849	0.0202845218628158
1992.2679	0.020488428622537
1990.8509	0.020512719026377
1989.434	0.0214970354403071
1988.017	0.0217622336197109
1986.6	0.0207559690794839
1985.183	0.021415908539519
1983.7661	0.0212911228488386
1982.3491	0.0208288945404534
1980.9321	0.0218197699589284
1979.5151	0.0217669387005377
1978.0982	0.0208505714178693
1976.6812	0.0210403501445447
1975.2642	0.020246301070679
1973.8472	0.0196107266347924
1972.4302	0.0201268345862273
1971.0133	0.0198961453422323
1969.5963	0.0204614065286458
1968.1793	0.01906829992719
1966.7623	0.019293068243745
1965.3454	0.0205730073141203
1963.9284	0.0203800035312211
1962.5114	0.0205186177034819
1961.0944	0.0201570211651893
1959.6775	0.0208991679427956
1958.2605	0.0213930835810285
1956.8435	0.0211167443580381
1955.4265	0.0204045083279922
1954.0096	0.0211230401571518
1952.5926	0.0210962288248002
1951.1756	0.0215176991239355
1949.7586	0.0210151763515896
1948.3417	0.020224678988646
1946.9247	0.0206917472413325
1945.5077	0.0212607315275433
1944.0907	0.0207132890382766
1942.6738	0.0220912982503202
1941.2568	0.0219170158964642
1939.8398	0.0214024288054249
1938.4228	0.0224248078698301
1937.0059	0.0219023337253279
1935.5889	0.0218684317644699
1934.1719	0.0214217112630055
1932.7549	0.0210491042341837
1931.338	0.0212958949211212
1929.921	0.0202753072791321
1928.504	0.0213667942540252
1927.087	0.0216251010534854
1925.67	0.0215721276327594
1924.2531	0.021479027119906
1922.8361	0.0215557668936901
1921.4191	0.0226417348879811
1920.0021	0.0223389048064146
1918.5852	0.0219073327892722
1917.1682	0.0220370988143578
1915.7512	0.0219192773779803
1914.3342	0.0220020220596185
1912.9173	0.0222921799604423
1911.5003	0.0211828576435447
1910.0833	0.0216263981408252
1908.6663	0.0230664487664653
1907.2494	0.02202568617034
1905.8324	0.0220105736804562
1904.4154	0.021580586758045
1902.9984	0.0217884638218141
1901.5815	0.0217583157723761
1900.1645	0.0219563873022886
1898.7475	0.0229257985057675
1897.3305	0.0226414433059173
1895.9136	0.022369588653087
1894.4966	0.0221221335803842
1893.0796	0.0217868315409959
1891.6626	0.022592501421465
1890.2457	0.0210937387447422
1888.8287	0.0214678654950923
1887.4117	0.0217546235427516
1885.9947	0.021356270641658
1884.5778	0.0216180207034377
1883.1608	0.0223787371732533
1881.7438	0.0219336099537159
1880.3268	0.0212511942371732
1878.9098	0.0214284254003148
1877.4929	0.0221037594853148
1876.0759	0.0216796846010714
1874.6589	0.0215671931290325
1873.2419	0.0209966070040008
1871.825	0.0215236268280273
1870.408	0.0221569223210349
1868.991	0.0216785150598323
1867.574	0.0216304813645261
1866.1571	0.0222434161083566
1864.7401	0.0218489735080675
1863.3231	0.0223125042115865
1861.9061	0.0215403538020286
1860.4892	0.0211633783119409
1859.0722	0.0218280582245001
1857.6552	0.0210105523453646
1856.2382	0.0216724156037991
1854.8213	0.0211792553994237
1853.4043	0.0215578019608019
1851.9873	0.0217082432067687
1850.5703	0.0218667748702345
1849.1534	0.0217609211868097
1847.7364	0.0213778171195084
1846.3194	0.022148184879085
1844.9024	0.0214721589776704
1843.4855	0.0219839011595529
1842.0685	0.0212992958360031
1840.6515	0.0208251252577206
1839.2345	0.021267052313976
1837.8176	0.0211285089348472
1836.4006	0.0214786265493817
1834.9836	0.0222578255633683
1833.5666	0.0212258994636907
1832.1496	0.021847208619626
1830.7327	0.0216347313826257
1829.3157	0.0220209048518569
1827.8987	0.0214486147997688
1826.4817	0.0211860072265402
1825.0648	0.0212774069689728
1823.6478	0.0209979119829639
1822.2308	0.0208110074488566
1820.8138	0.0213625896938291
1819.3969	0.0210506507891291
1817.9799	0.0206782759837516
1816.5629	0.0214165954735466
1815.1459	0.0216553630410361
1813.729	0.021137425951183
1812.312	0.0214640815487279
1810.895	0.0215150061056249
1809.478	0.0211233052642263
1808.0611	0.0208146319662058
1806.6441	0.020826656959945
1805.2271	0.0214198508298804
1803.8101	0.0212465494329651
1802.3932	0.0217235837718237
1800.9762	0.0217390284365276
1799.5592	0.0211305339437743
1798.1422	0.0220136189341059
1796.7253	0.0213535248151525
1795.3083	0.0220890208313293
1793.8913	0.0215017483851424
1792.4743	0.0216463325300515
1791.0574	0.0219588467653046
1789.6404	0.0216558459196489
1788.2234	0.0210555149660319
1786.8064	0.0219457715176812
1785.3894	0.0223360455077736
1783.9725	0.021254148946933
1782.5555	0.0214596126487396
1781.1385	0.0212936613176128
1779.7215	0.0215254285152655
1778.3046	0.0211291436104569
1776.8876	0.0214747575109582
1775.4706	0.0226528721225978
1774.0536	0.0213383246562185
1772.6367	0.0215670188245475
1771.2197	0.0206415530613633
1769.8027	0.0220590553299357
1768.3857	0.0213386034909354
1766.9688	0.0208588270643877
1765.5518	0.0222385203422023
1764.1348	0.0215840035729676
1762.7178	0.0216601075679687
1761.3009	0.0215081366354826
1759.8839	0.0218455265262999
1758.4669	0.0222344513702956
1757.0499	0.0228386429496781
1755.633	0.0214268816610685
1754.216	0.0216688871221009
1752.799	0.0219445458414851
1751.382	0.0230040070623054
1749.9651	0.0222226878089643
1748.5481	0.0226100708289341
1747.1311	0.0232421992807022
1745.7141	0.0232568299945152
1744.2972	0.0226802120638863
1742.8802	0.021934976577559
1741.4632	0.0236956021033597
1740.0462	0.0224539309348206
1738.6292	0.0240330793621899
1737.2123	0.0242648628553818
1735.7953	0.0242594323372394
1734.3783	0.024039604689497
1732.9613	0.024277993133677
1731.5444	0.0243430952543014
1730.1274	0.0248133134183753
1728.7104	0.0251724936242042
1727.2934	0.0251723982721821
1725.8765	0.0248992574328944
1724.4595	0.025340118365945
1723.0425	0.025659216012284
1721.6255	0.0254482595794424
1720.2086	0.0261603909553966
1718.7916	0.026220357532021
1717.3746	0.0262496335159283
1715.9576	0.0262873043983658
1714.5407	0.0272163273805688
1713.1237	0.0278461087157973
1711.7067	0.0268588832590144
1710.2897	0.0278412686381521
1708.8728	0.027384034190274
1707.4558	0.027721480555265
1706.0388	0.028466638359501
1704.6218	0.0284197285272757
1703.2049	0.0283019420747898
1701.7879	0.0291449125198168
1700.3709	0.0285100815620347
1698.9539	0.0298129017255886
1697.537	0.0285731285986576
1696.12	0.0296905044499088
1694.703	0.0294865544670351
1693.286	0.0293155415886337
1691.869	0.0299515636176608
1690.4521	0.0294410670600031
1689.0351	0.0293797913044127
1687.6181	0.029361849576856
1686.2011	0.0298937897302717
1684.7842	0.0297607554089491
1683.3672	0.0298375813807777
1681.9502	0.030813926264105
1680.5332	0.0307820266190863
1679.1163	0.0301696644872013
1677.6993	0.0305098139541558
1676.2823	0.0306427518733259
1674.8653	0.0304591203332381
1673.4484	0.0311760970929978
1672.0314	0.0307187825637287
1670.6144	0.0311910670862707
1669.1974	0.0318066845304447
1667.7805	0.0323321773655556
1666.3635	0.0325294479582223
1664.9465	0.0320711282984104
1663.5295	0.031981080716062
1662.1126	0.0325601681487911
1660.6956	0.0329171054302136
1659.2786	0.0331991722263923
1657.8616	0.0332217933064188
1656.4447	0.0327269606415296
1655.0277	0.033042658581367
1653.6107	0.0337384715647866
1652.1937	0.034780687261463
1650.7768	0.0349890370187198
1649.3598	0.0348315388799281
1647.9428	0.0350588106870364
1646.5258	0.035860538427306
1645.1088	0.036757284104587
1643.6919	0.0368347197251499
1642.2749	0.0379831008108374
1640.8579	0.0384124364107368
1639.4409	0.0379696804623094
1638.024	0.0393460153806693
1636.607	0.0388287238394931
1635.19	0.0406224600860124
1633.773	0.0406522640669329
1632.3561	0.0416970864768611
1630.9391	0.0410555850720549
1629.5221	0.04180058932177
1628.1051	0.0423396340245862
1626.6882	0.0423682055577001
1625.2712	0.0426301437228002
1623.8542	0.0434183622936731
1622.4372	0.0444236608904511
1621.0203	0.0446201310906305
1619.6033	0.0443827253517219
1618.1863	0.0447942465489276
1616.7693	0.0445438142982352
1615.3524	0.0452352482358969
1613.9354	0.0459461200299424
1612.5184	0.0463723292679095
1611.1014	0.0461862762178731
1609.6845	0.0466863927834076
1608.2675	0.0475701867620824
1606.8505	0.0478200805145735
1605.4335	0.0485254861674252
1604.0166	0.0482611738119766
1602.5996	0.0492419465892604
1601.1826	0.0492238346792736
1599.7656	0.0493257946203416
1598.3486	0.0499677200372136
1596.9317	0.0501595453285411
1595.5147	0.0494874919700795
1594.0977	0.0486302767749148
1592.6807	0.0482995847999098
1591.2638	0.0484010520566307
1589.8468	0.048147795504275
1588.4298	0.0478643869767124
1587.0128	0.0471323232867882
1585.5959	0.0467926455320091
1584.1789	0.046173925691361
1582.7619	0.0454972193010171
1581.3449	0.0453573867801431
1579.928	0.0442100721857158
1578.511	0.0445271822524419
1577.094	0.0429696296932448
1575.677	0.0433311011204393
1574.2601	0.0425577543465766
1572.8431	0.0414956827933257
1571.4261	0.0425416054796301
1570.0091	0.0416366417213344
1568.5922	0.0408933905782687
1567.1752	0.0399485352697692
1565.7582	0.0401539430697563
1564.3412	0.0387572171122124
1562.9243	0.0382842095683024
1561.5073	0.0384248951131763
1560.0903	0.0369173193900012
1558.6733	0.0361604177796003
1557.2564	0.0357309423266148
1555.8394	0.034383176252797
1554.4224	0.0343286167420768
1553.0054	0.0340209331603339
1551.5885	0.0344133366959789
1550.1715	0.0338642799817613
1548.7545	0.0331433404141091
1547.3375	0.0322173364030916
1545.9205	0.0314031927858065
1544.5036	0.0316669589396954
1543.0866	0.031772234376867
1541.6696	0.0309773861652623
1540.2526	0.0305936762314916
1538.8357	0.0309230109444406
1537.4187	0.0297360433381875
1536.0017	0.0302037283624147
1534.5847	0.0304797676620706
1533.1678	0.0312612204674167
1531.7508	0.0298932857270272
1530.3338	0.0304466021797828
1528.9168	0.0299433108816222
1527.4999	0.030346403509675
1526.0829	0.0309082643064554
1524.6659	0.0316856409632817
1523.2489	0.0318032801999248
1521.832	0.0326472073616519
1520.415	0.0341846635411612
1518.998	0.0351401450994315
1517.581	0.0357032348656858
1516.1641	0.0366856549589353
1514.7471	0.0368386435476034
1513.3301	0.0368635142281377
1511.9131	0.0376707118505239
1510.4962	0.0381917296903468
1509.0792	0.0380498893123845
1507.6622	0.0381222401806484
1506.2452	0.0384906331680805
1504.8283	0.0383745787519229
1503.4113	0.038399537783767
1501.9943	0.036864676326002
1500.5773	0.0361863774823637
1499.1603	0.03495767342507
1497.7434	0.0337874102214133
1496.3264	0.0336021428229179
1494.9094	0.0333119406878396
1493.4924	0.0319333507585341
1492.0755	0.0319880772134746
1490.6585	0.0318778274607709
1489.2415	0.0312271066879903
1487.8245	0.0319528335620414
1486.4076	0.0332205345126615
1484.9906	0.0331771139081824
1483.5736	0.0331340736306995
1482.1566	0.0328850844482673
1480.7397	0.0335670041850829
1479.3227	0.0342695027130205
1477.9057	0.0345519807173206
1476.4887	0.0343446632515276
1475.0718	0.0342363529572453
1473.6548	0.0351728299359318
1472.2378	0.0350732894084714
1470.8208	0.0358473344151654
1469.4039	0.0380195325827126
1467.9869	0.0374875760816206
1466.5699	0.0388244745078354
1465.1529	0.038657724141263
1463.736	0.0398816842731945
1462.319	0.040826422367457
1460.902	0.0413766905214381
1459.485	0.0415376780063984
1458.0681	0.0419507987308463
1456.6511	0.0434151231302019
1455.2341	0.0447046101202999
1453.8171	0.0449101107692013
1452.4001	0.0445032660750138
1450.9832	0.0441298612978441
1449.5662	0.0446146513661134
1448.1492	0.0448150350114804
1446.7322	0.0450470137448485
1445.3153	0.0444382066166911
1443.8983	0.0443062386596817
1442.4813	0.0445697812141595
1441.0643	0.045040754989588
1439.6474	0.0448881640598084
1438.2304	0.0442000622711619
1436.8134	0.045261379208265
1435.3964	0.0455494444751827
1433.9795	0.0464174579291351
1432.5625	0.0472796558743297
1431.1455	0.0471622190721018
1429.7285	0.0468602888614115
1428.3116	0.0484064897535215
1426.8946	0.0481811477633048
1425.4776	0.048117377078055
1424.0606	0.0489967103378642
1422.6437	0.0489394906833541
1421.2267	0.0493958951696102
1419.8097	0.0504790490007294
1418.3927	0.0505457122887598
1416.9758	0.0504464733192069
1415.5588	0.0509401212525402
1414.1418	0.0507694155540473
1412.7248	0.0511549456511144
1411.3079	0.0511978784007958
1409.8909	0.0505733971529215
1408.4739	0.0512802391980099
1407.0569	0.0506174063431141
1405.6399	0.0511915650532132
1404.223	0.0510992795162656
1402.806	0.0512081596479638
1401.389	0.051658603317397
1399.972	0.050915500222921
1398.5551	0.0516087959017562
1397.1381	0.0516627731849092
1395.7211	0.0523915282244622
1394.3041	0.0522659352526544
1392.8872	0.052513693427018
1391.4702	0.0527865252600684
1390.0532	0.0535272784888507
1388.6362	0.0541722094531418
1387.2193	0.0541738498213158
1385.8023	0.054889071331012
1384.3853	0.055879243969617
1382.9683	0.0551352205263428
1381.5514	0.0546898425653025
1380.1344	0.0549973469904143
1378.7174	0.0545634307340422
1377.3004	0.0543762404473533
1375.8835	0.0542112138821712
1374.4665	0.0548665020143398
1373.0495	0.0546381787737405
1371.6325	0.0556181532435484
1370.2156	0.0557904581379396
1368.7986	0.0559672399697041
1367.3816	0.0577250657048066
1365.9646	0.058163415651149
1364.5477	0.0577172017777507
1363.1307	0.058941094445285
1361.7137	0.0583367580930561
1360.2967	0.0586042610655222
1358.8797	0.0577533444948567
1357.4628	0.0571104502846637
1356.0458	0.0567801272095334
1354.6288	0.0568706571395713
1353.2118	0.0549624044560358
1351.7949	0.0555282699636956
1350.3779	0.0555635444385065
1348.9609	0.0546716184003817
1347.5439	0.0547323871904481
1346.127	0.0545489622538504
1344.71	0.0556200391868747
1343.293	0.0554448011271113
1341.876	0.0556940275333952
1340.4591	0.055561354695483
1339.0421	0.0562361547724035
1337.6251	0.0569778764514093
1336.2081	0.0555456167867093
1334.7912	0.0562589640823139
1333.3742	0.0559364208183303
1331.9572	0.0562975507086728
1330.5402	0.0554754510532713
1329.1233	0.054359977149607
1327.7063	0.0552244242396121
1326.2893	0.05449593409536
1324.8723	0.0541764069558628
1323.4554	0.0528843960421196
1322.0384	0.051765771675103
1320.6214	0.0520028128209301
1319.2044	0.0520915946659273
1317.7875	0.0517156940528627
1316.3705	0.0511647811497713
1314.9535	0.0506076292804375
1313.5365	0.0505875451533668
1312.1195	0.0501395726857985
1310.7026	0.0492909236742447
1309.2856	0.0496945145968105
1307.8686	0.049748484657198
1306.4516	0.0491228825646167
1305.0347	0.0493922171475829
1303.6177	0.0497292478642187
1302.2007	0.0493267178596407
1300.7837	0.0500546496722425
1299.3668	0.0497144456121365
1297.9498	0.050198134397509
1296.5328	0.049707162546967
1295.1158	0.0506520306051804
1293.6989	0.0495368277540446
1292.2819	0.0503796851606502
1290.8649	0.0506414236130777
1289.4479	0.0505991175654076
1288.031	0.0493281712679146
1286.614	0.0498419340415336
1285.197	0.0501997026537036
1283.78	0.0509924336591036
1282.3631	0.0505189481853995
1280.9461	0.0511879822752762
1279.5291	0.0516436108966517
1278.1121	0.0521302129260158
1276.6952	0.0532835074260942
1275.2782	0.0533754606382117
1273.8612	0.0531009205406044
1272.4442	0.0540506187988949
1271.0273	0.0550700438650105
1269.6103	0.0548497236612513
1268.1933	0.0546072497137847
1266.7763	0.0549916327077316
1265.3593	0.0547816925134943
1263.9424	0.0538452149706441
1262.5254	0.0535500981393306
1261.1084	0.0540109961082265
1259.6914	0.0535550555370186
1258.2745	0.0540798024415287
1256.8575	0.0541209971739512
1255.4405	0.0534876796642898
1254.0235	0.0542208170819824
1252.6066	0.0538554141354227
1251.1896	0.0537777156762183
1249.7726	0.0535425296380115
1248.3556	0.0545057211676095
1246.9387	0.053518666944405
1245.5217	0.0529254669758005
1244.1047	0.0531362398560046
1242.6877	0.0519543047323627
1241.2708	0.0520086801801936
1239.8538	0.0524672244501263
1238.4368	0.0529065784108376
1237.0198	0.0524367060122643
1235.6029	0.0529670852494263
1234.1859	0.0534096993028723
1232.7689	0.0534276685553518
1231.3519	0.0524461824361195
1229.935	0.0530551962539176
1228.518	0.051341221800795
1227.101	0.050609830699192
1225.684	0.0511250941372893
1224.2671	0.0500504456083739
1222.8501	0.0485290332290984
1221.4331	0.0480366741445141
1220.0161	0.0481231952382773
1218.5991	0.0475904869631839
1217.1822	0.047072671969466
1215.7652	0.0467750897530773
1214.3482	0.0464677636627576
1212.9312	0.0469101122845875
1211.5143	0.0462754093378774
1210.0973	0.0451321950693303
1208.6803	0.0454796724097977
1207.2633	0.0445934568272331
1205.8464	0.0446153671582438
1204.4294	0.0444247898929247
1203.0124	0.0444171171906864
1201.5954	0.0428651986797343
1200.1785	0.0423437067115715
1198.7615	0.0417188825050354
1197.3445	0.0416933468708816
1195.9275	0.0406369699860796
1194.5106	0.04095025133993
1193.0936	0.0402041523721731
1191.6766	0.0401376467035415
1190.2596	0.0394310953042302
1188.8427	0.0387190864901865
1187.4257	0.0378088441265042
1186.0087	0.0377573460704509
1184.5917	0.0369470222314108
1183.1748	0.0370339012924554
1181.7578	0.0373826450730715
1180.3408	0.0375391895782746
1178.9238	0.0375006606937468
1177.5069	0.0389596838818192
1176.0899	0.0392455455606678
1174.6729	0.0395143611938094
1173.2559	0.040521399082368
1171.8389	0.0418338833381067
1170.422	0.0422982203276578
1169.005	0.0439116953934635
1167.588	0.045051405571987
1166.171	0.0484356168235529
1164.7541	0.0513187304990926
1163.3371	0.052830182929842
1161.9201	0.0556155353256471
1160.5031	0.0585766131735205
1159.0862	0.0610105404731159
1157.6692	0.0644817251196458
1156.2522	0.0663934801774705
1154.8352	0.0700649927394157
1153.4183	0.0714745189114406
1152.0013	0.0722535869966254
1150.5843	0.0746758136046831
1149.1673	0.0749676829182139
1147.7504	0.0751859294905365
1146.3334	0.0757966802454354
1144.9164	0.0755557074756137
1143.4994	0.0746388990404091
1142.0825	0.0742953508427853
1140.6655	0.0724595931504953
1139.2485	0.0711652434991439
1137.8315	0.0709762274232708
1136.4146	0.0694531666671446
1134.9976	0.0687241364196784
1133.5806	0.0685682462099173
1132.1636	0.0684425518530278
1130.7467	0.0683661385135065
1129.3297	0.0684639357139642
1127.9127	0.0683133176592146
1126.4957	0.0690638770747651
1125.0787	0.0695989349638452
1123.6618	0.0696714476631508
1122.2448	0.0699546036413267
1120.8278	0.07029131752355
1119.4108	0.0704046136753105
1117.9939	0.0696890704182285
1116.5769	0.0704747982091785
1115.1599	0.0706195077133331
1113.7429	0.0713971678883195
1112.326	0.071732662475468
1110.909	0.0717861548266043
1109.492	0.0728712306837206
1108.075	0.0739978544399951
1106.6581	0.0740771735977771
1105.2411	0.075458016329125
1103.8241	0.0765355009332106
1102.4071	0.0762858746228343
1100.9902	0.0773763041795714
1099.5732	0.0771750403550883
1098.1562	0.077368036882195
1096.7392	0.0774267800935836
1095.3223	0.0783066410693853
1093.9053	0.0782655714239995
1092.4883	0.0783067665728776
1091.0713	0.0802937756417649
1089.6544	0.081751396650113
1088.2374	0.0831332092241846
1086.8204	0.0851091053065994
1085.4034	0.088362053220799
1083.9865	0.0899723236056509
1082.5695	0.0932702844250177
1081.1525	0.0950993872530879
1079.7355	0.0973849273363348
1078.3185	0.0993543090489235
1076.9016	0.100003096659961
1075.4846	0.0998823831004527
1074.0676	0.0998485966959674
1072.6506	0.099019160604735
1071.2337	0.0970601141635731
1069.8167	0.0944967544970048
1068.3997	0.0931467310665752
1066.9827	0.0922563696743335
1065.5658	0.0908202180424253
1064.1488	0.091463559167517
1062.7318	0.0925132077463243
1061.3148	0.0933553066573908
1059.8979	0.0935306904370079
1058.4809	0.0951739152157677
1057.0639	0.0972357397145434
1055.6469	0.0993261100739681
1054.23	0.100562597509803
1052.813	0.102864891258452
1051.396	0.10407833854921
1049.979	0.106291550794475
1048.5621	0.108073935250817
1047.1451	0.111104868484121
1045.7281	0.11283099182873
1044.3111	0.114587957763286
1042.8942	0.116594946713992
1041.4772	0.118341462071073
1040.0602	0.120208356573511
1038.6432	0.12186612087064
1037.2263	0.124411219582837
1035.8093	0.12646912082197
1034.3923	0.12737657953952
1032.9753	0.129988583623171
1031.5583	0.133144682921284
1030.1414	0.134397366713829
1028.7244	0.136421433702942
1027.3074	0.138955153604759
1025.8904	0.140863281660942
1024.4735	0.143089199852408
1023.0565	0.146098660509172
1021.6395	0.146790419773992
1020.2225	0.149699420671287
1018.8056	0.151746396577331
1017.3886	0.152499730582826
1015.9716	0.153226056215068
1014.5546	0.15313748661419
1013.1377	0.153832796241093
1011.7207	0.154749661817312
1010.3037	0.154484969467693
1008.8867	0.154722294931654
1007.4698	0.155241525550996
1006.0528	0.154968509044724
1004.6358	0.154917620673589
1003.2188	0.1562582473737
1001.8019	0.156307462357467
1000.3849	0.157764812886822
998.9679	0.158521375540807
997.5509	0.159890679854827
996.134	0.160414261542633
994.717	0.161441804337802
993.3	0.161580745045458
991.883	0.162213257288845
990.4661	0.16167946782931
989.0491	0.160874964408136
987.6321	0.160720467402449
986.2151	0.160009253322575
984.7981	0.158930480620046
983.3812	0.157129207992372
981.9642	0.154534221852863
980.5472	0.152991397202436
979.1302	0.149540081314263
977.7133	0.147864319090729
976.2963	0.145222911431737
974.8793	0.142792030817189
973.4623	0.139517727973568
972.0454	0.136013328251412
970.6284	0.133356759717158
969.2114	0.131380294136539
967.7944	0.127337746098668
966.3775	0.124231936741007
964.9605	0.121882689740031
963.5435	0.119119654940413
962.1265	0.115981007192007
960.7096	0.113831476154128
959.2926	0.112128822793774
957.8756	0.109777330495923
956.4586	0.107827183874398
955.0417	0.105020224278997
953.6247	0.103139018343591
952.2077	0.100759077268128
950.7907	0.0989898238997585
949.3738	0.0973702076240167
947.9568	0.0953081232387213
946.5398	0.0949335642159639
945.1228	0.0945899524135503
943.7059	0.0940246524244099
942.2889	0.0941465870607125
940.8719	0.0942640679045397
939.4549	0.0945608107467315
938.0379	0.094552428128073
936.621	0.0953715206888065
935.204	0.0952526059460911
933.787	0.0955439894316543
932.37	0.0964672161881668
930.9531	0.0956821908763803
929.5361	0.0956144169744266
928.1191	0.0954444123582981
926.7021	0.0945176399260471
925.2852	0.0949129269579863
923.8682	0.0958070802945632
922.4512	0.0947583112889719
921.0342	0.0945836598389449
919.6173	0.0941413737795124
918.2003	0.0932996976376294
916.7833	0.0925876105328368
915.3663	0.0921708390815778
913.9494	0.0914480241167363
912.5324	0.0902505344264893
911.1154	0.0899492534024645
909.6984	0.0893772204480453
908.2815	0.0889317899203191
906.8645	0.0875150108467641
905.4475	0.0861672574424917
904.0305	0.0857170171799139
902.6136	0.0847673787011103
901.1966	0.0833919740740516
899.7796	0.0825522206833409
898.3626	0.0821263947918514
896.9457	0.0820547822829115
895.5287	0.0814191826067369
894.1117	0.0814859366252831
892.6947	0.0805887377929616
891.2777	0.0802350637812982
889.8608	0.079525125135669
888.4438	0.0795729721344772
887.0268	0.0785390348754087
885.6098	0.0778423636497068
884.1929	0.0773955270417936
882.7759	0.075872582687642
881.3589	0.0753246352621682
879.9419	0.0741182269751483
878.525	0.0734860941463631
877.108	0.0727104407355885
875.691	0.0741598857304234
874.274	0.0738105848644984
872.8571	0.0743409934739714
871.4401	0.0740882471511762
870.0231	0.0748723367556384
868.6061	0.0752011262064843
867.1892	0.0748284937035069
865.7722	0.0759559434436781
864.3552	0.076348698680523
862.9382	0.076135429962972
861.5213	0.0774486476923043
860.1043	0.0779322204883449
858.6873	0.0778799801680325
857.2703	0.0783003192721825
855.8534	0.07850866924169
854.4364	0.0778108383754094
853.0194	0.0781652755691938
851.6024	0.0784347055756472
850.1855	0.0777689448060521
848.7685	0.0790840593799651
847.3515	0.0782754913481338
845.9345	0.0786784840116109
844.5175	0.0770666688676113
843.1006	0.0776657151287193
841.6836	0.0773213867098417
840.2666	0.0775881547550454
838.8496	0.0764475816206665
837.4327	0.0757614374246791
836.0157	0.0751979324367792
834.5987	0.0747728131319712
833.1817	0.0743984916752428
831.7648	0.0740658391738683
830.3478	0.0736317140687073
828.9308	0.0727856811609808
827.5138	0.0724122449872125
826.0969	0.0723058753376332
824.6799	0.0723994554229052
823.2629	0.0720379235888071
821.8459	0.0714115874034718
820.429	0.0718487880763859
819.012	0.0718751830832643
817.595	0.0720060821479946
816.178	0.0714256273232234
814.7611	0.0703276253113878
813.3441	0.0709828693953883
811.9271	0.0698238014060287
810.5101	0.0700345334170297
809.0932	0.0697433794292705
807.6762	0.069720593016607
806.2592	0.0700031226490565
804.8422	0.0685971118335701
803.4253	0.06872493837602
802.0083	0.068477417254207
800.5913	0.0684048603378994
799.1743	0.0686248790512372
797.7573	0.0692865306511726
796.3404	0.0697337154558908
794.9234	0.0689268365423871
793.5064	0.0700072571463271
792.0894	0.0696839028291646
790.6725	0.0699412248899085
789.2555	0.070646313986269
787.8385	0.0703818538301652
786.4215	0.0708182351883064
785.0046	0.0720049224381454
783.5876	0.0722990478077671
782.1706	0.0718622271649239
780.7536	0.0727773760032095
779.3367	0.0735243435929921
777.9197	0.0738573598485104
776.5027	0.0736847762675069
775.0857	0.0750509350092522
773.6688	0.0757729398164522
772.2518	0.0759301952881838
770.8348	0.0775967434051777
769.4178	0.0785720654287072
768.0009	0.0798684766429465
766.5839	0.080305393666152
765.1669	0.0806749471576288
763.7499	0.0821911716182464
762.333	0.0825670339659512
760.916	0.0822878674941897
759.499	0.0824378439818756
758.082	0.0820479159223751
756.6651	0.0818139703652761
755.2481	0.0828233906250124
753.8311	0.0806833002932654
752.4141	0.0809614903782295
750.9971	0.0799635234459055
749.5802	0.0793017869917588
748.1632	0.0775897726966943
746.7462	0.0781989197231177
745.3292	0.0766340579051527
743.9123	0.0770840893629795
742.4953	0.0769852799704042
741.0783	0.0758058559227361
739.6613	0.0752661562372508
738.2444	0.0749573688689865
736.8274	0.0759006958772767
735.4104	0.0755021112165845
733.9934	0.0755911548302716
732.5765	0.0761505954855441
731.1595	0.0757285967235868
729.7425	0.0756667139080779
728.3255	0.0766986461293226
726.9086	0.0764374944070413
725.4916	0.0772200005701286
724.0746	0.0773861401826751
722.6576	0.0786640102714867
721.2407	0.0783380924208334
719.8237	0.0791454663548573
718.4067	0.0799586724618643
716.9897	0.0811655211374824
715.5728	0.0819250434015699
714.1558	0.0828576357812043
712.7388	0.0840507776932066
711.3218	0.0846713553719642
709.9049	0.0855576587561454
708.4879	0.0855080428949259
707.0709	0.0864861938817781
705.6539	0.0866173765849167
704.2369	0.0873122979922155
702.82	0.0864212980892655
701.403	0.0867256308630429
699.986	0.0867768490193422
698.569	0.0863580220079194
697.1521	0.0859933006201758
695.7351	0.0853674848484738
694.3181	0.0847348150114054
692.9011	0.0852506272264596
691.4842	0.0855855326374143
690.0672	0.0851097929950844
688.6502	0.0863908811517757
687.2332	0.0853509389145932
685.8163	0.0859104204988505
684.3993	0.0855121165916093
682.9823	0.0868235164844086
681.5653	0.0859559663401476
680.1484	0.0852298995600603
678.7314	0.0864144220497451
677.3144	0.0860066982515072
675.8974	0.0864617480395513
674.4805	0.0870920102203293
673.0635	0.0864837727868319
671.6465	0.0864579412982167
670.2295	0.0868201736144966
668.8126	0.0881048373521611
667.3956	0.0893452733596
665.9786	0.0892658264668147
664.5616	0.088797722688224
663.1447	0.0890127000275733
661.7277	0.0895562802844808
660.3107	0.0897198742658755
658.8937	0.0897163326774526
657.4767	0.0903714440407499
656.0598	0.0898000440407654
654.6428	0.090085716355187
653.2258	0.0905301874976503
651.8088	0.0907333480437231
650.3919	0.0909524488040445
648.9749	0.0912005864533284
647.5579	0.0914277450432515
646.1409	0.091529019606068
644.724	0.0926170667045732
643.307	0.0928628065073277
641.89	0.092046672457566
640.473	0.0922608828138995
639.0561	0.092008338112388
637.6391	0.0923310707648406
636.2221	0.0929374814957012
634.8051	0.0934332851009568
633.3882	0.0928886248257031
631.9712	0.094513705478799
630.5542	0.0949332531088492
629.1372	0.0940164701144376
627.7203	0.0961152879785126
626.3033	0.0953060734286029
624.8863	0.0966317959604882
623.4693	0.096951270861813
622.0524	0.0980868804632252
620.6354	0.099030562090318
619.2184	0.099753403760647
617.8014	0.101028912449181
616.3845	0.102847132785178
614.9675	0.103466793074046
613.5505	0.104296564952023
612.1335	0.105234114139455
610.7165	0.106654252960984
609.2996	0.107761565657337
607.8826	0.107575726899274
606.4656	0.107720349477574
605.0486	0.108346033819122
603.6317	0.108876880478479
602.2147	0.108274541027118
600.7977	0.109191973117922
599.3807	0.109205621887013
597.9638	0.109704255851623
596.5468	0.10916576489766
595.1298	0.108937568353217
593.7128	0.109484029175573
592.2959	0.109487655647698
590.8789	0.110076400227302
589.4619	0.111260195081169
588.0449	0.110633675726662
586.628	0.112283423315228
585.211	0.113016603944829
583.794	0.114552324002671
582.377	0.116607886311856
580.9601	0.11807465587903
579.5431	0.119247407166641
578.1261	0.120566140529273
576.7091	0.121957530968244
575.2922	0.122875542758926
573.8752	0.12342127332136
572.4582	0.124880734125921
571.0412	0.124116946470543
569.6243	0.124658761200758
568.2073	0.124400675621473
566.7903	0.123939817647467
565.3733	0.12459483112692
563.9563	0.124410874136799
562.5394	0.122623273830159
561.1224	0.122969782560695
559.7054	0.121941211880715
558.2884	0.121825792989902
556.8715	0.121166297513087
555.4545	0.121446718352721
554.0375	0.121215620358933
552.6205	0.119761037254272
551.2036	0.120336859421538
549.7866	0.120465135173251
548.3696	0.120710626812975
546.9526	0.118980211976646
545.5357	0.119796881611198
544.1187	0.119947384677753
542.7017	0.119637025419362
541.2847	0.120535313096916
539.8678	0.119825865582155
538.4508	0.121153313884719
537.0338	0.121903785435774
535.6168	0.123415510705021
534.1999	0.123455454373481
532.7829	0.124639527258145
531.3659	0.126009085032653
529.9489	0.126469189427572
528.532	0.127388823764739
527.115	0.128653261730426
525.698	0.128963814280133
524.281	0.130305403513349
522.8641	0.13030095594554
521.4471	0.130698491285905
520.0301	0.130498859143675
518.6131	0.131635955970477
517.1962	0.13074683434141
515.7792	0.130283120946029
514.3622	0.129691915844454
512.9452	0.129379853208992
511.5282	0.129991081809461
510.1113	0.129370116710218
508.6943	0.129620095372998
507.2773	0.129900303642331
505.8603	0.128626272263266
504.4434	0.128524294432008
503.0264	0.128250376130793
501.6094	0.12802265096567
500.1924	0.127960826614178
498.7755	0.128031725340066
497.3585	0.12904688169606
495.9415	0.128799799420852
494.5245	0.12928748605791
493.1076	0.128201018220125
491.6906	0.12811177083001
490.2736	0.128974978292226
488.8566	0.127821291261832
487.4397	0.128639820913223
486.0227	0.128493310433788
484.6057	0.129852990863979
483.1887	0.129786098055184
481.7718	0.129717179566238
480.3548	0.129169304977635
478.9378	0.129781032188968
477.5208	0.12962632757251
476.1039	0.129431179283494
474.6869	0.128710040418108
473.2699	0.129335326403912
471.8529	0.128989903660774
470.436	0.129279515298402
469.019	0.128626095287963
467.602	0.127632431428428
466.185	0.127362609645682
464.768	0.126230262495588
463.3511	0.126166339624499
461.9341	0.127198435988659
460.5171	0.126214900040384
459.1001	0.126039236919066
457.6832	0.126510957784284
456.2662	0.126518037528933
454.8492	0.12710257617732
453.4322	0.128096091618672
452.0153	0.127780116113539
450.5983	0.127516558155865
449.1813	0.128212270788044
447.7643	0.12837618140235
446.3474	0.129828374109884
444.9304	0.130610083324935
443.5134	0.132436822101653
442.0964	0.134289024898236
440.6795	0.134942827734626
439.2625	0.134170394214236
437.8455	0.133575394134018
436.4285	0.133511685819841
435.0116	0.134116975500783
433.5946	0.134834237365493
432.1776	0.135864822962292
430.7606	0.137102282902555
429.3437	0.13706421097922
427.9267	0.137672282339165
426.5097	0.137971104439993
425.0927	0.138722570721729
423.6758	0.138645246122597
422.2588	0.138379833034977
420.8418	0.138437794370853
419.4248	0.138293376776325
418.0078	0.13895684794741
416.5909	0.138728783786767
415.1739	0.138520226803549
413.7569	0.139773926823164
412.3399	0.138831955527209
410.923	0.140459313638088
409.506	0.141300250458959
408.089	0.142746583903444
406.672	0.14422047190814
405.2551	0.144813757842694
403.8381	0.146670314743062
402.4211	0.146515139506356
401.0041	0.146844313782646
