3994.4546	0.0194189633199922
3993.0377	0.0191871214423259
3991.6207	0.0191296936558946
3990.2037	0.01879728225897
3988.7867	0.0184674338689976
3987.3698	0.0183615091364613
3985.9528	0.0190649477020537
3984.5358	0.0196610739899137
3983.1188	0.0185984728516799
3981.7019	0.019198198569994
3980.2849	0.0185250286329694
3978.8679	0.0185838569130706
3977.4509	0.0189513893729571
3976.034	0.019050464637128
3974.617	0.0187279827035677
3973.2	0.0181538593914391
3971.783	0.0184944422947955
3970.3661	0.0193204832873955
3968.9491	0.018944608578009
3967.5321	0.0192047986041588
3966.1151	0.0192150878676477
3964.6982	0.0187410298556447
3963.2812	0.0187758025093366
3961.8642	0.0187167542267396
3960.4472	0.0185922540535081
3959.0303	0.0183506888084107
3957.6133	0.0188110188147893
3956.1963	0.0179353717846855
3954.7793	0.0189209652813279
3953.3624	0.0194043563537848
3951.9454	0.0191586386596093
3950.5284	0.0184269662547542
3949.1114	0.0185314019598695
3947.6944	0.0179789372322826
3946.2775	0.018635682523694
3944.8605	0.0190511669869165
3943.4435	0.0185308167402901
3942.0265	0.0186063189787169
3940.6096	0.0190277000441512
3939.1926	0.0189774005460589
3937.7756	0.0188714196797886
3936.3586	0.0191738651291351
3934.9417	0.0181557687023669
3933.5247	0.0180823024841714
3932.1077	0.0193325807993671
3930.6907	0.018927648961969
3929.2738	0.0183707320143844
3927.8568	0.0187988617931214
3926.4398	0.0187811369622634
3925.0228	0.0181336869993916
3923.6059	0.0174690226238415
3922.1889	0.019043834774712
3920.7719	0.0189839829742321
3919.3549	0.0184682123725748
3917.938	0.0178778817739825
3916.521	0.01826834061293
3915.104	0.0186359563935898
3913.687	0.0188011442893284
3912.2701	0.0180646638691561
3910.8531	0.0185112782453114
3909.4361	0.0189781854125413
3908.0191	0.0187587627854009
3906.6022	0.0183228130942303
3905.1852	0.0171150816561977
3903.7682	0.0191341969816006
3902.3512	0.0182694710938739
3900.9342	0.0186598158587817
3899.5173	0.0184445498923393
3898.1003	0.0182487586785203
3896.6833	0.0181467912843194
3895.2663	0.0187760671042545
3893.8494	0.0183822103569024
3892.4324	0.0187810227349205
3891.0154	0.0181962741804664
3889.5984	0.0187544161542373
3888.1815	0.0184821112455592
3886.7645	0.0180692695894681
3885.3475	0.0183447549133542
3883.9305	0.018693454519585
3882.5136	0.0179837909484826
3881.0966	0.0177522170479111
3879.6796	0.0180249501385156
3878.2626	0.0183668641280538
3876.8457	0.0184795649876176
3875.4287	0.0190817033040768
3874.0117	0.0182215763492373
3872.5947	0.0181193751630832
3871.1778	0.0186543980644457
3869.7608	0.0178541597120063
3868.3438	0.0181574077980251
3866.9268	0.0175215124904494
3865.5099	0.0184987503350857
3864.0929	0.0176746328421008
3862.6759	0.0180109872493174
3861.2589	0.0186213834476475
3859.842	0.0181709196575706
3858.425	0.0174725779183232
3857.008	0.0183608435263529
3855.591	0.0183028717219981
3854.174	0.0181945994497291
3852.7571	0.0186408082505551
3851.3401	0.0179750952455658
3849.9231	0.0177932782263517
3848.5061	0.0172815212060978
3847.0892	0.0174411405077964
3845.6722	0.0176638419017094
3844.2552	0.0175727383988282
3842.8382	0.0181577647285103
3841.4213	0.017907842768941
3840.0043	0.0184574741819211
3838.5873	0.0181663790734322
3837.1703	0.0180313807188451
3835.7534	0.01779852586595
3834.3364	0.0181630981097753
3832.9194	0.0181185733689972
3831.5024	0.0186549809709013
3830.0855	0.0170400081187387
3828.6685	0.0178650825104077
3827.2515	0.0176966006484677
3825.8345	0.0185192990631993
3824.4176	0.0181450723629056
3823.0006	0.0181403950272034
3821.5836	0.0182611584173473
3820.1666	0.0183051032377509
3818.7497	0.0182044245251482
3817.3327	0.0178054812038748
3815.9157	0.0177788262573823
3814.4987	0.0177974516978443
3813.0818	0.0174100791200701
3811.6648	0.0187681282667792
3810.2478	0.017728499099875
3808.8308	0.0175853521660226
3807.4138	0.0175936546664652
3805.9969	0.0172645435725809
3804.5799	0.0173326899971801
3803.1629	0.0170133101947723
3801.7459	0.0169562899942633
3800.329	0.0167983462941362
3798.912	0.017758223235509
3797.495	0.0176849569678998
3796.078	0.017390834916034
3794.6611	0.01830312399767
3793.2441	0.0180682073861109
3791.8271	0.0170701642384292
3790.4101	0.0175575476205902
3788.9932	0.0177857631406552
3787.5762	0.0167471439203397
3786.1592	0.017394225866509
3784.7422	0.0174936309611237
3783.3253	0.0170901608016839
3781.9083	0.0167561441318438
3780.4913	0.0168049938754608
3779.0743	0.0173821093967776
3777.6574	0.0178434139923144
3776.2404	0.0175056141186938
3774.8234	0.0176416666691812
3773.4064	0.0170863495298638
3771.9895	0.0175395846167779
3770.5725	0.0168216194912767
3769.1555	0.017056325763808
3767.7385	0.0162737667606807
3766.3216	0.0169404878728831
3764.9046	0.0175821355852857
3763.4876	0.0171816669520593
3762.0706	0.017088605301855
3760.6536	0.0167637927345236
3759.2367	0.0167255324300053
3757.8197	0.0173005132195704
3756.4027	0.0173302078946521
3754.9857	0.0166368944739378
3753.5688	0.0177638840272766
3752.1518	0.0181619099871744
3750.7348	0.0173316522845571
3749.3178	0.0178263860570641
3747.9009	0.0177454410468231
3746.4839	0.0170098649246431
3745.0669	0.0170961242978129
3743.6499	0.0168851830782491
3742.233	0.0171368326160387
3740.816	0.0170736913120147
3739.399	0.0169321586827596
3737.982	0.0166511526346666
3736.5651	0.0166697753308505
3735.1481	0.0170180609258887
3733.7311	0.0170223464857608
3732.3141	0.0172831124648043
3730.8972	0.016549573222545
3729.4802	0.0167348045092582
3728.0632	0.0168530869030107
3726.6462	0.0167735855004863
3725.2293	0.0171195068189222
3723.8123	0.0173303044457661
3722.3953	0.0167755903688949
3720.9783	0.0171395839805282
3719.5614	0.0176534653708993
3718.1444	0.0160864675567781
3716.7274	0.0169863216847814
3715.3104	0.0160564852348913
3713.8935	0.0160851250443353
3712.4765	0.0166782458809832
3711.0595	0.0163212526630685
3709.6425	0.0165252623984902
3708.2255	0.0170990635000162
3706.8086	0.0174416744991329
3705.3916	0.0177328264587338
3703.9746	0.0166854959959123
3702.5576	0.017615842821777
3701.1407	0.0164340957410621
3699.7237	0.0170501895184637
3698.3067	0.0168940504199293
3696.8897	0.0170015932638132
3695.4728	0.0157544331811388
3694.0558	0.0165642516318225
3692.6388	0.0158945219799801
3691.2218	0.0155441771415442
3689.8049	0.0165118354707393
3688.3879	0.0162806967234387
3686.9709	0.016085174319913
3685.5539	0.0161440958963618
3684.137	0.0165093464509126
3682.72	0.0159490747104964
3681.303	0.0158008498101978
3679.886	0.0159958283392025
3678.4691	0.0170675974366447
3677.0521	0.0159519683606129
3675.6351	0.0158174350252769
3674.2181	0.0168456992515805
3672.8012	0.0170813765738473
3671.3842	0.0166981534451073
3669.9672	0.0164150274102923
3668.5502	0.0158060988399927
3667.1333	0.0160987485800128
3665.7163	0.016225555268774
3664.2993	0.0161657074599903
3662.8823	0.0165506289771945
3661.4653	0.0164022239198119
3660.0484	0.0156694346698773
3658.6314	0.0163436900219277
3657.2144	0.0166953028703546
3655.7974	0.0158558752340061
3654.3805	0.0167469701312452
3652.9635	0.0157195770069085
3651.5465	0.016391729416736
3650.1295	0.0160316499911556
3648.7126	0.0167424705385446
3647.2956	0.0167311635057571
3645.8786	0.0171261310705519
3644.4616	0.0173905054894831
3643.0447	0.0170463688905093
3641.6277	0.0164228361065189
3640.2107	0.0170860755137871
3638.7937	0.0175843764661728
3637.3768	0.0174821532985901
3635.9598	0.0180722044405212
3634.5428	0.0169217008386442
3633.1258	0.0173199387306366
3631.7089	0.017260100206293
3630.2919	0.0174694896055812
3628.8749	0.0183228243669212
3627.4579	0.0182193206134027
3626.041	0.0179371049197013
3624.624	0.0178213004774894
3623.207	0.017727649876259
3621.79	0.0184697250969024
3620.3731	0.0176009438503399
3618.9561	0.0188095787783289
3617.5391	0.0187536021653021
3616.1221	0.0184619514261128
3614.7051	0.0187651412292042
3613.2882	0.0186731960404144
3611.8712	0.0189728813549358
3610.4542	0.0188731397372383
3609.0372	0.0192382642219198
3607.6203	0.0191301306926302
3606.2033	0.0185499528959899
3604.7863	0.0192260081468727
3603.3693	0.0189585983121001
3601.9524	0.0192955465250177
3600.5354	0.019361426346093
3599.1184	0.0197326113733157
3597.7014	0.0196115492988438
3596.2845	0.0200367447946323
3594.8675	0.0207617623865651
3593.4505	0.0206622812015316
3592.0335	0.0204270878670975
3590.6166	0.0208586746425525
3589.1996	0.0212212405654175
3587.7826	0.0206671174612158
3586.3656	0.0205555980914737
3584.9487	0.0221687577521507
3583.5317	0.0216442482290271
3582.1147	0.0212259331736782
3580.6977	0.0217350723543703
3579.2808	0.0223051470382206
3577.8638	0.022101261586424
3576.4468	0.0220466895490007
3575.0298	0.0222797781919688
3573.6129	0.0226006210144857
3572.1959	0.0232328266085698
3570.7789	0.0238975012802682
3569.3619	0.0231053271883052
3567.9449	0.0236121667819622
3566.528	0.0237292357213277
3565.111	0.0244770495831111
3563.694	0.0246163878570685
3562.277	0.0250402559466195
3560.8601	0.0261255926404158
3559.4431	0.0256769989952375
3558.0261	0.0254997627464286
3556.6091	0.0251282922319384
3555.1922	0.0258846999093415
3553.7752	0.0267795225145092
3552.3582	0.0261091452832892
3550.9412	0.0269999987836696
3549.5243	0.0272287252724199
3548.1073	0.0276699967529243
3546.6903	0.0277789325489125
3545.2733	0.02797728693848
3543.8564	0.0278135608711431
3542.4394	0.028198331152886
3541.0224	0.0287743787985068
3539.6054	0.0281994319720216
3538.1885	0.0291089666779697
3536.7715	0.0289446249522962
3535.3545	0.0296808909262622
3533.9375	0.0295653339192987
3532.5206	0.0292561336982361
3531.1036	0.0307644400671922
3529.6866	0.0305266457602659
3528.2696	0.0305060171708687
3526.8527	0.0309264246483459
3525.4357	0.0312529952355221
3524.0187	0.0311519264703131
3522.6017	0.0317780649930622
3521.1847	0.0322548485202433
3519.7678	0.0318963661471875
3518.3508	0.0311642469635988
3516.9338	0.0329765529465577
3515.5168	0.0325704545510689
3514.0999	0.0329983382169232
3512.6829	0.0341556669430781
3511.2659	0.033635653211489
3509.8489	0.0337768839645786
3508.432	0.0343330321665272
3507.015	0.0347956766733085
3505.598	0.0341005234029211
3504.181	0.0348137460184883
3502.7641	0.0352162901687842
3501.3471	0.0356303514986631
3499.9301	0.0358301208056558
3498.5131	0.0372188962789753
3497.0962	0.0358893154628511
3495.6792	0.0370001189062012
3494.2622	0.0372798967865955
3492.8452	0.0375747919315969
3491.4283	0.0378393027297712
3490.0113	0.0376228490620494
3488.5943	0.0379101479686118
3487.1773	0.0376933400256115
3485.7604	0.0381689242676096
3484.3434	0.0392416252698618
3482.9264	0.0392675926797246
3481.5094	0.0393152100023032
3480.0925	0.039892548264195
3478.6755	0.0403409369374075
3477.2585	0.0401068725466512
3475.8415	0.0410568814762515
3474.4245	0.0400813868767511
3473.0076	0.0407390354677635
3471.5906	0.0411716454999077
3470.1736	0.0411809269863066
3468.7566	0.0413143246518485
3467.3397	0.0414768999104327
3465.9227	0.0422875370029504
3464.5057	0.0425394245613507
3463.0887	0.042571952956063
3461.6718	0.0429983511298095
3460.2548	0.0429605244002477
3458.8378	0.0428460638327965
3457.4208	0.0438841439413953
3456.0039	0.044423210476608
3454.5869	0.0438815477080158
3453.1699	0.0443524600803828
3451.7529	0.0448614496810056
3450.336	0.0451434462394078
3448.919	0.0448911619819947
3447.502	0.0446554708097527
3446.085	0.0452792613219423
3444.6681	0.0467526913634643
3443.2511	0.0458771902823707
3441.8341	0.046583176500128
3440.4171	0.04646043173263
3439.0002	0.0466176453181831
3437.5832	0.0470288198508876
3436.1662	0.047693988532632
3434.7492	0.0473284286664765
3433.3323	0.0482782805560544
3431.9153	0.0483204667821521
3430.4983	0.0484260950966377
3429.0813	0.0481033380886191
3427.6643	0.0485380587648982
3426.2474	0.0487855400337448
3424.8304	0.0494463330305252
3423.4134	0.0486159596669443
3421.9964	0.0491107650967055
3420.5795	0.0492654802631302
3419.1625	0.0505808130434041
3417.7455	0.0498938750319697
3416.3285	0.0506289767016038
3414.9116	0.0501088590158689
3413.4946	0.0510800679608367
3412.0776	0.0506815507517587
3410.6606	0.0507973614617488
3409.2437	0.0515262167622899
3407.8267	0.0514026627073934
3406.4097	0.0523792640232421
3404.9927	0.052159752277552
3403.5758	0.0522087339182216
3402.1588	0.0523135757805256
3400.7418	0.0529871513995399
3399.3248	0.0525900327973393
3397.9079	0.0529331262095541
3396.4909	0.0523550551894537
3395.0739	0.054203780209741
3393.6569	0.0532096927764317
3392.24	0.0531387981476347
3390.823	0.0541449308968403
3389.406	0.0540380493297004
3387.989	0.0547900365108966
3386.5721	0.0547610323346278
3385.1551	0.0543802419982575
3383.7381	0.0546376892273778
3382.3211	0.0547797425143047
3380.9041	0.0553422163367511
3379.4872	0.0555463935212773
3378.0702	0.0553167618929028
3376.6532	0.0562860671967987
3375.2362	0.055599178820318
3373.8193	0.0555299066861948
3372.4023	0.0561118817343778
3370.9853	0.0561688824069648
3369.5683	0.056830373697958
3368.1514	0.0568133797971978
3366.7344	0.0556679780308918
3365.3174	0.0564740851572796
3363.9004	0.0564102805538608
3362.4835	0.0564140835261189
3361.0665	0.0577951978405723
3359.6495	0.057736762530977
3358.2325	0.0576018157278079
3356.8156	0.0580529334742384
3355.3986	0.0586069236529111
3353.9816	0.0579356268497372
3352.5646	0.0573136133698893
3351.1477	0.058444398331111
3349.7307	0.0587644713663826
3348.3137	0.0586510055882458
3346.8967	0.0585777310161685
3345.4798	0.0590344953218908
3344.0628	0.0574486648577493
3342.6458	0.0579768323316697
3341.2288	0.0591856115827059
3339.8119	0.0596277735018589
3338.3949	0.0588884521338575
3336.9779	0.0585876168205903
3335.5609	0.0593957202316029
3334.1439	0.0591472655844923
3332.727	0.0597046044757725
3331.31	0.0599739042179329
3329.893	0.0600021030271625
3328.476	0.0596855675621084
3327.0591	0.0605528202909127
3325.6421	0.0604393653598892
3324.2251	0.0597316806756618
3322.8081	0.0603831863270326
3321.3912	0.0598378908022594
3319.9742	0.0604166695009005
3318.5572	0.0608498119005112
3317.1402	0.0613389570337551
3315.7233	0.0611395697832188
3314.3063	0.0604513282835495
3312.8893	0.0600472169926262
3311.4723	0.0604226193976227
3310.0554	0.0612690488458421
3308.6384	0.0607172739731254
3307.2214	0.0610274569031005
3305.8044	0.0604741319367014
3304.3875	0.0606494701586282
3302.9705	0.0610808670705429
3301.5535	0.0613336086833305
3300.1365	0.0611411668982922
3298.7196	0.0606048556029609
3297.3026	0.061177925336573
3295.8856	0.0610366778687287
3294.4686	0.0609289440897745
3293.0517	0.0605607038338689
3291.6347	0.0606058386041731
3290.2177	0.0613962672803155
3288.8007	0.0617036187733509
3287.3837	0.0608090558037061
3285.9668	0.0609869753839668
3284.5498	0.0618096196640115
3283.1328	0.0611299560988071
3281.7158	0.0613910846325684
3280.2989	0.0612950635460537
3278.8819	0.0614328273241946
3277.4649	0.0609783856065833
3276.0479	0.0612691186879302
3274.631	0.0613337288539029
3273.214	0.0616300074029983
3271.797	0.0617217727702449
3270.38	0.0612384975222508
3268.9631	0.0612384359806868
3267.5461	0.0613395199315938
3266.1291	0.0612370723851586
3264.7121	0.061543368704631
3263.2952	0.0612554946425458
3261.8782	0.0614404368737541
3260.4612	0.0611291277493051
3259.0442	0.0613551420086405
3257.6273	0.0616720369683684
3256.2103	0.0613794528622548
3254.7933	0.0609620462220171
3253.3763	0.0607408252830936
3251.9594	0.0605354005601061
3250.5424	0.060718589668944
3249.1254	0.0606998098240841
3247.7084	0.0615666632034673
3246.2915	0.0614875333883748
3244.8745	0.0609300588317721
3243.4575	0.0611005994329036
3242.0405	0.0611933475749154
3240.6235	0.0608225375067414
3239.2066	0.0609466236781851
3237.7896	0.0604355856038343
3236.3726	0.0609981926562567
3234.9556	0.0608564638472032
3233.5387	0.06097677282409
3232.1217	0.0606024959990049
3230.7047	0.0606122951762513
3229.2877	0.0605266004100361
3227.8708	0.0602455905454269
3226.4538	0.0600903759223427
3225.0368	0.0594234233085099
3223.6198	0.0592965830363285
3222.2029	0.0594813942509082
3220.7859	0.0601000094653061
3219.3689	0.0599041830957668
3217.9519	0.0586140511640674
3216.535	0.059823341621787
3215.118	0.0600030749580722
3213.701	0.0599638791555782
3212.284	0.0592711855017767
3210.8671	0.0585846912261377
3209.4501	0.0587059685029744
3208.0331	0.0593687854903854
3206.6161	0.0587412828211128
3205.1992	0.0586280380480312
3203.7822	0.0589032712725982
3202.3652	0.0593984202776662
3200.9482	0.058525061140638
3199.5313	0.05808691213133
3198.1143	0.0577697010144168
3196.6973	0.0580953213076989
3195.2803	0.0579432188304441
3193.8633	0.0577259873200956
3192.4464	0.0579784538641671
3191.0294	0.0576452008052454
3189.6124	0.0576804427943229
3188.1954	0.0575950245239251
3186.7785	0.0574925290362813
3185.3615	0.0574784354988337
3183.9445	0.0574192417776099
3182.5275	0.057752285627719
3181.1106	0.0567147857720065
3179.6936	0.0575465997383171
3178.2766	0.0565922395825263
3176.8596	0.0569039620679315
3175.4427	0.0572985789679608
3174.0257	0.0568011301214718
3172.6087	0.0556469075481504
3171.1917	0.0565421623632804
3169.7748	0.0561480851872182
3168.3578	0.0558743663925882
3166.9408	0.0559826373714572
3165.5238	0.0559802868190518
3164.1069	0.05560009251546
3162.6899	0.0559719491834467
3161.2729	0.0552505157540359
3159.8559	0.0547689878543977
3158.439	0.0547372466143419
3157.022	0.0545029345829487
3155.605	0.0544733276860392
3154.188	0.0539024962765112
3152.7711	0.0547647105525994
3151.3541	0.054349691050882
3149.9371	0.0542145112132688
3148.5201	0.054058426814763
3147.1031	0.0531121735249091
3145.6862	0.0534439399584224
3144.2692	0.052981772205432
3142.8522	0.0532825992148208
3141.4352	0.0531831125124298
3140.0183	0.0523002312549953
3138.6013	0.0523691305701605
3137.1843	0.0523215500979271
3135.7673	0.0519545606003567
3134.3504	0.0521398870948697
3132.9334	0.0527167542792923
3131.5164	0.0519308347779524
3130.0994	0.052261679788708
3128.6825	0.0519789557329409
3127.2655	0.0508014432112426
3125.8485	0.0507914488460241
3124.4315	0.0521568234493388
3123.0146	0.0516962513923417
3121.5976	0.0502443685472195
3120.1806	0.0510258637598439
3118.7636	0.0500965766787894
3117.3467	0.0497454511236383
3115.9297	0.0498805722169054
3114.5127	0.0503652029367982
3113.0957	0.0502490503138679
3111.6788	0.0504503458656811
3110.2618	0.0501123866777521
3108.8448	0.0496681623783314
3107.4278	0.0490106825929133
3106.0109	0.0493773933664567
3104.5939	0.0489983903903128
3103.1769	0.0481056899578204
3101.7599	0.0486406215006822
3100.3429	0.0488918529119776
3098.926	0.048812406461804
3097.509	0.0481234772514405
3096.092	0.047644729336871
3094.675	0.0482261606742506
3093.2581	0.0479254901818764
3091.8411	0.0477081212043726
3090.4241	0.047086555827308
3089.0071	0.0478781516990909
3087.5902	0.0471869644988108
3086.1732	0.0476671896855089
3084.7562	0.0463958676480543
3083.3392	0.0468737813880873
3081.9223	0.0465022898031613
3080.5053	0.0455272931510225
3079.0883	0.0451331673071622
3077.6713	0.0465693613570677
3076.2544	0.0463631056168084
3074.8374	0.0458453088697799
3073.4204	0.0455167646255315
3072.0034	0.0454356962828339
3070.5865	0.0450710448294312
3069.1695	0.044652102559716
3067.7525	0.045670425832719
3066.3355	0.0447044674124606
3064.9186	0.0450172699233638
3063.5016	0.0445135243773961
3062.0846	0.0448763989104966
3060.6676	0.0447150691170543
3059.2507	0.0443560285888889
3057.8337	0.044214178548216
3056.4167	0.0439214407824765
3054.9997	0.0434520893371861
3053.5827	0.0430278631484133
3052.1658	0.0423386855314615
3050.7488	0.0435168795946874
3049.3318	0.0429984092420508
3047.9148	0.042385980024567
3046.4979	0.0422450455766821
3045.0809	0.0427680113759061
3043.6639	0.0425588151455849
3042.2469	0.0425275822622659
3040.83	0.0422142216888912
3039.413	0.0415646098944583
3037.996	0.0415103625157518
3036.579	0.0418739643898104
3035.1621	0.0415679009068983
3033.7451	0.0417578062666341
3032.3281	0.040829233676987
3030.9111	0.0414028376795145
3029.4942	0.0414997055258517
3028.0772	0.0407764226821941
3026.6602	0.0407855897460639
3025.2432	0.0411532484291793
3023.8263	0.0403430658595592
3022.4093	0.0408503984800951
3020.9923	0.04021583740107
3019.5753	0.0406680718320447
3018.1584	0.0406600671577023
3016.7414	0.0407999906208219
3015.3244	0.0395677692192394
3013.9074	0.0395869638586948
3012.4905	0.0401148252066769
3011.0735	0.0393869181910298
3009.6565	0.0395370144344101
3008.2395	0.0396114620823569
3006.8225	0.0390292436377904
3005.4056	0.0392669628710544
3003.9886	0.0390924019983149
3002.5716	0.0390143347468305
3001.1546	0.0392127670659475
2999.7377	0.0388067292007217
2998.3207	0.0390071435952379
2996.9037	0.039327739702583
2995.4867	0.0392093210584029
2994.0698	0.0386713668534006
2992.6528	0.0385617103937444
2991.2358	0.0392342748404645
2989.8188	0.0383690668294363
2988.4019	0.0390708176418268
2986.9849	0.0386999407708472
2985.5679	0.0392960293540766
2984.1509	0.0391737410838744
2982.734	0.0388886888612238
2981.317	0.0390554369522754
2979.9	0.039003568716197
2978.483	0.0390488576189352
2977.0661	0.0391545318865625
2975.6491	0.0401661347808673
2974.2321	0.0397741888685986
2972.8151	0.0403828052779507
2971.3982	0.0399180075400097
2969.9812	0.0408111763433606
2968.5642	0.0392192717330979
2967.1472	0.0404174572705219
2965.7303	0.0410027151255399
2964.3133	0.0406698075018816
2962.8963	0.0406541045039806
2961.4793	0.0414090611774003
2960.0623	0.0412595432021482
2958.6454	0.0410419354232906
2957.2284	0.0413867883213804
2955.8114	0.042081740466349
2954.3944	0.0420047355759208
2952.9775	0.0429253417606355
2951.5605	0.0427143031867916
2950.1435	0.0435781205937462
2948.7265	0.0432886197284809
2947.3096	0.0438495730599536
2945.8926	0.0445764194827097
2944.4756	0.0443589916754838
2943.0586	0.0441343018141851
2941.6417	0.0448526443548517
2940.2247	0.0453863361143502
2938.8077	0.0463554047127061
2937.3907	0.045885177098481
2935.9738	0.045973389416091
2934.5568	0.0476004635868142
2933.1398	0.0469741629506115
2931.7228	0.0470931554710062
2930.3059	0.0475015402849158
2928.8889	0.0478949973705288
2927.4719	0.0474592954023014
2926.0549	0.0481787478804227
2924.638	0.0471636969021793
2923.221	0.0475909024426621
2921.804	0.0482668132552443
2920.387	0.0475450008994863
2918.9701	0.0475803399027976
2917.5531	0.0477215334194825
2916.1361	0.0474156864377401
2914.7191	0.0472759176053492
2913.3021	0.0479604543525701
2911.8852	0.0475638123795363
2910.4682	0.0471299356393743
2909.0512	0.0474768075560886
2907.6342	0.0479763061654074
2906.2173	0.046839644466801
2904.8003	0.0470990858257417
2903.3833	0.0474230267618809
2901.9663	0.0473603925037042
2900.5494	0.0473521276956233
2899.1324	0.0470650423407185
2897.7154	0.0459023555202537
2896.2984	0.0469191485225808
2894.8815	0.0461638485250677
2893.4645	0.046447226350284
2892.0475	0.0467736600467459
2890.6305	0.0474596685713089
2889.2136	0.0462957443546369
2887.7966	0.0464402996148405
2886.3796	0.0466564409743763
2884.9626	0.0467393871742569
2883.5457	0.0459014442248568
2882.1287	0.0455363279949416
2880.7117	0.0457566571269628
2879.2947	0.0457283539302405
2877.8778	0.0460642191868809
2876.4608	0.0456665675039947
2875.0438	0.0450375251036731
2873.6268	0.0454239684983777
2872.2099	0.0449303193457269
2870.7929	0.0447830707609816
2869.3759	0.044542005043805
2867.9589	0.0441747150317589
2866.5419	0.045145610599106
2865.125	0.0435116050861983
2863.708	0.043717109158545
2862.291	0.043104700634021
2860.874	0.0430267016813844
2859.4571	0.0427138465006849
2858.0401	0.0433692731883018
2856.6231	0.0435005896355939
2855.2061	0.0430806765893897
2853.7892	0.0432247016780947
2852.3722	0.0432289980537892
2850.9552	0.0425668048183801
2849.5382	0.0422336630084745
2848.1213	0.0425297474493221
2846.7043	0.0430507804227456
2845.2873	0.0414685869708309
2843.8703	0.041373218674072
2842.4534	0.040766503057851
2841.0364	0.0409392907732858
2839.6194	0.0416683069567565
2838.2024	0.0418233886607333
2836.7855	0.0405396454520732
2835.3685	0.041487665553943
2833.9515	0.0406498357417266
2832.5345	0.0402593403642338
2831.1176	0.0404802760313341
2829.7006	0.0392255874733307
2828.2836	0.040364969075591
2826.8666	0.0399802277193082
2825.4497	0.039690413097775
2824.0327	0.0397733667468948
2822.6157	0.0394559369179969
2821.1987	0.0391303081444148
2819.7817	0.0387278816087883
2818.3648	0.0386517228850912
2816.9478	0.039697030918975
2815.5308	0.039682336253901
2814.1138	0.0382191248556482
2812.6969	0.0390748409838668
2811.2799	0.0383134647068903
2809.8629	0.0393497168384992
2808.4459	0.0385309865361286
2807.029	0.0379452738042308
2805.612	0.0376582435590855
2804.195	0.0387715042675213
2802.778	0.0379840776385671
2801.3611	0.0378401436925686
2799.9441	0.0377657672193472
2798.5271	0.0380016546432894
2797.1101	0.0389041565138243
2795.6932	0.0377089823150798
2794.2762	0.0366281528826168
2792.8592	0.0381756166356247
2791.4422	0.0367463970185637
2790.0253	0.037614043511788
2788.6083	0.0365599573281914
2787.1913	0.0368987234995896
2785.7743	0.037528263656456
2784.3574	0.0374908804624499
2782.9404	0.0367620638577763
2781.5234	0.0371768306191495
2780.1064	0.037066267710876
2778.6895	0.0371733798236799
2777.2725	0.0367124799515512
2775.8555	0.0369130528399604
2774.4385	0.0375705433416905
2773.0215	0.0365402396601112
2771.6046	0.0363595837455036
2770.1876	0.0368231061725217
2768.7706	0.0369461023910438
2767.3536	0.0371650161406964
2765.9367	0.0368155846387682
2764.5197	0.0367367313963039
2763.1027	0.0365678022251979
2761.6857	0.0370657732673839
2760.2688	0.0365636522980733
2758.8518	0.0359910383627155
2757.4348	0.0356331023198603
2756.0178	0.0359784580355979
2754.6009	0.0358567573206923
2753.1839	0.0352254293718728
2751.7669	0.0363528973399516
2750.3499	0.0358143791576072
2748.933	0.0349821107297195
2747.516	0.0365387143765175
2746.099	0.03572302102447
2744.682	0.0359963358891065
2743.2651	0.0361000630843242
2741.8481	0.0361012557445604
2740.4311	0.0354215213022659
2739.0141	0.0353717634164568
2737.5972	0.0356630433867572
2736.1802	0.035728506910644
2734.7632	0.0353090834433079
2733.3462	0.0362289235934791
2731.9293	0.035471547426787
2730.5123	0.035055958116476
2729.0953	0.0363674512552204
2727.6783	0.0359765389230895
2726.2613	0.0356773933286419
2724.8444	0.0355194719113744
2723.4274	0.0359999281922391
2722.0104	0.0349788418938008
2720.5934	0.0348902059697021
2719.1765	0.0357136117610572
2717.7595	0.0348762376613158
2716.3425	0.0354907028851403
2714.9255	0.0351926888304084
2713.5086	0.0348147771095873
2712.0916	0.0351953322867751
2710.6746	0.0352324011119298
2709.2576	0.0358032991203407
2707.8407	0.0354814680043544
2706.4237	0.0352731877048211
2705.0067	0.0353148281966364
2703.5897	0.035089024677304
2702.1728	0.0349402952311747
2700.7558	0.0358663209728374
2699.3388	0.0355353059834284
2697.9218	0.0353110886315424
2696.5049	0.0340755081721576
2695.0879	0.0346489209388986
2693.6709	0.0338742401799823
2692.2539	0.0346647353980196
2690.837	0.0351819968627352
2689.42	0.0343944564607887
2688.003	0.0348283760868981
2686.586	0.0348267268396599
2685.1691	0.0339346369763939
2683.7521	0.0345791414146907
2682.3351	0.0346609984342068
2680.9181	0.0343715054515992
2679.5011	0.0344641450284927
2678.0842	0.0345560722296926
2676.6672	0.0336601620379859
2675.2502	0.0343916670516506
2673.8332	0.0345879995746867
2672.4163	0.0340855588197358
2670.9993	0.0334919471952711
2669.5823	0.0335599677131519
2668.1653	0.0339433157213419
2666.7484	0.0344835725771489
2665.3314	0.0339270153676386
2663.9144	0.0335731589409417
2662.4974	0.0335694688309322
2661.0805	0.0341704871977086
2659.6635	0.0342490365604406
2658.2465	0.0346441368039524
2656.8295	0.034537528944671
2655.4126	0.0342202266711463
2653.9956	0.0338918401415546
2652.5786	0.0340254879849082
2651.1616	0.0340594395728651
2649.7447	0.0336961568170943
2648.3277	0.0345180347363483
2646.9107	0.033921423414344
2645.4937	0.0330627616636039
2644.0768	0.0331360573733685
2642.6598	0.0338161490167537
2641.2428	0.0330168628634607
2639.8258	0.0333272151549529
2638.4089	0.0334513023614336
2636.9919	0.0330856535806939
2635.5749	0.0337229070453994
2634.1579	0.0328001166544899
2632.741	0.0338575233397716
2631.324	0.0331246660958917
2629.907	0.0328571431074333
2628.49	0.033305240505196
2627.073	0.0330156350597011
2625.6561	0.0335556445637655
2624.2391	0.0328416862455521
2622.8221	0.0326856733873923
2621.4051	0.0330952059014264
2619.9882	0.0333163040097102
2618.5712	0.0325417389996095
2617.1542	0.0315035269295098
2615.7372	0.0323996999812042
2614.3203	0.0320432371954976
2612.9033	0.0325497295804463
2611.4863	0.0324257426762255
2610.0693	0.0316062840611029
2608.6524	0.0323445093313821
2607.2354	0.0315468486649126
2605.8184	0.0311006240629455
2604.4014	0.0326304513706055
2602.9845	0.0310007940867021
2601.5675	0.0312810571907533
2600.1505	0.0318911700155909
2598.7335	0.0320839410766163
2597.3166	0.0314783778234149
2595.8996	0.0318851335408969
2594.4826	0.0306379238845642
2593.0656	0.0324170251558697
2591.6487	0.0318858526803703
2590.2317	0.0311173539249971
2588.8147	0.031308647108545
2587.3977	0.0310431024741322
2585.9808	0.0311092240504312
2584.5638	0.0309367109314138
2583.1468	0.0312891867601101
2581.7298	0.0315255320314542
2580.3128	0.0312555651835173
2578.8959	0.0315069457980251
2577.4789	0.0314241973596951
2576.0619	0.0306832707031214
2574.6449	0.0309703064511058
2573.228	0.0308270186926421
2571.811	0.0309039506715379
2570.394	0.0306866377392408
2568.977	0.0304929749140338
2567.5601	0.0306813980922675
2566.1431	0.030879405247479
2564.7261	0.0306718419202856
2563.3091	0.0316673679295366
2561.8922	0.0315288004099726
2560.4752	0.0298756679136792
2559.0582	0.0302032232250175
2557.6412	0.0301263540367291
2556.2243	0.0302390369244766
2554.8073	0.0312387105039081
2553.3903	0.0303479072975664
2551.9733	0.0301553088712309
2550.5564	0.0304018165742547
2549.1394	0.0303091586871533
2547.7224	0.0304370954813686
2546.3054	0.0303288015966548
2544.8885	0.0293665748567181
2543.4715	0.0301821787551821
2542.0545	0.0300155575281711
2540.6375	0.0295304316437541
2539.2206	0.0291102429888025
2537.8036	0.0305353831399941
2536.3866	0.0302073789935754
2534.9696	0.03035372164888
2533.5526	0.030000574833062
2532.1357	0.0302256760799784
2530.7187	0.0303250730163678
2529.3017	0.030120741975348
2527.8847	0.0298920742246807
2526.4678	0.0304597147966651
2525.0508	0.0301533711509661
2523.6338	0.0303386406110542
2522.2168	0.0299152770575728
2520.7999	0.0301676393548966
2519.3829	0.0303413603199474
2517.9659	0.0295368384061872
2516.5489	0.0302222700065777
2515.132	0.030027268535192
2513.715	0.0295030274891557
2512.298	0.0290183488446886
2510.881	0.0296535197333741
2509.4641	0.030097286194283
2508.0471	0.0294865585415092
2506.6301	0.0294827376950253
2505.2131	0.0290522740858513
2503.7962	0.0291450061398386
2502.3792	0.028869205831784
2500.9622	0.0286834969072692
2499.5452	0.0289049593836765
2498.1283	0.0292883439934819
2496.7113	0.0291185361130233
2495.2943	0.0294689973973677
2493.8773	0.0304023076765089
2492.4604	0.0288444876734448
2491.0434	0.0301634024784946
2489.6264	0.0304454497559075
2488.2094	0.0302050726555878
2486.7924	0.0296698801255735
2485.3755	0.0289037894701916
2483.9585	0.0287113534790679
2482.5415	0.0289099240879568
2481.1245	0.0288614914005339
2479.7076	0.0293034523419179
2478.2906	0.0290906710617308
2476.8736	0.0289350485654221
2475.4566	0.0285142939509582
2474.0397	0.0284029961629845
2472.6227	0.0287862210969731
2471.2057	0.0288874463721699
2469.7887	0.0284182897686206
2468.3718	0.0288393083847512
2466.9548	0.0293349232518761
2465.5378	0.0288731313207004
2464.1208	0.0282979889023416
2462.7039	0.0294009953691663
2461.2869	0.027995974148151
2459.8699	0.0285839771682995
2458.4529	0.0296225213184208
2457.036	0.0281920411956922
2455.619	0.0283412714150555
2454.202	0.0286678061725204
2452.785	0.0295799203340046
2451.3681	0.0283705647494821
2449.9511	0.0284371018157377
2448.5341	0.0284341732400516
2447.1171	0.028770784389902
2445.7002	0.0287477446047176
2444.2832	0.0278053787327514
2442.8662	0.0286806358239318
2441.4492	0.0283481875655841
2440.0322	0.0286924345502222
2438.6153	0.0278156253816127
2437.1983	0.0284388919887708
2435.7813	0.0275520818975515
2434.3643	0.0282689389368822
2432.9474	0.0280811536502821
2431.5304	0.0286769698068025
2430.1134	0.0279134354611072
2428.6964	0.0285468097676042
2427.2795	0.0285008092445523
2425.8625	0.0283668766597721
2424.4455	0.0281883537475052
2423.0285	0.0282714241555809
2421.6116	0.0274481153031184
2420.1946	0.0277822094351328
2418.7776	0.0277445253825466
2417.3606	0.0278913487103113
2415.9437	0.0278709613045031
2414.5267	0.027014331991701
2413.1097	0.027640710912971
2411.6927	0.0280373977395996
2410.2758	0.0279756716932361
2408.8588	0.0275440179277577
2407.4418	0.0278670489413696
2406.0248	0.0268396610356999
2404.6079	0.0283245223119694
2403.1909	0.0277031150953058
2401.7739	0.0273493780019528
2400.3569	0.0274176130995306
2398.94	0.0277782885142455
2397.523	0.0281571983483692
2396.106	0.0266568936844332
2394.689	0.0269677416333213
2393.272	0.0278226141029415
2391.8551	0.0284201135210046
2390.4381	0.0277998218929562
2389.0211	0.0275676942977649
2387.6041	0.0278727452673857
2386.1872	0.026991209912544
2384.7702	0.027052962318818
2383.3532	0.0269401918774096
2381.9362	0.0268927944457603
2380.5193	0.0273321236659362
2379.1023	0.0272340638327611
2377.6853	0.0269952239939742
2376.2683	0.0278924601380885
2374.8514	0.0279857986492175
2373.4344	0.0268902182015472
2372.0174	0.0270737463121638
2370.6004	0.0259214198590617
2369.1835	0.0274206723634977
2367.7665	0.0275155991268654
2366.3495	0.0264437272648001
2364.9325	0.0264832986216598
2363.5156	0.0267303066477367
2362.0986	0.0271330701159458
2360.6816	0.0274465695864389
2359.2646	0.0274987864730832
2357.8477	0.0270425592431225
2356.4307	0.0270816622114616
2355.0137	0.0261499754449966
2353.5967	0.0275180692424809
2352.1798	0.0269030901004973
2350.7628	0.0261089986466213
2349.3458	0.0274023259377133
2347.9288	0.0276694668629128
2346.5118	0.0275761514042241
2345.0949	0.0269429641318988
2343.6779	0.0272158067901139
2342.2609	0.0274155070944063
2340.8439	0.0265812181488554
2339.427	0.0266939892668789
2338.01	0.0272451732747039
2336.593	0.0271929363358964
2335.176	0.0266730207934101
2333.7591	0.0268339168324201
2332.3421	0.0275621339156681
2330.9251	0.0271440019685873
2329.5081	0.0264605221620344
2328.0912	0.0270649282619074
2326.6742	0.0269542862942115
2325.2572	0.0269036566956284
2323.8402	0.0270499661333065
2322.4233	0.0273958326592044
2321.0063	0.0277468312538139
2319.5893	0.0269695963318521
2318.1723	0.0265496220254835
2316.7554	0.0269354298977578
2315.3384	0.0265745982046055
2313.9214	0.0269742486503697
2312.5044	0.0273146358080768
2311.0875	0.0258918448882639
2309.6705	0.0260360674916957
2308.2535	0.0271421718463893
2306.8365	0.0263986543815923
2305.4196	0.0260643219123623
2304.0026	0.0278777667400387
2302.5856	0.025891048764102
2301.1686	0.0266792688009318
2299.7516	0.0262136090521347
2298.3347	0.0268860574566344
2296.9177	0.0267018682276239
2295.5007	0.0266879723812388
2294.0837	0.0264205756162926
2292.6668	0.0262666217913171
2291.2498	0.0270003810654094
2289.8328	0.0268128103930926
2288.4158	0.0270393044883862
2286.9989	0.0265990977732869
2285.5819	0.0261721669203053
2284.1649	0.0268470847493381
2282.7479	0.0265324670917006
2281.331	0.0255986441821382
2279.914	0.0265094067705948
2278.497	0.0261647101795709
2277.08	0.0260686169127795
2275.6631	0.0261038904669877
2274.2461	0.0266262717887194
2272.8291	0.0262516725341519
2271.4121	0.0264025102646122
2269.9952	0.0270087038471609
2268.5782	0.0257315224738766
2267.1612	0.0260985206402095
2265.7442	0.0262573782966539
2264.3273	0.0258188848429228
2262.9103	0.0263760878002611
2261.4933	0.0257668787659618
2260.0763	0.0252977090941113
2258.6594	0.0259853954714335
2257.2424	0.0262333504455032
2255.8254	0.025751547009011
2254.4084	0.0255607541736095
2252.9914	0.0265121487459142
2251.5745	0.024899137223571
2250.1575	0.0252088650174385
2248.7405	0.025589689665748
2247.3235	0.0247185820850878
2245.9066	0.0250095431621921
2244.4896	0.0248497961987057
2243.0726	0.0255480529608235
2241.6556	0.024431816000424
2240.2387	0.0245273014748764
2238.8217	0.0254767415914066
2237.4047	0.025168045443553
2235.9877	0.0251916427026533
2234.5708	0.025729593269601
2233.1538	0.0248861446585433
2231.7368	0.0251985940367563
2230.3198	0.0255371810776901
2228.9029	0.0254883419543904
2227.4859	0.025941482203142
2226.0689	0.0252639115881113
2224.6519	0.0251273820874139
2223.235	0.0250055704891074
2221.818	0.0257409561410185
2220.401	0.0252508806440774
2218.984	0.0247819902892025
2217.5671	0.0245404732534078
2216.1501	0.025268121035443
2214.7331	0.0243584728841446
2213.3161	0.0239895340440837
2211.8992	0.0250901249545696
2210.4822	0.0238704832950807
2209.0652	0.0250383928512751
2207.6482	0.025128607142964
2206.2312	0.0255940515494435
2204.8143	0.0261081306172326
2203.3973	0.0255374703122608
2201.9803	0.0253716523397635
2200.5633	0.026170611904051
2199.1464	0.0254357490892336
2197.7294	0.0259345400310154
2196.3124	0.0256876535150779
2194.8954	0.0256426132760654
2193.4785	0.0263838357097075
2192.0615	0.0259098819283448
2190.6445	0.0255680778939899
2189.2275	0.0259466226830341
2187.8106	0.0246996493575872
2186.3936	0.0259903725451049
2184.9766	0.0246637911308957
2183.5596	0.0255412256054706
2182.1427	0.0259026332122603
2180.7257	0.0249581783470137
2179.3087	0.0250351109134685
2177.8917	0.0255221737337141
2176.4748	0.0253610263587296
2175.0578	0.025461683791645
2173.6408	0.0238340589254146
2172.2238	0.02362446756102
2170.8069	0.0243672741188268
2169.3899	0.0244405815100653
2167.9729	0.025004301672099
2166.5559	0.0249250287741532
2165.139	0.0246419034229708
2163.722	0.0250225713561421
2162.305	0.0245750325816651
2160.888	0.0251337632237866
2159.471	0.0235839967538839
2158.0541	0.0231177514046981
2156.6371	0.0224310618357347
2155.2201	0.0224297054981982
2153.8031	0.0227747207999049
2152.3862	0.0226665381136744
2150.9692	0.0230188369654191
2149.5522	0.0228105032479043
2148.1352	0.0225966501216927
2146.7183	0.0219195579569195
2145.3013	0.0233979254864988
2143.8843	0.0227162419023436
2142.4673	0.0235500018325016
2141.0504	0.024202105292406
2139.6334	0.023706452789117
2138.2164	0.0241313645734961
2136.7994	0.0237326538022546
2135.3825	0.0234819403608419
2133.9655	0.023666999299987
2132.5485	0.0235182774686526
2131.1315	0.0235893896840402
2129.7146	0.0240306165120063
2128.2976	0.0237773507706694
2126.8806	0.0242953352392494
2125.4636	0.0243064532204569
2124.0467	0.0248069707366102
2122.6297	0.0238087290310722
2121.2127	0.0249916194807556
2119.7957	0.0248360375394129
2118.3788	0.0251115923504382
2116.9618	0.024463358627369
2115.5448	0.024713297485907
2114.1278	0.0249467523034769
2112.7108	0.024582020755363
2111.2939	0.0250440072424016
2109.8769	0.0250256242018427
2108.4599	0.0244750886249495
2107.0429	0.0239569281030433
2105.626	0.0248248058180781
2104.209	0.0244243836351607
2102.792	0.0244032898392248
2101.375	0.02393418621481
2099.9581	0.02453229885831
2098.5411	0.0245979205435519
2097.1241	0.0248654338267989
2095.7071	0.0247406021478779
2094.2902	0.0239600250480885
2092.8732	0.023880174235105
2091.4562	0.0243226640613718
2090.0392	0.0246731754155028
2088.6223	0.0242271120187449
2087.2053	0.0245942798752527
2085.7883	0.0244055630974707
2084.3713	0.0241438770998909
2082.9544	0.0242667728425016
2081.5374	0.0241823729822782
2080.1204	0.0244480172261766
2078.7034	0.0244085848097344
2077.2865	0.0238138354095797
2075.8695	0.0242318169893393
2074.4525	0.0245695856941197
2073.0355	0.0246093566810785
2071.6186	0.0238723910087417
2070.2016	0.0236829211899848
2068.7846	0.0242611813379662
2067.3676	0.0239261421277784
2065.9506	0.0236919948551414
2064.5337	0.0243459457472312
2063.1167	0.0244555251427978
2061.6997	0.0243764982161086
2060.2827	0.0240002523244758
2058.8658	0.0241270376441686
2057.4488	0.023986833315416
2056.0318	0.0242665535436358
2054.6148	0.0245886731373054
2053.1979	0.0242970960037729
2051.7809	0.0244951938011355
2050.3639	0.0242095032044382
2048.9469	0.0238680558600161
2047.53	0.0242531716157698
2046.113	0.0225215603351468
2044.696	0.0228114170996818
2043.279	0.0233760348053956
2041.8621	0.0235359179305867
2040.4451	0.0231182827429032
2039.0281	0.021850771643664
2037.6111	0.0226242592540231
2036.1942	0.022657442197109
2034.7772	0.0239076035743729
2033.3602	0.0229296230152929
2031.9432	0.0229749394034302
2030.5263	0.0217078947140012
2029.1093	0.0231178385019777
2027.6923	0.0223970370119184
2026.2753	0.0223889984347358
2024.8584	0.0231059715616951
2023.4414	0.0216434534896133
2022.0244	0.0227903140209132
2020.6074	0.0215715455739627
2019.1904	0.0220322177845931
2017.7735	0.0210046464014988
2016.3565	0.0214416900992873
2014.9395	0.0214484156569438
2013.5225	0.0210885110473044
2012.1056	0.0214933801760918
2010.6886	0.0214991196832151
2009.2716	0.0212275024135108
2007.8546	0.0214895968902318
2006.4377	0.0209843630675563
2005.0207	0.020810843958421
2003.6037	0.020703532957433
2002.1867	0.0212570798909442
2000.7698	0.0220696727534731
1999.3528	0.022700086273055
1997.9358	0.0218620295037578
1996.5188	0.0217414742405147
1995.1019	0.0208349186917392
1993.6849	0.0212099005862081
1992.2679	0.0215187838211146
1990.8509	0.0217013886133618
1989.434	0.0219703862911456
1988.017	0.022143791001149
1986.6	0.0221999357815552
1985.183	0.021724605931707
1983.7661	0.0226404319282216
1982.3491	0.0235172419996032
1980.9321	0.0237077581554593
1979.5151	0.0225176661169775
1978.0982	0.0212616090103159
1976.6812	0.0213283435744598
1975.2642	0.020825987386293
1973.8472	0.0207277653466962
1972.4302	0.0210915249638498
1971.0133	0.0216100493105247
1969.5963	0.0210411450946849
1968.1793	0.0207862302549639
1966.7623	0.0208459433099848
1965.3454	0.020550382581111
1963.9284	0.0203763249328438
1962.5114	0.0213031282593086
1961.0944	0.0208610564885616
1959.6775	0.0200869312346782
1958.2605	0.0211376646579712
1956.8435	0.0209289908524774
1955.4265	0.0208784658247869
1954.0096	0.0223069598719794
1952.5926	0.0220027020470036
1951.1756	0.0222693591442596
1949.7586	0.0228219919008304
1948.3417	0.0213345487935528
1946.9247	0.0216982018039643
1945.5077	0.0211761909951282
1944.0907	0.0215496242318125
1942.6738	0.0221828882823817
1941.2568	0.0215155221486628
1939.8398	0.0221601538318979
1938.4228	0.0224303830989195
1937.0059	0.0225183258599684
1935.5889	0.0217670597503578
1934.1719	0.022510519286569
1932.7549	0.0221208936280505
1931.338	0.0221974372263936
1929.921	0.0220099454232081
1928.504	0.0216130529290832
1927.087	0.0215653311488437
1925.67	0.0217310262131369
1924.2531	0.0224404614622933
1922.8361	0.0220225841965516
1921.4191	0.0227325365772496
1920.0021	0.0228149458477009
1918.5852	0.0224387246095216
1917.1682	0.0219908233064337
1915.7512	0.0221224039714634
1914.3342	0.0226685444574087
1912.9173	0.0218496533232508
1911.5003	0.0218405515505135
1910.0833	0.0220106101705759
1908.6663	0.0230980140888965
1907.2494	0.0221227345867418
1905.8324	0.0236575172020722
1904.4154	0.0229393510177431
1902.9984	0.022618617455698
1901.5815	0.0230068881490302
1900.1645	0.0225543187625906
1898.7475	0.0229152868515548
1897.3305	0.0226405194491306
1895.9136	0.0227582215182377
1894.4966	0.0220464763821853
1893.0796	0.0220274121760522
1891.6626	0.0221620094881554
1890.2457	0.022424886455308
1888.8287	0.0225536737936901
1887.4117	0.0229938168997616
1885.9947	0.0224450752530699
1884.5778	0.0227510437386679
1883.1608	0.0217792140594661
1881.7438	0.0223147576736792
1880.3268	0.0224952704572649
1878.9098	0.0223911232887328
1877.4929	0.0231563080555644
1876.0759	0.0219495568004596
1874.6589	0.0224840958186793
1873.2419	0.0229024885701954
1871.825	0.0207897023747715
1870.408	0.0215310817237065
1868.991	0.0215457992170026
1867.574	0.0220817389528657
1866.1571	0.022325117960516
1864.7401	0.0223695785457929
1863.3231	0.0228837156141785
1861.9061	0.022348094221952
1860.4892	0.0228883612748069
1859.0722	0.022680340264784
1857.6552	0.0218935496334711
1856.2382	0.0219911696500275
1854.8213	0.0226376363357222
1853.4043	0.0223406446186665
1851.9873	0.0220162154696383
1850.5703	0.0226119820836408
1849.1534	0.0221839520442207
1847.7364	0.0218470445165447
1846.3194	0.0220071366183875
1844.9024	0.0218627331215667
1843.4855	0.0221463941460571
1842.0685	0.0222137632032631
1840.6515	0.0221801961981565
1839.2345	0.021996521485627
1837.8176	0.0218756176539944
1836.4006	0.0228585504570633
1834.9836	0.0219276646670584
1833.5666	0.021694116125295
1832.1496	0.0219195201379425
1830.7327	0.0223437006154159
1829.3157	0.0217434753931807
1827.8987	0.0214407990971799
1826.4817	0.0213294228369769
1825.0648	0.0222215667000687
1823.6478	0.0224071542194735
1822.2308	0.0221362969348182
1820.8138	0.0217929716483064
1819.3969	0.0223133041978336
1817.9799	0.0212434669581398
1816.5629	0.0215558127823305
1815.1459	0.0220927964241636
1813.729	0.0214511521734673
1812.312	0.0219174164349706
1810.895	0.0218681805123867
1809.478	0.0223247850998606
1808.0611	0.0212657673313421
1806.6441	0.0214487122644365
1805.2271	0.0213117620146182
1803.8101	0.021725922254899
1802.3932	0.0210460016462027
1800.9762	0.0215535378497836
1799.5592	0.0220998460805225
1798.1422	0.0213261118924232
1796.7253	0.0220230629182282
1795.3083	0.0224250528591998
1793.8913	0.0216953425586728
1792.4743	0.0220897819959943
1791.0574	0.0226393611572497
1789.6404	0.0217493744702056
1788.2234	0.0222744769874341
1786.8064	0.0221376514725683
1785.3894	0.0221865079248097
1783.9725	0.0227799841725029
1782.5555	0.0226939275752037
1781.1385	0.0225369224734962
1779.7215	0.0225159518695676
1778.3046	0.0216799038596693
1776.8876	0.0224292136877922
1775.4706	0.0220142800991328
1774.0536	0.0217692479913208
1772.6367	0.0221567071264233
1771.2197	0.0228099683837215
1769.8027	0.0228037596446036
1768.3857	0.0224919710414427
1766.9688	0.0219811734036556
1765.5518	0.0226143735065457
1764.1348	0.0221154872170981
1762.7178	0.0230020320920367
1761.3009	0.0226273582989431
1759.8839	0.0226909681796346
1758.4669	0.0226937306148215
1757.0499	0.0224725274073082
1755.633	0.0229501498703806
1754.216	0.0233703507788975
1752.799	0.0228524406047615
1751.382	0.0232816668771459
1749.9651	0.0231603387577252
1748.5481	0.0236407890475061
1747.1311	0.023637546194134
1745.7141	0.0229426046429382
1744.2972	0.024545878092683
1742.8802	0.023679644990269
1741.4632	0.0247013787380991
1740.0462	0.0248522582668394
1738.6292	0.0243495435517655
1737.2123	0.0249404736884369
1735.7953	0.0249089768488791
1734.3783	0.0246603228070826
1732.9613	0.0243514135394371
1731.5444	0.0249830122318357
1730.1274	0.0249228238623362
1728.7104	0.0252719907130611
1727.2934	0.0259119334479778
1725.8765	0.0256687701622523
1724.4595	0.0257038131671055
1723.0425	0.0266390278295308
1721.6255	0.0257874711187078
1720.2086	0.0267037697288338
1718.7916	0.0270071948895722
1717.3746	0.026600098195107
1715.9576	0.0271773959191848
1714.5407	0.028108684530838
1713.1237	0.0283516668297945
1711.7067	0.0278620249729382
1710.2897	0.0284517881297396
1708.8728	0.0281527847713379
1707.4558	0.0291038615547048
1706.0388	0.0285881433198674
1704.6218	0.0295584682314163
1703.2049	0.0286078513220359
1701.7879	0.0290923463472068
1700.3709	0.029409146113408
1698.9539	0.0305413824876585
1697.537	0.0291744710734274
1696.12	0.030713625565207
1694.703	0.0304486266187922
1693.286	0.0308202809022327
1691.869	0.0300728331152427
1690.4521	0.030555045569403
1689.0351	0.0301638110344578
1687.6181	0.0311768793195832
1686.2011	0.0310587760017287
1684.7842	0.0314252238886296
1683.3672	0.0309872779117906
1681.9502	0.0310454279435144
1680.5332	0.0307430582637977
1679.1163	0.0311646814627323
1677.6993	0.0314363909071423
1676.2823	0.0308552254527577
1674.8653	0.0319295116423147
1673.4484	0.0306836656348734
1672.0314	0.0320059480427099
1670.6144	0.0319262430880382
1669.1974	0.0321866772104771
1667.7805	0.0327499534751864
1666.3635	0.0331685405535547
1664.9465	0.0325618544402912
1663.5295	0.0326004177536072
1662.1126	0.0328602871138381
1660.6956	0.033601709497532
1659.2786	0.0329987417144014
1657.8616	0.0345098020178138
1656.4447	0.0339955862755821
1655.0277	0.0342875116085505
1653.6107	0.0345142793883287
1652.1937	0.0346455556541198
1650.7768	0.0357900624707932
1649.3598	0.0356591454763105
1647.9428	0.035584903430692
1646.5258	0.0368355855690109
1645.1088	0.0373713805243493
1643.6919	0.0382167843778356
1642.2749	0.0376931361152692
1640.8579	0.0388893725768157
1639.4409	0.0396691127261753
1638.024	0.0395091919540985
1636.607	0.0400415888354669
1635.19	0.0416315411574332
1633.773	0.0420468293328601
1632.3561	0.0417911530459633
1630.9391	0.0432696060466843
1629.5221	0.0429420566476234
1628.1051	0.0436993533146314
1626.6882	0.0429840433663407
1625.2712	0.0440198617524246
1623.8542	0.0446951518218183
1622.4372	0.045218062450488
1621.0203	0.0457952582305867
1619.6033	0.0455510663089235
1618.1863	0.0451701718851983
1616.7693	0.046092346824457
1615.3524	0.0466011677350619
1613.9354	0.0468737620488784
1612.5184	0.0474551230727779
1611.1014	0.0478658280659964
1609.6845	0.0486244952317921
1608.2675	0.0485501618117746
1606.8505	0.0490457425047242
1605.4335	0.0492714378496758
1604.0166	0.0507038907093151
1602.5996	0.050864368427953
1601.1826	0.0510576474982429
1599.7656	0.0510548922138428
1598.3486	0.0510738173603741
1596.9317	0.0501960846723028
1595.5147	0.0508059269724403
1594.0977	0.0503904868224455
1592.6807	0.0503256461853329
1591.2638	0.0497586258852957
1589.8468	0.0493611349422059
1588.4298	0.0481387080917472
1587.0128	0.04903562938884
1585.5959	0.0482408125484579
1584.1789	0.0464152737744708
1582.7619	0.0473827227508511
1581.3449	0.0466442264751402
1579.928	0.0460396526833479
1578.511	0.0452812734785842
1577.094	0.0442647056895504
1575.677	0.0443407829731129
1574.2601	0.0435687392801515
1572.8431	0.0430242388178769
1571.4261	0.0426493686357199
1570.0091	0.0420434674059302
1568.5922	0.0423987742265069
1567.1752	0.0412117337683306
1565.7582	0.0408907757351227
1564.3412	0.0403578439616768
1562.9243	0.039628283892126
1561.5073	0.0388280743541203
1560.0903	0.0382594374552321
1558.6733	0.0377641192245511
1557.2564	0.0369390945322402
1555.8394	0.0362273426633023
1554.4224	0.03556719501623
1553.0054	0.0340272972624655
1551.5885	0.0348088449139309
1550.1715	0.034611408213702
1548.7545	0.0339137212302464
1547.3375	0.033574858825291
1545.9205	0.0326431779889783
1544.5036	0.0329622508670456
1543.0866	0.0326032849853164
1541.6696	0.0318191577233955
1540.2526	0.0319780920311876
1538.8357	0.0314045849352014
1537.4187	0.0316576237687358
1536.0017	0.0317251413106537
1534.5847	0.0307398037118076
1533.1678	0.0301199003733447
1531.7508	0.0311267619497684
1530.3338	0.031629211874141
1528.9168	0.0306934099044753
1527.4999	0.0313593463569131
1526.0829	0.0322892809176391
1524.6659	0.0323080078770509
1523.2489	0.0334894765615821
1521.832	0.0336803251928366
1520.415	0.0352417063214426
1518.998	0.0355321709182222
1517.581	0.0375163939296011
1516.1641	0.0371024519473742
1514.7471	0.037771470892735
1513.3301	0.0390685698597594
1511.9131	0.038107749916024
1510.4962	0.0396360546053631
1509.0792	0.0390979643079213
1507.6622	0.0399474354589592
1506.2452	0.0393815375816645
1504.8283	0.0399632635591318
1503.4113	0.0386325609381497
1501.9943	0.0377603092433755
1500.5773	0.0367056183850375
1499.1603	0.035921591024258
1497.7434	0.0350703497059045
1496.3264	0.0344130677275855
1494.9094	0.0338608122391867
1493.4924	0.0335532738681597
1492.0755	0.0335960007252058
1490.6585	0.0332156754243592
1489.2415	0.0322462045461681
1487.8245	0.0328338004733078
1486.4076	0.0332001166663801
1484.9906	0.0336679896324094
1483.5736	0.0338059629032025
1482.1566	0.0339451466741465
1480.7397	0.0352347940516824
1479.3227	0.0348615790683423
1477.9057	0.0351014544504047
1476.4887	0.0355941519153016
1475.0718	0.0347004092861128
1473.6548	0.0360875021460862
1472.2378	0.0356891615595912
1470.8208	0.0370645853277565
1469.4039	0.0375596827438523
1467.9869	0.0396621877007115
1466.5699	0.0387424576743391
1465.1529	0.0407048361435024
1463.736	0.0414896994121043
1462.319	0.0419243117530234
1460.902	0.0429642852564172
1459.485	0.0434491289459859
1458.0681	0.0435852125576612
1456.6511	0.0452332588339178
1455.2341	0.0449611833364788
1453.8171	0.0454287008524038
1452.4001	0.0455714104897733
1450.9832	0.0455538716745091
1449.5662	0.0464763076743655
1448.1492	0.0451528027663112
1446.7322	0.0457136782834871
1445.3153	0.0461442129872952
1443.8983	0.0463096298779766
1442.4813	0.0458025789041615
1441.0643	0.0458304094043639
1439.6474	0.0461615824549349
1438.2304	0.0466137933010376
1436.8134	0.0459837739571359
1435.3964	0.0461053850182648
1433.9795	0.0475313042863282
1432.5625	0.0478972087772051
1431.1455	0.048124931596564
1429.7285	0.0486314555618979
1428.3116	0.0493038062007915
1426.8946	0.0502975513717118
1425.4776	0.05017842843588
1424.0606	0.0499218271628071
1422.6437	0.0504370252259878
1421.2267	0.0511710317418708
1419.8097	0.0513850446443374
1418.3927	0.0511589867537645
1416.9758	0.0515960458896549
1415.5588	0.0518141999637287
1414.1418	0.0527200422422158
1412.7248	0.0520920762181021
1411.3079	0.0528047035588046
1409.8909	0.0518591928786273
1408.4739	0.0526109864320775
1407.0569	0.0529397772036781
1405.6399	0.0519772284006131
1404.223	0.0529403921685886
1402.806	0.0520693534507567
1401.389	0.0534443091081098
1399.972	0.0530631908700934
1398.5551	0.0531970491049182
1397.1381	0.0538267703663236
1395.7211	0.0537290669747768
1394.3041	0.0547170933376373
1392.8872	0.0543953330891502
1391.4702	0.0541636530685389
1390.0532	0.0551826995016959
1388.6362	0.0552261270432649
1387.2193	0.0562735049840081
1385.8023	0.0565188369610561
1384.3853	0.0569258870544691
1382.9683	0.0570280320755646
1381.5514	0.0562680356207098
1380.1344	0.0564752638190224
1378.7174	0.0556503822654301
1377.3004	0.0560379868270322
1375.8835	0.0561768264353258
1374.4665	0.0569485889285135
1373.0495	0.0561380893586346
1371.6325	0.0571375237551921
1370.2156	0.0576373237875766
1368.7986	0.0585968803033864
1367.3816	0.0586258283781797
1365.9646	0.0591104587391391
1364.5477	0.059837691745781
1363.1307	0.059615144423482
1361.7137	0.0601834969400927
1360.2967	0.0596407947141305
1358.8797	0.0592368451235707
1357.4628	0.0594027089190051
1356.0458	0.0579215594618751
1354.6288	0.0574140279409503
1353.2118	0.0568546137977488
1351.7949	0.0570742353092274
1350.3779	0.0559448733682498
1348.9609	0.0569655840123561
1347.5439	0.0562631505028952
1346.127	0.0568451864296939
1344.71	0.0565560112709447
1343.293	0.0577669195904015
1341.876	0.0569208089068847
1340.4591	0.0579895195133165
1339.0421	0.0573342303192245
1337.6251	0.0573371295523755
1336.2081	0.0577931233232742
1334.7912	0.058537228218221
1333.3742	0.0575760278118636
1331.9572	0.0574048875039587
1330.5402	0.0577405507802201
1329.1233	0.0575096751333254
1327.7063	0.0566564688805497
1326.2893	0.0559590995035962
1324.8723	0.0551754100717094
1323.4554	0.0547306659508813
1322.0384	0.0538523157404391
1320.6214	0.0538145099897939
1319.2044	0.0538720321871336
1317.7875	0.0529552598143816
1316.3705	0.052573281396235
1314.9535	0.0511274234043436
1313.5365	0.0506360038741746
1312.1195	0.0511376461469972
1310.7026	0.0514100672985848
1309.2856	0.0513602364189588
1307.8686	0.0505650445955508
1306.4516	0.0516920245292922
1305.0347	0.0512875597347696
1303.6177	0.0515796672431158
1302.2007	0.0520490603692946
1300.7837	0.0515519084232301
1299.3668	0.0515529535735439
1297.9498	0.052084592953259
1296.5328	0.0516195028878996
1295.1158	0.0512780450179664
1293.6989	0.0517079976907122
1292.2819	0.0520468243875496
1290.8649	0.0513782562139231
1289.4479	0.0515701638081065
1288.031	0.0515310579002189
1286.614	0.0523420602266803
1285.197	0.051390165488997
1283.78	0.0525459028614187
1282.3631	0.0532738050406194
1280.9461	0.0522896241222984
1279.5291	0.0533155008222907
1278.1121	0.0529775469735283
1276.6952	0.0540374467562259
1275.2782	0.0549108205095405
1273.8612	0.0559549850085368
1272.4442	0.0562232402254193
1271.0273	0.0556902465848929
1269.6103	0.0563797209585972
1268.1933	0.0563004087243527
1266.7763	0.0563185517115269
1265.3593	0.0561614349986125
1263.9424	0.0558347025284072
1262.5254	0.0555127703094536
1261.1084	0.0552198750815129
1259.6914	0.0559768688269486
1258.2745	0.0552987265542901
1256.8575	0.0557354259072961
1255.4405	0.0552315807111125
1254.0235	0.0555944966767052
1252.6066	0.0559099185760777
1251.1896	0.0548827017236028
1249.7726	0.0543687799431785
1248.3556	0.0546312833810923
1246.9387	0.0548368252734385
1245.5217	0.0546912558991348
1244.1047	0.0543796667826119
1242.6877	0.0538890763816963
1241.2708	0.0540589929281283
1239.8538	0.0544609097482895
1238.4368	0.0554479020226146
1237.0198	0.0547849967225578
1235.6029	0.054640649676534
1234.1859	0.0550503122737084
1232.7689	0.0540824425920955
1231.3519	0.0545435365567946
1229.935	0.0534268187213838
1228.518	0.053221645733975
1227.101	0.0532433471871266
1225.684	0.0520800889703424
1224.2671	0.0517752863072693
1222.8501	0.0504694323032572
1221.4331	0.0499602866153881
1220.0161	0.0496205779958917
1218.5991	0.0484307823431519
1217.1822	0.0482064631274727
1215.7652	0.0472850368963083
1214.3482	0.0474251574147888
1212.9312	0.0475545285390404
1211.5143	0.0474973216803077
1210.0973	0.0470205048648343
1208.6803	0.0464514547888703
1207.2633	0.0472319042317604
1205.8464	0.0457806583118358
1204.4294	0.0450256884527284
1203.0124	0.0450826270295383
1201.5954	0.0450559565285517
1200.1785	0.0441637473282864
1198.7615	0.0438957216003601
1197.3445	0.0434472149304031
1195.9275	0.0427875521268756
1194.5106	0.0428618466741678
1193.0936	0.0417158931565709
1191.6766	0.0417277680011406
1190.2596	0.04068944027156
1188.8427	0.0400347871255378
1187.4257	0.0389688179142769
1186.0087	0.0391544385418743
1184.5917	0.0388936974326981
1183.1748	0.0388267229072414
1181.7578	0.0391447835524139
1180.3408	0.0392574811126472
1178.9238	0.0395679301366991
1177.5069	0.0389779401739962
1176.0899	0.0396042176837169
1174.6729	0.0405005626364915
1173.2559	0.0415735225722806
1171.8389	0.0426187948807047
1170.422	0.0438825274984135
1169.005	0.0458202966818401
1167.588	0.0477727144410294
1166.171	0.0495831684038282
1164.7541	0.0522225809259695
1163.3371	0.0542655467523058
1161.9201	0.0579924366345858
1160.5031	0.0602497258442639
1159.0862	0.0632056135162481
1157.6692	0.0661800185366289
1156.2522	0.0693866687867805
1154.8352	0.0710865486100789
1153.4183	0.0732375479172045
1152.0013	0.07479424906458
1150.5843	0.0760883131305117
1149.1673	0.0760030665420469
1147.7504	0.0768800267770365
1146.3334	0.0772532652559793
1144.9164	0.0765372895508396
1143.4994	0.0763854500137296
1142.0825	0.0765315472539611
1140.6655	0.0739389502271362
1139.2485	0.0731415292570856
1137.8315	0.0723739179852658
1136.4146	0.0710127780466335
1134.9976	0.0709286143661836
1133.5806	0.0701157405870742
1132.1636	0.0698182041562196
1130.7467	0.0695906401847461
1129.3297	0.0700539735090153
1127.9127	0.0705696954639495
1126.4957	0.0707040552030395
1125.0787	0.0712838950217801
1123.6618	0.0719866497418302
1122.2448	0.072090017446893
1120.8278	0.0721897738882194
1119.4108	0.0725277057800393
1117.9939	0.0728512112766875
1116.5769	0.0729603978975702
1115.1599	0.0732217481864858
1113.7429	0.0734485133319426
1112.326	0.0742567515008859
1110.909	0.0735010632958038
1109.492	0.0745732546951596
1108.075	0.0754901679967865
1106.6581	0.0762357065834866
1105.2411	0.0772971219522534
1103.8241	0.0781260786842946
1102.4071	0.0785129788357455
1100.9902	0.0786991837679823
1099.5732	0.0800237325539282
1098.1562	0.0798605397899641
1096.7392	0.079247953682413
1095.3223	0.0797247867702143
1093.9053	0.081053859906451
1092.4883	0.0817040458950368
1091.0713	0.0823712908832143
1089.6544	0.0837529020694887
1088.2374	0.0862900273992426
1086.8204	0.0877524880520588
1085.4034	0.0904016317397401
1083.9865	0.0934341195811492
1082.5695	0.0952558784991947
1081.1525	0.0984064361737284
1079.7355	0.100057205284807
1078.3185	0.102370461412301
1076.9016	0.103794918885676
1075.4846	0.103026778472173
1074.0676	0.102087137082326
1072.6506	0.101266873636219
1071.2337	0.0994627872112216
1069.8167	0.0970371247256962
1068.3997	0.0953776416139397
1066.9827	0.0947927722073107
1065.5658	0.0938513426594221
1064.1488	0.0932973875883665
1062.7318	0.0940371091567573
1061.3148	0.0962088605840417
1059.8979	0.0970092461945169
1058.4809	0.0982493212247877
1057.0639	0.100709048290284
1055.6469	0.101908455075652
1054.23	0.103508769140561
1052.813	0.105698753179733
1051.396	0.107666745624466
1049.979	0.109273422072823
1048.5621	0.110990286540778
1047.1451	0.113367454651467
1045.7281	0.116064992466442
1044.3111	0.117997766517756
1042.8942	0.119707739660987
1041.4772	0.122021959068126
1040.0602	0.124073004143479
1038.6432	0.12525577352425
1037.2263	0.127057663463424
1035.8093	0.129429001169136
1034.3923	0.131613812675671
1032.9753	0.133299270281556
1031.5583	0.135457610670172
1030.1414	0.137817166192809
1028.7244	0.14017587134128
1027.3074	0.1425750698746
1025.8904	0.144273169653154
1024.4735	0.14662421135598
1023.0565	0.148648419586387
1021.6395	0.151673963915525
1020.2225	0.153485196958574
1018.8056	0.154293663419379
1017.3886	0.155825971161333
1015.9716	0.157024200592323
1014.5546	0.157449594115756
1013.1377	0.158871024436341
1011.7207	0.158503084844129
1010.3037	0.15836317786176
1008.8867	0.158990457802616
1007.4698	0.159052939924262
1006.0528	0.158247326027301
1004.6358	0.159507741245389
1003.2188	0.160632416780246
1001.8019	0.161389923222346
1000.3849	0.162275030105065
998.9679	0.16270407949692
997.5509	0.162669248235686
996.134	0.164369401583709
994.717	0.165380577060677
993.3	0.164524625209864
991.883	0.16551300678004
990.4661	0.165755970536637
989.0491	0.165352903362016
987.6321	0.164712537601479
986.2151	0.163734139527873
984.7981	0.162349018071763
983.3812	0.161216494434728
981.9642	0.159156005931971
980.5472	0.157372477677913
979.1302	0.154383813991848
977.7133	0.151234985312397
976.2963	0.148216864053797
974.8793	0.146685287756553
973.4623	0.144537290962928
972.0454	0.140768006060118
970.6284	0.137617811262617
969.2114	0.13518152532887
967.7944	0.132515858789165
966.3775	0.128710247234473
964.9605	0.125839344790885
963.5435	0.122514117202344
962.1265	0.121056076391333
960.7096	0.118271459472407
959.2926	0.114697578641764
957.8756	0.112961021876573
956.4586	0.110720318299341
955.0417	0.107990901955967
953.6247	0.106149490399053
952.2077	0.104389874951851
950.7907	0.101712097640562
949.3738	0.100504043878496
947.9568	0.0993640177893041
946.5398	0.0988051449256638
945.1228	0.097372927805464
943.7059	0.0975871553854719
942.2889	0.0971970023594977
940.8719	0.0970185093576381
939.4549	0.0976491483775869
938.0379	0.0981562594243806
936.621	0.0975641952837573
935.204	0.0977168364360878
933.787	0.0983088339387343
932.37	0.0989806371623142
930.9531	0.0986548371544206
929.5361	0.0984777898973576
928.1191	0.0980420749601338
926.7021	0.09833697247572
925.2852	0.0980644374992047
923.8682	0.0984319963808719
922.4512	0.0974845182574689
921.0342	0.097035872422651
919.6173	0.096270410751363
918.2003	0.0963212698275696
916.7833	0.0952254552865699
915.3663	0.0953485054390378
913.9494	0.0948656487745156
912.5324	0.093826078595833
911.1154	0.0928357101167365
909.6984	0.0920342157914492
908.2815	0.0919211694904283
906.8645	0.0904107551336762
905.4475	0.0892499336011878
904.0305	0.0880936907836253
902.6136	0.0867816283330042
901.1966	0.0867296798844179
899.7796	0.0856854564099834
898.3626	0.0855431537088138
896.9457	0.0848299393835744
895.5287	0.0842141822068684
894.1117	0.0837759698427904
892.6947	0.0831905272602154
891.2777	0.0824289242762841
889.8608	0.0827917286670356
888.4438	0.0815378206126334
887.0268	0.0812175838216871
885.6098	0.0797382492595852
884.1929	0.0802784902803127
882.7759	0.0780695493063222
881.3589	0.0773883274920464
879.9419	0.0767920931242181
878.525	0.0761396446016662
877.108	0.0758323078577875
875.691	0.0761847468118687
874.274	0.0759987720628579
872.8571	0.0761076589286039
871.4401	0.0764924358365139
870.0231	0.0774159014000187
868.6061	0.0768185514043149
867.1892	0.0771336464770337
865.7722	0.0776863928775839
864.3552	0.0786310276807162
862.9382	0.0786240637392056
861.5213	0.0786430897593494
860.1043	0.0805057878114922
858.6873	0.0809267947198948
857.2703	0.0799200632651374
855.8534	0.0802877122669101
854.4364	0.0801974835230748
853.0194	0.080450850452022
851.6024	0.080588918172167
850.1855	0.0806630960793488
848.7685	0.079814586925359
847.3515	0.0804400181097283
845.9345	0.080466589377509
844.5175	0.0809206473960464
843.1006	0.0804493900023166
841.6836	0.0795227336014414
840.2666	0.0786011832866845
838.8496	0.0792032049763402
837.4327	0.0774976996680969
836.0157	0.0774651067196187
834.5987	0.077375735433044
833.1817	0.0773390506215078
831.7648	0.0771544211153938
830.3478	0.0769052647818651
828.9308	0.0758521628023693
827.5138	0.0752108310966396
826.0969	0.074673700506122
824.6799	0.07490685427274
823.2629	0.0745587569862737
821.8459	0.0739412489424349
820.429	0.0747864163482293
819.012	0.0742416170383164
817.595	0.0747679826240107
816.178	0.0742978207539693
814.7611	0.0733752532206242
813.3441	0.0728113765986455
811.9271	0.0731000955012163
810.5101	0.0725176634428323
809.0932	0.0726318053882473
807.6762	0.0714223653396391
806.2592	0.0711584395619502
804.8422	0.07151505585291
803.4253	0.0708614032157752
802.0083	0.0717734259144217
800.5913	0.0709881470818701
799.1743	0.0708664496027191
797.7573	0.0718087920422953
796.3404	0.0712490641493745
794.9234	0.0714965955142841
793.5064	0.070856294956478
792.0894	0.0722601519338141
790.6725	0.0715774545182928
789.2555	0.0726347860566536
787.8385	0.0723653609981394
786.4215	0.0733619919051856
785.0046	0.073338823478333
783.5876	0.0733820556171147
782.1706	0.0741228756329978
780.7536	0.0749503481484931
779.3367	0.0754447780013363
777.9197	0.0766754414200475
776.5027	0.0766050246597227
775.0857	0.0771262676546867
773.6688	0.0792059362499897
772.2518	0.0783621269841299
770.8348	0.0804038919826398
769.4178	0.0816675374833847
768.0009	0.0819435408167816
766.5839	0.0834865599718561
765.1669	0.0840725085174511
763.7499	0.0838368520112392
762.333	0.0849741496764184
760.916	0.0853101934544356
759.499	0.0856844893998591
758.082	0.0846159288154989
756.6651	0.084493979514922
755.2481	0.084373846794744
753.8311	0.0830464613898784
752.4141	0.0825446163859584
750.9971	0.0819826162320451
749.5802	0.081770947504265
748.1632	0.0801740432013367
746.7462	0.080796303016814
745.3292	0.0789199077226705
743.9123	0.0784615650912366
742.4953	0.0781392729456798
741.0783	0.0776958260369082
739.6613	0.0771304572198299
738.2444	0.0777215489076634
736.8274	0.0775650937276896
735.4104	0.0775230703966722
733.9934	0.0770460923601198
732.5765	0.0775350361002939
731.1595	0.0782156761239564
729.7425	0.0780721803804303
728.3255	0.0792527914481591
726.9086	0.0789816115800927
725.4916	0.0794548726319052
724.0746	0.0804316604230618
722.6576	0.080543717462447
721.2407	0.0811774951576554
719.8237	0.0819989557602651
718.4067	0.0820042928541435
716.9897	0.0834234498097982
715.5728	0.0845060440409786
714.1558	0.085092613250283
712.7388	0.0864080425003962
711.3218	0.0870128605270804
709.9049	0.0884909765152133
708.4879	0.0886269500613567
707.0709	0.0879786656736098
705.6539	0.0892111748657181
704.2369	0.0894153420259894
702.82	0.0892205656522414
701.403	0.0894405536979109
699.986	0.0883458450228456
698.569	0.0883111078681362
697.1521	0.0890049136481072
695.7351	0.0879309408599127
694.3181	0.0876459760093905
692.9011	0.0873951679739103
691.4842	0.0874091684995121
690.0672	0.0875512261002009
688.6502	0.0881995190200387
687.2332	0.088119380181253
685.8163	0.088538919182195
684.3993	0.0888984015740738
682.9823	0.0886743670054886
681.5653	0.087786780131959
680.1484	0.0881685264897694
678.7314	0.0889639826819595
677.3144	0.0893971946949439
675.8974	0.0892670487772539
674.4805	0.0894743856539035
673.0635	0.0891552065814113
671.6465	0.0899717760384901
670.2295	0.0906310243137891
668.8126	0.0901708147634065
667.3956	0.0910333915197214
665.9786	0.091092126135768
664.5616	0.0916462748905943
663.1447	0.0907294427799251
661.7277	0.0921238066578348
660.3107	0.0908102755322032
658.8937	0.0916914529381998
657.4767	0.0922864631515565
656.0598	0.0922083886968659
654.6428	0.0926805484700525
653.2258	0.0932831914138526
651.8088	0.0931152078707896
650.3919	0.0933324207194675
648.9749	0.0939899918535886
647.5579	0.0948872691165257
646.1409	0.0942795101378552
644.724	0.0947580631699723
643.307	0.0956643550549564
641.89	0.0952978596859201
640.473	0.0954159236517796
639.0561	0.0960179091985851
637.6391	0.0953824752768501
636.2221	0.0964493842119004
634.8051	0.0963334747673999
633.3882	0.0966342364572003
631.9712	0.0961219601155544
630.5542	0.0966464740264533
629.1372	0.0979738914402605
627.7203	0.0974910350681139
626.3033	0.0986291058009518
624.8863	0.0999874118639716
623.4693	0.100667222681537
622.0524	0.101240156257961
620.6354	0.10215358608948
619.2184	0.103553780249701
617.8014	0.104009021417454
616.3845	0.105885588580231
614.9675	0.106713135631247
613.5505	0.107029538370995
612.1335	0.107607264554547
610.7165	0.109260394490449
609.2996	0.109789655328342
607.8826	0.110916788437436
606.4656	0.110610316154663
605.0486	0.111792544147424
603.6317	0.110979886278031
602.2147	0.112070152159481
600.7977	0.111722424074098
599.3807	0.111449233673088
597.9638	0.110921450344377
596.5468	0.112760791884451
595.1298	0.112667944124068
593.7128	0.112659095467381
592.2959	0.112548207797981
590.8789	0.11280611477805
589.4619	0.113610868884618
588.0449	0.113698932870707
586.628	0.11550511430108
585.211	0.115821404191854
583.794	0.117257059863539
582.377	0.118850176736164
580.9601	0.120565962896194
579.5431	0.121629604787814
578.1261	0.122626634626564
576.7091	0.125127679728052
575.2922	0.126681013909795
573.8752	0.127192697543118
572.4582	0.12836517712629
571.0412	0.128982658281567
569.6243	0.128855429338694
568.2073	0.128104301676753
566.7903	0.12809976773244
565.3733	0.127240190199835
563.9563	0.126215170112072
562.5394	0.12615259478315
561.1224	0.125028238192129
559.7054	0.124258200251249
558.2884	0.123384797288181
556.8715	0.124506620781204
555.4545	0.123210448589189
554.0375	0.123902275214597
552.6205	0.122961176181958
551.2036	0.122671321971087
549.7866	0.122712417625767
548.3696	0.121243648922418
546.9526	0.121708204238162
545.5357	0.121320652848094
544.1187	0.121583941877592
542.7017	0.122175323622013
541.2847	0.121826031907153
539.8678	0.122919706511819
538.4508	0.124361457643108
537.0338	0.124462201248004
535.6168	0.125919068444384
534.1999	0.126370478359879
532.7829	0.126508418700915
531.3659	0.128759108027691
529.9489	0.130107753831888
528.532	0.131603616980746
527.115	0.132175167424412
525.698	0.132582486870707
524.281	0.133318660947284
522.8641	0.13393824423427
521.4471	0.134718229615409
520.0301	0.135186817046762
518.6131	0.134304965633582
517.1962	0.13399793330017
515.7792	0.134463839740473
514.3622	0.134594136665904
512.9452	0.133884767585124
511.5282	0.134171370792784
510.1113	0.134464339495278
508.6943	0.133430978448213
507.2773	0.133440940288038
505.8603	0.132835903543859
504.4434	0.132811713469498
503.0264	0.132962632295859
501.6094	0.132723783440052
500.1924	0.13175540929414
498.7755	0.132739296710616
497.3585	0.132713026730598
495.9415	0.132490819117837
494.5245	0.131263694065201
493.1076	0.130856950023825
491.6906	0.130071750401168
490.2736	0.130777468011496
488.8566	0.130646082640966
487.4397	0.130842492269759
486.0227	0.130304433994273
484.6057	0.130796274610387
483.1887	0.131664787748308
481.7718	0.132092305895612
480.3548	0.132659634916447
478.9378	0.132421638386397
477.5208	0.132405772246589
476.1039	0.132932452199176
474.6869	0.132790490689878
473.2699	0.131365943292332
471.8529	0.132247056341415
470.436	0.131593563079263
469.019	0.131687678721519
467.602	0.131100061410774
466.185	0.13065723305995
464.768	0.130281293952322
463.3511	0.130873421625828
461.9341	0.129998201738032
460.5171	0.130919782543526
459.1001	0.131163757582003
457.6832	0.130948561986913
456.2662	0.130802110458492
454.8492	0.131265429548652
453.4322	0.13187805027926
452.0153	0.131734953087911
450.5983	0.130252022902162
449.1813	0.130063133316392
447.7643	0.13060279512741
446.3474	0.131290917678105
444.9304	0.13308580443091
443.5134	0.134053317695459
442.0964	0.135140358603329
440.6795	0.136816430516366
439.2625	0.137904598557959
437.8455	0.138631941552632
436.4285	0.140457083241644
435.0116	0.139708372535347
433.5946	0.14007575911097
432.1776	0.140210886849476
430.7606	0.14107818990493
429.3437	0.140472461055431
427.9267	0.142185933753647
426.5097	0.142865487236824
425.0927	0.143352922352154
423.6758	0.142737931409399
422.2588	0.144246602378714
420.8418	0.143917609550951
419.4248	0.143807244431045
418.0078	0.144185345705756
416.5909	0.142836790689909
415.1739	0.143192174966172
413.7569	0.143972118320524
412.3399	0.14382538452875
410.923	0.144679024568037
409.506	0.144799358993582
408.089	0.146035469320964
406.672	0.145467982566345
405.2551	0.146133999997749
403.8381	0.144707566696457
402.4211	0.146385125735079
401.0041	0.146184718122635
