3994.4546	0.0217529760560001
3993.0377	0.0231698156477505
3991.6207	0.0228868066002457
3990.2037	0.0226324816736351
3988.7867	0.0220562519402981
3987.3698	0.0222865938616355
3985.9528	0.023264521904806
3984.5358	0.0224079639682811
3983.1188	0.0226791479683917
3981.7019	0.0226710548431362
3980.2849	0.0225288019395743
3978.8679	0.0231475474209537
3977.4509	0.0227358436179632
3976.034	0.022156651342646
3974.617	0.0223424072594329
3973.2	0.0218499369732531
3971.783	0.0225983293360326
3970.3661	0.0224357614701369
3968.9491	0.0214056210410869
3967.5321	0.0223199940661094
3966.1151	0.02184004113386
3964.6982	0.0226245049854159
3963.2812	0.0219417996152865
3961.8642	0.0229639210214755
3960.4472	0.0217531831960655
3959.0303	0.0225766651005394
3957.6133	0.0231163000393578
3956.1963	0.0225524246595212
3954.7793	0.0232244735031694
3953.3624	0.0227652119211059
3951.9454	0.0226089323550547
3950.5284	0.0220408283651688
3949.1114	0.0224739975513561
3947.6944	0.0218498874766882
3946.2775	0.0215440200662354
3944.8605	0.0211292149998249
3943.4435	0.0216485771050723
3942.0265	0.0227624127705844
3940.6096	0.0219938306366702
3939.1926	0.0222891977076565
3937.7756	0.0228341891952621
3936.3586	0.0214728015196851
3934.9417	0.0222596221293884
3933.5247	0.0219466644701211
3932.1077	0.0218096880453978
3930.6907	0.0218323436017395
3929.2738	0.0221342487875544
3927.8568	0.0223446270086573
3926.4398	0.0226541489366331
3925.0228	0.0224513460676543
3923.6059	0.0224658678670187
3922.1889	0.0226331976568799
3920.7719	0.0228129457233617
3919.3549	0.0218163685432688
3917.938	0.0229669926020657
3916.521	0.0224312420219924
3915.104	0.0220158134656736
3913.687	0.02186948137458
3912.2701	0.022181425614367
3910.8531	0.0217979186285939
3909.4361	0.0225797161024369
3908.0191	0.0222085010426302
3906.6022	0.0216885040658392
3905.1852	0.0220184701705023
3903.7682	0.0217936036287495
3902.3512	0.0224320764568323
3900.9342	0.0221154751110247
3899.5173	0.0222147539296211
3898.1003	0.0217399108203901
3896.6833	0.0223743353157418
3895.2663	0.0219861698108182
3893.8494	0.0221245269914222
3892.4324	0.0212095221703884
3891.0154	0.0218424418299268
3889.5984	0.0206143900420755
3888.1815	0.022615977338624
3886.7645	0.022221057498852
3885.3475	0.0215375397419276
3883.9305	0.0224904700352607
3882.5136	0.0221600575339588
3881.0966	0.0217650311571777
3879.6796	0.0219345289463712
3878.2626	0.0220687150630392
3876.8457	0.0215865614537882
3875.4287	0.0215844883686441
3874.0117	0.023274684573586
3872.5947	0.0210130199378315
3871.1778	0.0217198762222381
3869.7608	0.0220692498291544
3868.3438	0.0218053337478114
3866.9268	0.0218836279884686
3865.5099	0.0215868213981207
3864.0929	0.0216227623676914
3862.6759	0.0212624702967911
3861.2589	0.0219781961074668
3859.842	0.0226424324457393
3858.425	0.0220065676750649
3857.008	0.0228673809950124
3855.591	0.0212733189703293
3854.174	0.0226281837201936
3852.7571	0.0227390701982193
3851.3401	0.022659710829368
3849.9231	0.0219922403369516
3848.5061	0.021894923920455
3847.0892	0.0213120035361258
3845.6722	0.0215770045603665
3844.2552	0.0215913429384367
3842.8382	0.0223430855393195
3841.4213	0.0210020907189285
3840.0043	0.0214256283000688
3838.5873	0.0214814613600795
3837.1703	0.0216272778526033
3835.7534	0.0215768452578483
3834.3364	0.022174633006308
3832.9194	0.0202658634216538
3831.5024	0.021712777516382
3830.0855	0.0214776844951524
3828.6685	0.0210974481916097
3827.2515	0.0207443294898213
3825.8345	0.0215538031547469
3824.4176	0.0211942329671562
3823.0006	0.02143543122652
3821.5836	0.0216192888234618
3820.1666	0.0223609215347118
3818.7497	0.0210422565549041
3817.3327	0.021425279337179
3815.9157	0.0220766109465003
3814.4987	0.0212567117521378
3813.0818	0.0206650424228237
3811.6648	0.0219773527757231
3810.2478	0.0209886389564017
3808.8308	0.0215385680035255
3807.4138	0.0201935179737877
3805.9969	0.0209365375615942
3804.5799	0.021218673092868
3803.1629	0.0209961032269445
3801.7459	0.0209667469967855
3800.329	0.0221445143137609
3798.912	0.0216232477518033
3797.495	0.0215087390452898
3796.078	0.0213317134229142
3794.6611	0.0208321498754005
3793.2441	0.0201488866879259
3791.8271	0.0213343596694566
3790.4101	0.0206019789112724
3788.9932	0.0210392772114517
3787.5762	0.0204853300092327
3786.1592	0.0207870227498048
3784.7422	0.0206629635840545
3783.3253	0.0209676619969044
3781.9083	0.0216380182945239
3780.4913	0.0210730414457246
3779.0743	0.0220635809105852
3777.6574	0.0207077469755013
3776.2404	0.0215941806432574
3774.8234	0.0204049877449466
3773.4064	0.0211472231747045
3771.9895	0.0197442343585869
3770.5725	0.0202189938134332
3769.1555	0.0207965173332669
3767.7385	0.0205586980068019
3766.3216	0.0198515927871767
3764.9046	0.0207146934105229
3763.4876	0.0203482384780913
3762.0706	0.0212179138411349
3760.6536	0.0208493434249814
3759.2367	0.0205479359997978
3757.8197	0.0208211074718527
3756.4027	0.0208741005691211
3754.9857	0.0203144122988017
3753.5688	0.0201866270424594
3752.1518	0.0207468558449662
3750.7348	0.0202406703709338
3749.3178	0.0207601069322542
3747.9009	0.0211470580070242
3746.4839	0.0205514728992927
3745.0669	0.0199790205467612
3743.6499	0.0217731602601642
3742.233	0.020832333793879
3740.816	0.0200948808263197
3739.399	0.0202102118730848
3737.982	0.0201858817032048
3736.5651	0.0201052522256887
3735.1481	0.020548539561506
3733.7311	0.021054114870792
3732.3141	0.0203476184619085
3730.8972	0.0201480387208082
3729.4802	0.0210015281562677
3728.0632	0.0200569396683352
3726.6462	0.0203545721224593
3725.2293	0.0205866291283213
3723.8123	0.0205451083902541
3722.3953	0.0201007170294417
3720.9783	0.0204906694737965
3719.5614	0.019788602909566
3718.1444	0.0189604374373805
3716.7274	0.0199024600827501
3715.3104	0.0199215949642068
3713.8935	0.020108242526998
3712.4765	0.0198333557999462
3711.0595	0.0203466713384064
3709.6425	0.0212040444336098
3708.2255	0.0204040894129702
3706.8086	0.0205051570499897
3705.3916	0.0195460397274738
3703.9746	0.021561231774825
3702.5576	0.0204023891816441
3701.1407	0.0208005215475821
3699.7237	0.0200413378531509
3698.3067	0.0195074440401103
3696.8897	0.0193485483001418
3695.4728	0.0192722604127112
3694.0558	0.0192885546629434
3692.6388	0.0199931265007949
3691.2218	0.0211898788150525
3689.8049	0.0195774582252937
3688.3879	0.0200393153834556
3686.9709	0.0204352324334207
3685.5539	0.0205222805620003
3684.137	0.0195817207165465
3682.72	0.0199595501548265
3681.303	0.0199612341196568
3679.886	0.019908524722833
3678.4691	0.0197474118386075
3677.0521	0.0190516821316808
3675.6351	0.0194474277206455
3674.2181	0.0197853533352966
3672.8012	0.0205752043070162
3671.3842	0.0199494475008442
3669.9672	0.0197111833296319
3668.5502	0.0193179805036805
3667.1333	0.0190164651252752
3665.7163	0.0203862284398268
3664.2993	0.0201359173612438
3662.8823	0.0199818525594257
3661.4653	0.0200870877294557
3660.0484	0.0202685503508643
3658.6314	0.0205791115168635
3657.2144	0.0201378096519327
3655.7974	0.0200651954221289
3654.3805	0.0200963002834719
3652.9635	0.0198047566192175
3651.5465	0.0209366856228541
3650.1295	0.0200527882467471
3648.7126	0.0205693498953495
3647.2956	0.0207743649422859
3645.8786	0.0204317220170041
3644.4616	0.0204096734066129
3643.0447	0.0211425988299634
3641.6277	0.0194803067749643
3640.2107	0.0209323979024614
3638.7937	0.0208912438394597
3637.3768	0.0208899137286229
3635.9598	0.0216137190065459
3634.5428	0.0208070370273253
3633.1258	0.0212982018685986
3631.7089	0.0212985249335366
3630.2919	0.0208482230500203
3628.8749	0.0215373292137019
3627.4579	0.0210803332932918
3626.041	0.0212307213318105
3624.624	0.0211529631417451
3623.207	0.0214133749763821
3621.79	0.0221384538187047
3620.3731	0.0208589208192728
3618.9561	0.0216203276663418
3617.5391	0.0225125177891584
3616.1221	0.022154013131391
3614.7051	0.0228570036666509
3613.2882	0.0225312950972388
3611.8712	0.022615109142617
3610.4542	0.0228084657159769
3609.0372	0.0224906634351161
3607.6203	0.0233152087684301
3606.2033	0.0226193964580134
3604.7863	0.0231003745453794
3603.3693	0.0238303731540079
3601.9524	0.0236541334704208
3600.5354	0.0233396711154676
3599.1184	0.0233111073681578
3597.7014	0.0242830506575674
3596.2845	0.0233341062239881
3594.8675	0.0245500128461806
3593.4505	0.0245629870956009
3592.0335	0.0246367052818058
3590.6166	0.0242077521502104
3589.1996	0.02526516146045
3587.7826	0.0244630648985373
3586.3656	0.0256423583316379
3584.9487	0.0259971682316534
3583.5317	0.0258383504279366
3582.1147	0.0261339177073791
3580.6977	0.0268355425190152
3579.2808	0.0255097407649964
3577.8638	0.026036182177858
3576.4468	0.0269645489872498
3575.0298	0.0265290341061402
3573.6129	0.0270399124220627
3572.1959	0.0269298261591238
3570.7789	0.0277622192995683
3569.3619	0.0287813859163602
3567.9449	0.0288107043628972
3566.528	0.0284950943042251
3565.111	0.02795447193412
3563.694	0.0292842520789008
3562.277	0.0294768742663384
3560.8601	0.0291492839722783
3559.4431	0.0291757315437465
3558.0261	0.0302208024239118
3556.6091	0.0304974121227069
3555.1922	0.0306541957920242
3553.7752	0.0309616467949503
3552.3582	0.0303112361678202
3550.9412	0.0307840256443954
3549.5243	0.0309241562970737
3548.1073	0.0324991954555878
3546.6903	0.031800017667623
3545.2733	0.0323470160849465
3543.8564	0.0335885299056953
3542.4394	0.0327965618723175
3541.0224	0.0334020046819679
3539.6054	0.0335140208711458
3538.1885	0.0344373972442017
3536.7715	0.0344413158877292
3535.3545	0.0350656224470658
3533.9375	0.0350325262750094
3532.5206	0.0348942966675518
3531.1036	0.0349519127611614
3529.6866	0.0349710301325134
3528.2696	0.0360156349126526
3526.8527	0.0362670960904072
3525.4357	0.0365223448336208
3524.0187	0.0372884070349506
3522.6017	0.0377445935605896
3521.1847	0.0374073419825239
3519.7678	0.0383238567082666
3518.3508	0.0385507714827262
3516.9338	0.039563286039266
3515.5168	0.0384929622283726
3514.0999	0.0390806721981524
3512.6829	0.0385388269767525
3511.2659	0.0392344276947432
3509.8489	0.0400155593498929
3508.432	0.0405501777790428
3507.015	0.0410507929845961
3505.598	0.0400758623812892
3504.181	0.0415184551812287
3502.7641	0.0415009131445545
3501.3471	0.042141920629348
3499.9301	0.0417823832807444
3498.5131	0.0431035448927336
3497.0962	0.0433322653446807
3495.6792	0.042767049562207
3494.2622	0.0427281707823033
3492.8452	0.0442013261843354
3491.4283	0.0443569486253295
3490.0113	0.0448318343271963
3488.5943	0.0443402517536686
3487.1773	0.0452097066575988
3485.7604	0.0451879158177147
3484.3434	0.0468791768714971
3482.9264	0.0458253998910085
3481.5094	0.0463055953424356
3480.0925	0.0468910655035405
3478.6755	0.0460820940233146
3477.2585	0.0467294851840101
3475.8415	0.0478152918343846
3474.4245	0.0475181566958983
3473.0076	0.0484350214609335
3471.5906	0.0486515923159922
3470.1736	0.0485071078482882
3468.7566	0.0484247525790423
3467.3397	0.0486979512763665
3465.9227	0.0492067323064577
3464.5057	0.0494566711219564
3463.0887	0.0496005660211171
3461.6718	0.049988376386481
3460.2548	0.0511243272255818
3458.8378	0.0514345153469211
3457.4208	0.0507822502878103
3456.0039	0.051408295679628
3454.5869	0.0516082730524643
3453.1699	0.052126757995917
3451.7529	0.0528809466501187
3450.336	0.0526188898815991
3448.919	0.0528067227799728
3447.502	0.0535153855532438
3446.085	0.0537279670593081
3444.6681	0.0526195202596393
3443.2511	0.0532912694806775
3441.8341	0.0533231497109809
3440.4171	0.0551607681241898
3439.0002	0.0549242498623507
3437.5832	0.0549671320985341
3436.1662	0.0552437321976451
3434.7492	0.0546651691735599
3433.3323	0.0556998643832037
3431.9153	0.0558941577847583
3430.4983	0.0560444847538373
3429.0813	0.057013565632684
3427.6643	0.0562829242589624
3426.2474	0.057379635067147
3424.8304	0.0573710520820576
3423.4134	0.0572103958531537
3421.9964	0.0572185778195466
3420.5795	0.0584520053634165
3419.1625	0.0585506405642907
3417.7455	0.0594211147129824
3416.3285	0.058788053084927
3414.9116	0.0594345485434791
3413.4946	0.0588121863836918
3412.0776	0.0581352111094847
3410.6606	0.060584987967925
3409.2437	0.0603996050836193
3407.8267	0.060346818197494
3406.4097	0.059915264853909
3404.9927	0.0596214769359571
3403.5758	0.0612364532040542
3402.1588	0.061186716229064
3400.7418	0.0616247460635104
3399.3248	0.06166237270122
3397.9079	0.0617900214203137
3396.4909	0.0622629658358365
3395.0739	0.0631274921437788
3393.6569	0.0624880649688105
3392.24	0.0633098903650845
3390.823	0.062674581017622
3389.406	0.063509854402421
3387.989	0.0630486712557214
3386.5721	0.0630198746963544
3385.1551	0.0632127480857703
3383.7381	0.0635596355875874
3382.3211	0.0643821555003002
3380.9041	0.0633283674117249
3379.4872	0.0640874849535348
3378.0702	0.0651829192438097
3376.6532	0.06501120386172
3375.2362	0.0649168679497739
3373.8193	0.0655811323770092
3372.4023	0.066211157258049
3370.9853	0.0659038356239229
3369.5683	0.0657276628567263
3368.1514	0.0665492720892048
3366.7344	0.0658086471744776
3365.3174	0.0657774867385327
3363.9004	0.0664041954393758
3362.4835	0.0668560822777586
3361.0665	0.0667360688838736
3359.6495	0.0668199061964158
3358.2325	0.0674375133874669
3356.8156	0.0668577396174357
3355.3986	0.0674869875790253
3353.9816	0.0681192685698811
3352.5646	0.0679337751067413
3351.1477	0.0680758567568453
3349.7307	0.0680358220066191
3348.3137	0.0688692745672073
3346.8967	0.0682175112489907
3345.4798	0.0690880223883369
3344.0628	0.0682579931177746
3342.6458	0.0682234600419706
3341.2288	0.0686456941651683
3339.8119	0.0682405211780583
3338.3949	0.0686098093554215
3336.9779	0.0690154796220675
3335.5609	0.0693566163450537
3334.1439	0.0697644290225454
3332.727	0.070202601234183
3331.31	0.0701350698177931
3329.893	0.0700458424907181
3328.476	0.0700092747988212
3327.0591	0.0703802142353258
3325.6421	0.0692692945710288
3324.2251	0.0697366227948203
3322.8081	0.0705542023816109
3321.3912	0.0710009085927212
3319.9742	0.0704635338080347
3318.5572	0.0701123258613284
3317.1402	0.0705812723010658
3315.7233	0.070484866124578
3314.3063	0.0712587859243748
3312.8893	0.0716773599174196
3311.4723	0.0714066639751554
3310.0554	0.0704841956174959
3308.6384	0.0710063139466192
3307.2214	0.0708629310945872
3305.8044	0.0710255176784394
3304.3875	0.0710585658680232
3302.9705	0.0702905844152439
3301.5535	0.070884266276383
3300.1365	0.0709822631064407
3298.7196	0.0708822902622188
3297.3026	0.0714249684569211
3295.8856	0.0709724486727664
3294.4686	0.0716400879351754
3293.0517	0.0709080336033928
3291.6347	0.0713100721627463
3290.2177	0.0716331523358749
3288.8007	0.0705326670733386
3287.3837	0.0708118954469822
3285.9668	0.0711069719429188
3284.5498	0.071127017874484
3283.1328	0.0725397012243092
3281.7158	0.0709299489762868
3280.2989	0.071418830058189
3278.8819	0.0713488434288955
3277.4649	0.0715742171278514
3276.0479	0.0707889220639573
3274.631	0.0714265921754273
3273.214	0.0704802810495693
3271.797	0.0711066502879879
3270.38	0.0717869636248039
3268.9631	0.0719655691453664
3267.5461	0.0714216205208803
3266.1291	0.0715841780839095
3264.7121	0.070666100430335
3263.2952	0.0716952639096554
3261.8782	0.0716236368349047
3260.4612	0.0721889187316698
3259.0442	0.0712570281110892
3257.6273	0.071779596898104
3256.2103	0.0719001744737599
3254.7933	0.0704562472831715
3253.3763	0.0714369444691856
3251.9594	0.071940440903454
3250.5424	0.0719486451125393
3249.1254	0.0712721771860883
3247.7084	0.0701211875848728
3246.2915	0.0712637076419988
3244.8745	0.0712789265711488
3243.4575	0.0714725822695478
3242.0405	0.0711384514813817
3240.6235	0.0695052671066667
3239.2066	0.0708163416880443
3237.7896	0.0705377777171221
3236.3726	0.0704490566203942
3234.9556	0.0706608260597302
3233.5387	0.0705941827180887
3232.1217	0.0702033451382056
3230.7047	0.0703408221581408
3229.2877	0.0709258349640284
3227.8708	0.0702370379835869
3226.4538	0.070124975048295
3225.0368	0.0694564453504391
3223.6198	0.0701385525578152
3222.2029	0.0699231528448274
3220.7859	0.0705566697466556
3219.3689	0.0701647465322377
3217.9519	0.0697835757300132
3216.535	0.0697381641969425
3215.118	0.0698720945070016
3213.701	0.0698440056099531
3212.284	0.0686265079511551
3210.8671	0.0694679400170331
3209.4501	0.0694618086171937
3208.0331	0.0691034155709172
3206.6161	0.0690226771249197
3205.1992	0.0688103586383467
3203.7822	0.0688598297691173
3202.3652	0.0689829246552003
3200.9482	0.0688499952926374
3199.5313	0.0682071854345074
3198.1143	0.0686119696398595
3196.6973	0.0691029928576713
3195.2803	0.0680881744471797
3193.8633	0.0678409915075657
3192.4464	0.0684126332872068
3191.0294	0.0679336287292246
3189.6124	0.0667948846149757
3188.1954	0.0670599032095702
3186.7785	0.0659814901088632
3185.3615	0.0676620238357764
3183.9445	0.0672525877276426
3182.5275	0.0666486821638219
3181.1106	0.0671378825464126
3179.6936	0.0665018491086101
3178.2766	0.0662285505206866
3176.8596	0.0660555346107914
3175.4427	0.0668652586394965
3174.0257	0.0653899994670167
3172.6087	0.0656565197332548
3171.1917	0.0652331631434854
3169.7748	0.0649681222036899
3168.3578	0.0653129423889652
3166.9408	0.0644957286690258
3165.5238	0.0644420804776469
3164.1069	0.0651960839069122
3162.6899	0.0641980286442948
3161.2729	0.0650209488425076
3159.8559	0.0642066108103237
3158.439	0.0637554770873365
3157.022	0.0634445323883747
3155.605	0.0637485147393432
3154.188	0.0633956431918064
3152.7711	0.0644627527601808
3151.3541	0.063659994717809
3149.9371	0.0634171666769105
3148.5201	0.0628065866055357
3147.1031	0.0620376673297316
3145.6862	0.0610406109343477
3144.2692	0.0621629730602022
3142.8522	0.0618941130065326
3141.4352	0.0615268663329325
3140.0183	0.0626535079920879
3138.6013	0.0610860454737333
3137.1843	0.0613410571107712
3135.7673	0.0615985456967529
3134.3504	0.0604901820060479
3132.9334	0.0610979841267101
3131.5164	0.0608539027098658
3130.0994	0.060191328771581
3128.6825	0.0601481632260836
3127.2655	0.0607239488423472
3125.8485	0.0604931624711074
3124.4315	0.0597387546689829
3123.0146	0.0588515534594767
3121.5976	0.0594565446994577
3120.1806	0.059066560134269
3118.7636	0.0590093553938573
3117.3467	0.0573342328967886
3115.9297	0.0580499218758419
3114.5127	0.0581780110551945
3113.0957	0.0584296611374995
3111.6788	0.0575342895597038
3110.2618	0.0587344313376488
3108.8448	0.0579403812763933
3107.4278	0.0575728720692012
3106.0109	0.0577200429336668
3104.5939	0.0580126155398736
3103.1769	0.0573233136729467
3101.7599	0.0572177625500513
3100.3429	0.056740121325588
3098.926	0.0560608003080647
3097.509	0.0568985791503061
3096.092	0.0565776214888051
3094.675	0.0556925107133837
3093.2581	0.0551582963009051
3091.8411	0.0566414070073151
3090.4241	0.0561459962210192
3089.0071	0.0557483579371433
3087.5902	0.0548170176538684
3086.1732	0.0544754117405266
3084.7562	0.0546957014130341
3083.3392	0.0533132914557213
3081.9223	0.0548948284233107
3080.5053	0.0538639406529106
3079.0883	0.053439854644601
3077.6713	0.0539021949331892
3076.2544	0.0524492478711498
3074.8374	0.0542232468282457
3073.4204	0.0536452298793966
3072.0034	0.0532979552306981
3070.5865	0.0534591539589436
3069.1695	0.05274131393028
3067.7525	0.0532999592639638
3066.3355	0.0523889962155187
3064.9186	0.0525958143984564
3063.5016	0.0518446519134101
3062.0846	0.0516924056308782
3060.6676	0.0520505344586754
3059.2507	0.0514667083620833
3057.8337	0.0514917296293034
3056.4167	0.0512427058387419
3054.9997	0.050631220195583
3053.5827	0.0515582899711506
3052.1658	0.0510809139212859
3050.7488	0.0511113953293446
3049.3318	0.0495630036779075
3047.9148	0.0501809056363709
3046.4979	0.0500154370080699
3045.0809	0.0489420576809486
3043.6639	0.0497036418265362
3042.2469	0.0503462712079148
3040.83	0.0498233212626753
3039.413	0.0486491924015997
3037.996	0.049283016984013
3036.579	0.0483616415470561
3035.1621	0.0479611769228393
3033.7451	0.0485894480862965
3032.3281	0.0490110433279531
3030.9111	0.0484087187507228
3029.4942	0.0479673481368059
3028.0772	0.048644870462988
3026.6602	0.0473412548650847
3025.2432	0.0483279708333875
3023.8263	0.0482862414374583
3022.4093	0.0474858295962618
3020.9923	0.0470866268537
3019.5753	0.0478122567083596
3018.1584	0.0467951961327794
3016.7414	0.0464386607635248
3015.3244	0.0470596217605377
3013.9074	0.0473361157589394
3012.4905	0.0459629926063238
3011.0735	0.0457566276185161
3009.6565	0.0460953618678745
3008.2395	0.0460222527529252
3006.8225	0.0457883777039429
3005.4056	0.0459275703922454
3003.9886	0.0457453416119271
3002.5716	0.0448454909620182
3001.1546	0.0445443637908597
2999.7377	0.0459846260063575
2998.3207	0.0452205557463996
2996.9037	0.0448497714466994
2995.4867	0.0458965184465143
2994.0698	0.0447027919149219
2992.6528	0.0455457775944638
2991.2358	0.0443496982113964
2989.8188	0.0453330748170191
2988.4019	0.0456197389113661
2986.9849	0.0463016429731309
2985.5679	0.0453244071013213
2984.1509	0.0460987486954627
2982.734	0.0458660600198025
2981.317	0.0451603393582736
2979.9	0.0465879736155868
2978.483	0.0462823413802905
2977.0661	0.0464517085282184
2975.6491	0.0464447071832377
2974.2321	0.0474169044475832
2972.8151	0.0464755698711854
2971.3982	0.0466833249845411
2969.9812	0.0459816372434417
2968.5642	0.0468836277983224
2967.1472	0.0478113964788796
2965.7303	0.0473422005874455
2964.3133	0.0478127842429618
2962.8963	0.0474637461455099
2961.4793	0.0479928012824227
2960.0623	0.0485792279643629
2958.6454	0.0493824735867674
2957.2284	0.0492538469911568
2955.8114	0.0495256331289801
2954.3944	0.0502150308592145
2952.9775	0.050738213685374
2951.5605	0.0501483706731794
2950.1435	0.0518588775522051
2948.7265	0.0516881090008896
2947.3096	0.0515130732315751
2945.8926	0.0518206814620767
2944.4756	0.051913031713727
2943.0586	0.0522410978403724
2941.6417	0.0533434016495657
2940.2247	0.0540830311194691
2938.8077	0.0536399094125104
2937.3907	0.0538022180033039
2935.9738	0.0543588249859394
2934.5568	0.0545032271312705
2933.1398	0.0556704093502903
2931.7228	0.0542361026813193
2930.3059	0.0548357551744845
2928.8889	0.0557378021224209
2927.4719	0.0557719003030033
2926.0549	0.0562048353579117
2924.638	0.0567398482606806
2923.221	0.0555214821315983
2921.804	0.0550611845511959
2920.387	0.0559703754330171
2918.9701	0.0563819304479336
2917.5531	0.0563638641973034
2916.1361	0.0558377079622506
2914.7191	0.055612889422466
2913.3021	0.0561352839832289
2911.8852	0.0551279500732138
2910.4682	0.0557728025608039
2909.0512	0.0551842080328885
2907.6342	0.0550390497619212
2906.2173	0.0549288295933464
2904.8003	0.0544450508776144
2903.3833	0.0549992057974272
2901.9663	0.0541505256373344
2900.5494	0.0553361877316224
2899.1324	0.0543095125555303
2897.7154	0.0546001959061431
2896.2984	0.0549177547271514
2894.8815	0.0542847472080164
2893.4645	0.0547409665409237
2892.0475	0.0551043260250426
2890.6305	0.0543562770879805
2889.2136	0.0543353024173058
2887.7966	0.0542214444145748
2886.3796	0.0539659742770775
2884.9626	0.0534837328583465
2883.5457	0.0539601164839443
2882.1287	0.0532403495002617
2880.7117	0.0537222477848301
2879.2947	0.0533667709354645
2877.8778	0.0539808620327387
2876.4608	0.0538079223476907
2875.0438	0.0530811523331764
2873.6268	0.0519098887456813
2872.2099	0.0522185324339503
2870.7929	0.0523078492511953
2869.3759	0.0519323596350113
2867.9589	0.0519917197121016
2866.5419	0.0513005158081118
2865.125	0.0511615853816065
2863.708	0.0511493073539347
2862.291	0.0518646541989171
2860.874	0.0499904113089373
2859.4571	0.0511450072245707
2858.0401	0.0507221526238864
2856.6231	0.0500054402000541
2855.2061	0.0500971996310242
2853.7892	0.0500349531222662
2852.3722	0.0501476812254917
2850.9552	0.0495708891322627
2849.5382	0.0497547803944493
2848.1213	0.0497574512128081
2846.7043	0.0493061496261206
2845.2873	0.0486725185923782
2843.8703	0.048842503348066
2842.4534	0.0496561380381308
2841.0364	0.0493785257955587
2839.6194	0.0480621722289276
2838.2024	0.0487353966640146
2836.7855	0.0485250673562131
2835.3685	0.0479441886156111
2833.9515	0.0474300993411238
2832.5345	0.0471374160782826
2831.1176	0.0471940937245828
2829.7006	0.0477721675668719
2828.2836	0.0465238389125104
2826.8666	0.0476966089202005
2825.4497	0.0462662332230763
2824.0327	0.0456997790806183
2822.6157	0.0464230310259578
2821.1987	0.0458791750001547
2819.7817	0.0453596290264904
2818.3648	0.0458208865288636
2816.9478	0.0452156239623989
2815.5308	0.0452497024569761
2814.1138	0.0447490807867232
2812.6969	0.0460457049696901
2811.2799	0.0458253261145844
2809.8629	0.0455617960420784
2808.4459	0.0450594297080671
2807.029	0.0442240233517559
2805.612	0.0452656214414764
2804.195	0.0445362980588518
2802.778	0.0446124947176425
2801.3611	0.0442990913822637
2799.9441	0.0443787559997949
2798.5271	0.0439722286054376
2797.1101	0.0441708641487487
2795.6932	0.0448297361948042
2794.2762	0.0443832967750696
2792.8592	0.0441790153485616
2791.4422	0.0436258881482465
2790.0253	0.0444668000181223
2788.6083	0.04376909128331
2787.1913	0.0438226813002639
2785.7743	0.0429167815770928
2784.3574	0.0444223303405364
2782.9404	0.0432935839258925
2781.5234	0.0440904022445917
2780.1064	0.042324552641105
2778.6895	0.0433302977112066
2777.2725	0.0433024205126687
2775.8555	0.0431991316206568
2774.4385	0.0429549220666005
2773.0215	0.0430946981801553
2771.6046	0.0431030012925516
2770.1876	0.0423000012884482
2768.7706	0.0423799849830115
2767.3536	0.0427791029463475
2765.9367	0.0423520970347898
2764.5197	0.0421314563214188
2763.1027	0.0423645009504225
2761.6857	0.042733329850103
2760.2688	0.0422651297765124
2758.8518	0.0427287258262364
2757.4348	0.0429376440939731
2756.0178	0.0427750684074474
2754.6009	0.0416944860781939
2753.1839	0.042147005190188
2751.7669	0.0423151245888328
2750.3499	0.0422364208756718
2748.933	0.0416671104777392
2747.516	0.0417207211170968
2746.099	0.042755363223103
2744.682	0.0419540839552909
2743.2651	0.0424875781023475
2741.8481	0.042508153620961
2740.4311	0.0418159072327632
2739.0141	0.0425457692999446
2737.5972	0.0422607110987504
2736.1802	0.0419707143381469
2734.7632	0.0410395575219134
2733.3462	0.0413815753200515
2731.9293	0.0420222036304772
2730.5123	0.0424486092094074
2729.0953	0.0416682219392074
2727.6783	0.0421275585739525
2726.2613	0.040839740654236
2724.8444	0.0420049957475326
2723.4274	0.0420294775951453
2722.0104	0.0420598635609086
2720.5934	0.041868423311208
2719.1765	0.040700369088977
2717.7595	0.0413744106742337
2716.3425	0.0409167803044396
2714.9255	0.0409878456945205
2713.5086	0.0409957408929575
2712.0916	0.0415820379101258
2710.6746	0.041132568173606
2709.2576	0.040981196380401
2707.8407	0.0402763175876649
2706.4237	0.0408286215997064
2705.0067	0.0415155649207003
2703.5897	0.0410531310824458
2702.1728	0.0407430759160275
2700.7558	0.0410746543761828
2699.3388	0.0407753724155476
2697.9218	0.0409218064733996
2696.5049	0.0406557814369618
2695.0879	0.0405116935258191
2693.6709	0.0409576049333724
2692.2539	0.0407715677569794
2690.837	0.041049105897621
2689.42	0.0409243485987603
2688.003	0.0403546216275746
2686.586	0.0404474722085662
2685.1691	0.0405107696275802
2683.7521	0.0393208654339303
2682.3351	0.0409474796505241
2680.9181	0.0412906025733387
2679.5011	0.0396434044467658
2678.0842	0.0412581147608641
2676.6672	0.0394795602057743
2675.2502	0.0415276782784047
2673.8332	0.0395752017237267
2672.4163	0.0400660905043547
2670.9993	0.0394174144193957
2669.5823	0.0399565934598462
2668.1653	0.0386750259387861
2666.7484	0.0397858086149812
2665.3314	0.0396228959775139
2663.9144	0.0392390517142372
2662.4974	0.039050347611642
2661.0805	0.0393554071317891
2659.6635	0.0394004531438974
2658.2465	0.0394918730461333
2656.8295	0.0401862566554366
2655.4126	0.0397718881746363
2653.9956	0.0391576964012989
2652.5786	0.0394093663449554
2651.1616	0.0390771397531461
2649.7447	0.0390171272146295
2648.3277	0.0398319551314419
2646.9107	0.0397468403229349
2645.4937	0.0392626772850326
2644.0768	0.0392134989076395
2642.6598	0.0387413994538664
2641.2428	0.039589984480752
2639.8258	0.039554602612769
2638.4089	0.0384617906528545
2636.9919	0.0380557087195095
2635.5749	0.0394216423643
2634.1579	0.0391541163265721
2632.741	0.03829401132132
2631.324	0.0389829550892794
2629.907	0.0393168257281455
2628.49	0.038549745977751
2627.073	0.0384089984396682
2625.6561	0.0386573752080216
2624.2391	0.0381688283328702
2622.8221	0.0375694630057919
2621.4051	0.0384070397641963
2619.9882	0.0378138115139293
2618.5712	0.037475026319296
2617.1542	0.0379945814386287
2615.7372	0.0378599288943209
2614.3203	0.0379880065802701
2612.9033	0.038511092020825
2611.4863	0.0371006557502852
2610.0693	0.0376995667903282
2608.6524	0.0377696767683701
2607.2354	0.0370043694975593
2605.8184	0.0381636478961198
2604.4014	0.0374447777483196
2602.9845	0.036837908293284
2601.5675	0.0366051270911031
2600.1505	0.0364433909729013
2598.7335	0.03645914427673
2597.3166	0.0365915346861384
2595.8996	0.0370118439752692
2594.4826	0.0365271389227906
2593.0656	0.0371824338522197
2591.6487	0.0370722826307754
2590.2317	0.0366968455103495
2588.8147	0.0364256164723257
2587.3977	0.0373684571349298
2585.9808	0.0367574991733098
2584.5638	0.0373071049273243
2583.1468	0.0373964277498
2581.7298	0.0358494205088674
2580.3128	0.0363784534360504
2578.8959	0.0363010268218381
2577.4789	0.0365785040100854
2576.0619	0.0377574787598167
2574.6449	0.0367845458841129
2573.228	0.0361843359335279
2571.811	0.0361256479667906
2570.394	0.0355014366527039
2568.977	0.0354006292086359
2567.5601	0.035453397392841
2566.1431	0.036243333984231
2564.7261	0.0361146872920049
2563.3091	0.0358558747966184
2561.8922	0.0364515860626731
2560.4752	0.0368169160904539
2559.0582	0.0354305933726772
2557.6412	0.0359444624078067
2556.2243	0.0350118806573973
2554.8073	0.0357222266957454
2553.3903	0.035795574383526
2551.9733	0.0349139131913469
2550.5564	0.0344559263875135
2549.1394	0.0346083099391758
2547.7224	0.0356355626959536
2546.3054	0.0360809149754466
2544.8885	0.0355145885991372
2543.4715	0.035375739541172
2542.0545	0.0351532232577455
2540.6375	0.0347246962888771
2539.2206	0.0348844150346818
2537.8036	0.0355471726615303
2536.3866	0.034348227698877
2534.9696	0.0355502518963685
2533.5526	0.0349939650971085
2532.1357	0.0359584355115978
2530.7187	0.0354659545724955
2529.3017	0.0351439210771954
2527.8847	0.0354794022942122
2526.4678	0.0350188983118244
2525.0508	0.0345832345250403
2523.6338	0.035468948474747
2522.2168	0.0356594670843083
2520.7999	0.0351773166825954
2519.3829	0.0347392250563539
2517.9659	0.0333074222310418
2516.5489	0.0339515914293251
2515.132	0.0341983154879491
2513.715	0.0348527565652136
2512.298	0.0343836529360184
2510.881	0.0346507791961431
2509.4641	0.0344660958789451
2508.0471	0.0342746035432387
2506.6301	0.0344671329187168
2505.2131	0.0344831706742148
2503.7962	0.03367064962097
2502.3792	0.0347608646084872
2500.9622	0.0342354145567441
2499.5452	0.0349051067771045
2498.1283	0.0338298228517582
2496.7113	0.0338605011459931
2495.2943	0.034062766935691
2493.8773	0.033941278148107
2492.4604	0.0334703358614862
2491.0434	0.0336604997281928
2489.6264	0.0347012700815958
2488.2094	0.0347412801513305
2486.7924	0.0343985110259606
2485.3755	0.0340707217612529
2483.9585	0.0339766612797802
2482.5415	0.0338716244122907
2481.1245	0.0347054416274262
2479.7076	0.0339204639052955
2478.2906	0.0334044210768005
2476.8736	0.0334115906380764
2475.4566	0.0337445648744814
2474.0397	0.0340883200139228
2472.6227	0.033365709293329
2471.2057	0.0341026290304311
2469.7887	0.0336499927862743
2468.3718	0.0335842664485092
2466.9548	0.0340572572964272
2465.5378	0.0338957601299617
2464.1208	0.0338491866350257
2462.7039	0.0338860735692337
2461.2869	0.0335732888079781
2459.8699	0.0328223922772658
2458.4529	0.0331264145371651
2457.036	0.0335239937482674
2455.619	0.0338213147303605
2454.202	0.0335685304486452
2452.785	0.032620395976875
2451.3681	0.0342272899658265
2449.9511	0.0327245725381552
2448.5341	0.0331173808140592
2447.1171	0.0334718882176337
2445.7002	0.0336430036172147
2444.2832	0.0338504040813847
2442.8662	0.0331864456850582
2441.4492	0.0332114819816268
2440.0322	0.0332285448437712
2438.6153	0.0335006533695351
2437.1983	0.0325212607111317
2435.7813	0.0325219361559126
2434.3643	0.0340052245840252
2432.9474	0.0330526861279083
2431.5304	0.0326714449116213
2430.1134	0.0318475455259829
2428.6964	0.0327784073638703
2427.2795	0.0324055670219508
2425.8625	0.0328023918903393
2424.4455	0.0322246216708511
2423.0285	0.032799476464857
2421.6116	0.032869495367693
2420.1946	0.0325831227365064
2418.7776	0.0331386369659196
2417.3606	0.0329770772743613
2415.9437	0.0330051489789198
2414.5267	0.0320055991674857
2413.1097	0.0325681396401731
2411.6927	0.0323880029408746
2410.2758	0.0316467101300371
2408.8588	0.0313327782972752
2407.4418	0.0320061280944707
2406.0248	0.0324750108940456
2404.6079	0.0328980080591251
2403.1909	0.0324239438486207
2401.7739	0.0336703331682199
2400.3569	0.0325401796320667
2398.94	0.032927988064771
2397.523	0.0315770355592732
2396.106	0.0315183962169041
2394.689	0.032249290466334
2393.272	0.0323687489562444
2391.8551	0.0329890421415805
2390.4381	0.0323566944522777
2389.0211	0.0327510804278421
2387.6041	0.0320862200299292
2386.1872	0.032914154128484
2384.7702	0.0326107767185444
2383.3532	0.0318500535990415
2381.9362	0.032374141929102
2380.5193	0.0320028548913855
2379.1023	0.0313953889877269
2377.6853	0.0316625146003386
2376.2683	0.0326735765849678
2374.8514	0.0316248335276196
2373.4344	0.0317337584797235
2372.0174	0.0311029630873444
2370.6004	0.0314547269820406
2369.1835	0.0314532664495924
2367.7665	0.0312996091703607
2366.3495	0.0304423203235789
2364.9325	0.0317501766417992
2363.5156	0.0314380483633809
2362.0986	0.0318486786764409
2360.6816	0.0335556916567683
2359.2646	0.0322221130025151
2357.8477	0.0321500099148279
2356.4307	0.0326459331311088
2355.0137	0.0319230634127247
2353.5967	0.0312038677877871
2352.1798	0.0313013142113506
2350.7628	0.032464866060046
2349.3458	0.0331681992511888
2347.9288	0.0329075416035752
2346.5118	0.0327390337507817
2345.0949	0.0309455095163318
2343.6779	0.0324403918565946
2342.2609	0.0320368206499028
2340.8439	0.0322288157582596
2339.427	0.0305773782202099
2338.01	0.030971379645143
2336.593	0.0306468678460307
2335.176	0.0320893804089594
2333.7591	0.0314501828203084
2332.3421	0.0320415690341453
2330.9251	0.0318935769236382
2329.5081	0.0315428362380147
2328.0912	0.0314263797714183
2326.6742	0.0320598319235317
2325.2572	0.032366040080203
2323.8402	0.0320208271574967
2322.4233	0.0329048776615314
2321.0063	0.0319838316032914
2319.5893	0.0323145896081281
2318.1723	0.0327333933388802
2316.7554	0.0323131588380935
2315.3384	0.0313656561382475
2313.9214	0.0313481399091359
2312.5044	0.0318335143818542
2311.0875	0.032262889791353
2309.6705	0.0312361339409693
2308.2535	0.0314426812797682
2306.8365	0.0307483987180936
2305.4196	0.0321009900925201
2304.0026	0.031790084728411
2302.5856	0.0316231970706405
2301.1686	0.031838759742088
2299.7516	0.0315790827567916
2298.3347	0.0312367162805151
2296.9177	0.0321452763324462
2295.5007	0.0310037165622497
2294.0837	0.0316137321650786
2292.6668	0.0318760047025454
2291.2498	0.0314799118604928
2289.8328	0.0319427566053273
2288.4158	0.0317663067419606
2286.9989	0.031368193220051
2285.5819	0.0321666168656077
2284.1649	0.0308479650827186
2282.7479	0.031765353869362
2281.331	0.0316045765218265
2279.914	0.0308848859365921
2278.497	0.0316656117457982
2277.08	0.0305322993560142
2275.6631	0.0303289799923992
2274.2461	0.0317734785443651
2272.8291	0.0312995875616278
2271.4121	0.0304997361967396
2269.9952	0.0313643691755977
2268.5782	0.0309117712267144
2267.1612	0.0309523743042899
2265.7442	0.0297028254387887
2264.3273	0.030948710468035
2262.9103	0.0299870143731689
2261.4933	0.0295272974112576
2260.0763	0.0302666292621092
2258.6594	0.0302976066090021
2257.2424	0.030334655228768
2255.8254	0.0302539833268954
2254.4084	0.0290314673471175
2252.9914	0.0293678405689091
2251.5745	0.0295417880095209
2250.1575	0.0294634260745726
2248.7405	0.0300883694249022
2247.3235	0.0294635124284535
2245.9066	0.0295026099533587
2244.4896	0.0299354568906973
2243.0726	0.0302418337938181
2241.6556	0.0285809665552093
2240.2387	0.0284862517757247
2238.8217	0.0296101018206995
2237.4047	0.028945510018967
2235.9877	0.0297937101449296
2234.5708	0.0297687754318422
2233.1538	0.0287060348745909
2231.7368	0.0306091364585069
2230.3198	0.0302325642139766
2228.9029	0.0302650067924157
2227.4859	0.0298612984896016
2226.0689	0.0303606596552766
2224.6519	0.0308483154072058
2223.235	0.0295856246074033
2221.818	0.0290674422988281
2220.401	0.0288312013203812
2218.984	0.0296069224536835
2217.5671	0.0300345889585198
2216.1501	0.0296316484974465
2214.7331	0.0296477448388165
2213.3161	0.0289695073577364
2211.8992	0.0310043496240845
2210.4822	0.0296672209168594
2209.0652	0.0292854756666433
2207.6482	0.028212363554908
2206.2312	0.0300386698583816
2204.8143	0.0295328185297246
2203.3973	0.0303191753463028
2201.9803	0.0304654849279621
2200.5633	0.0293572804028858
2199.1464	0.0301038508151506
2197.7294	0.0283233716442045
2196.3124	0.0296334547095255
2194.8954	0.0299041795355119
2193.4785	0.0292512132026708
2192.0615	0.0299075018467067
2190.6445	0.0299240174261735
2189.2275	0.0291619186590929
2187.8106	0.0293275806884659
2186.3936	0.027740266076724
2184.9766	0.028598981241397
2183.5596	0.0281325198965545
2182.1427	0.0284070852830632
2180.7257	0.0287779074162084
2179.3087	0.028051243718953
2177.8917	0.0286966885378665
2176.4748	0.0300602938259718
2175.0578	0.0286253100493339
2173.6408	0.0279014781980998
2172.2238	0.0296283290427201
2170.8069	0.0290761505571304
2169.3899	0.0299747641943936
2167.9729	0.0301764520384869
2166.5559	0.0303081129890996
2165.139	0.0290979650175265
2163.722	0.0304440374514423
2162.305	0.0309144520833294
2160.888	0.0280123656054993
2159.471	0.0264445083404506
2158.0541	0.0254202616238654
2156.6371	0.0249666009553167
2155.2201	0.0251397933316476
2153.8031	0.0258480222957842
2152.3862	0.0264655377347309
2150.9692	0.025549954318466
2149.5522	0.0264860449148468
2148.1352	0.0269714479897478
2146.7183	0.0265373838643003
2145.3013	0.0267009010760117
2143.8843	0.0267571043296405
2142.4673	0.0268409693474824
2141.0504	0.0258609533601098
2139.6334	0.0270142845470728
2138.2164	0.0273370696091996
2136.7994	0.0277411038451447
2135.3825	0.0275031346769035
2133.9655	0.0277717095165782
2132.5485	0.0284919646525413
2131.1315	0.0285674792945638
2129.7146	0.0284056936590947
2128.2976	0.0291159432411149
2126.8806	0.0283077943580415
2125.4636	0.028442387132574
2124.0467	0.0280113916243349
2122.6297	0.0287108260470758
2121.2127	0.0290162775471266
2119.7957	0.0288656668309716
2118.3788	0.0285239841893784
2116.9618	0.0291621209277251
2115.5448	0.0302014199093158
2114.1278	0.0295848860091587
2112.7108	0.0292750544569422
2111.2939	0.0298342518522807
2109.8769	0.0294301834599467
2108.4599	0.028831971012909
2107.0429	0.029521273508187
2105.626	0.0284411787089045
2104.209	0.0282940648966797
2102.792	0.0283387164964336
2101.375	0.0294473268936612
2099.9581	0.0290137157635494
2098.5411	0.0284936811124313
2097.1241	0.029257143468208
2095.7071	0.0278071972835885
2094.2902	0.0279465823916202
2092.8732	0.0268823700773162
2091.4562	0.0280474455021323
2090.0392	0.027909330567123
2088.6223	0.0269167759237478
2087.2053	0.0283684504853485
2085.7883	0.0286050985133358
2084.3713	0.0285567641023417
2082.9544	0.0287939378793253
2081.5374	0.0286790489237714
2080.1204	0.0294326270672652
2078.7034	0.0289072916076889
2077.2865	0.0288267146930305
2075.8695	0.0289825657415454
2074.4525	0.0277340187559669
2073.0355	0.0288877806898514
2071.6186	0.0284431188222566
2070.2016	0.0282725630859228
2068.7846	0.0289678864055579
2067.3676	0.0285345567621322
2065.9506	0.0286987075624622
2064.5337	0.0269106240720118
2063.1167	0.0280175164911454
2061.6997	0.0287260221012948
2060.2827	0.0283006370704496
2058.8658	0.0284726864982845
2057.4488	0.0287254721256587
2056.0318	0.0278615343310563
2054.6148	0.0277282916703443
2053.1979	0.0285898030059609
2051.7809	0.0294332446320623
2050.3639	0.0275712992586206
2048.9469	0.0285811439830611
2047.53	0.0270674030665443
2046.113	0.0268356112693831
2044.696	0.0265298243309278
2043.279	0.0267919353097553
2041.8621	0.0266129733358583
2040.4451	0.0273388565557483
2039.0281	0.0277570289507949
2037.6111	0.0269866714042794
2036.1942	0.0265616503249983
2034.7772	0.0273069690403987
2033.3602	0.0256257694891174
2031.9432	0.0253301165714892
2030.5263	0.0253840331789349
2029.1093	0.026372122319385
2027.6923	0.0270875743846764
2026.2753	0.0258959385934426
2024.8584	0.0252513134544768
2023.4414	0.0257164839181516
2022.0244	0.0252447543232811
2020.6074	0.0240456866820087
2019.1904	0.0242346476709073
2017.7735	0.0244144635962651
2016.3565	0.0250226743975703
2014.9395	0.0239646613997177
2013.5225	0.0251682204376633
2012.1056	0.02502199603042
2010.6886	0.0259607563936544
2009.2716	0.0253696035830303
2007.8546	0.0253206374409555
2006.4377	0.0250928419052862
2005.0207	0.0243258304616677
2003.6037	0.0246288582433194
2002.1867	0.025632631707535
2000.7698	0.0251757248289536
1999.3528	0.0251261420416461
1997.9358	0.0244823491641785
1996.5188	0.0245731469687768
1995.1019	0.0254512741929015
1993.6849	0.0246968627488235
1992.2679	0.0253190788810057
1990.8509	0.0255645583999399
1989.434	0.0246875002575011
1988.017	0.0251394350796117
1986.6	0.0253788964888481
1985.183	0.0249052533778368
1983.7661	0.0250519458687512
1982.3491	0.0253790208265463
1980.9321	0.0260222270603541
1979.5151	0.0258347344211795
1978.0982	0.0248654305167125
1976.6812	0.0242378832283498
1975.2642	0.0239746837484002
1973.8472	0.0236710069865965
1972.4302	0.0237746390636746
1971.0133	0.0236334894331314
1969.5963	0.0233913543090264
1968.1793	0.0233141959638908
1966.7623	0.0246558862293135
1965.3454	0.0236218178964805
1963.9284	0.0234001851676273
1962.5114	0.0241356111912232
1961.0944	0.0238938043858256
1959.6775	0.0249976226623972
1958.2605	0.0242957432932509
1956.8435	0.0247711845167299
1955.4265	0.0240348929844159
1954.0096	0.0254401774390971
1952.5926	0.0251488388230522
1951.1756	0.0242312511509977
1949.7586	0.0246429110476768
1948.3417	0.0249426550645144
1946.9247	0.0248158080751425
1945.5077	0.0249587090246172
1944.0907	0.0241538456873925
1942.6738	0.0237616272392715
1941.2568	0.0241368488055432
1939.8398	0.0256139081072028
1938.4228	0.025542078671482
1937.0059	0.0252377407320267
1935.5889	0.0250933010013588
1934.1719	0.0244569780082661
1932.7549	0.0250933647318087
1931.338	0.0253362356081151
1929.921	0.0248615081014156
1928.504	0.0260852312246793
1927.087	0.0254053495317018
1925.67	0.0259676034670893
1924.2531	0.0258460222967828
1922.8361	0.0264237384375154
1921.4191	0.026205536269526
1920.0021	0.026162716806088
1918.5852	0.0256093038574077
1917.1682	0.025706215568092
1915.7512	0.0257204309928706
1914.3342	0.0260511797818751
1912.9173	0.0264325996733647
1911.5003	0.0254374423090979
1910.0833	0.0267800676957692
1908.6663	0.0249931280460293
1907.2494	0.0255274986609757
1905.8324	0.0263383629872204
1904.4154	0.0264581275398751
1902.9984	0.0263546472628763
1901.5815	0.026613230129498
1900.1645	0.0264041177187825
1898.7475	0.0262806770597325
1897.3305	0.0257450624098797
1895.9136	0.0260954989973821
1894.4966	0.0256743336160887
1893.0796	0.0260522525082108
1891.6626	0.0258749927700169
1890.2457	0.0258638232277391
1888.8287	0.0267104334456696
1887.4117	0.0259652852244139
1885.9947	0.0255713877355683
1884.5778	0.0255031701452178
1883.1608	0.0255963136457187
1881.7438	0.0261029132565381
1880.3268	0.0263418086965126
1878.9098	0.0257437889239705
1877.4929	0.0251137584194036
1876.0759	0.0255328313758019
1874.6589	0.0253380674608516
1873.2419	0.0260426552924506
1871.825	0.0257985232966858
1870.408	0.0251546319258258
1868.991	0.0269996906709678
1867.574	0.0248630429725078
1866.1571	0.0264312276178454
1864.7401	0.0259143876317407
1863.3231	0.0261592223793209
1861.9061	0.0266918057756205
1860.4892	0.0260861286205415
1859.0722	0.0249994543574887
1857.6552	0.0259049721403463
1856.2382	0.0258094727811302
1854.8213	0.024842119031621
1853.4043	0.0258091535811757
1851.9873	0.0261551986424879
1850.5703	0.026007053123144
1849.1534	0.0264243670779067
1847.7364	0.0257842467257667
1846.3194	0.0265340755050472
1844.9024	0.0258039912559501
1843.4855	0.025505675358097
1842.0685	0.0253421216913086
1840.6515	0.0253435505699436
1839.2345	0.0250799584870529
1837.8176	0.025002727554075
1836.4006	0.0251888131739649
1834.9836	0.0251629356031483
1833.5666	0.0252610489266749
1832.1496	0.0247163887650238
1830.7327	0.0249481053904615
1829.3157	0.0245414494120914
1827.8987	0.0262290057550847
1826.4817	0.0245947630357741
1825.0648	0.0255568188281896
1823.6478	0.0264863171736481
1822.2308	0.0259563828133201
1820.8138	0.0255104484247028
1819.3969	0.0255338945021889
1817.9799	0.0257047484295101
1816.5629	0.0256482566014886
1815.1459	0.0255992150743856
1813.729	0.0252653104131561
1812.312	0.0252519404084484
1810.895	0.0247470726380566
1809.478	0.0260570453183935
1808.0611	0.0249809219952262
1806.6441	0.025268409978626
1805.2271	0.0248816064571746
1803.8101	0.025426220629751
1802.3932	0.0249534225947474
1800.9762	0.0259961519033433
1799.5592	0.0264170062795861
1798.1422	0.0251549767105249
1796.7253	0.0259352047345693
1795.3083	0.0249067948947234
1793.8913	0.0251957122576713
1792.4743	0.0249767430976423
1791.0574	0.0244870725067745
1789.6404	0.0254319378690945
1788.2234	0.0264449002746834
1786.8064	0.0260258690712613
1785.3894	0.0247259148991857
1783.9725	0.0263353176937228
1782.5555	0.027094894697026
1781.1385	0.0252989327944095
1779.7215	0.0245712985947089
1778.3046	0.0263590194638222
1776.8876	0.0256016043505491
1775.4706	0.0254766003857477
1774.0536	0.026245860910452
1772.6367	0.0259910149362528
1771.2197	0.0258767623505691
1769.8027	0.0263702494082876
1768.3857	0.0257460393861093
1766.9688	0.0268599228373693
1765.5518	0.0264265942582664
1764.1348	0.0257060253356609
1762.7178	0.0257230239620149
1761.3009	0.0257443995102657
1759.8839	0.0261643477431056
1758.4669	0.0269546759799024
1757.0499	0.0263518848561351
1755.633	0.0277011135047413
1754.216	0.0262409406870258
1752.799	0.0275644564987878
1751.382	0.027100919798304
1749.9651	0.0267474599609893
1748.5481	0.0265299692602182
1747.1311	0.0275944908793832
1745.7141	0.0272845425658298
1744.2972	0.0280039872589035
1742.8802	0.0271546201197559
1741.4632	0.0271847596078568
1740.0462	0.0274569394073821
1738.6292	0.0278803045643076
1737.2123	0.0284600516088481
1735.7953	0.0280183264494287
1734.3783	0.0289853171153467
1732.9613	0.0293456088364976
1731.5444	0.0295043877258342
1730.1274	0.0288237262008147
1728.7104	0.0298770248829176
1727.2934	0.0301624922845471
1725.8765	0.0307545476830736
1724.4595	0.0311499147529267
1723.0425	0.0306775551641286
1721.6255	0.0308120300360132
1720.2086	0.0311352094521733
1718.7916	0.0314900756235039
1717.3746	0.0321937691535325
1715.9576	0.0319503362450321
1714.5407	0.0324013381592443
1713.1237	0.0330131620091729
1711.7067	0.0324225344896523
1710.2897	0.0325285760642123
1708.8728	0.0335540308402099
1707.4558	0.0338074572403228
1706.0388	0.0336784629831261
1704.6218	0.0334424760795101
1703.2049	0.0339934482439508
1701.7879	0.0331985409221233
1700.3709	0.0342175877455689
1698.9539	0.0339689418437494
1697.537	0.0346150043746116
1696.12	0.0357651783743341
1694.703	0.0346229824528861
1693.286	0.0365360244157767
1691.869	0.035128302104798
1690.4521	0.0355263446830065
1689.0351	0.035964007157109
1687.6181	0.0355120924123695
1686.2011	0.0353568367171105
1684.7842	0.035631370125956
1683.3672	0.0362219178121719
1681.9502	0.0365243943753817
1680.5332	0.0366583825393931
1679.1163	0.0372388293593843
1677.6993	0.0368290312954337
1676.2823	0.0368506385768434
1674.8653	0.0370981466664656
1673.4484	0.0364875396186511
1672.0314	0.0375220625529272
1670.6144	0.0376551186435726
1669.1974	0.0371800465669725
1667.7805	0.037365552374241
1666.3635	0.0374985257761724
1664.9465	0.0371947596131661
1663.5295	0.0386994133880401
1662.1126	0.0383491962628689
1660.6956	0.0391220510791568
1659.2786	0.0400366930799299
1657.8616	0.0400275942537336
1656.4447	0.0397789472115946
1655.0277	0.0398773809702242
1653.6107	0.0395156362530886
1652.1937	0.0399544662857914
1650.7768	0.0422626267406395
1649.3598	0.0416954798369336
1647.9428	0.041393734279703
1646.5258	0.0407231488285781
1645.1088	0.0423390628500504
1643.6919	0.0433043733025273
1642.2749	0.044258487685344
1640.8579	0.0448116595642453
1639.4409	0.0454435375135253
1638.024	0.0456756211881486
1636.607	0.0473073486006687
1635.19	0.0476165159146523
1633.773	0.0491430200495814
1632.3561	0.0489091210219283
1630.9391	0.0488919735537142
1629.5221	0.0504466847099787
1628.1051	0.0499378706645029
1626.6882	0.0505684141498296
1625.2712	0.0515063979465228
1623.8542	0.0501810665125788
1622.4372	0.0519413215754028
1621.0203	0.051996009642083
1619.6033	0.0517432764173212
1618.1863	0.0526833151735155
1616.7693	0.0515107228482456
1615.3524	0.0532567793177682
1613.9354	0.0541756915865888
1612.5184	0.054821388048815
1611.1014	0.0539048749058463
1609.6845	0.054857033651952
1608.2675	0.0548958857410776
1606.8505	0.0560659853525643
1605.4335	0.0568093809761844
1604.0166	0.0577286914329514
1602.5996	0.0590309153948634
1601.1826	0.0595003706618009
1599.7656	0.058918732346895
1598.3486	0.0583877880991972
1596.9317	0.0596024112774213
1595.5147	0.0576050602547183
1594.0977	0.0583529254005211
1592.6807	0.0571040250824181
1591.2638	0.0574448917167984
1589.8468	0.0570498757592697
1588.4298	0.0563120551113344
1587.0128	0.0559737314354556
1585.5959	0.0556159741447958
1584.1789	0.0550659171963806
1582.7619	0.053983433002786
1581.3449	0.0535020489408678
1579.928	0.0527630198506387
1578.511	0.0525280569590316
1577.094	0.0518295676615001
1575.677	0.0500294092018845
1574.2601	0.0499975143824344
1572.8431	0.0501121841812684
1571.4261	0.048972679752063
1570.0091	0.0484381456714549
1568.5922	0.0485351716543866
1567.1752	0.0477747850846241
1565.7582	0.0472830954984921
1564.3412	0.0460352978422964
1562.9243	0.0462366436153342
1561.5073	0.0442026844014413
1560.0903	0.0446223920168887
1558.6733	0.0435243854997106
1557.2564	0.0417970102818985
1555.8394	0.0415560056517741
1554.4224	0.0405723188371998
1553.0054	0.0399109768890007
1551.5885	0.0398940591396665
1550.1715	0.0387293526909968
1548.7545	0.0385372920179824
1547.3375	0.0386250616573397
1545.9205	0.0383600204408997
1544.5036	0.0379548673869567
1543.0866	0.037142481132343
1541.6696	0.0367380402069124
1540.2526	0.0367434847532717
1538.8357	0.0362934233346104
1537.4187	0.0358085310312911
1536.0017	0.037233285424639
1534.5847	0.036026360034386
1533.1678	0.0356844416574535
1531.7508	0.0369465065578853
1530.3338	0.0364214700414546
1528.9168	0.0363598110324303
1527.4999	0.0364337857333421
1526.0829	0.0369645751122168
1524.6659	0.0376308675231957
1523.2489	0.0382324305397294
1521.832	0.0380467916851681
1520.415	0.0400677160925743
1518.998	0.0422296975111592
1517.581	0.0423720770396302
1516.1641	0.0426895777373347
1514.7471	0.0436099389498118
1513.3301	0.0448987214714095
1511.9131	0.0446208054490501
1510.4962	0.0456424921674394
1509.0792	0.0456279728763729
1507.6622	0.0452851946690421
1506.2452	0.0448242972917436
1504.8283	0.0447479803094589
1503.4113	0.044829253053606
1501.9943	0.0437229280556526
1500.5773	0.0423514412038537
1499.1603	0.0407904499928838
1497.7434	0.041050006792511
1496.3264	0.0381918834946972
1494.9094	0.0387410384951557
1493.4924	0.0373196992723211
1492.0755	0.0372530438422229
1490.6585	0.0377309382050932
1489.2415	0.0378025609224089
1487.8245	0.0370198106713476
1486.4076	0.0379074725645026
1484.9906	0.0387654560413874
1483.5736	0.0390466731311888
1482.1566	0.0394944797098828
1480.7397	0.0409101692978044
1479.3227	0.0396883641087686
1477.9057	0.0408054061273471
1476.4887	0.0404482034261507
1475.0718	0.0411984877838375
1473.6548	0.0407614569597611
1472.2378	0.0411987417376577
1470.8208	0.0425309400996878
1469.4039	0.0435899156973854
1467.9869	0.0445230317274093
1466.5699	0.0451892478327123
1465.1529	0.0465352674028044
1463.736	0.0479068655380048
1462.319	0.0482345991167999
1460.902	0.0490600293418123
1459.485	0.0495563245626984
1458.0681	0.0503810804984196
1456.6511	0.0504313285018813
1455.2341	0.0505975367674229
1453.8171	0.0514702632204673
1452.4001	0.0522573109703133
1450.9832	0.0527208396381972
1449.5662	0.0523477636573415
1448.1492	0.051747564740119
1446.7322	0.0524348634875139
1445.3153	0.0520480471044967
1443.8983	0.0521101169140689
1442.4813	0.0533478802332075
1441.0643	0.0531420323163535
1439.6474	0.0526613857988263
1438.2304	0.0530608234560158
1436.8134	0.0535723690113073
1435.3964	0.0538340467842201
1433.9795	0.0538453179030692
1432.5625	0.0552461017044655
1431.1455	0.0561631003766004
1429.7285	0.0548836773129653
1428.3116	0.055921415458563
1426.8946	0.056527737668108
1425.4776	0.0567899550169909
1424.0606	0.0572383417989333
1422.6437	0.0574448364575256
1421.2267	0.0587689561609621
1419.8097	0.059260419387794
1418.3927	0.0588668927305437
1416.9758	0.0584615003507579
1415.5588	0.0589597348378792
1414.1418	0.0597600074880195
1412.7248	0.0604420991655176
1411.3079	0.05930587878983
1409.8909	0.0606380040739079
1408.4739	0.0601829991304107
1407.0569	0.0599646821132822
1405.6399	0.0611569003574862
1404.223	0.0612732923513816
1402.806	0.0598352549556835
1401.389	0.0604017596675571
1399.972	0.0599750133623855
1398.5551	0.0610961197051916
1397.1381	0.0612412651702852
1395.7211	0.0609232153152125
1394.3041	0.0620779296146126
1392.8872	0.0613977152255893
1391.4702	0.0628502378817034
1390.0532	0.0629716806872885
1388.6362	0.06343907653516
1387.2193	0.0636306269359307
1385.8023	0.064738175327705
1384.3853	0.0650733866245214
1382.9683	0.064799955740302
1381.5514	0.0642610960793028
1380.1344	0.0639879591372362
1378.7174	0.0640174456433511
1377.3004	0.0633498607500734
1375.8835	0.0645362626099008
1374.4665	0.0643223443821372
1373.0495	0.0646155790012604
1371.6325	0.0644298250281118
1370.2156	0.0662990160974944
1368.7986	0.0662073022799232
1367.3816	0.0674747930323683
1365.9646	0.0671493530801593
1364.5477	0.0686867508059541
1363.1307	0.069083807972386
1361.7137	0.0682715385990022
1360.2967	0.0673218082365122
1358.8797	0.067035077876519
1357.4628	0.0668769648731323
1356.0458	0.0666387298946579
1354.6288	0.0651844158835519
1353.2118	0.0642356049858835
1351.7949	0.0646436795716881
1350.3779	0.0650652434392176
1348.9609	0.0647973100635787
1347.5439	0.0643799138404127
1346.127	0.0643653377613596
1344.71	0.0648051453404114
1343.293	0.0653785099969263
1341.876	0.0651921875643294
1340.4591	0.0661203033555828
1339.0421	0.0653739439965382
1337.6251	0.0655685280063072
1336.2081	0.0659140388325925
1334.7912	0.0653291406223281
1333.3742	0.0658792628797627
1331.9572	0.0654283222415927
1330.5402	0.0650213910931472
1329.1233	0.0649680340230754
1327.7063	0.0639664354110511
1326.2893	0.0639968825703966
1324.8723	0.0636866975290993
1323.4554	0.0620856307370947
1322.0384	0.0613146091003796
1320.6214	0.0614415961531435
1319.2044	0.0603787070653501
1317.7875	0.0600455873242349
1316.3705	0.0598220914309138
1314.9535	0.0597489037340668
1313.5365	0.0590724217298148
1312.1195	0.0590069025194407
1310.7026	0.0581192644486432
1309.2856	0.0586923375098987
1307.8686	0.05812471633966
1306.4516	0.0586179312146327
1305.0347	0.0582078743077787
1303.6177	0.058752851391724
1302.2007	0.0585676338674727
1300.7837	0.0590609108633673
1299.3668	0.0589900136038367
1297.9498	0.0596545517188092
1296.5328	0.0593018869660584
1295.1158	0.0594031187361467
1293.6989	0.0580902441102199
1292.2819	0.0589351530589715
1290.8649	0.0579054623786622
1289.4479	0.0580919670912222
1288.031	0.0583372337298438
1286.614	0.0583895609313555
1285.197	0.0585817877086399
1283.78	0.0596788628558206
1282.3631	0.0592668151438766
1280.9461	0.059983905677038
1279.5291	0.0605860066731915
1278.1121	0.0616485866247595
1276.6952	0.0617703771629857
1275.2782	0.0623783697366677
1273.8612	0.0634581741099338
1272.4442	0.0636193398795367
1271.0273	0.0633522874077394
1269.6103	0.0639928215674181
1268.1933	0.0634622522706672
1266.7763	0.0640629073782175
1265.3593	0.0633955815774015
1263.9424	0.0638276128250344
1262.5254	0.0638166452960771
1261.1084	0.0633513499849679
1259.6914	0.0632000783875602
1258.2745	0.0626133978210497
1256.8575	0.0633097756255028
1255.4405	0.0626946444011836
1254.0235	0.0630115295855815
1252.6066	0.0622889765504554
1251.1896	0.0625664497004527
1249.7726	0.0630842016790452
1248.3556	0.0619954750581926
1246.9387	0.0618647601025594
1245.5217	0.0612388250812369
1244.1047	0.0614269965669359
1242.6877	0.0614736769185299
1241.2708	0.0612661853306093
1239.8538	0.0621535642878528
1238.4368	0.0621577739372157
1237.0198	0.0614752579791553
1235.6029	0.0630733073073784
1234.1859	0.062696806162923
1232.7689	0.0617427933106014
1231.3519	0.0615339854126562
1229.935	0.0611560823758642
1228.518	0.0605470514213747
1227.101	0.0591143936779538
1225.684	0.0594221615721654
1224.2671	0.0580910840440505
1222.8501	0.0570297687294953
1221.4331	0.0567508100093413
1220.0161	0.0562247944062666
1218.5991	0.0560872159504645
1217.1822	0.0546570646612723
1215.7652	0.0550348447416318
1214.3482	0.0548938042480113
1212.9312	0.0548160286990274
1211.5143	0.0545507819901641
1210.0973	0.0531632524462916
1208.6803	0.0528702404591176
1207.2633	0.0524922834001151
1205.8464	0.0519225376875749
1204.4294	0.0515695801102493
1203.0124	0.0512726450791134
1201.5954	0.0501609314399963
1200.1785	0.0505238135717223
1198.7615	0.0503780371347774
1197.3445	0.0492931216956514
1195.9275	0.0491783564524155
1194.5106	0.0483205320036919
1193.0936	0.0471550937971252
1191.6766	0.0473317677544254
1190.2596	0.0456452533842678
1188.8427	0.0455829641518469
1187.4257	0.0448787343456506
1186.0087	0.0449227545502941
1184.5917	0.0445862519039218
1183.1748	0.0436969232540978
1181.7578	0.044215412637839
1180.3408	0.0433991703822022
1178.9238	0.0441715848153338
1177.5069	0.0445541120332419
1176.0899	0.0456673026188387
1174.6729	0.045932711734546
1173.2559	0.0467265206044751
1171.8389	0.0484046442304396
1170.422	0.0501614724640963
1169.005	0.0521768156282725
1167.588	0.0545123833982605
1166.171	0.0563442222551323
1164.7541	0.059376056657311
1163.3371	0.0629765563421847
1161.9201	0.06519857986281
1160.5031	0.0697590513332773
1159.0862	0.0729393850936616
1157.6692	0.0760881465590043
1156.2522	0.0787270589856068
1154.8352	0.0802245083954368
1153.4183	0.0829704568803402
1152.0013	0.0844617722530514
1150.5843	0.0864176572797687
1149.1673	0.0873254049559809
1147.7504	0.0876612296880183
1146.3334	0.0885243966319347
1144.9164	0.0879643210563407
1143.4994	0.08625871353442
1142.0825	0.0868832312728956
1140.6655	0.085695622755247
1139.2485	0.0834096929941454
1137.8315	0.0822553495998988
1136.4146	0.0815703425859886
1134.9976	0.080237980271333
1133.5806	0.0795979055116916
1132.1636	0.0790884282128199
1130.7467	0.0796869584868196
1129.3297	0.079869709470671
1127.9127	0.0797716456701418
1126.4957	0.0811998136041181
1125.0787	0.0805314692788402
1123.6618	0.0810264546477961
1122.2448	0.0813333972388904
1120.8278	0.0826868535570584
1119.4108	0.0816585165719103
1117.9939	0.082822766281767
1116.5769	0.0830581563137641
1115.1599	0.0837337624022234
1113.7429	0.0828843821774112
1112.326	0.0850240956212858
1110.909	0.0847881008786584
1109.492	0.0857036009354791
1108.075	0.0857793472651371
1106.6581	0.0873415905663148
1105.2411	0.0881982439827974
1103.8241	0.0884851580886363
1102.4071	0.0882193156402329
1100.9902	0.0902889419730441
1099.5732	0.0911195038239164
1098.1562	0.0911308068972499
1096.7392	0.0913261938922999
1095.3223	0.0914048987623023
1093.9053	0.0916542082516197
1092.4883	0.093182638810295
1091.0713	0.0933880993997745
1089.6544	0.0955330789295929
1088.2374	0.0972973205077235
1086.8204	0.0999887887750653
1085.4034	0.103532102830069
1083.9865	0.105731862710084
1082.5695	0.108280657452347
1081.1525	0.111992177993441
1079.7355	0.11403195799872
1078.3185	0.116223900504193
1076.9016	0.116633080884172
1075.4846	0.11871250007943
1074.0676	0.117711486788129
1072.6506	0.115436890542569
1071.2337	0.113661700299843
1069.8167	0.110707510231985
1068.3997	0.108632912817359
1066.9827	0.107826599275121
1065.5658	0.107290901981192
1064.1488	0.107674720328382
1062.7318	0.108001998316657
1061.3148	0.109126002630764
1059.8979	0.110396863821348
1058.4809	0.112094001703254
1057.0639	0.112599466398243
1055.6469	0.116244654085675
1054.23	0.117764984099839
1052.813	0.120370462343449
1051.396	0.123369008341439
1049.979	0.124899510778468
1048.5621	0.128205643692037
1047.1451	0.12955812913288
1045.7281	0.13269431946644
1044.3111	0.134039308977682
1042.8942	0.136702813099129
1041.4772	0.139342904658441
1040.0602	0.141511949677761
1038.6432	0.143866271344641
1037.2263	0.14541330552683
1035.8093	0.149024656676261
1034.3923	0.150941051125511
1032.9753	0.154278885817703
1031.5583	0.156156653092182
1030.1414	0.158194369448642
1028.7244	0.159907421740439
1027.3074	0.163867955049092
1025.8904	0.166241962217875
1024.4735	0.168622654059945
1023.0565	0.171489072667324
1021.6395	0.173435011289601
1020.2225	0.176045741839048
1018.8056	0.177095621205791
1017.3886	0.178850185125908
1015.9716	0.180104964007316
1014.5546	0.181245525896844
1013.1377	0.18221192247087
1011.7207	0.181563184440361
1010.3037	0.18149467914983
1008.8867	0.181515688839252
1007.4698	0.18304736207332
1006.0528	0.183165853272895
1004.6358	0.18367952389147
1003.2188	0.183540889123674
1001.8019	0.1847356363707
1000.3849	0.18644050508319
998.9679	0.185673672059789
997.5509	0.18804302657155
996.134	0.188275999086021
994.717	0.189506670275389
993.3	0.190245867645172
991.883	0.19055469242785
990.4661	0.190352622539548
989.0491	0.190104551072894
987.6321	0.189334994586361
986.2151	0.188019350120736
984.7981	0.185965907485284
983.3812	0.184116859865417
981.9642	0.182227904210796
980.5472	0.18046147639384
979.1302	0.176770025288811
977.7133	0.174405957286145
976.2963	0.171087389394969
974.8793	0.168085572457602
973.4623	0.163663099620312
972.0454	0.160619367259113
970.6284	0.157282899581238
969.2114	0.153188442518798
967.7944	0.15064665101899
966.3775	0.145680468433892
964.9605	0.142323145909392
963.5435	0.139756348453776
962.1265	0.135449299614195
960.7096	0.133580219669564
959.2926	0.130308321240116
957.8756	0.128288966430626
956.4586	0.125559565648189
955.0417	0.122733192357938
953.6247	0.120659796703496
952.2077	0.117490600602718
950.7907	0.114707448043927
949.3738	0.114300553679007
947.9568	0.112062269887316
946.5398	0.111382170672231
945.1228	0.110951942490968
943.7059	0.10939811173024
942.2889	0.10993771613579
940.8719	0.110209452637972
939.4549	0.109275369290796
938.0379	0.111346671503999
936.621	0.109760622871286
935.204	0.109694675519479
933.787	0.111699810643528
932.37	0.111938827928397
930.9531	0.11066865831516
929.5361	0.110767916066198
928.1191	0.112164632272928
926.7021	0.111159010980509
925.2852	0.110965766792408
923.8682	0.110881714642643
922.4512	0.109197300243307
921.0342	0.10943936228296
919.6173	0.10872035988695
918.2003	0.109344020732792
916.7833	0.107680838886316
915.3663	0.107999897322511
913.9494	0.107438518358782
912.5324	0.105862491233541
911.1154	0.105645754361059
909.6984	0.103941377025211
908.2815	0.102076878543684
906.8645	0.100677781748232
905.4475	0.099756026613152
904.0305	0.0988821084553979
902.6136	0.0986470685915824
901.1966	0.0971347225465466
899.7796	0.0958438148380935
898.3626	0.0957112275794807
896.9457	0.0951825859294143
895.5287	0.0942631824525521
894.1117	0.094963443926189
892.6947	0.0936429068165274
891.2777	0.0929556484381388
889.8608	0.0922608836256511
888.4438	0.091782174935563
887.0268	0.0918006848086574
885.6098	0.0890516173348174
884.1929	0.0885315993480617
882.7759	0.0871154623713162
881.3589	0.0860549535917709
879.9419	0.0863272636013436
878.525	0.0850348565227827
877.108	0.0851421163897441
875.691	0.085399614406192
874.274	0.0846977849223583
872.8571	0.0859460656223189
871.4401	0.0851880188076578
870.0231	0.086079484451784
868.6061	0.0867061376482923
867.1892	0.0860828447914787
865.7722	0.0878163145976613
864.3552	0.0874110071576585
862.9382	0.0890189169729642
861.5213	0.0890702471349133
860.1043	0.0893962628217482
858.6873	0.0901991683780178
857.2703	0.090228803520725
855.8534	0.0896119694878839
854.4364	0.0908002952593159
853.0194	0.0909561036769836
851.6024	0.0900727522207179
850.1855	0.0906106743157751
848.7685	0.0904404631691217
847.3515	0.0898338745823721
845.9345	0.0909930701367714
844.5175	0.0903278452708714
843.1006	0.0900503144420397
841.6836	0.0893109504712424
840.2666	0.0887792144732527
838.8496	0.0892614047417747
837.4327	0.0885705038996685
836.0157	0.0885701842901841
834.5987	0.0873448139569358
833.1817	0.0869549612779459
831.7648	0.0867321524006546
830.3478	0.0850381829822921
828.9308	0.0847813237993697
827.5138	0.0848606227944951
826.0969	0.0845969076592754
824.6799	0.0840920526087326
823.2629	0.0830524828055951
821.8459	0.0830126958358421
820.429	0.0822968799007676
819.012	0.0820431822353536
817.595	0.0831597987967854
816.178	0.0822730892510372
814.7611	0.0818746111635897
813.3441	0.0823827289174438
811.9271	0.0826050221920498
810.5101	0.0809296563517693
809.0932	0.0809196897184067
807.6762	0.0812439458416253
806.2592	0.0804625473658181
804.8422	0.0804978112746783
803.4253	0.079659207961668
802.0083	0.0805062671881628
800.5913	0.0806054161583745
799.1743	0.0790810647622997
797.7573	0.0806503323929033
796.3404	0.079721830060079
794.9234	0.0792230532663713
793.5064	0.0807865054292687
792.0894	0.0807294717655747
790.6725	0.0809149619521579
789.2555	0.0814663206053667
787.8385	0.0816726265826433
786.4215	0.08131164019246
785.0046	0.0829073582409184
783.5876	0.082335676061179
782.1706	0.0824106237683856
780.7536	0.0836547281381123
779.3367	0.0841295883090948
777.9197	0.0847560552792483
776.5027	0.0857356543719771
775.0857	0.0854368316317009
773.6688	0.087618730959107
772.2518	0.0885493910285634
770.8348	0.0895962321433227
769.4178	0.0913782986105703
768.0009	0.0925481691632943
766.5839	0.092739860551983
765.1669	0.0939777058543595
763.7499	0.093801099500264
762.333	0.0948448218780412
760.916	0.0958810603456666
759.499	0.0947062385871534
758.082	0.0953844384531408
756.6651	0.0949612191594631
755.2481	0.0940710926617271
753.8311	0.0934564376974702
752.4141	0.0932404119747944
750.9971	0.0933991718709855
749.5802	0.0912502944581512
748.1632	0.0908299471052952
746.7462	0.0898398860811769
745.3292	0.0889821228936957
743.9123	0.0874345475227538
742.4953	0.0869838203868731
741.0783	0.0874084225515201
739.6613	0.0870356532924478
738.2444	0.0866313798558834
736.8274	0.087091880629798
735.4104	0.0863109443521701
733.9934	0.0871582201322839
732.5765	0.0886387731842883
731.1595	0.0871048062471742
729.7425	0.0877846020844119
728.3255	0.0887567641038241
726.9086	0.0888449034592562
725.4916	0.0900691883376394
724.0746	0.090159292899121
722.6576	0.0907618948214857
721.2407	0.0901867728087175
719.8237	0.0929081635977129
718.4067	0.093389896943561
716.9897	0.0934235178764621
715.5728	0.0938280336164265
714.1558	0.0953249604708141
712.7388	0.0959905660223695
711.3218	0.0970143089566765
709.9049	0.09751474582989
708.4879	0.0987270829859321
707.0709	0.0997169221121985
705.6539	0.0997853242371627
704.2369	0.101453966522219
702.82	0.100364748032664
701.403	0.0999000071204436
699.986	0.100360704483722
698.569	0.100229961305809
697.1521	0.0991284573992683
695.7351	0.0991466740466172
694.3181	0.0986665807881271
692.9011	0.098306412388047
691.4842	0.0977364073970402
690.0672	0.0980783609469452
688.6502	0.0985180873530608
687.2332	0.098186744410631
685.8163	0.0977641312293936
684.3993	0.0982403590837519
682.9823	0.0983338002903778
681.5653	0.0987416416948964
680.1484	0.0990160064000676
678.7314	0.0984490722526491
677.3144	0.0997082874754688
675.8974	0.0999647143411055
674.4805	0.0992465187430596
673.0635	0.099203845084589
671.6465	0.0997377741033281
670.2295	0.100268474893213
668.8126	0.100937099294211
667.3956	0.101551714043895
665.9786	0.101914546159039
664.5616	0.102256452767112
663.1447	0.103710157303152
661.7277	0.103501466219586
660.3107	0.103362791095115
658.8937	0.102968487688551
657.4767	0.103896625559848
656.0598	0.10371057706839
654.6428	0.104490711914978
653.2258	0.104697838702937
651.8088	0.104056984861989
650.3919	0.105468668564299
648.9749	0.105571872223999
647.5579	0.106211548611669
646.1409	0.105527990124734
644.724	0.106199102276016
643.307	0.107458611098699
641.89	0.106500483242237
640.473	0.107332757449653
639.0561	0.107232350468019
637.6391	0.108421993069984
636.2221	0.107159786179616
634.8051	0.108761703520542
633.3882	0.10818423926177
631.9712	0.108825223369005
630.5542	0.109213470704171
629.1372	0.10931611783474
627.7203	0.110869251750089
626.3033	0.110625282787486
624.8863	0.111165791439738
623.4693	0.112519888198969
622.0524	0.114073557615991
620.6354	0.115163460575203
619.2184	0.116040607196905
617.8014	0.117282516727501
616.3845	0.118135426901539
614.9675	0.119178372280241
613.5505	0.12008489550966
612.1335	0.120515100629021
610.7165	0.123133406159207
609.2996	0.123140982344707
607.8826	0.124449767879948
606.4656	0.123809380068671
605.0486	0.124403211667349
603.6317	0.12515582385544
602.2147	0.125005307423189
600.7977	0.124463050314058
599.3807	0.12483039502954
597.9638	0.125267956666719
596.5468	0.125824901551936
595.1298	0.125142103500953
593.7128	0.127130753275203
592.2959	0.125578483538408
590.8789	0.126845979660428
589.4619	0.127378741766736
588.0449	0.127698573496455
586.628	0.128512237305278
585.211	0.130746846252145
583.794	0.132119415501667
582.377	0.134230521023817
580.9601	0.135107352776047
579.5431	0.13822295588132
578.1261	0.139571228148143
576.7091	0.141220842570271
575.2922	0.142792605108942
573.8752	0.143871538119373
572.4582	0.14388448193833
571.0412	0.144890629489963
569.6243	0.144946203722028
568.2073	0.145032777986783
566.7903	0.143093528391163
565.3733	0.142288293532453
563.9563	0.141740652064978
562.5394	0.140822068387734
561.1224	0.140314578415773
559.7054	0.140588512681047
558.2884	0.140716232283933
556.8715	0.140315928689503
555.4545	0.140028884952952
554.0375	0.139395391645427
552.6205	0.138678252516094
551.2036	0.137790365364559
549.7866	0.136534371330243
548.3696	0.13679246119109
546.9526	0.136581739573585
545.5357	0.136165109998707
544.1187	0.136053988447678
542.7017	0.135453797037703
541.2847	0.136643759707486
539.8678	0.138228903494185
538.4508	0.139593044115527
537.0338	0.139831667909995
535.6168	0.141643351578631
534.1999	0.142259366511705
532.7829	0.143417116111449
531.3659	0.145358799881128
529.9489	0.146311698700197
528.532	0.147478996915445
527.115	0.147844755186645
525.698	0.148229365027518
524.281	0.149454610855197
522.8641	0.149947130160704
521.4471	0.151766912160536
520.0301	0.151705827651468
518.6131	0.151897122049751
517.1962	0.151907239593613
515.7792	0.150822066414895
514.3622	0.150459236940839
512.9452	0.150674900483662
511.5282	0.149903096627977
510.1113	0.14985902274262
508.6943	0.148658133360859
507.2773	0.148370900519283
505.8603	0.147946442236363
504.4434	0.149596138782096
503.0264	0.148163007380347
501.6094	0.148339319513099
500.1924	0.147887174675659
498.7755	0.148644139015553
497.3585	0.149568101227298
495.9415	0.147132419475438
494.5245	0.147442451117308
493.1076	0.146405641061941
491.6906	0.146656751178685
490.2736	0.1471223705975
488.8566	0.147794162804547
487.4397	0.147428216542991
486.0227	0.147651371229935
484.6057	0.147734510790313
483.1887	0.148096602723133
481.7718	0.148609460273612
480.3548	0.147615387260211
478.9378	0.147590356370336
477.5208	0.147011577182979
476.1039	0.147853115991815
474.6869	0.147285206507566
473.2699	0.146481193323797
471.8529	0.147319857480252
470.436	0.146062888319072
469.019	0.146206740664375
467.602	0.147061737211785
466.185	0.147206089875997
464.768	0.147202068552786
463.3511	0.147343986132308
461.9341	0.147682278669869
460.5171	0.146324387373986
459.1001	0.144596422334062
457.6832	0.14341842605496
456.2662	0.144455631893943
454.8492	0.14529386845427
453.4322	0.146856821056612
452.0153	0.146057108525536
450.5983	0.144870680408297
449.1813	0.145496386762688
447.7643	0.14471235645507
446.3474	0.144889630959282
444.9304	0.147149668038228
443.5134	0.149339724076469
442.0964	0.151791240694339
440.6795	0.152942316008282
439.2625	0.152664627267528
437.8455	0.154172912523898
436.4285	0.156254087639446
435.0116	0.157278189869093
433.5946	0.159386996307178
432.1776	0.159219013055542
430.7606	0.158466675201305
429.3437	0.158720729446663
427.9267	0.156833715838036
426.5097	0.158883097629874
425.0927	0.158754935285182
423.6758	0.158660666075082
422.2588	0.158803611482186
420.8418	0.158722026144849
419.4248	0.157304158977774
418.0078	0.157388815457156
416.5909	0.156959646197024
415.1739	0.157077825795439
413.7569	0.156348725338632
412.3399	0.156789256467483
410.923	0.158148719652551
409.506	0.159101985943968
408.089	0.160870181940976
406.672	0.158947920135907
405.2551	0.159814172056801
403.8381	0.159472177163544
402.4211	0.160442783948746
401.0041	0.161301513182995
