3994.4546	0.0182187005352928
3993.0377	0.017560108284957
3991.6207	0.0177392962808729
3990.2037	0.0166181448450332
3988.7867	0.0173863402673779
3987.3698	0.017330453891369
3985.9528	0.0171897415105341
3984.5358	0.0174285570515131
3983.1188	0.0172509396618209
3981.7019	0.0182191931647713
3980.2849	0.0175974189521722
3978.8679	0.0175157202108687
3977.4509	0.0175619728735322
3976.034	0.0171515617645945
3974.617	0.0173824311942509
3973.2	0.0178571000562181
3971.783	0.0181016879912963
3970.3661	0.0175019621745968
3968.9491	0.0174910590844445
3967.5321	0.0173557039448247
3966.1151	0.0183532598330596
3964.6982	0.0172729782378903
3963.2812	0.0171945965824762
3961.8642	0.0175912312760686
3960.4472	0.0178486395067622
3959.0303	0.0173156334437527
3957.6133	0.0171377860688645
3956.1963	0.0177444015087632
3954.7793	0.0178303897760794
3953.3624	0.0172750160116981
3951.9454	0.0173805939530707
3950.5284	0.0173124814985526
3949.1114	0.0179660013335109
3947.6944	0.0177035901366931
3946.2775	0.0170107322396922
3944.8605	0.0180595688157
3943.4435	0.0174686732805811
3942.0265	0.0172297449625229
3940.6096	0.0167764673454166
3939.1926	0.0175451671936306
3937.7756	0.0171964449712687
3936.3586	0.0171405864974944
3934.9417	0.0173782529624684
3933.5247	0.0173633095863356
3932.1077	0.0171294632865421
3930.6907	0.0175570091626443
3929.2738	0.0171869819758267
3927.8568	0.0171256954876645
3926.4398	0.0180769906153283
3925.0228	0.016913245040454
3923.6059	0.0174581695802455
3922.1889	0.017050883289143
3920.7719	0.0169098330323639
3919.3549	0.0170910162137822
3917.938	0.0169796052420685
3916.521	0.0172655082420555
3915.104	0.017427426967727
3913.687	0.0174886090834794
3912.2701	0.0175539702326397
3910.8531	0.0172866706690894
3909.4361	0.0174239882958812
3908.0191	0.0167535906244334
3906.6022	0.0166120367161468
3905.1852	0.0176385418039647
3903.7682	0.0166678986638469
3902.3512	0.0168318537051921
3900.9342	0.0175367923998874
3899.5173	0.0174327374384913
3898.1003	0.0174146694879074
3896.6833	0.0172098390370002
3895.2663	0.0177383423990825
3893.8494	0.0171368091721136
3892.4324	0.0165610929473023
3891.0154	0.0174470100681879
3889.5984	0.0167204118171595
3888.1815	0.0165595504898076
3886.7645	0.0171209930022194
3885.3475	0.0164198925191261
3883.9305	0.0165654971144481
3882.5136	0.017558425120027
3881.0966	0.0170594791528882
3879.6796	0.0164747175225576
3878.2626	0.0167196740002665
3876.8457	0.0173435432286822
3875.4287	0.0164923779448336
3874.0117	0.0164077574304976
3872.5947	0.0170865392550382
3871.1778	0.0173952088183673
3869.7608	0.0171550000497198
3868.3438	0.0175307671462032
3866.9268	0.0172650427777002
3865.5099	0.0172367544448239
3864.0929	0.0170655713136541
3862.6759	0.0174494015050619
3861.2589	0.0172605788283805
3859.842	0.0174747143883127
3858.425	0.0169888667090959
3857.008	0.0164454612653334
3855.591	0.0163501230537391
3854.174	0.0166240147849891
3852.7571	0.0168004517297606
3851.3401	0.0166344083084932
3849.9231	0.0171022263307594
3848.5061	0.0169400245307254
3847.0892	0.0174000616205558
3845.6722	0.0161741543807843
3844.2552	0.017065296449912
3842.8382	0.0167404747953189
3841.4213	0.0164971547251732
3840.0043	0.0167457024524595
3838.5873	0.016959790418804
3837.1703	0.0170058479380692
3835.7534	0.0169995049672756
3834.3364	0.0165511758812566
3832.9194	0.0160682189277866
3831.5024	0.0159373041969427
3830.0855	0.0163961664801784
3828.6685	0.0157467302668731
3827.2515	0.0170670495670255
3825.8345	0.0167874022962503
3824.4176	0.0169274141679782
3823.0006	0.0172547288098009
3821.5836	0.0173491724556665
3820.1666	0.0167284791448828
3818.7497	0.0169343423913268
3817.3327	0.0167232947207381
3815.9157	0.0164204851840701
3814.4987	0.0163148628088556
3813.0818	0.0165984838416976
3811.6648	0.0166033760002567
3810.2478	0.0165705023357062
3808.8308	0.015319238195166
3807.4138	0.015843881758874
3805.9969	0.0166386487529812
3804.5799	0.0171577930168949
3803.1629	0.0161879781566678
3801.7459	0.0163134199263569
3800.329	0.0167739452043541
3798.912	0.0160952402991594
3797.495	0.0159403339760439
3796.078	0.0164057433146548
3794.6611	0.0163447032881107
3793.2441	0.0163593261548558
3791.8271	0.0156027813285653
3790.4101	0.0166162555883346
3788.9932	0.0156277369299812
3787.5762	0.0153312329687164
3786.1592	0.0159932958974751
3784.7422	0.0160981088553027
3783.3253	0.0152977347102533
3781.9083	0.0157554841652135
3780.4913	0.0157315154322862
3779.0743	0.0164795912180581
3777.6574	0.0163929673205069
3776.2404	0.0165403065842628
3774.8234	0.015355114450553
3773.4064	0.0161965500233843
3771.9895	0.0161107086435264
3770.5725	0.0164838976495553
3769.1555	0.0158930990599442
3767.7385	0.0153287220711074
3766.3216	0.0159252150867712
3764.9046	0.0160206938935497
3763.4876	0.0164851098133226
3762.0706	0.0162531568079437
3760.6536	0.0154860446562684
3759.2367	0.0163965892470579
3757.8197	0.0161713157329299
3756.4027	0.0165742604135894
3754.9857	0.0156446577011149
3753.5688	0.0161282014421414
3752.1518	0.0163790004835696
3750.7348	0.016693319671377
3749.3178	0.0165909514041352
3747.9009	0.0162006550929401
3746.4839	0.0162264137487256
3745.0669	0.0164976923191048
3743.6499	0.0160289418573512
3742.233	0.0161817901600369
3740.816	0.0161551025800828
3739.399	0.0169069471008718
3737.982	0.0161620635362646
3736.5651	0.0152645016598497
3735.1481	0.0166659916188543
3733.7311	0.0150009247360477
3732.3141	0.0151780388862078
3730.8972	0.0157290296327911
3729.4802	0.0157172191513268
3728.0632	0.0153869572866725
3726.6462	0.0154705435497157
3725.2293	0.0156652829844123
3723.8123	0.0155734705438568
3722.3953	0.0147184376577284
3720.9783	0.0157548075076453
3719.5614	0.0152560444315862
3718.1444	0.0150358662150173
3716.7274	0.0153347242808626
3715.3104	0.016189391416682
3713.8935	0.0156206730223448
3712.4765	0.0159176273703154
3711.0595	0.0158088142621419
3709.6425	0.0156959385061449
3708.2255	0.0161892253014247
3706.8086	0.0155265613260723
3705.3916	0.015860875326641
3703.9746	0.0156506949471067
3702.5576	0.0153184264629441
3701.1407	0.0151427389935502
3699.7237	0.0149198591688435
3698.3067	0.0152951962909954
3696.8897	0.0147769373826195
3695.4728	0.0153637085644445
3694.0558	0.0148683142060098
3692.6388	0.0150296126866336
3691.2218	0.0145953154723826
3689.8049	0.0147285178080985
3688.3879	0.0148543058426507
3686.9709	0.0147809187224467
3685.5539	0.0148458415173019
3684.137	0.0154529659092696
3682.72	0.0149734290367771
3681.303	0.0149965030989149
3679.886	0.0146610985551685
3678.4691	0.0145175509346011
3677.0521	0.0144496310855794
3675.6351	0.0153588963612817
3674.2181	0.0150482707108192
3672.8012	0.0148576028478296
3671.3842	0.0149087420172093
3669.9672	0.0148217926891894
3668.5502	0.0154010429268253
3667.1333	0.0154259523844245
3665.7163	0.0153420037777337
3664.2993	0.0146431447653616
3662.8823	0.0146676551148787
3661.4653	0.0152063356773013
3660.0484	0.0152048538562426
3658.6314	0.0144121078989739
3657.2144	0.0154018805635152
3655.7974	0.0148324519370188
3654.3805	0.0149122382436276
3652.9635	0.0156152438946285
3651.5465	0.015948722062048
3650.1295	0.014581170940768
3648.7126	0.0151398879824573
3647.2956	0.0154069497425567
3645.8786	0.0160470685900987
3644.4616	0.0156180974127195
3643.0447	0.0161027075646006
3641.6277	0.01532488604136
3640.2107	0.0160914286459498
3638.7937	0.0159840448824636
3637.3768	0.0157679033904874
3635.9598	0.016396197335836
3634.5428	0.0161555258972187
3633.1258	0.0160864098617867
3631.7089	0.0158586326683203
3630.2919	0.0158306622390777
3628.8749	0.0163037653947497
3627.4579	0.0162422857673827
3626.041	0.0165846773813128
3624.624	0.0157606180817354
3623.207	0.0164538464813532
3621.79	0.0162591163974489
3620.3731	0.0169296364326307
3618.9561	0.0165661047461647
3617.5391	0.0165492029282351
3616.1221	0.0182320005902836
3614.7051	0.0170989394971933
3613.2882	0.0169201805155248
3611.8712	0.0176753742991096
3610.4542	0.0173354082156254
3609.0372	0.0178758752127532
3607.6203	0.0183376333688074
3606.2033	0.0175556640840018
3604.7863	0.0178222920969938
3603.3693	0.0177316615819345
3601.9524	0.0180972942258038
3600.5354	0.0184129880952498
3599.1184	0.0184277733161482
3597.7014	0.0186097334575013
3596.2845	0.0183818376699245
3594.8675	0.0187585828162298
3593.4505	0.0186651581936524
3592.0335	0.0182202443690315
3590.6166	0.01839578329634
3589.1996	0.0188863180653251
3587.7826	0.0195784139033939
3586.3656	0.0194295199985816
3584.9487	0.0194655145666996
3583.5317	0.0198740538743681
3582.1147	0.0202930658529419
3580.6977	0.0191908844451563
3579.2808	0.019944988407258
3577.8638	0.0206364117431523
3576.4468	0.0204119155489476
3575.0298	0.0206256539548507
3573.6129	0.0208042413953446
3572.1959	0.0213924094727626
3570.7789	0.0215510368047585
3569.3619	0.021101486002657
3567.9449	0.0216817639060533
3566.528	0.022154659385365
3565.111	0.0224880266379494
3563.694	0.0227385415870219
3562.277	0.0229147063758723
3560.8601	0.0236636166361413
3559.4431	0.0238727698506955
3558.0261	0.0232788952671042
3556.6091	0.0239516251354863
3555.1922	0.0232960075700829
3553.7752	0.0234488926032883
3552.3582	0.0235120186844982
3550.9412	0.0241816948705248
3549.5243	0.0247819734831023
3548.1073	0.0246700986222927
3546.6903	0.0253265191418071
3545.2733	0.0256609558880039
3543.8564	0.0251958019101198
3542.4394	0.025490766386792
3541.0224	0.0261881667188063
3539.6054	0.0257593375261609
3538.1885	0.0259323394655647
3536.7715	0.0269371600270892
3535.3545	0.026974260153482
3533.9375	0.0268388164082439
3532.5206	0.027550030348393
3531.1036	0.0265308169050711
3529.6866	0.0271365098524647
3528.2696	0.0284147106343246
3526.8527	0.0281482342343294
3525.4357	0.0283855602334155
3524.0187	0.0288800721332176
3522.6017	0.0284026596518756
3521.1847	0.0287961619477364
3519.7678	0.0301182404785562
3518.3508	0.0289847623003867
3516.9338	0.0303847829827988
3515.5168	0.0308962712446003
3514.0999	0.0304100163219241
3512.6829	0.0306646702826308
3511.2659	0.0307581052941905
3509.8489	0.0311680556609956
3508.432	0.0317861239694022
3507.015	0.0311150669421742
3505.598	0.032043719121872
3504.181	0.0324707780964232
3502.7641	0.032957955812327
3501.3471	0.0327252776599049
3499.9301	0.0326737064786215
3498.5131	0.0333582109337228
3497.0962	0.033504081705451
3495.6792	0.0339067135588685
3494.2622	0.0345131382303226
3492.8452	0.0341301081713672
3491.4283	0.0343732867505943
3490.0113	0.0348609023230263
3488.5943	0.0352305427211544
3487.1773	0.0350773251056918
3485.7604	0.0355000101902204
3484.3434	0.0355605327330409
3482.9264	0.035817766588636
3481.5094	0.0360980814684229
3480.0925	0.0369266790852304
3478.6755	0.0362913682506174
3477.2585	0.036924068340167
3475.8415	0.0368866964091699
3474.4245	0.0380619043144713
3473.0076	0.0377658164100197
3471.5906	0.038265737632386
3470.1736	0.0382497082570085
3468.7566	0.0378932095391553
3467.3397	0.0381864290663583
3465.9227	0.0391399374032487
3464.5057	0.0390424382097559
3463.0887	0.0396112297351999
3461.6718	0.0397022056109502
3460.2548	0.0401709149905943
3458.8378	0.0387480212410553
3457.4208	0.0404068602470429
3456.0039	0.0400757607317516
3454.5869	0.0400980514138388
3453.1699	0.0409899097333535
3451.7529	0.0410119782477875
3450.336	0.0418364758802863
3448.919	0.0416741984793127
3447.502	0.0412541379847652
3446.085	0.0422053597026505
3444.6681	0.0425676322963215
3443.2511	0.0424730546945217
3441.8341	0.0424753010951706
3440.4171	0.0423917938332778
3439.0002	0.0428049826810758
3437.5832	0.0425509521586395
3436.1662	0.0431550330842891
3434.7492	0.0434150553888957
3433.3323	0.0436904507065944
3431.9153	0.0437584327726585
3430.4983	0.0448711734462649
3429.0813	0.0444733270195762
3427.6643	0.0456238084159308
3426.2474	0.0445393639490021
3424.8304	0.0446017033896354
3423.4134	0.04529930907904
3421.9964	0.0464854993439879
3420.5795	0.0452791936225767
3419.1625	0.0453641536381355
3417.7455	0.0463077876191973
3416.3285	0.0455282562414062
3414.9116	0.0460860994406418
3413.4946	0.0462849266076827
3412.0776	0.0472683520979196
3410.6606	0.0472758860856505
3409.2437	0.0476885505781926
3407.8267	0.0479210764892938
3406.4097	0.047118663473819
3404.9927	0.0478144995325548
3403.5758	0.0482385959577453
3402.1588	0.0487042110455479
3400.7418	0.0487234936751571
3399.3248	0.0482611909804148
3397.9079	0.0484573847926469
3396.4909	0.04896959207608
3395.0739	0.0491666485793385
3393.6569	0.0490982641014064
3392.24	0.050208092395724
3390.823	0.0493792631234984
3389.406	0.0492496605725538
3387.989	0.0490749531617049
3386.5721	0.0497783394883809
3385.1551	0.0505253201028982
3383.7381	0.0497075766208816
3382.3211	0.0502498163265082
3380.9041	0.0510710822251996
3379.4872	0.0501292495358565
3378.0702	0.0511619659506134
3376.6532	0.0512566708168833
3375.2362	0.0513472409119442
3373.8193	0.0513284302591973
3372.4023	0.0516213875409706
3370.9853	0.0521977471471308
3369.5683	0.051392979256415
3368.1514	0.0515013749825828
3366.7344	0.0528095587308565
3365.3174	0.0518205160571224
3363.9004	0.0527072878549601
3362.4835	0.052129563837525
3361.0665	0.0521853420143452
3359.6495	0.0526316977431491
3358.2325	0.0531352774330788
3356.8156	0.0528279971188905
3355.3986	0.0534330679990173
3353.9816	0.0532678141888164
3352.5646	0.0541165261820868
3351.1477	0.0534571835473949
3349.7307	0.0536997782427733
3348.3137	0.0537724847639809
3346.8967	0.0538919849522877
3345.4798	0.0543585290178516
3344.0628	0.0534183480905561
3342.6458	0.0536420557771683
3341.2288	0.0550537635605393
3339.8119	0.0541017682705394
3338.3949	0.0540350101848593
3336.9779	0.0545979502089057
3335.5609	0.0545202564361925
3334.1439	0.0546401388774758
3332.727	0.0538883964104965
3331.31	0.0552082934603887
3329.893	0.055089472814932
3328.476	0.0544772674996278
3327.0591	0.0549168731194588
3325.6421	0.0551698417972736
3324.2251	0.0556210730633166
3322.8081	0.0556686881598858
3321.3912	0.0547556187631716
3319.9742	0.0562861555397211
3318.5572	0.0560461989674917
3317.1402	0.0556860738338903
3315.7233	0.0556174038617954
3314.3063	0.0564669139176696
3312.8893	0.0565424499893824
3311.4723	0.055887338238233
3310.0554	0.0560602145306766
3308.6384	0.0559427211823061
3307.2214	0.0567142774810053
3305.8044	0.055698576231217
3304.3875	0.0562906540775523
3302.9705	0.056407957557037
3301.5535	0.0561562331695751
3300.1365	0.0561144554997999
3298.7196	0.0558101250159504
3297.3026	0.055798672814556
3295.8856	0.0557254809268606
3294.4686	0.0553908804853908
3293.0517	0.0562730527990983
3291.6347	0.0561898557026757
3290.2177	0.0559544766485408
3288.8007	0.0566107410837032
3287.3837	0.0559206152885629
3285.9668	0.0556972688223568
3284.5498	0.0568039302443444
3283.1328	0.0554362944998672
3281.7158	0.0559460517260261
3280.2989	0.0562438284965133
3278.8819	0.0561251120132929
3277.4649	0.0571576467252477
3276.0479	0.0554947065998795
3274.631	0.0561909330959881
3273.214	0.0558053576040338
3271.797	0.0565201240235305
3270.38	0.0557021857983909
3268.9631	0.0563345070820095
3267.5461	0.0564371590202135
3266.1291	0.0560628219442971
3264.7121	0.0566286441963293
3263.2952	0.0563479014149985
3261.8782	0.0561804350094355
3260.4612	0.0564949430645875
3259.0442	0.0571129288250211
3257.6273	0.0556289649477143
3256.2103	0.0566311380351386
3254.7933	0.0561844598219599
3253.3763	0.0560132681532256
3251.9594	0.0559290391761452
3250.5424	0.0567007592291022
3249.1254	0.0557615287678866
3247.7084	0.0560016918029788
3246.2915	0.0565232814641127
3244.8745	0.0558031071615886
3243.4575	0.0561752414842506
3242.0405	0.0556886914595565
3240.6235	0.0561327024394059
3239.2066	0.0558252954267285
3237.7896	0.0563796875141878
3236.3726	0.0554475973116527
3234.9556	0.0556994562940348
3233.5387	0.0551585607864422
3232.1217	0.0554274046112339
3230.7047	0.0564364133510214
3229.2877	0.0557391896110239
3227.8708	0.055945849608416
3226.4538	0.0558609885835278
3225.0368	0.0563159232129691
3223.6198	0.0551100199730371
3222.2029	0.0553872605178749
3220.7859	0.0553545620860268
3219.3689	0.054545036217063
3217.9519	0.0552724080624779
3216.535	0.0547985565074705
3215.118	0.0548977861338317
3213.701	0.0548389459942868
3212.284	0.0547300458436614
3210.8671	0.0546714349327832
3209.4501	0.0543266920139774
3208.0331	0.0544948372976156
3206.6161	0.0543104232701917
3205.1992	0.0536441520725482
3203.7822	0.0544545753901905
3202.3652	0.0547759187132954
3200.9482	0.0539412564998908
3199.5313	0.0540832524824789
3198.1143	0.0534651174709706
3196.6973	0.0535620062678928
3195.2803	0.0535281776129832
3193.8633	0.0535542619801521
3192.4464	0.0535294478303133
3191.0294	0.0533890007046023
3189.6124	0.0527360843058972
3188.1954	0.0531957037191698
3186.7785	0.0528954559236053
3185.3615	0.0522278807102197
3183.9445	0.0533638036124636
3182.5275	0.0537263696695128
3181.1106	0.0528153897104761
3179.6936	0.0533420585713487
3178.2766	0.0530186283378654
3176.8596	0.0527194162657644
3175.4427	0.0521829692337837
3174.0257	0.0520686746161439
3172.6087	0.0512637885989043
3171.1917	0.0519762981290941
3169.7748	0.0518696874145043
3168.3578	0.0525205992152456
3166.9408	0.0509727216318574
3165.5238	0.0516192612148624
3164.1069	0.0501673788487352
3162.6899	0.0508386240936909
3161.2729	0.0503373877254946
3159.8559	0.0507391638843475
3158.439	0.0508786322928955
3157.022	0.0496708860814342
3155.605	0.0494486669822907
3154.188	0.0503295957612557
3152.7711	0.0497635464416331
3151.3541	0.0500430097188572
3149.9371	0.0497475197976816
3148.5201	0.0496591732642425
3147.1031	0.0499180985345156
3145.6862	0.048580743918649
3144.2692	0.0498680779848913
3142.8522	0.049245509717785
3141.4352	0.0488103980840188
3140.0183	0.0495326186935792
3138.6013	0.0491578358257577
3137.1843	0.0482390850525268
3135.7673	0.0490201879484181
3134.3504	0.0492102744681742
3132.9334	0.0479070324013052
3131.5164	0.0478739863284549
3130.0994	0.0484710553921187
3128.6825	0.0479005559136154
3127.2655	0.0473306523571556
3125.8485	0.0474580058877086
3124.4315	0.0472242544972996
3123.0146	0.0476261572434363
3121.5976	0.0470923734906953
3120.1806	0.0471433648168482
3118.7636	0.0469375652297505
3117.3467	0.0461630970810963
3115.9297	0.0463727473518967
3114.5127	0.0467643406671933
3113.0957	0.0459238924554511
3111.6788	0.0460449466491384
3110.2618	0.0454768913963157
3108.8448	0.0459529261229088
3107.4278	0.0454270841463163
3106.0109	0.0456584905461354
3104.5939	0.0447459208518007
3103.1769	0.0452840029531047
3101.7599	0.0448429020157405
3100.3429	0.0453118413446401
3098.926	0.0446855504543633
3097.509	0.0447908979193456
3096.092	0.0446312157844203
3094.675	0.0443891288305113
3093.2581	0.0434807566215635
3091.8411	0.0441197230597635
3090.4241	0.0438871395350881
3089.0071	0.0441405954085849
3087.5902	0.0434852728060551
3086.1732	0.0433015398554893
3084.7562	0.0433351519046761
3083.3392	0.0428369470858119
3081.9223	0.0431340994457281
3080.5053	0.042282602633645
3079.0883	0.0433728546607503
3077.6713	0.0430228416775341
3076.2544	0.0427144182842759
3074.8374	0.0422427687647621
3073.4204	0.0424558528324141
3072.0034	0.0413578986197809
3070.5865	0.0419410355217768
3069.1695	0.0426698121987923
3067.7525	0.0420781983017236
3066.3355	0.0418083395796117
3064.9186	0.0415463375923563
3063.5016	0.041528095509392
3062.0846	0.0406277131643218
3060.6676	0.0408982596780039
3059.2507	0.0405711266657137
3057.8337	0.0407482087209794
3056.4167	0.041181995160909
3054.9997	0.0405490567891067
3053.5827	0.0397491365894506
3052.1658	0.0398958284001574
3050.7488	0.0401671201406564
3049.3318	0.0407124754558297
3047.9148	0.0399546176754255
3046.4979	0.0397408613258138
3045.0809	0.0396345204548042
3043.6639	0.0400266001937851
3042.2469	0.0394158460834295
3040.83	0.0393924793305786
3039.413	0.0393795695847404
3037.996	0.0393258236076447
3036.579	0.0387613290569656
3035.1621	0.0380254865043273
3033.7451	0.0385960165679856
3032.3281	0.0383397889250262
3030.9111	0.0381690223764993
3029.4942	0.0375484622581755
3028.0772	0.0375282669709786
3026.6602	0.0368481560626784
3025.2432	0.0380091245468803
3023.8263	0.0377871206971124
3022.4093	0.0385538070352163
3020.9923	0.0380310724894926
3019.5753	0.0372903510913804
3018.1584	0.0376058246676899
3016.7414	0.0376624541416745
3015.3244	0.0365011870601071
3013.9074	0.0370775819550607
3012.4905	0.0370948156797801
3011.0735	0.0370768539349543
3009.6565	0.037376821845252
3008.2395	0.036700046140184
3006.8225	0.0369454888195526
3005.4056	0.0368350263960057
3003.9886	0.0365127343017549
3002.5716	0.0364443749090767
3001.1546	0.0361242279814717
2999.7377	0.0357645440406416
2998.3207	0.0361419613669035
2996.9037	0.0358298974492652
2995.4867	0.0365333361391042
2994.0698	0.0362023052273023
2992.6528	0.0362067867449582
2991.2358	0.0361037920224052
2989.8188	0.0359903746651593
2988.4019	0.0357016676816419
2986.9849	0.0368750912656836
2985.5679	0.0361359078957277
2984.1509	0.0368157335778415
2982.734	0.0359562960875543
2981.317	0.0363302301408623
2979.9	0.0368450088951651
2978.483	0.0361010586386125
2977.0661	0.036759749938343
2975.6491	0.0365844874277647
2974.2321	0.0368240060623011
2972.8151	0.0371321582177906
2971.3982	0.0380894087292815
2969.9812	0.0381743469481572
2968.5642	0.037234968064789
2967.1472	0.0379657851076282
2965.7303	0.0383026176405761
2964.3133	0.0376937468950172
2962.8963	0.0384609403819981
2961.4793	0.0385560760571945
2960.0623	0.0379469770133112
2958.6454	0.0381322991699243
2957.2284	0.0392393649908547
2955.8114	0.0392789241616337
2954.3944	0.0393226709166132
2952.9775	0.0397638974136734
2951.5605	0.0396334688850018
2950.1435	0.0399463947430267
2948.7265	0.0407181612558208
2947.3096	0.0408547738364393
2945.8926	0.0405431378775574
2944.4756	0.0412078481184589
2943.0586	0.0426701362598205
2941.6417	0.0419332156606756
2940.2247	0.0419718878914521
2938.8077	0.0425252318239823
2937.3907	0.0421953109668681
2935.9738	0.0433803875554454
2934.5568	0.0439694887456459
2933.1398	0.0439143749977989
2931.7228	0.043691286973922
2930.3059	0.0442489781362104
2928.8889	0.0448184127811543
2927.4719	0.0445499732169496
2926.0549	0.0446208205578193
2924.638	0.0437198540850721
2923.221	0.0442941439660253
2921.804	0.0444871680157048
2920.387	0.044276067297357
2918.9701	0.0445791132955874
2917.5531	0.04416078446723
2916.1361	0.0453832806856
2914.7191	0.0442126473896491
2913.3021	0.0436879329902311
2911.8852	0.0445269251896781
2910.4682	0.0442092094440485
2909.0512	0.0436540077197113
2907.6342	0.0443505809687173
2906.2173	0.0431747557531118
2904.8003	0.0438098581381115
2903.3833	0.0437758571177005
2901.9663	0.0430999922549399
2900.5494	0.0433227230627736
2899.1324	0.0430710825021947
2897.7154	0.0428940637967038
2896.2984	0.0443483109439352
2894.8815	0.0433835371248931
2893.4645	0.0431080472429092
2892.0475	0.0431816066475795
2890.6305	0.0429382624577249
2889.2136	0.0422663385230358
2887.7966	0.0432883240272067
2886.3796	0.0433514418762067
2884.9626	0.0430682782051214
2883.5457	0.0428053254677049
2882.1287	0.0432854995589933
2880.7117	0.0428882611201024
2879.2947	0.0419192981503156
2877.8778	0.0425641448907823
2876.4608	0.0416378548931506
2875.0438	0.042020981873409
2873.6268	0.0425616407448257
2872.2099	0.0422891593770023
2870.7929	0.0413273760393945
2869.3759	0.0416440616519687
2867.9589	0.0407888059418275
2866.5419	0.0409905254834338
2865.125	0.0403858168695278
2863.708	0.0413686527564771
2862.291	0.0401325477762732
2860.874	0.0404440524395284
2859.4571	0.0401678628715519
2858.0401	0.0401580486609279
2856.6231	0.0399477404054701
2855.2061	0.0396497075911566
2853.7892	0.039717729143019
2852.3722	0.0401125158886345
2850.9552	0.0401277271814804
2849.5382	0.0388971061652345
2848.1213	0.0396912583801775
2846.7043	0.0396970553654393
2845.2873	0.0392214607249031
2843.8703	0.0388749721527797
2842.4534	0.0385411782229242
2841.0364	0.0387176006017078
2839.6194	0.0389991839247789
2838.2024	0.0385089882640827
2836.7855	0.0376729517505643
2835.3685	0.0380472669898386
2833.9515	0.0370863910730525
2832.5345	0.0376803674608443
2831.1176	0.0373908077210784
2829.7006	0.0377396730365653
2828.2836	0.0376356280586552
2826.8666	0.0373781303270311
2825.4497	0.0365247076973549
2824.0327	0.0373885858301011
2822.6157	0.0373814231847115
2821.1987	0.036432481373923
2819.7817	0.0369066068717912
2818.3648	0.0370822079895237
2816.9478	0.0369789441557603
2815.5308	0.0359122002357728
2814.1138	0.0356242714184037
2812.6969	0.0366024474557534
2811.2799	0.0362290172693175
2809.8629	0.036360441429726
2808.4459	0.0366213593526564
2807.029	0.0360053599827568
2805.612	0.0352629594981639
2804.195	0.0355600820659285
2802.778	0.0356141345589902
2801.3611	0.035623231681875
2799.9441	0.0350160322656683
2798.5271	0.0353701031393317
2797.1101	0.0344850934668049
2795.6932	0.0346410152573903
2794.2762	0.0351353558344949
2792.8592	0.0347099704893212
2791.4422	0.0347657756011531
2790.0253	0.0348177575263561
2788.6083	0.0351861261528478
2787.1913	0.0349645365969246
2785.7743	0.0338884945065974
2784.3574	0.0349591384550312
2782.9404	0.0344208011595956
2781.5234	0.0343917578998923
2780.1064	0.0344718548317185
2778.6895	0.0347879532092156
2777.2725	0.034910025815639
2775.8555	0.0340741486761197
2774.4385	0.0347608381465639
2773.0215	0.0341204767853954
2771.6046	0.0336829856962015
2770.1876	0.0339798015179661
2768.7706	0.033592666512571
2767.3536	0.0348699231610185
2765.9367	0.0335807831965357
2764.5197	0.0344360751860069
2763.1027	0.0338388067066509
2761.6857	0.0350314225645786
2760.2688	0.0338962550998377
2758.8518	0.0337818900265848
2757.4348	0.0342751025264544
2756.0178	0.0343337343659532
2754.6009	0.0340800930179335
2753.1839	0.0339500829689678
2751.7669	0.033515396682707
2750.3499	0.0333054848327725
2748.933	0.0340293686771696
2747.516	0.0333984124492859
2746.099	0.0338979273077271
2744.682	0.0334656414606283
2743.2651	0.0330452507409046
2741.8481	0.0331710963165621
2740.4311	0.0336897474538664
2739.0141	0.0335886101992092
2737.5972	0.0331224263054962
2736.1802	0.0339718859022625
2734.7632	0.0330515828195489
2733.3462	0.0335498785209642
2731.9293	0.0332237340783722
2730.5123	0.0337620522314692
2729.0953	0.0329631015480965
2727.6783	0.0336419871226841
2726.2613	0.0340333809276646
2724.8444	0.0329235650203111
2723.4274	0.0326022423380249
2722.0104	0.0332851453028977
2720.5934	0.0332476349684366
2719.1765	0.0331790321338307
2717.7595	0.0332281021020214
2716.3425	0.0335898178657769
2714.9255	0.0328364869054077
2713.5086	0.0327992342505895
2712.0916	0.0327860075694484
2710.6746	0.0335648610842285
2709.2576	0.0326441217140799
2707.8407	0.0326211420661405
2706.4237	0.0323040242091181
2705.0067	0.0330403008841031
2703.5897	0.032852489646186
2702.1728	0.0326105574112648
2700.7558	0.0323819957529739
2699.3388	0.0323844117893579
2697.9218	0.0328932476816992
2696.5049	0.0324710802357265
2695.0879	0.0332468948360916
2693.6709	0.0333350678135496
2692.2539	0.0322940741160273
2690.837	0.0331261309617124
2689.42	0.0331662134077931
2688.003	0.0323111349436229
2686.586	0.0327450318080152
2685.1691	0.032320967541644
2683.7521	0.0330629379032879
2682.3351	0.032246830465698
2680.9181	0.0325230219886311
2679.5011	0.0320808632732119
2678.0842	0.032261584256487
2676.6672	0.0326801581510699
2675.2502	0.0321960069398018
2673.8332	0.0322685874434922
2672.4163	0.0325957016395082
2670.9993	0.032684090425356
2669.5823	0.0330499751924693
2668.1653	0.0316658530060808
2666.7484	0.0326217315482388
2665.3314	0.0323965709559809
2663.9144	0.0319630463896298
2662.4974	0.0313469400775779
2661.0805	0.032338581839294
2659.6635	0.0321081203882305
2658.2465	0.0324974617513833
2656.8295	0.0318741603784308
2655.4126	0.0319755525226254
2653.9956	0.032164862574404
2652.5786	0.0306765742351063
2651.1616	0.0318976517069163
2649.7447	0.031328307578453
2648.3277	0.031730102298358
2646.9107	0.0321325247066439
2645.4937	0.0316250177402465
2644.0768	0.0312741848426631
2642.6598	0.0317790784019274
2641.2428	0.0303374561524315
2639.8258	0.0308406477872169
2638.4089	0.0311015352798082
2636.9919	0.0312320774773064
2635.5749	0.031066421274125
2634.1579	0.0307552719522445
2632.741	0.0312297791698139
2631.324	0.0300763738534902
2629.907	0.0309979988175359
2628.49	0.0306232029264237
2627.073	0.0310692446667164
2625.6561	0.0311285467799645
2624.2391	0.0300577982572527
2622.8221	0.0308335936952051
2621.4051	0.0303174275787447
2619.9882	0.0306747863371944
2618.5712	0.0306158187649204
2617.1542	0.0305980721452141
2615.7372	0.0299072765438414
2614.3203	0.0306641729153483
2612.9033	0.0304371455239927
2611.4863	0.0309817139728196
2610.0693	0.0300925178871887
2608.6524	0.0303200339470353
2607.2354	0.0301318700247682
2605.8184	0.0297310449192811
2604.4014	0.0297045286946141
2602.9845	0.0300465331128473
2601.5675	0.0299910563569238
2600.1505	0.0298453401280759
2598.7335	0.0299566059948175
2597.3166	0.0292226852430152
2595.8996	0.0295466911222169
2594.4826	0.0293645889315044
2593.0656	0.0299775631088286
2591.6487	0.0297070085941593
2590.2317	0.0292522345370472
2588.8147	0.0297583538002997
2587.3977	0.0290306685940489
2585.9808	0.0294144078249143
2584.5638	0.0295951229648742
2583.1468	0.0299448972491694
2581.7298	0.0294309770434052
2580.3128	0.0291940983543923
2578.8959	0.0296045093533911
2577.4789	0.0289607768905576
2576.0619	0.0290867817803997
2574.6449	0.0299487553805401
2573.228	0.0285244763938701
2571.811	0.0289192901755319
2570.394	0.0291973809471498
2568.977	0.0297977861001241
2567.5601	0.029889975880474
2566.1431	0.0279349740606342
2564.7261	0.0296705238428635
2563.3091	0.0288067641497003
2561.8922	0.0291509058782048
2560.4752	0.0296828115880388
2559.0582	0.0288792852781174
2557.6412	0.0292448760192969
2556.2243	0.0288732752510739
2554.8073	0.0281008588678816
2553.3903	0.0288540685160601
2551.9733	0.0289037813519953
2550.5564	0.028546145379887
2549.1394	0.0283285871494955
2547.7224	0.0277255820807663
2546.3054	0.0277160818540435
2544.8885	0.029116352572424
2543.4715	0.0285031312963518
2542.0545	0.0281946516651157
2540.6375	0.028343735658101
2539.2206	0.0287264976875706
2537.8036	0.0282271813846652
2536.3866	0.0276229782971683
2534.9696	0.0280985834788441
2533.5526	0.0285635926310188
2532.1357	0.0279148907928949
2530.7187	0.027941987175749
2529.3017	0.0287021873436913
2527.8847	0.0284544815985103
2526.4678	0.0279653874255367
2525.0508	0.0287576259103276
2523.6338	0.027752539557754
2522.2168	0.0278658373696521
2520.7999	0.0271685462709057
2519.3829	0.0275732614865649
2517.9659	0.0277375570663448
2516.5489	0.0277256783608624
2515.132	0.0273272543732325
2513.715	0.0282517062029144
2512.298	0.0281100605957929
2510.881	0.0275746565895652
2509.4641	0.0277123167338171
2508.0471	0.0277045759895355
2506.6301	0.0283011307949732
2505.2131	0.0277789308885031
2503.7962	0.027897781077574
2502.3792	0.0280445359445004
2500.9622	0.0281031066349106
2499.5452	0.0281314293112804
2498.1283	0.0279829862383555
2496.7113	0.027562890262611
2495.2943	0.0269567851542057
2493.8773	0.0288460344340398
2492.4604	0.0281460450495198
2491.0434	0.0275589397984653
2489.6264	0.0278058275270338
2488.2094	0.0274084607930723
2486.7924	0.0276125338188614
2485.3755	0.0273314621925866
2483.9585	0.026749109581768
2482.5415	0.0275289703680078
2481.1245	0.0279032112353613
2479.7076	0.0266412785065033
2478.2906	0.027267914840281
2476.8736	0.0273218689346309
2475.4566	0.0270462521821639
2474.0397	0.0275023752043635
2472.6227	0.0269575640088477
2471.2057	0.0267154696982699
2469.7887	0.0268576039840793
2468.3718	0.0265720250672061
2466.9548	0.0268716257881664
2465.5378	0.0269742352636704
2464.1208	0.0269430693224627
2462.7039	0.0280613824513825
2461.2869	0.0273195228236221
2459.8699	0.0272177108191273
2458.4529	0.0270242283134091
2457.036	0.0270767955304407
2455.619	0.0269124578769721
2454.202	0.0269451030445009
2452.785	0.026650281307599
2451.3681	0.0265416769030209
2449.9511	0.0270888231518548
2448.5341	0.0278607258929873
2447.1171	0.0261154453882948
2445.7002	0.0265260903878701
2444.2832	0.0270684972230567
2442.8662	0.0270497853654397
2441.4492	0.0268060555568583
2440.0322	0.0268094616770188
2438.6153	0.0267386994151053
2437.1983	0.0266230488682402
2435.7813	0.0262651531135685
2434.3643	0.0267360888222906
2432.9474	0.0277262188500087
2431.5304	0.026670474658093
2430.1134	0.0269569862237397
2428.6964	0.026641310550087
2427.2795	0.0266749011474233
2425.8625	0.0266616336257317
2424.4455	0.0261707456466258
2423.0285	0.0264869793118356
2421.6116	0.0259969743301973
2420.1946	0.0257908401633949
2418.7776	0.0256298519744696
2417.3606	0.025920205658193
2415.9437	0.026385376308038
2414.5267	0.026232081204985
2413.1097	0.0265633197855606
2411.6927	0.0266104410131818
2410.2758	0.0259528615592173
2408.8588	0.0261658772506065
2407.4418	0.0267169842858102
2406.0248	0.0267976778700509
2404.6079	0.0258324523578156
2403.1909	0.0255129758549357
2401.7739	0.0257503558569138
2400.3569	0.0255773161521402
2398.94	0.025455586730706
2397.523	0.0250300636647604
2396.106	0.0263226200603009
2394.689	0.0253786694742245
2393.272	0.0266651190806232
2391.8551	0.0267051408017955
2390.4381	0.026310268307206
2389.0211	0.0263597266312491
2387.6041	0.0259857441062889
2386.1872	0.0257004771454947
2384.7702	0.0258474862433241
2383.3532	0.0248262167263764
2381.9362	0.0252398552189976
2380.5193	0.0253716360349205
2379.1023	0.0255181693384059
2377.6853	0.0259169101249037
2376.2683	0.0254746752902249
2374.8514	0.0255593221764678
2373.4344	0.0265216685003642
2372.0174	0.024733124058585
2370.6004	0.0258964756879058
2369.1835	0.0253484763450933
2367.7665	0.0260978280125861
2366.3495	0.0255495667317438
2364.9325	0.0258839073986723
2363.5156	0.025586441605661
2362.0986	0.0254138942962648
2360.6816	0.0258158807186375
2359.2646	0.026182503932058
2357.8477	0.0258231475244049
2356.4307	0.0254867200281965
2355.0137	0.025502329899286
2353.5967	0.0254440509296493
2352.1798	0.0258220023782673
2350.7628	0.0257164378153022
2349.3458	0.025230644510561
2347.9288	0.0259590965362415
2346.5118	0.0262565842285141
2345.0949	0.025261681709908
2343.6779	0.0259370342465095
2342.2609	0.0256972477104768
2340.8439	0.0251896132109724
2339.427	0.0256155490869493
2338.01	0.0254759432757842
2336.593	0.0251025810131439
2335.176	0.0253845962063312
2333.7591	0.0251544899197199
2332.3421	0.0260432378164765
2330.9251	0.0260750093924899
2329.5081	0.0261109957859018
2328.0912	0.0256341450599861
2326.6742	0.0258962208232311
2325.2572	0.0255526167100025
2323.8402	0.026174026789357
2322.4233	0.0258162424673878
2321.0063	0.0254571659121674
2319.5893	0.0255053184052793
2318.1723	0.0258569473742734
2316.7554	0.0252130392047645
2315.3384	0.0255190114930143
2313.9214	0.0257736338953782
2312.5044	0.0255841722585116
2311.0875	0.0249972394436369
2309.6705	0.0264145696839744
2308.2535	0.0257822747484698
2306.8365	0.0253170574677817
2305.4196	0.0250579659152338
2304.0026	0.0246752050090905
2302.5856	0.0249797785223293
2301.1686	0.0249608541926914
2299.7516	0.0258583590226581
2298.3347	0.0252891708712139
2296.9177	0.024957660164271
2295.5007	0.0253147831962233
2294.0837	0.0248728292401394
2292.6668	0.0256644984641576
2291.2498	0.0249744010354943
2289.8328	0.0254589367764625
2288.4158	0.0253743528316297
2286.9989	0.0254718272904778
2285.5819	0.0262837430199486
2284.1649	0.0254181764771023
2282.7479	0.0252180882573292
2281.331	0.0253317178206365
2279.914	0.0245841933249638
2278.497	0.0250203187198776
2277.08	0.0245100483909649
2275.6631	0.0252440199653728
2274.2461	0.0247482945360981
2272.8291	0.0239257137551107
2271.4121	0.0244992367923815
2269.9952	0.0250548149939335
2268.5782	0.025104809726089
2267.1612	0.0247269983820048
2265.7442	0.0245620833182648
2264.3273	0.0240526225915735
2262.9103	0.0246175747065556
2261.4933	0.0248111577228237
2260.0763	0.024798216772274
2258.6594	0.0245776615557973
2257.2424	0.0254552425858557
2255.8254	0.0247335781885706
2254.4084	0.0240972234977747
2252.9914	0.0246869902945155
2251.5745	0.0247352880378173
2250.1575	0.0242654512647841
2248.7405	0.0247500866569618
2247.3235	0.0249161658179636
2245.9066	0.0247505419254821
2244.4896	0.0242476505677792
2243.0726	0.0242732116091685
2241.6556	0.0244932763816375
2240.2387	0.02434837900714
2238.8217	0.0243801595064733
2237.4047	0.0241344977918377
2235.9877	0.0242340408597821
2234.5708	0.0242210298104705
2233.1538	0.0235102013823729
2231.7368	0.0238759138845307
2230.3198	0.023998494701831
2228.9029	0.0239593718369877
2227.4859	0.0243934187704307
2226.0689	0.0251653215944005
2224.6519	0.0247965354146755
2223.235	0.0241821005771
2221.818	0.023951939250372
2220.401	0.0243723827134167
2218.984	0.0238010319542907
2217.5671	0.0237745257950526
2216.1501	0.0235801940731467
2214.7331	0.0238818268600946
2213.3161	0.023401694676864
2211.8992	0.0234491351285171
2210.4822	0.0245380519648927
2209.0652	0.0236532213791046
2207.6482	0.0242209108126134
2206.2312	0.0243291709438702
2204.8143	0.0243908141054223
2203.3973	0.024560394734319
2201.9803	0.0246379833619601
2200.5633	0.0247512744819399
2199.1464	0.0240933988393288
2197.7294	0.0244181483286988
2196.3124	0.0240279129687252
2194.8954	0.0244970178379777
2193.4785	0.0254775822411085
2192.0615	0.0255740781864079
2190.6445	0.0264058058545041
2189.2275	0.0250279887238474
2187.8106	0.0248637848288167
2186.3936	0.0247444624452527
2184.9766	0.025363256506315
2183.5596	0.0240828618364331
2182.1427	0.0244420382770323
2180.7257	0.0251661548783854
2179.3087	0.0247063456060537
2177.8917	0.0237668424430699
2176.4748	0.0247492818409682
2175.0578	0.0239159169479374
2173.6408	0.0236986885422351
2172.2238	0.0233435107667549
2170.8069	0.0227048181963246
2169.3899	0.0229934519726462
2167.9729	0.0229049595514289
2166.5559	0.0232328485214475
2165.139	0.0234623904654331
2163.722	0.0240574947186739
2162.305	0.0243096067643269
2160.888	0.0236985851923629
2159.471	0.0230971391732642
2158.0541	0.0219499310493575
2156.6371	0.0228877494447943
2155.2201	0.0215006491437082
2153.8031	0.0225624803444032
2152.3862	0.0225909972666566
2150.9692	0.0230966568040732
2149.5522	0.0229792788123385
2148.1352	0.0230578808451483
2146.7183	0.0231964805050376
2145.3013	0.0228389890981771
2143.8843	0.0229021575226218
2142.4673	0.022542908431467
2141.0504	0.0224556349083546
2139.6334	0.0218661184535882
2138.2164	0.023039732617439
2136.7994	0.0226785700215467
2135.3825	0.022703345604554
2133.9655	0.0229643558036223
2132.5485	0.0221484309142932
2131.1315	0.0226974450341864
2129.7146	0.0228606586342497
2128.2976	0.0226273735755708
2126.8806	0.0227180657978045
2125.4636	0.0232640571448882
2124.0467	0.0225526909267887
2122.6297	0.0228516792209467
2121.2127	0.0235101003831517
2119.7957	0.023621526584719
2118.3788	0.0235920709048795
2116.9618	0.0241414410264497
2115.5448	0.0238868940005368
2114.1278	0.0238703296253173
2112.7108	0.0243760151107981
2111.2939	0.0242305205137231
2109.8769	0.0245372376031036
2108.4599	0.0237822454593861
2107.0429	0.0239655006260915
2105.626	0.0246728405874462
2104.209	0.0228339868587605
2102.792	0.0233543763256544
2101.375	0.0234844812805385
2099.9581	0.0239582038857117
2098.5411	0.0235013347754871
2097.1241	0.0227926237400275
2095.7071	0.0237617288542965
2094.2902	0.023038911451652
2092.8732	0.0228946103669884
2091.4562	0.0231488470507071
2090.0392	0.0239439972077103
2088.6223	0.0236046791111245
2087.2053	0.0234624634555163
2085.7883	0.0237480523267001
2084.3713	0.0231037704276058
2082.9544	0.0227682651462389
2081.5374	0.0237332580998511
2080.1204	0.0235102564488171
2078.7034	0.0231830988896935
2077.2865	0.0233196290364763
2075.8695	0.024115264283762
2074.4525	0.0236681535072868
2073.0355	0.0235074005893431
2071.6186	0.0238551340945311
2070.2016	0.0237764224683969
2068.7846	0.0226699025681007
2067.3676	0.0230245990246856
2065.9506	0.0227564919361877
2064.5337	0.0230494823221849
2063.1167	0.0229974174891173
2061.6997	0.02314339632633
2060.2827	0.0230851641344611
2058.8658	0.0227286797809309
2057.4488	0.0233616735923848
2056.0318	0.0235391971396565
2054.6148	0.0246260497339419
2053.1979	0.0232482452284894
2051.7809	0.0238836917285514
2050.3639	0.0231790568244678
2048.9469	0.0226997886216277
2047.53	0.0229229138084519
2046.113	0.0222663919612241
2044.696	0.0233528694401559
2043.279	0.0234691935960449
2041.8621	0.023108664719311
2040.4451	0.0237423556988223
2039.0281	0.022160836194322
2037.6111	0.0222549340767584
2036.1942	0.0220749370460069
2034.7772	0.02231663562097
2033.3602	0.0229242866767095
2031.9432	0.0224094463128829
2030.5263	0.0216358525024478
2029.1093	0.0216449427511556
2027.6923	0.0214417647493761
2026.2753	0.021252263681742
2024.8584	0.0211415223104582
2023.4414	0.0216632695579836
2022.0244	0.0220077627679764
2020.6074	0.0227117257576199
2019.1904	0.0223391435515685
2017.7735	0.0219380427553488
2016.3565	0.0219056697568986
2014.9395	0.0210457724718083
2013.5225	0.0207342025546075
2012.1056	0.0202076346024873
2010.6886	0.0210979555147267
2009.2716	0.0211316758065312
2007.8546	0.0206749170129556
2006.4377	0.0208770123545301
2005.0207	0.0207970422154898
2003.6037	0.020593909271973
2002.1867	0.020322195515506
2000.7698	0.0213320610160687
1999.3528	0.0215595375400069
1997.9358	0.0212791617568046
1996.5188	0.0209755445640296
1995.1019	0.0204865219948435
1993.6849	0.0212073568898458
1992.2679	0.0202733263774509
1990.8509	0.021797141254183
1989.434	0.0216064788726639
1988.017	0.0225389049462437
1986.6	0.0227363291536103
1985.183	0.0225386733401087
1983.7661	0.0234339447620496
1982.3491	0.0230830120834404
1980.9321	0.0225894071380424
1979.5151	0.0223354399240052
1978.0982	0.022196339617416
1976.6812	0.0214474726189559
1975.2642	0.0211910092331421
1973.8472	0.0213796407574716
1972.4302	0.0205007621489836
1971.0133	0.0213997059295421
1969.5963	0.020449172590353
1968.1793	0.0205747125392244
1966.7623	0.0203718889565353
1965.3454	0.021199765187891
1963.9284	0.0209336967138526
1962.5114	0.0216271264213003
1961.0944	0.0211817494540421
1959.6775	0.0210467276053219
1958.2605	0.0207738926077546
1956.8435	0.0214905402016246
1955.4265	0.0209914641318363
1954.0096	0.0214888967571753
1952.5926	0.0216387483764411
1951.1756	0.0227699774698137
1949.7586	0.0217910599646581
1948.3417	0.0215879058814168
1946.9247	0.0212933584622219
1945.5077	0.021216443851993
1944.0907	0.0210840782863778
1942.6738	0.0219397056063156
1941.2568	0.021484445010661
1939.8398	0.0221630178655458
1938.4228	0.0214514946217673
1937.0059	0.0216676668861102
1935.5889	0.0215297245520829
1934.1719	0.0214037158951312
1932.7549	0.0211230782345358
1931.338	0.0208018586570266
1929.921	0.0201418720516026
1928.504	0.0210142171867022
1927.087	0.0212399242963418
1925.67	0.0212292748989962
1924.2531	0.0214418071452374
1922.8361	0.0218224505882558
1921.4191	0.0213149094976805
1920.0021	0.0214650848760478
1918.5852	0.0220603470191208
1917.1682	0.0222195882290685
1915.7512	0.0221842114493993
1914.3342	0.0214791865377392
1912.9173	0.0213002266297181
1911.5003	0.0212437518107156
1910.0833	0.0214440990000479
1908.6663	0.0213364104085486
1907.2494	0.0220139962329662
1905.8324	0.0220946212853375
1904.4154	0.0215775608058053
1902.9984	0.0217058194767115
1901.5815	0.0220758989783809
1900.1645	0.021633098906513
1898.7475	0.0213401125539885
1897.3305	0.0209496549766453
1895.9136	0.0214436432913577
1894.4966	0.0213808003208088
1893.0796	0.0219278750029411
1891.6626	0.0215977030333943
1890.2457	0.0211292960313242
1888.8287	0.0224980432846276
1887.4117	0.0218372166534679
1885.9947	0.0215946141565987
1884.5778	0.0213581210514416
1883.1608	0.0217799438299348
1881.7438	0.0215260722642884
1880.3268	0.0210610747835858
1878.9098	0.0210529897281061
1877.4929	0.0208171983141928
1876.0759	0.0206216538535629
1874.6589	0.0209895027795592
1873.2419	0.021156983382249
1871.825	0.0211753338390629
1870.408	0.0206720544556358
1868.991	0.0211818509423562
1867.574	0.0221380855750281
1866.1571	0.021695571458085
1864.7401	0.0217849714205565
1863.3231	0.0205552399646595
1861.9061	0.0215440102568596
1860.4892	0.021318088874134
1859.0722	0.0216141779965488
1857.6552	0.0207822081558296
1856.2382	0.0210021607928248
1854.8213	0.0205050105747834
1853.4043	0.0212923629714629
1851.9873	0.0217840386356246
1850.5703	0.0208914014486004
1849.1534	0.0205272348070692
1847.7364	0.0219989091085346
1846.3194	0.0209193368798794
1844.9024	0.021197413144565
1843.4855	0.0213787447124101
1842.0685	0.020413957088413
1840.6515	0.0210583351207409
1839.2345	0.020992000051542
1837.8176	0.0211835854205547
1836.4006	0.020410409918392
1834.9836	0.0217823258016446
1833.5666	0.0206740896825771
1832.1496	0.0204013423622904
1830.7327	0.020841922802756
1829.3157	0.0213148528942125
1827.8987	0.020802188692275
1826.4817	0.0211812879654833
1825.0648	0.0212475934229932
1823.6478	0.021612754460057
1822.2308	0.0210024761239016
1820.8138	0.0212567865260715
1819.3969	0.020911004938036
1817.9799	0.0207129906208065
1816.5629	0.021155947764951
1815.1459	0.0207424451509013
1813.729	0.0207769673168552
1812.312	0.0204186052771584
1810.895	0.0207265868661147
1809.478	0.0204424001693975
1808.0611	0.0204998705686566
1806.6441	0.0210678432179784
1805.2271	0.0212796183274737
1803.8101	0.0203657300054457
1802.3932	0.0204564608939381
1800.9762	0.02160370079262
1799.5592	0.02096249669319
1798.1422	0.021008768673159
1796.7253	0.0209104841801953
1795.3083	0.0209738283507159
1793.8913	0.0210788714192572
1792.4743	0.0206034820517556
1791.0574	0.0208173245861876
1789.6404	0.0203866108701243
1788.2234	0.0206514261775192
1786.8064	0.020553860826352
1785.3894	0.0205628123838792
1783.9725	0.0213068368793572
1782.5555	0.0210337526995909
1781.1385	0.0207820427633929
1779.7215	0.0209423977608939
1778.3046	0.0213039958372929
1776.8876	0.0208125727334752
1775.4706	0.0210803942957398
1774.0536	0.0215659795904034
1772.6367	0.0209470810533827
1771.2197	0.0202818809877989
1769.8027	0.0213022366904552
1768.3857	0.0214562931928762
1766.9688	0.0215238940192492
1765.5518	0.0215593492814403
1764.1348	0.0214906993661859
1762.7178	0.0213627450369821
1761.3009	0.0217225067663581
1759.8839	0.0219475005775653
1758.4669	0.0216351224615297
1757.0499	0.0212705389527496
1755.633	0.0220859287086143
1754.216	0.0218300558678835
1752.799	0.0212939752473167
1751.382	0.0217716778202027
1749.9651	0.0224114979545612
1748.5481	0.0226297975077831
1747.1311	0.022681729016163
1745.7141	0.0222671875014902
1744.2972	0.0234595021374848
1742.8802	0.0228201602470898
1741.4632	0.0228565815539518
1740.0462	0.0236002509609439
1738.6292	0.023022020287254
1737.2123	0.0242348191591986
1735.7953	0.0231141736357188
1734.3783	0.0238207777157798
1732.9613	0.0239621419070212
1731.5444	0.0244155107038551
1730.1274	0.0243021977053861
1728.7104	0.0245915727482625
1727.2934	0.0245015681255766
1725.8765	0.0241841213672607
1724.4595	0.024352963755286
1723.0425	0.0243105966510751
1721.6255	0.0251597813548079
1720.2086	0.0251229206228372
1718.7916	0.0244888885187384
1717.3746	0.0258425732040126
1715.9576	0.0261594197037749
1714.5407	0.0271460373069098
1713.1237	0.0268394699743634
1711.7067	0.0265091097486857
1710.2897	0.0260303362668137
1708.8728	0.0271776040608935
1707.4558	0.0272922049377502
1706.0388	0.0268578193685813
1704.6218	0.0277766291179916
1703.2049	0.0271093147481306
1701.7879	0.0280083892936359
1700.3709	0.0276688844637623
1698.9539	0.0273181253448423
1697.537	0.0284794302317813
1696.12	0.0279153200462432
1694.703	0.0279492139891128
1693.286	0.0280174733352159
1691.869	0.0290838815793838
1690.4521	0.0289726824149323
1689.0351	0.0281107853935828
1687.6181	0.0279048080558283
1686.2011	0.0290391880296778
1684.7842	0.0288752116935947
1683.3672	0.0292777201899272
1681.9502	0.0294009013888447
1680.5332	0.0285956487425595
1679.1163	0.0290143424297343
1677.6993	0.0279479635066587
1676.2823	0.0298313921321444
1674.8653	0.0294540116306261
1673.4484	0.0290502258390138
1672.0314	0.0303651360117448
1670.6144	0.0303317534764039
1669.1974	0.0301280132899376
1667.7805	0.0302032455641135
1666.3635	0.0306631009715456
1664.9465	0.0308162019910031
1663.5295	0.0308007285684984
1662.1126	0.0310107553159086
1660.6956	0.0316807553389885
1659.2786	0.0310806555604606
1657.8616	0.0314061331338952
1656.4447	0.0316748785544387
1655.0277	0.0327218096291978
1653.6107	0.0324092389981981
1652.1937	0.0326917911555209
1650.7768	0.0339680897177546
1649.3598	0.0339983994914222
1647.9428	0.0332488395883564
1646.5258	0.0338679969808655
1645.1088	0.0357275237477905
1643.6919	0.0357088585641005
1642.2749	0.0358239418073429
1640.8579	0.0362308161866852
1639.4409	0.0368920919377029
1638.024	0.0366647635163582
1636.607	0.0370557101777776
1635.19	0.0391343391012767
1633.773	0.0392955317492524
1632.3561	0.0403992790356381
1630.9391	0.0399719554531416
1629.5221	0.0402463108648362
1628.1051	0.0400419810397807
1626.6882	0.0411616329815857
1625.2712	0.0411822950456268
1623.8542	0.0413725334652112
1622.4372	0.0426078280993525
1621.0203	0.0422524766775351
1619.6033	0.0420755065202221
1618.1863	0.043334585109752
1616.7693	0.0432249999784507
1615.3524	0.0435088218003907
1613.9354	0.0438271144383245
1612.5184	0.0435198216303275
1611.1014	0.0446673163298879
1609.6845	0.0450208433712873
1608.2675	0.0456423129148825
1606.8505	0.0459309341717402
1605.4335	0.0470516181768659
1604.0166	0.0479272043948308
1602.5996	0.0479177894600548
1601.1826	0.0475953944455299
1599.7656	0.0477318524620979
1598.3486	0.0481750772398449
1596.9317	0.0480147562467726
1595.5147	0.0479818251761787
1594.0977	0.0470760385297988
1592.6807	0.0467626116613321
1591.2638	0.0472396086644401
1589.8468	0.0464594883987023
1588.4298	0.0466003081439998
1587.0128	0.0464238055692606
1585.5959	0.0455505093728324
1584.1789	0.0442553912525588
1582.7619	0.0439072984938425
1581.3449	0.0441201481880254
1579.928	0.043407769962682
1578.511	0.0426244645792392
1577.094	0.0428270216773389
1575.677	0.0413433977608107
1574.2601	0.0406756428476521
1572.8431	0.0408295833326394
1571.4261	0.04070631451166
1570.0091	0.0401866204681769
1568.5922	0.0402166670011485
1567.1752	0.0391119195656069
1565.7582	0.0389435148861394
1564.3412	0.0374291848236434
1562.9243	0.0372410992148715
1561.5073	0.0368063438917699
1560.0903	0.035996335318225
1558.6733	0.0351831359645881
1557.2564	0.0348644966512865
1555.8394	0.0341086039163439
1554.4224	0.0333287024817044
1553.0054	0.0334216757257918
1551.5885	0.0329711669127109
1550.1715	0.0321322603647405
1548.7545	0.0318985280012174
1547.3375	0.0318514549461215
1545.9205	0.0313353822822068
1544.5036	0.0309262557862447
1543.0866	0.0305955911339179
1541.6696	0.0307006547685899
1540.2526	0.0295287185888789
1538.8357	0.0299777909474803
1537.4187	0.0293176875180607
1536.0017	0.0296478628361991
1534.5847	0.0291895584401103
1533.1678	0.0290902840196568
1531.7508	0.0292533057891587
1530.3338	0.0302260708098472
1528.9168	0.0295051788665436
1527.4999	0.030062119924328
1526.0829	0.0300387984978933
1524.6659	0.0301461408576094
1523.2489	0.0311282668996944
1521.832	0.0320852644222186
1520.415	0.0328590499244544
1518.998	0.0337557702592147
1517.581	0.0338893785294947
1516.1641	0.0355829231872214
1514.7471	0.0358107954875212
1513.3301	0.0358257687803997
1511.9131	0.0371376691764573
1510.4962	0.0372300235371202
1509.0792	0.0363467404308859
1507.6622	0.0372285249617188
1506.2452	0.0373465470861448
1504.8283	0.0370586319903633
1503.4113	0.0362657989157555
1501.9943	0.0361358376033208
1500.5773	0.0349270935952087
1499.1603	0.0338721820692586
1497.7434	0.0329340550714848
1496.3264	0.0320262906306969
1494.9094	0.0313133724627169
1493.4924	0.031642033247062
1492.0755	0.0306184035594431
1490.6585	0.0308133058770952
1489.2415	0.0302230752001941
1487.8245	0.0307919601339607
1486.4076	0.0317473275428785
1484.9906	0.0327858620953058
1483.5736	0.0322665680679416
1482.1566	0.032253698932942
1480.7397	0.0336004394212158
1479.3227	0.0331251384883468
1477.9057	0.0321154498972593
1476.4887	0.0324109095079021
1475.0718	0.0328859278438788
1473.6548	0.0331318483653138
1472.2378	0.0346210872863147
1470.8208	0.0351526152016731
1469.4039	0.0355144811266409
1467.9869	0.0363045877586566
1466.5699	0.0370258827823281
1465.1529	0.037565770764708
1463.736	0.0385114596532239
1462.319	0.0396709775730116
1460.902	0.0400921868624503
1459.485	0.03977003075826
1458.0681	0.0417865211599061
1456.6511	0.041794911009784
1455.2341	0.0425612749807135
1453.8171	0.0422408934105104
1452.4001	0.0436790548277183
1450.9832	0.0432115398098776
1449.5662	0.0427028219896119
1448.1492	0.0419088166055616
1446.7322	0.0428137761948358
1445.3153	0.043351226019105
1443.8983	0.0430158737503339
1442.4813	0.0427637498163661
1441.0643	0.0434554861190056
1439.6474	0.0430311088863582
1438.2304	0.042986087912955
1436.8134	0.0441331266434493
1435.3964	0.0433899293320149
1433.9795	0.044962943442608
1432.5625	0.0445698031052172
1431.1455	0.04574789386202
1429.7285	0.0451210461000976
1428.3116	0.046436145509453
1426.8946	0.0467917442467587
1425.4776	0.0472702222250195
1424.0606	0.046948359659597
1422.6437	0.0472732238082993
1421.2267	0.0476298913950787
1419.8097	0.049313798592366
1418.3927	0.0484381423522609
1416.9758	0.0489369968999213
1415.5588	0.0490448015037218
1414.1418	0.0491230458475535
1412.7248	0.0489585065040372
1411.3079	0.048941040108374
1409.8909	0.049098541141892
1408.4739	0.0493865728178096
1407.0569	0.0488325766298323
1405.6399	0.0483606005953184
1404.223	0.0491936062729238
1402.806	0.0495188877124394
1401.389	0.0500224442176474
1399.972	0.0493239668054296
1398.5551	0.0499969876615594
1397.1381	0.049149232980484
1395.7211	0.0497997479318657
1394.3041	0.0495959582693312
1392.8872	0.0506775779719212
1391.4702	0.0511807257154826
1390.0532	0.0519031231941479
1388.6362	0.0523622416858113
1387.2193	0.0526535169112444
1385.8023	0.053395886001644
1384.3853	0.0534640552077363
1382.9683	0.0531521634150033
1381.5514	0.0532350382754376
1380.1344	0.0530349185865428
1378.7174	0.0530666158656754
1377.3004	0.0523469061138484
1375.8835	0.0520807248406541
1374.4665	0.0529295795692689
1373.0495	0.053152253787565
1371.6325	0.0530832732283179
1370.2156	0.0534492985957754
1368.7986	0.0542242786703157
1367.3816	0.0553882071728541
1365.9646	0.0552598959292134
1364.5477	0.0556512758266896
1363.1307	0.0563064072199004
1361.7137	0.0562968816586272
1360.2967	0.0562749141258662
1358.8797	0.0556906922636101
1357.4628	0.0557625686861873
1356.0458	0.0550356074114605
1354.6288	0.0540872809120102
1353.2118	0.0528380920482229
1351.7949	0.0535487163770679
1350.3779	0.0525284118880937
1348.9609	0.0526433876206893
1347.5439	0.0527141186163809
1346.127	0.0533208867459734
1344.71	0.0532522453521074
1343.293	0.0531455090054429
1341.876	0.0540105463784058
1340.4591	0.0533066903962335
1339.0421	0.053921042556342
1337.6251	0.0535925229272771
1336.2081	0.0541862632211024
1334.7912	0.0536232215288385
1333.3742	0.0544565825130379
1331.9572	0.0540905090020292
1330.5402	0.0529440533531598
1329.1233	0.0534443658981232
1327.7063	0.05223614273597
1326.2893	0.0523619581916632
1324.8723	0.0521842438522569
1323.4554	0.0515329401392438
1322.0384	0.0503840796710799
1320.6214	0.0499466647221214
1319.2044	0.0495863655880044
1317.7875	0.0499375955167034
1316.3705	0.0494835643181255
1314.9535	0.0485547967366769
1313.5365	0.0488278328981043
1312.1195	0.0485111078368381
1310.7026	0.0475829187683196
1309.2856	0.0477350985227166
1307.8686	0.0483941309422842
1306.4516	0.0480445626984294
1305.0347	0.0478272710697995
1303.6177	0.0476334806048685
1302.2007	0.0483604476459528
1300.7837	0.0478884979128891
1299.3668	0.0479417996859971
1297.9498	0.0483185046863417
1296.5328	0.0484792844213545
1295.1158	0.0486445394298292
1293.6989	0.0479839011734366
1292.2819	0.0477959224836153
1290.8649	0.0482835717325042
1289.4479	0.0480343162864788
1288.031	0.0482872971106511
1286.614	0.0475002640693911
1285.197	0.0486285189976214
1283.78	0.0485323666567729
1282.3631	0.0486463345271388
1280.9461	0.0495637874764117
1279.5291	0.0510504401685909
1278.1121	0.0503271868486859
1276.6952	0.0509972104351294
1275.2782	0.0516138774206605
1273.8612	0.052684036893313
1272.4442	0.0515533335974342
1271.0273	0.0527989600172549
1269.6103	0.0525854718569126
1268.1933	0.0530542864481615
1266.7763	0.0534947262988504
1265.3593	0.0518443619410303
1263.9424	0.0524466475640564
1262.5254	0.0522157094511605
1261.1084	0.0515898369113882
1259.6914	0.0518471165678687
1258.2745	0.0515692952485086
1256.8575	0.0520175991117988
1255.4405	0.0518767185986462
1254.0235	0.0521515436915095
1252.6066	0.052378767176987
1251.1896	0.0516902994291806
1249.7726	0.0516302289973821
1248.3556	0.0512870109540804
1246.9387	0.0508834388358578
1245.5217	0.0517056546540317
1244.1047	0.0507130330800772
1242.6877	0.050640576224776
1241.2708	0.0500542723991134
1239.8538	0.0512769973541041
1238.4368	0.051086719405647
1237.0198	0.0509648390475744
1235.6029	0.0513827859630666
1234.1859	0.0512164718234979
1232.7689	0.0517176768402161
1231.3519	0.050699648273506
1229.935	0.0503605258157345
1228.518	0.0496088481582018
1227.101	0.0498348900201109
1225.684	0.0478902844480703
1224.2671	0.0482315557155991
1222.8501	0.0468926632845185
1221.4331	0.0463887582482599
1220.0161	0.0456541092629653
1218.5991	0.0460974435185084
1217.1822	0.0451675171260867
1215.7652	0.0443809617029926
1214.3482	0.0446697511617414
1212.9312	0.0441986441075696
1211.5143	0.0444688813667147
1210.0973	0.0436684256639661
1208.6803	0.0439993865236767
1207.2633	0.0436106510464553
1205.8464	0.0429680675343278
1204.4294	0.0424624861451028
1203.0124	0.0423186994279508
1201.5954	0.0415733630041227
1200.1785	0.0412026009805591
1198.7615	0.0412369637452555
1197.3445	0.0404161594007887
1195.9275	0.0397583432759354
1194.5106	0.0398220345921833
1193.0936	0.038826406597179
1191.6766	0.0386835662912688
1190.2596	0.0373116078478084
1188.8427	0.037739540600509
1187.4257	0.037130367535304
1186.0087	0.036350711525042
1184.5917	0.0368745441834002
1183.1748	0.0365743417285514
1181.7578	0.0360287346581913
1180.3408	0.0360078285149063
1178.9238	0.0363308694200224
1177.5069	0.0359518619266811
1176.0899	0.0379997485825182
1174.6729	0.0371356236897602
1173.2559	0.0383638315227556
1171.8389	0.0391782691230022
1170.422	0.0402185961092205
1169.005	0.041921324678685
1167.588	0.0443266242556086
1166.171	0.045755210274191
1164.7541	0.0480753079915689
1163.3371	0.0509997739378925
1161.9201	0.0530344395136078
1160.5031	0.05573795222514
1159.0862	0.059177342000793
1157.6692	0.0609781305986484
1156.2522	0.064240864887717
1154.8352	0.065503892766138
1153.4183	0.0677632114225849
1152.0013	0.0694756796685352
1150.5843	0.0706201683931579
1149.1673	0.0710432400833669
1147.7504	0.0717233098174896
1146.3334	0.0713941037541311
1144.9164	0.0717974331434802
1143.4994	0.0711038735229668
1142.0825	0.0700972447644719
1140.6655	0.0691804586595651
1139.2485	0.0678035243108839
1137.8315	0.0672838903808499
1136.4146	0.0664996416007031
1134.9976	0.0652402540450298
1133.5806	0.0653542957525486
1132.1636	0.065093234745102
1130.7467	0.0647643365942337
1129.3297	0.0645810904932129
1127.9127	0.0654183568392498
1126.4957	0.0655918795754644
1125.0787	0.0656560547405226
1123.6618	0.0665659277494096
1122.2448	0.0671361760381692
1120.8278	0.0673984099200934
1119.4108	0.0671683107534654
1117.9939	0.0669541592219196
1116.5769	0.0675011270307185
1115.1599	0.0679675363005888
1113.7429	0.067613272691794
1112.326	0.0687678985241063
1110.909	0.0685492566424735
1109.492	0.0695133591705695
1108.075	0.0702722553387975
1106.6581	0.0707318092758155
1105.2411	0.0714343462144618
1103.8241	0.0719276747807094
1102.4071	0.0727925573378829
1100.9902	0.0736651328195228
1099.5732	0.0729895521790117
1098.1562	0.0740549812657757
1096.7392	0.0745477328865623
1095.3223	0.0744241614401028
1093.9053	0.0749290492435493
1092.4883	0.0751930304631811
1091.0713	0.0758062920756702
1089.6544	0.0773801417022941
1088.2374	0.0804941267908064
1086.8204	0.0820967513111885
1085.4034	0.0832652243789307
1083.9865	0.0865964465480217
1082.5695	0.0882824332243146
1081.1525	0.0909994069454592
1079.7355	0.0930242044856972
1078.3185	0.0949798195653928
1076.9016	0.095430762913357
1075.4846	0.0950826235734856
1074.0676	0.0954418236306021
1072.6506	0.0938546112260365
1071.2337	0.0920743052936727
1069.8167	0.0899452429090389
1068.3997	0.0893198742198088
1066.9827	0.0877949979132439
1065.5658	0.0865336460690471
1064.1488	0.0873307560882102
1062.7318	0.0880282424521694
1061.3148	0.0884456621596124
1059.8979	0.0902278503833298
1058.4809	0.0910811797686604
1057.0639	0.0927453978868423
1055.6469	0.094026066533079
1054.23	0.0962305713549493
1052.813	0.0975449225843872
1051.396	0.0992134879648993
1049.979	0.101500578257184
1048.5621	0.103752412792301
1047.1451	0.104879372419592
1045.7281	0.107188205650133
1044.3111	0.108855956066272
1042.8942	0.110911936048802
1041.4772	0.113444268766022
1040.0602	0.114195737956772
1038.6432	0.117343980614386
1037.2263	0.117683837922148
1035.8093	0.120260682976514
1034.3923	0.121469139861519
1032.9753	0.123467745847638
1031.5583	0.125247206898775
1030.1414	0.128317350426683
1028.7244	0.130105451358125
1027.3074	0.131444703258925
1025.8904	0.134693609176479
1024.4735	0.136136325784148
1023.0565	0.138113836274498
1021.6395	0.140813551481729
1020.2225	0.141062260890169
1018.8056	0.142489995269852
1017.3886	0.144562174727079
1015.9716	0.144790029828996
1014.5546	0.145818670675044
1013.1377	0.146265610881861
1011.7207	0.146894885622157
1010.3037	0.14674550514574
1008.8867	0.146998095603837
1007.4698	0.146839445200972
1006.0528	0.147487996555757
1004.6358	0.147616718766857
1003.2188	0.147458186069844
1001.8019	0.148608753076329
1000.3849	0.149922313487698
998.9679	0.151091723526499
997.5509	0.15103386125938
996.134	0.152457742347024
994.717	0.153125917116505
993.3	0.153641305068001
991.883	0.154139454870056
990.4661	0.153471042424494
989.0491	0.153255051656589
987.6321	0.15327688022333
986.2151	0.151954283386662
984.7981	0.151306838595774
983.3812	0.15047412365594
981.9642	0.148484307719153
980.5472	0.146093809121913
979.1302	0.14325675129026
977.7133	0.141316391132584
976.2963	0.139186502718654
974.8793	0.136153295576148
973.4623	0.133734023636066
972.0454	0.130827617417502
970.6284	0.127810212927288
969.2114	0.126189198725775
967.7944	0.122538593990148
966.3775	0.120831621569089
964.9605	0.117423949989593
963.5435	0.114271951391351
962.1265	0.111889116447718
960.7096	0.109332975376253
959.2926	0.107314696256021
957.8756	0.105534270466221
956.4586	0.102710239984102
955.0417	0.101412797284148
953.6247	0.0997247497813897
952.2077	0.0978706345140176
950.7907	0.0960443059067289
949.3738	0.0935586952705945
947.9568	0.0928133646092399
946.5398	0.0920502744342612
945.1228	0.0915163655685519
943.7059	0.091484969974661
942.2889	0.0914440501677157
940.8719	0.0915377399074696
939.4549	0.0914936354610282
938.0379	0.0917116334700875
936.621	0.0910921092953743
935.204	0.0915355386864934
933.787	0.0922965780030325
932.37	0.0920328597460145
930.9531	0.0920727988290652
929.5361	0.0924651958955483
928.1191	0.0920953640176613
926.7021	0.0918372539968441
925.2852	0.0924889764615037
923.8682	0.0918102461003694
922.4512	0.0910995010292432
921.0342	0.0908738556897773
919.6173	0.0907284273512542
918.2003	0.0902479110375386
916.7833	0.0902737047179584
915.3663	0.0892212605569527
913.9494	0.0894742914289472
912.5324	0.0882083377680396
911.1154	0.0874774314958151
909.6984	0.0857200911377483
908.2815	0.0859119245113417
906.8645	0.0849199617775531
905.4475	0.0839042684412976
904.0305	0.0817559325632123
902.6136	0.0822104955241833
901.1966	0.0812572314144795
899.7796	0.0811656100181809
898.3626	0.0803836621232961
896.9457	0.0808513545744426
895.5287	0.0791068019960587
894.1117	0.0787746892587142
892.6947	0.0786234463364834
891.2777	0.0777416533967194
889.8608	0.0781209377230411
888.4438	0.0773270389426359
887.0268	0.0761936338201808
885.6098	0.0753777342409371
884.1929	0.0742794287745385
882.7759	0.0742605850757935
881.3589	0.0728213517832486
879.9419	0.0728511796453014
878.525	0.0716733514347958
877.108	0.0717642316226884
875.691	0.0716025943692708
874.274	0.0714876533953495
872.8571	0.0717042074001503
871.4401	0.0714492268785378
870.0231	0.0725741052715265
868.6061	0.0728874319292216
867.1892	0.0729903849346961
865.7722	0.0736944357282143
864.3552	0.0740657530005535
862.9382	0.0746572254642627
861.5213	0.0752107831807317
860.1043	0.0757067699315917
858.6873	0.0752104683249682
857.2703	0.0754037019957274
855.8534	0.0753772338658256
854.4364	0.075925803287897
853.0194	0.0759135238613706
851.6024	0.0752188796324202
850.1855	0.075341000710191
848.7685	0.0761256618907802
847.3515	0.0765728986568786
845.9345	0.0756467894225255
844.5175	0.0761861472403147
843.1006	0.0759103517420883
841.6836	0.0749114011025798
840.2666	0.0755449741089887
838.8496	0.0735275385224863
837.4327	0.073234337173736
836.0157	0.0730408884226565
834.5987	0.0727117857783842
833.1817	0.072512407262137
831.7648	0.0726969232863203
830.3478	0.0722111543834973
828.9308	0.0715199496433376
827.5138	0.0709039383858749
826.0969	0.0703138726166757
824.6799	0.0702661428561911
823.2629	0.0700840051490711
821.8459	0.0702619359402595
820.429	0.0706584502519548
819.012	0.0694300146614887
817.595	0.070245989515237
816.178	0.0693966877666198
814.7611	0.0698262276523921
813.3441	0.0693542513462717
811.9271	0.068331236680182
810.5101	0.0687169465316014
809.0932	0.0686533396085554
807.6762	0.0684596669584265
806.2592	0.067645008928107
804.8422	0.0677663197883727
803.4253	0.0665258191326857
802.0083	0.0673866503460949
800.5913	0.0668297779879638
799.1743	0.0667410949878796
797.7573	0.067591847745627
796.3404	0.0676827837663699
794.9234	0.0679444127566165
793.5064	0.06745736683309
792.0894	0.0675700558178794
790.6725	0.0677675805336975
789.2555	0.0688741489389363
787.8385	0.0683340726474656
786.4215	0.0690600861910407
785.0046	0.0688532578919677
783.5876	0.0693397164037892
782.1706	0.0706726737306317
780.7536	0.0695852108794249
779.3367	0.0707936000821234
777.9197	0.0713317459439192
776.5027	0.0717971688090642
775.0857	0.0719291308549314
773.6688	0.0730562543134132
772.2518	0.0744098162106269
770.8348	0.0748388297673593
769.4178	0.0763082032024247
768.0009	0.0767914597185265
766.5839	0.0776232498743753
765.1669	0.0783454537934345
763.7499	0.0783074659280117
762.333	0.0795818175708363
760.916	0.0797111560619455
759.499	0.0801288547715719
758.082	0.0798660236028849
756.6651	0.0798092419501654
755.2481	0.0788917305148166
753.8311	0.0789003405536467
752.4141	0.0784101369308809
750.9971	0.0774963640060381
749.5802	0.0761980789615693
748.1632	0.0754122554411643
746.7462	0.0751364004591233
745.3292	0.0757039534149888
743.9123	0.0735662927656322
742.4953	0.074257656622868
741.0783	0.0732679840606819
739.6613	0.0732481774726846
738.2444	0.073301515467074
736.8274	0.072076152932972
735.4104	0.0728000737379591
733.9934	0.0725173948676792
732.5765	0.0730471561364201
731.1595	0.0729017487588963
729.7425	0.0741342552428627
728.3255	0.0741253901828962
726.9086	0.0744467948592318
725.4916	0.0745334585520838
724.0746	0.0753181507568439
722.6576	0.0752306462066846
721.2407	0.0763717411611673
719.8237	0.0765906263469482
718.4067	0.0772162356174845
716.9897	0.0780337241654731
715.5728	0.0786379805305418
714.1558	0.079785459024453
712.7388	0.0807793781238648
711.3218	0.0821310890709178
709.9049	0.0820535560017323
708.4879	0.0830769543228052
707.0709	0.0835824509932312
705.6539	0.0841606231101205
704.2369	0.0835965092179877
702.82	0.0841606882743957
701.403	0.0834595000665249
699.986	0.0834849175817858
698.569	0.0834911968733178
697.1521	0.0836046347110756
695.7351	0.0834943886571309
694.3181	0.0827156488378365
692.9011	0.0827439707544289
691.4842	0.083167728884228
690.0672	0.0825846960461921
688.6502	0.0831106692820838
687.2332	0.0830524627323193
685.8163	0.0833234996146537
684.3993	0.0837066776942731
682.9823	0.0840256970584489
681.5653	0.0838708993021318
680.1484	0.0831805009063946
678.7314	0.0837840192893987
677.3144	0.0833519437805005
675.8974	0.083473995750027
674.4805	0.0834015232553182
673.0635	0.0843761708228689
671.6465	0.0837024124618397
670.2295	0.084167556615958
668.8126	0.0849969481407907
667.3956	0.0853069643189373
665.9786	0.0862095163729931
664.5616	0.0863706277096477
663.1447	0.0864173387610679
661.7277	0.0850692369539231
660.3107	0.0861509795023405
658.8937	0.0855122898405114
657.4767	0.0867606432373403
656.0598	0.0869516398396508
654.6428	0.086914056708492
653.2258	0.088306089922061
651.8088	0.0879485409721742
650.3919	0.0879269188244065
648.9749	0.0873493799565338
647.5579	0.087704026240268
646.1409	0.0884410539785953
644.724	0.0891608895701711
643.307	0.0901427410054771
641.89	0.0899644819780452
640.473	0.0896319469355558
639.0561	0.0901193169800662
637.6391	0.0900805718843471
636.2221	0.0900386119020279
634.8051	0.0905019415483434
633.3882	0.090419185364552
631.9712	0.0914024110941681
630.5542	0.0906850882928354
629.1372	0.0919944630565731
627.7203	0.0926795875298249
626.3033	0.0931668661858674
624.8863	0.0943118520333373
623.4693	0.0947783108529932
622.0524	0.0950816927007087
620.6354	0.0953887894653353
619.2184	0.0971768856341207
617.8014	0.0986155533232818
616.3845	0.100177845608989
614.9675	0.100528850211302
613.5505	0.100703591726295
612.1335	0.101621647560598
610.7165	0.102552757413961
609.2996	0.1035706130164
607.8826	0.103762743528709
606.4656	0.104391980841555
605.0486	0.104665169975676
603.6317	0.105357605905629
602.2147	0.104385494328897
600.7977	0.105469584828229
599.3807	0.105207996870422
597.9638	0.104848112360268
596.5468	0.104246908645581
595.1298	0.106108697558566
593.7128	0.104612288926864
592.2959	0.105586864031399
590.8789	0.106313545652811
589.4619	0.10570642522163
588.0449	0.106951874786734
586.628	0.107697472494788
585.211	0.10933168054307
583.794	0.110645975110836
582.377	0.112297812138749
580.9601	0.113514095659215
579.5431	0.114508814419127
578.1261	0.115936980023382
576.7091	0.116785774011941
575.2922	0.118174363576927
573.8752	0.119562901105768
572.4582	0.120838012502698
571.0412	0.121178422026802
569.6243	0.12066605852759
568.2073	0.120607003804985
566.7903	0.119638225490887
565.3733	0.120180174695327
563.9563	0.118603020159223
562.5394	0.118567594794782
561.1224	0.117185831451912
559.7054	0.117054347292883
558.2884	0.116752497071021
556.8715	0.116674429300573
555.4545	0.116107463708649
554.0375	0.115672534549672
552.6205	0.115649574027205
551.2036	0.115582598925281
549.7866	0.115605491868671
548.3696	0.114671589680527
546.9526	0.113690988867232
545.5357	0.113911652441208
544.1187	0.11396379544664
542.7017	0.115199221743066
541.2847	0.115560225729648
539.8678	0.115874196586156
538.4508	0.116900927889104
537.0338	0.117558383781485
535.6168	0.11843371048796
534.1999	0.119892271324042
532.7829	0.120320953406551
531.3659	0.1216695708109
529.9489	0.122735301221979
528.532	0.123409437133793
527.115	0.123777940866604
525.698	0.123823081875688
524.281	0.125849790764503
522.8641	0.126432240921583
521.4471	0.125819070239492
520.0301	0.125954470164633
518.6131	0.126308531435963
517.1962	0.126313753764672
515.7792	0.126727492025567
514.3622	0.126203115893098
512.9452	0.126229092163154
511.5282	0.125955416946683
510.1113	0.127031610525694
508.6943	0.126793563547861
507.2773	0.126126675341117
505.8603	0.125513553947479
504.4434	0.125305282769006
503.0264	0.124630942246906
501.6094	0.123969808178416
500.1924	0.124502296351701
498.7755	0.124600746542296
497.3585	0.125382939287048
495.9415	0.124405244638738
494.5245	0.124483068177422
493.1076	0.1234279772361
491.6906	0.123589774728807
490.2736	0.12290653241851
488.8566	0.122732306053172
487.4397	0.123349391574651
486.0227	0.124088178048124
484.6057	0.124345362912967
483.1887	0.125393270142787
481.7718	0.125220824585127
480.3548	0.126431661975883
478.9378	0.127509014909945
477.5208	0.126508583536752
476.1039	0.125502220340494
474.6869	0.125044000841036
473.2699	0.12512030446145
471.8529	0.126178631555237
470.436	0.125898368793287
469.019	0.125915043160022
467.602	0.124228827533494
466.185	0.124261082939913
464.768	0.123922794833738
463.3511	0.123277721902003
461.9341	0.123570308985737
460.5171	0.124140493276621
459.1001	0.123516949359656
457.6832	0.123531369975021
456.2662	0.123745764801282
454.8492	0.123291687605334
453.4322	0.125084944237936
452.0153	0.124134548642108
450.5983	0.124776592828401
449.1813	0.12428090562979
447.7643	0.125379900731566
446.3474	0.126524740336451
444.9304	0.127094143150547
443.5134	0.128007537637987
442.0964	0.128917944884986
440.6795	0.130533413991751
439.2625	0.13084644457764
437.8455	0.131145999523724
436.4285	0.131811459147006
435.0116	0.133086399126464
433.5946	0.132540307099026
432.1776	0.132992392999772
430.7606	0.134313268698274
429.3437	0.134945310046059
427.9267	0.134313349249432
426.5097	0.13588865598519
425.0927	0.135827779820974
423.6758	0.136225899547036
422.2588	0.136979991789012
420.8418	0.136752843772648
419.4248	0.136162987912327
418.0078	0.138140205489744
416.5909	0.137528674275445
415.1739	0.136995072972627
413.7569	0.137247192910158
412.3399	0.136267497501035
410.923	0.139578671047444
409.506	0.140729282152945
408.089	0.141654444484109
406.672	0.14052279740437
405.2551	0.139818030639029
403.8381	0.13862961030682
402.4211	0.138520162389077
401.0041	0.137595543977967
