3994.4546	0.015789382534838
3993.0377	0.0157738411412042
3991.6207	0.0159043667894554
3990.2037	0.0156722542778778
3988.7867	0.0149930976731771
3987.3698	0.0155997188760706
3985.9528	0.015644357856245
3984.5358	0.0156616596471831
3983.1188	0.0155022592547501
3981.7019	0.0158491101426378
3980.2849	0.0158103286636388
3978.8679	0.0152991721825182
3977.4509	0.0160988224698221
3976.034	0.0155103518287545
3974.617	0.0154798841340429
3973.2	0.01542650657864
3971.783	0.0160680324118971
3970.3661	0.0156816444446521
3968.9491	0.0161937006196401
3967.5321	0.0154671105944658
3966.1151	0.0159471031822505
3964.6982	0.0157075694949981
3963.2812	0.0148807314921834
3961.8642	0.0159973994828085
3960.4472	0.0158447031601744
3959.0303	0.0163194458329669
3957.6133	0.0156573260764968
3956.1963	0.0153349297969969
3954.7793	0.0157819350126086
3953.3624	0.0155985560794109
3951.9454	0.0150962372503402
3950.5284	0.0156414690715719
3949.1114	0.0148602768130581
3947.6944	0.0153517083824949
3946.2775	0.0156399551876554
3944.8605	0.0151322784747332
3943.4435	0.0155845141232254
3942.0265	0.0156434213157072
3940.6096	0.0147680839424362
3939.1926	0.0147742923667413
3937.7756	0.0155413362140196
3936.3586	0.0153653016950094
3934.9417	0.0155932671268382
3933.5247	0.015392533528209
3932.1077	0.0151830075687948
3930.6907	0.0154914931629996
3929.2738	0.0153669013327826
3927.8568	0.0157078548563961
3926.4398	0.0152300234506825
3925.0228	0.0153821599115266
3923.6059	0.0155663749024357
3922.1889	0.0152941725943693
3920.7719	0.0156925983042083
3919.3549	0.0153740479094205
3917.938	0.015054284696637
3916.521	0.0151901612184537
3915.104	0.0151659037097163
3913.687	0.0157345444860076
3912.2701	0.015460209206406
3910.8531	0.0150969826897481
3909.4361	0.0157045287586406
3908.0191	0.0155423396907696
3906.6022	0.0152238049882943
3905.1852	0.0154014534900028
3903.7682	0.0154897173894051
3902.3512	0.0146343007283118
3900.9342	0.015137096822223
3899.5173	0.0146962577446561
3898.1003	0.0156628819565519
3896.6833	0.0155170019399798
3895.2663	0.015329434127529
3893.8494	0.0151993410465512
3892.4324	0.0156314861947978
3891.0154	0.0152609109529177
3889.5984	0.0147983977571188
3888.1815	0.0153922255954308
3886.7645	0.014739201897959
3885.3475	0.0149879886330017
3883.9305	0.0145692570393716
3882.5136	0.0151152412495594
3881.0966	0.0145045368858058
3879.6796	0.0149425917320987
3878.2626	0.0149212956404031
3876.8457	0.0144869835223246
3875.4287	0.0143423878781573
3874.0117	0.0151526742488879
3872.5947	0.015249091726089
3871.1778	0.0144793213584461
3869.7608	0.0153721939074169
3868.3438	0.0155074768544553
3866.9268	0.0158147901855012
3865.5099	0.0148577511197059
3864.0929	0.0143662979916691
3862.6759	0.0153987198621733
3861.2589	0.0148520185692678
3859.842	0.0148987548088384
3858.425	0.0147769807188368
3857.008	0.0146304623478084
3855.591	0.0150386652348729
3854.174	0.0150524277494857
3852.7571	0.0148965168216717
3851.3401	0.0153678192463194
3849.9231	0.0152393894359221
3848.5061	0.0147745078215998
3847.0892	0.0145428318825208
3845.6722	0.0139043616898946
3844.2552	0.0152463856232671
3842.8382	0.0149992556983577
3841.4213	0.0150705418388519
3840.0043	0.014705556620317
3838.5873	0.0144411928076106
3837.1703	0.0151045309235466
3835.7534	0.0152741871293669
3834.3364	0.0148139759972016
3832.9194	0.0146869394371628
3831.5024	0.0145038318912953
3830.0855	0.0146059668932842
3828.6685	0.0138303109153318
3827.2515	0.015354567678348
3825.8345	0.0147190372687307
3824.4176	0.0150816185340374
3823.0006	0.014741637543722
3821.5836	0.0153635261525949
3820.1666	0.0151184282126417
3818.7497	0.015304527918831
3817.3327	0.0147313086528409
3815.9157	0.0147532805338629
3814.4987	0.0146725363542889
3813.0818	0.0143692664717829
3811.6648	0.014197118179281
3810.2478	0.0143408160871975
3808.8308	0.0142325298935009
3807.4138	0.0150989772814497
3805.9969	0.0141938609374289
3804.5799	0.0151416297930704
3803.1629	0.0142968939258109
3801.7459	0.0145404483330463
3800.329	0.0148074532585179
3798.912	0.0145769937228668
3797.495	0.0147014397848385
3796.078	0.0149572036969985
3794.6611	0.0148053738920551
3793.2441	0.013945616517922
3791.8271	0.0143307556193437
3790.4101	0.0146452951382148
3788.9932	0.0141846165983599
3787.5762	0.0144348252732866
3786.1592	0.0144572516924021
3784.7422	0.0139959172111877
3783.3253	0.0144785904827471
3781.9083	0.0141555948813722
3780.4913	0.0144654467622522
3779.0743	0.0151822661247061
3777.6574	0.0146742088966829
3776.2404	0.0141464532938963
3774.8234	0.0144949168420285
3773.4064	0.0142866819574644
3771.9895	0.0142577490573265
3770.5725	0.0135723424339245
3769.1555	0.0142449302594432
3767.7385	0.0142012388890503
3766.3216	0.0141970675274681
3764.9046	0.0144154946196173
3763.4876	0.0146613155389342
3762.0706	0.0140289926839605
3760.6536	0.0140474155389208
3759.2367	0.0137702004036201
3757.8197	0.0140989074118969
3756.4027	0.0142725456373014
3754.9857	0.0145588362451465
3753.5688	0.0144196794472503
3752.1518	0.0150236244316416
3750.7348	0.0148012570033643
3749.3178	0.0147344950219008
3747.9009	0.0142982150948365
3746.4839	0.0144763115015466
3745.0669	0.0143952768814174
3743.6499	0.0145980383030685
3742.233	0.0142631252605858
3740.816	0.0139143070120434
3739.399	0.0143971183822886
3737.982	0.0138121983053404
3736.5651	0.0143018263084934
3735.1481	0.0145436888713603
3733.7311	0.0137126892444681
3732.3141	0.0135634527107598
3730.8972	0.014195905378396
3729.4802	0.0139366948218025
3728.0632	0.0135741000898681
3726.6462	0.0135938595595763
3725.2293	0.0136433389265362
3723.8123	0.0136173302251774
3722.3953	0.0138729788914348
3720.9783	0.0138535550946127
3719.5614	0.013701953000691
3718.1444	0.0139406431063444
3716.7274	0.0134593049052237
3715.3104	0.0137345286671798
3713.8935	0.0133807629744702
3712.4765	0.0138383973736149
3711.0595	0.013878450884733
3709.6425	0.0141406138652619
3708.2255	0.0137177397639385
3706.8086	0.0137442566210108
3705.3916	0.0138662497761516
3703.9746	0.013538096959875
3702.5576	0.0138758882935193
3701.1407	0.0135444098582965
3699.7237	0.0130654149836102
3698.3067	0.0141358987547847
3696.8897	0.0131485553401262
3695.4728	0.0136679008650419
3694.0558	0.013536408345087
3692.6388	0.0139744522233431
3691.2218	0.0130578337515405
3689.8049	0.0131241700953717
3688.3879	0.0131500126944267
3686.9709	0.0133354352280663
3685.5539	0.013781888037302
3684.137	0.0136396152260172
3682.72	0.0132153052107785
3681.303	0.0128061099126342
3679.886	0.0127797314497136
3678.4691	0.0131040485441526
3677.0521	0.0131090030307173
3675.6351	0.0133839005244794
3674.2181	0.013822616528881
3672.8012	0.0131355592102226
3671.3842	0.0133636969214315
3669.9672	0.0142008512802333
3668.5502	0.0139251397954111
3667.1333	0.0134343425378704
3665.7163	0.0136792682709509
3664.2993	0.013885547594434
3662.8823	0.0133176790390865
3661.4653	0.0135873736536042
3660.0484	0.0134195896717249
3658.6314	0.0136071879108082
3657.2144	0.012924131621919
3655.7974	0.0137605468050139
3654.3805	0.0133950137330133
3652.9635	0.0137958946114737
3651.5465	0.013154173940186
3650.1295	0.013416674381435
3648.7126	0.0138161816963687
3647.2956	0.0138404760882163
3645.8786	0.0131383502941619
3644.4616	0.0140396116167488
3643.0447	0.0143003867823744
3641.6277	0.0145403358236147
3640.2107	0.0137740295399504
3638.7937	0.0137590966322598
3637.3768	0.0136257628020019
3635.9598	0.0141500111995654
3634.5428	0.0136224715751243
3633.1258	0.0140760478515247
3631.7089	0.0142642431563988
3630.2919	0.0140233612166214
3628.8749	0.0146191666997849
3627.4579	0.0149999635434955
3626.041	0.0151633651034572
3624.624	0.0146161840327849
3623.207	0.0149646457621012
3621.79	0.0150750133427016
3620.3731	0.0143991457736827
3618.9561	0.0153949962304829
3617.5391	0.0153686201146425
3616.1221	0.0154606410607644
3614.7051	0.0157811988584324
3613.2882	0.0155710596909905
3611.8712	0.0156844351922863
3610.4542	0.015991190552954
3609.0372	0.0151768097011893
3607.6203	0.0152657575338462
3606.2033	0.0158218592928489
3604.7863	0.0162226112103755
3603.3693	0.0151371127933936
3601.9524	0.0164151617799349
3600.5354	0.016311852711023
3599.1184	0.0162213774552281
3597.7014	0.0162646577181634
3596.2845	0.0164409546092518
3594.8675	0.0170444931150946
3593.4505	0.0177077419519964
3592.0335	0.0169054717920567
3590.6166	0.0165334373938603
3589.1996	0.0162682213227999
3587.7826	0.0167214151924271
3586.3656	0.0171322578383086
3584.9487	0.0169002151282494
3583.5317	0.0167140385492852
3582.1147	0.0177061717948653
3580.6977	0.0174531261562001
3579.2808	0.0178698555419358
3577.8638	0.0186636292621271
3576.4468	0.0174171836804071
3575.0298	0.0184740388414156
3573.6129	0.0183207554990129
3572.1959	0.0191121456254673
3570.7789	0.0192314736982155
3569.3619	0.0198699487034301
3567.9449	0.0190974917052872
3566.528	0.019928133726788
3565.111	0.0203994579128063
3563.694	0.0202336248432486
3562.277	0.0206898418200484
3560.8601	0.0201015382287469
3559.4431	0.0211993882160249
3558.0261	0.0206331240728938
3556.6091	0.0210582652207349
3555.1922	0.0210721827820752
3553.7752	0.0212177038413185
3552.3582	0.0213823529548534
3550.9412	0.0215519253810407
3549.5243	0.0219937510625535
3548.1073	0.0223222601194886
3546.6903	0.0221071509206734
3545.2733	0.0224776716691467
3543.8564	0.0228894426157733
3542.4394	0.0235032153316339
3541.0224	0.0232919328776637
3539.6054	0.022883325689866
3538.1885	0.0232802817495254
3536.7715	0.0239463651288409
3535.3545	0.0238490982276182
3533.9375	0.0240449979173848
3532.5206	0.0242290823614581
3531.1036	0.0244978135272487
3529.6866	0.024182635961581
3528.2696	0.0246789526369122
3526.8527	0.0250512581114009
3525.4357	0.0252092329637399
3524.0187	0.0250261931960777
3522.6017	0.0253422933924078
3521.1847	0.0268540661334712
3519.7678	0.0259158840463744
3518.3508	0.0262889626784473
3516.9338	0.0269712364751595
3515.5168	0.0263016603195979
3514.0999	0.0270935292091172
3512.6829	0.0274668723345842
3511.2659	0.0270506711331448
3509.8489	0.0275442329374257
3508.432	0.0277082735218456
3507.015	0.0282396443769635
3505.598	0.028464054674087
3504.181	0.0283001869876167
3502.7641	0.0288680535951345
3501.3471	0.0297821449992935
3499.9301	0.0294204473912374
3498.5131	0.030116843395529
3497.0962	0.0298709695054478
3495.6792	0.0302047018068115
3494.2622	0.0300380152113403
3492.8452	0.0303262930442477
3491.4283	0.0305676668523419
3490.0113	0.0309628801814881
3488.5943	0.0304026537149026
3487.1773	0.0312229777471705
3485.7604	0.0314349007575843
3484.3434	0.0314175720400444
3482.9264	0.0319592561182587
3481.5094	0.0320603355989059
3480.0925	0.0325779453276829
3478.6755	0.0325696021835933
3477.2585	0.0325554633562271
3475.8415	0.0328972751319942
3474.4245	0.0335876382443121
3473.0076	0.0329803430270627
3471.5906	0.0330747172846563
3470.1736	0.0335540988474456
3468.7566	0.033650775232645
3467.3397	0.0342304168598952
3465.9227	0.0337053238637789
3464.5057	0.0348217461268416
3463.0887	0.0346085021811346
3461.6718	0.0343862512144073
3460.2548	0.0350763342541893
3458.8378	0.0348871093518198
3457.4208	0.0349710021156705
3456.0039	0.0346626501101393
3454.5869	0.0353857153387299
3453.1699	0.0365766120702636
3451.7529	0.0362862076752042
3450.336	0.036138097011853
3448.919	0.0375240999165829
3447.502	0.0368099943987097
3446.085	0.0369887438801972
3444.6681	0.0374022737795531
3443.2511	0.0371480326450656
3441.8341	0.0378417639548026
3440.4171	0.0381054585017052
3439.0002	0.0376869049448659
3437.5832	0.0382521690464029
3436.1662	0.0383879841930244
3434.7492	0.0383447909567824
3433.3323	0.0383768995789642
3431.9153	0.0389735192722837
3430.4983	0.0389577867816419
3429.0813	0.0391654956824835
3427.6643	0.0389285489872098
3426.2474	0.0390421258664294
3424.8304	0.0403198555511027
3423.4134	0.0400352945799875
3421.9964	0.0394388736274153
3420.5795	0.0400250241634787
3419.1625	0.040835322717634
3417.7455	0.0402518054527517
3416.3285	0.0409012182304712
3414.9116	0.0409396699462476
3413.4946	0.0408300461369111
3412.0776	0.0406742347653352
3410.6606	0.0412605947750383
3409.2437	0.0418286394489638
3407.8267	0.0420753145878865
3406.4097	0.0420932139912276
3404.9927	0.0421880031456787
3403.5758	0.0423973556671947
3402.1588	0.0416966616941362
3400.7418	0.0426903178676697
3399.3248	0.0429364992705369
3397.9079	0.0436443816126577
3396.4909	0.043907401586495
3395.0739	0.0434789111899121
3393.6569	0.0438615557202408
3392.24	0.0438697160673387
3390.823	0.0438545855277409
3389.406	0.0442532732737053
3387.989	0.0435456544940886
3386.5721	0.0440695511515244
3385.1551	0.0439998725736541
3383.7381	0.0445754370126488
3382.3211	0.044156608372816
3380.9041	0.0446565249089321
3379.4872	0.0448425771331313
3378.0702	0.0445395840683291
3376.6532	0.0450625335855276
3375.2362	0.0452597454193229
3373.8193	0.0455667833407427
3372.4023	0.0455116657636432
3370.9853	0.0464665972950376
3369.5683	0.0458229595229454
3368.1514	0.0462077439083679
3366.7344	0.0454751097006902
3365.3174	0.04618316319462
3363.9004	0.0461604489317099
3362.4835	0.0460628866384216
3361.0665	0.0464352195161553
3359.6495	0.0464908540347625
3358.2325	0.0467000468494058
3356.8156	0.0473165871489683
3355.3986	0.0475539463937996
3353.9816	0.0472672177080388
3352.5646	0.0469517887003478
3351.1477	0.0472250074920991
3349.7307	0.0478250848085885
3348.3137	0.0482004556827182
3346.8967	0.047545894030488
3345.4798	0.0485441809631255
3344.0628	0.0471523674855028
3342.6458	0.0476959643211437
3341.2288	0.0477992946028701
3339.8119	0.0480984981248984
3338.3949	0.0481179714595202
3336.9779	0.0478280371894115
3335.5609	0.0482408449133228
3334.1439	0.0491380280197259
3332.727	0.048171852054407
3331.31	0.0481927983597679
3329.893	0.0484083229612485
3328.476	0.0481428452484069
3327.0591	0.0486555011022402
3325.6421	0.0482422304822194
3324.2251	0.0487160600491739
3322.8081	0.0488852670754117
3321.3912	0.0492956715702581
3319.9742	0.0484042277693837
3318.5572	0.0493462556636276
3317.1402	0.0490056443003139
3315.7233	0.0493821563032497
3314.3063	0.0494139271901188
3312.8893	0.0495322110297506
3311.4723	0.0492052139468748
3310.0554	0.0489054892956542
3308.6384	0.0490557920055716
3307.2214	0.0492480960138483
3305.8044	0.0501188204354784
3304.3875	0.0492810485504721
3302.9705	0.0497355203663617
3301.5535	0.048452863659667
3300.1365	0.0492125611088573
3298.7196	0.049719293960989
3297.3026	0.0488277928191325
3295.8856	0.0491654562527496
3294.4686	0.0492384122825643
3293.0517	0.0492581187299716
3291.6347	0.0495522099388591
3290.2177	0.0502706359157387
3288.8007	0.0500651119617906
3287.3837	0.049461356384362
3285.9668	0.0497041806059227
3284.5498	0.0497265649965278
3283.1328	0.0496585372560296
3281.7158	0.0497578716088936
3280.2989	0.0499826445590104
3278.8819	0.050428848059702
3277.4649	0.0502356759940828
3276.0479	0.0493310495329357
3274.631	0.0493122434183275
3273.214	0.0500202250195586
3271.797	0.049685312992664
3270.38	0.04989581863368
3268.9631	0.0496897259779274
3267.5461	0.0503311306065522
3266.1291	0.0496194324801663
3264.7121	0.0497217275614852
3263.2952	0.0491853668126376
3261.8782	0.0499963804463918
3260.4612	0.0496735308233501
3259.0442	0.0497371893365388
3257.6273	0.0495311361830385
3256.2103	0.0494292690395678
3254.7933	0.0493994425944744
3253.3763	0.04954697369685
3251.9594	0.0491313174718798
3250.5424	0.0494702073470901
3249.1254	0.0497262926875864
3247.7084	0.0502244655166355
3246.2915	0.0497588962845755
3244.8745	0.0494057058297716
3243.4575	0.0497966020586073
3242.0405	0.0498805812955107
3240.6235	0.0493712908784455
3239.2066	0.0492917644513041
3237.7896	0.0493229682523499
3236.3726	0.0499266399021337
3234.9556	0.0494830564041218
3233.5387	0.0490186265306596
3232.1217	0.0495517503202945
3230.7047	0.0492182425477814
3229.2877	0.0496114780585033
3227.8708	0.0495959372112545
3226.4538	0.0487916490243539
3225.0368	0.0487461454060895
3223.6198	0.0488579298628562
3222.2029	0.0486805557750378
3220.7859	0.0483491219976509
3219.3689	0.0476544851802332
3217.9519	0.0476940235079585
3216.535	0.0489934745001589
3215.118	0.0487157556018273
3213.701	0.0492877449970906
3212.284	0.0482997009387727
3210.8671	0.0490189434455297
3209.4501	0.0481529321477954
3208.0331	0.0480997579614699
3206.6161	0.0479021321547056
3205.1992	0.0478257904496095
3203.7822	0.0479693562822596
3202.3652	0.0481408256647268
3200.9482	0.0480282150364004
3199.5313	0.0475672261095458
3198.1143	0.0473836720998799
3196.6973	0.0473027213737331
3195.2803	0.0475424982222929
3193.8633	0.0475126768526774
3192.4464	0.0472304850020152
3191.0294	0.0469091522498568
3189.6124	0.0468072762070501
3188.1954	0.0466074780541889
3186.7785	0.0465700535370238
3185.3615	0.0468419779129267
3183.9445	0.046980096843342
3182.5275	0.046477456849576
3181.1106	0.047044511594949
3179.6936	0.0462897871498971
3178.2766	0.0458911325345616
3176.8596	0.0461260817436998
3175.4427	0.0459809074101636
3174.0257	0.0455505570727479
3172.6087	0.0465509027605775
3171.1917	0.045635594027377
3169.7748	0.0459401937000989
3168.3578	0.0450282984943839
3166.9408	0.0453135211954887
3165.5238	0.0456043146120598
3164.1069	0.0447227497407865
3162.6899	0.0451706069842749
3161.2729	0.0447268886009835
3159.8559	0.0457940089835751
3158.439	0.0448449029803166
3157.022	0.0446469873301749
3155.605	0.0440974483185466
3154.188	0.0446782409420127
3152.7711	0.0444472735992795
3151.3541	0.0450509510716726
3149.9371	0.0445860221522409
3148.5201	0.0441831864904373
3147.1031	0.0438686131586027
3145.6862	0.0437480339355356
3144.2692	0.0432719684671353
3142.8522	0.0439437326353894
3141.4352	0.0437275554318239
3140.0183	0.0433758752454414
3138.6013	0.0433769453522216
3137.1843	0.0433899646441821
3135.7673	0.0429759388177775
3134.3504	0.0427917093812482
3132.9334	0.0431050509237912
3131.5164	0.0431027541433334
3130.0994	0.0424165959707425
3128.6825	0.0422019749137859
3127.2655	0.0422426877186036
3125.8485	0.0416647841915603
3124.4315	0.0416277481248211
3123.0146	0.0422888826666287
3121.5976	0.0420474006623735
3120.1806	0.0406730740861818
3118.7636	0.0409461550027007
3117.3467	0.041151120598044
3115.9297	0.0417160526787656
3114.5127	0.0411483831822238
3113.0957	0.0410627826054873
3111.6788	0.0411231577943666
3110.2618	0.0403617773430666
3108.8448	0.0411760339492875
3107.4278	0.039994521054183
3106.0109	0.039879599959521
3104.5939	0.0404040075956367
3103.1769	0.0401598995549936
3101.7599	0.039170885252937
3100.3429	0.039526426167379
3098.926	0.040103658905641
3097.509	0.0390861430758861
3096.092	0.0399746286563396
3094.675	0.0384939523739718
3093.2581	0.0395509445578923
3091.8411	0.0390518685899598
3090.4241	0.0385472089209859
3089.0071	0.0382065225233707
3087.5902	0.0391906138961637
3086.1732	0.0377489147119593
3084.7562	0.039003160724267
3083.3392	0.0387012707101958
3081.9223	0.0374139842575918
3080.5053	0.0377298482735012
3079.0883	0.0379122628038986
3077.6713	0.0379678738337207
3076.2544	0.0377525691225089
3074.8374	0.0382054779517974
3073.4204	0.0371582851332507
3072.0034	0.0371641410451624
3070.5865	0.0372375702916112
3069.1695	0.0367591076145927
3067.7525	0.0367753198022979
3066.3355	0.0372823230720812
3064.9186	0.0369210166333223
3063.5016	0.0372370392685828
3062.0846	0.0367433998730957
3060.6676	0.0360647678113032
3059.2507	0.0364726671394787
3057.8337	0.0362294248977574
3056.4167	0.0353912331049908
3054.9997	0.0360826944615482
3053.5827	0.0352254571531702
3052.1658	0.0352603462474903
3050.7488	0.0355716779882531
3049.3318	0.0353742923475373
3047.9148	0.0350246696341062
3046.4979	0.0350337153246822
3045.0809	0.0350324604199297
3043.6639	0.0349758790599108
3042.2469	0.034787565158296
3040.83	0.0348420362962762
3039.413	0.0350045793080173
3037.996	0.0350487587754783
3036.579	0.0345633373889283
3035.1621	0.0341124375133455
3033.7451	0.0338769261535011
3032.3281	0.0335971071547082
3030.9111	0.0335098171700199
3029.4942	0.0340819110544703
3028.0772	0.0333149170212863
3026.6602	0.0336356454386702
3025.2432	0.0337015260258696
3023.8263	0.0337377197450672
3022.4093	0.0334083776509658
3020.9923	0.034208741348696
3019.5753	0.0335331132094642
3018.1584	0.0330948894258074
3016.7414	0.0334248820685017
3015.3244	0.0333026256729812
3013.9074	0.0333209422327055
3012.4905	0.0329100013148405
3011.0735	0.0331945089979942
3009.6565	0.0326299242362174
3008.2395	0.0331645247568665
3006.8225	0.0322975016110047
3005.4056	0.032378320222882
3003.9886	0.0327038705734667
3002.5716	0.0324510338970413
3001.1546	0.0323801560291907
2999.7377	0.0322256239715866
2998.3207	0.0323258147928113
2996.9037	0.0320260868648313
2995.4867	0.0315678620380293
2994.0698	0.0322732345546975
2992.6528	0.0323464855072796
2991.2358	0.0317310874806179
2989.8188	0.0315521910862583
2988.4019	0.0322691528490365
2986.9849	0.0324244981046792
2985.5679	0.0324408141678821
2984.1509	0.0326939074925444
2982.734	0.0326838340423496
2981.317	0.0326151220393624
2979.9	0.032074472787699
2978.483	0.0325862055162736
2977.0661	0.0325184588739519
2975.6491	0.0321239525620334
2974.2321	0.0326821137653762
2972.8151	0.0330290136184182
2971.3982	0.0335209025392842
2969.9812	0.0335262166852088
2968.5642	0.0336663043991506
2967.1472	0.0333593229724412
2965.7303	0.0336212863296892
2964.3133	0.0332793821382644
2962.8963	0.0334801135410345
2961.4793	0.0340448750780137
2960.0623	0.0342770060368502
2958.6454	0.0338085882123338
2957.2284	0.0347104491684866
2955.8114	0.0349347294928296
2954.3944	0.0347764166323103
2952.9775	0.0348943361952667
2951.5605	0.0350785210759554
2950.1435	0.0355598868214013
2948.7265	0.0355074439776729
2947.3096	0.0363611948971032
2945.8926	0.0361221878642959
2944.4756	0.035921914258497
2943.0586	0.0373413083772584
2941.6417	0.0373088631936702
2940.2247	0.0373153396989371
2938.8077	0.037553563200618
2937.3907	0.0382621057848362
2935.9738	0.0375252599627655
2934.5568	0.0381511166600862
2933.1398	0.0384911785200936
2931.7228	0.0389996890164083
2930.3059	0.0389752711677283
2928.8889	0.0390881050754409
2927.4719	0.0394425504518561
2926.0549	0.0385715667232901
2924.638	0.0389173515304973
2923.221	0.0388637217741191
2921.804	0.038846305861832
2920.387	0.0392418905935028
2918.9701	0.0393483068667602
2917.5531	0.0392695138859927
2916.1361	0.0398934424457538
2914.7191	0.0391313200951775
2913.3021	0.0387808109385836
2911.8852	0.0384929742728546
2910.4682	0.0389618264677475
2909.0512	0.0391785559933217
2907.6342	0.038661193958508
2906.2173	0.0385535477619075
2904.8003	0.0390504699331247
2903.3833	0.0387923617466165
2901.9663	0.0383901379452336
2900.5494	0.0388119929888854
2899.1324	0.0385359547613149
2897.7154	0.038654809706359
2896.2984	0.0381046220484823
2894.8815	0.037750475168076
2893.4645	0.0384980408942278
2892.0475	0.0379211259682774
2890.6305	0.038207920816832
2889.2136	0.0380685825352592
2887.7966	0.0381332440940778
2886.3796	0.0379979304745448
2884.9626	0.0378287112315859
2883.5457	0.037299694004756
2882.1287	0.0384060881313249
2880.7117	0.0377643646637986
2879.2947	0.0375686943351553
2877.8778	0.0378536073457103
2876.4608	0.0376192545593889
2875.0438	0.0373262061607728
2873.6268	0.0374312853705189
2872.2099	0.0374769585271894
2870.7929	0.0367464268288224
2869.3759	0.0364211499072694
2867.9589	0.0361666746332639
2866.5419	0.0370389425867659
2865.125	0.036180948361108
2863.708	0.0357751537547929
2862.291	0.0357680401053881
2860.874	0.0358244372976152
2859.4571	0.0354561239579066
2858.0401	0.0356815852221353
2856.6231	0.0353865170788039
2855.2061	0.0351136076011191
2853.7892	0.0355456806758231
2852.3722	0.0352786536795681
2850.9552	0.0348783621607402
2849.5382	0.0348856569363155
2848.1213	0.0351371158794399
2846.7043	0.0350041311052743
2845.2873	0.0342880404445985
2843.8703	0.0341932753517105
2842.4534	0.0339701375682457
2841.0364	0.0337712690526666
2839.6194	0.0342096386039079
2838.2024	0.0331974975284607
2836.7855	0.0339138671300641
2835.3685	0.0333054851985385
2833.9515	0.0336712264634083
2832.5345	0.0328136653037911
2831.1176	0.0329534625939557
2829.7006	0.0336658370357706
2828.2836	0.0330822645459043
2826.8666	0.0328776742227707
2825.4497	0.033112179314089
2824.0327	0.0320450296098687
2822.6157	0.0321837218953585
2821.1987	0.0330576389047225
2819.7817	0.0330802709013333
2818.3648	0.0325993777528108
2816.9478	0.0325644248833209
2815.5308	0.0327101745352071
2814.1138	0.0321841977726343
2812.6969	0.0323693026757002
2811.2799	0.0325421255638388
2809.8629	0.0322425471001345
2808.4459	0.0319041381311267
2807.029	0.0312465568850288
2805.612	0.0313491305717859
2804.195	0.0319686739163161
2802.778	0.0320588832233735
2801.3611	0.0313996097274553
2799.9441	0.0311202909957201
2798.5271	0.0312743761101701
2797.1101	0.0311074036467679
2795.6932	0.0316576151749096
2794.2762	0.0311829638763643
2792.8592	0.0310209923456848
2791.4422	0.0316299042971123
2790.0253	0.0308547008160636
2788.6083	0.0306383283318317
2787.1913	0.0309224731168357
2785.7743	0.0302164398328574
2784.3574	0.0306965439346299
2782.9404	0.0302699592536217
2781.5234	0.0309670187820833
2780.1064	0.0313142026937267
2778.6895	0.0307775357711186
2777.2725	0.0304541720525536
2775.8555	0.0304465355537707
2774.4385	0.0309661902805762
2773.0215	0.0299198683123656
2771.6046	0.0305073418627903
2770.1876	0.0306562269837591
2768.7706	0.0306134172941543
2767.3536	0.0300118892639575
2765.9367	0.0309064265953602
2764.5197	0.0309857327685048
2763.1027	0.030031498487005
2761.6857	0.0299196914888248
2760.2688	0.0301091600008538
2758.8518	0.0297108814817316
2757.4348	0.0300468586182461
2756.0178	0.0298973210911159
2754.6009	0.0302197585571867
2753.1839	0.0294822470705634
2751.7669	0.0304851706386623
2750.3499	0.0303230344630499
2748.933	0.0297582624482698
2747.516	0.0295048607108025
2746.099	0.030070999621332
2744.682	0.0289146414311416
2743.2651	0.0296076347426985
2741.8481	0.0299955916630252
2740.4311	0.0292692073215015
2739.0141	0.0293934093911953
2737.5972	0.0293178468369709
2736.1802	0.0291971570292179
2734.7632	0.0294600270789818
2733.3462	0.0291699229587845
2731.9293	0.0299660200357179
2730.5123	0.0296045247491309
2729.0953	0.0294696984801691
2727.6783	0.0294704611622373
2726.2613	0.0295613768875781
2724.8444	0.0297695635108241
2723.4274	0.029492505761941
2722.0104	0.029173837478498
2720.5934	0.0297880765425012
2719.1765	0.0293464903755744
2717.7595	0.029771729337659
2716.3425	0.0294587168902264
2714.9255	0.0296912286227577
2713.5086	0.0290669643339994
2712.0916	0.0292731043460753
2710.6746	0.0291379030094455
2709.2576	0.0291302879133256
2707.8407	0.0288553920659726
2706.4237	0.0289357231195535
2705.0067	0.0285912573667349
2703.5897	0.0284864876706227
2702.1728	0.029050704030245
2700.7558	0.0295382066456167
2699.3388	0.0294609801204247
2697.9218	0.0287321078073402
2696.5049	0.0289977056558396
2695.0879	0.0286786127733054
2693.6709	0.0294360322750264
2692.2539	0.0290269317630877
2690.837	0.0283398696797374
2689.42	0.029420273141559
2688.003	0.0293528435729814
2686.586	0.0284764394203215
2685.1691	0.0294743716076016
2683.7521	0.0286392006999864
2682.3351	0.0282482956913017
2680.9181	0.0285386459337213
2679.5011	0.0284467114384041
2678.0842	0.0296870036225617
2676.6672	0.028717957156782
2675.2502	0.028561759983161
2673.8332	0.0285490232713798
2672.4163	0.0290217204777228
2670.9993	0.027733254148758
2669.5823	0.0283887338208144
2668.1653	0.0282107209171294
2666.7484	0.0286798695761519
2665.3314	0.0285874641060019
2663.9144	0.0281974374847238
2662.4974	0.029175606200981
2661.0805	0.0282252153399347
2659.6635	0.0282170088351788
2658.2465	0.0278426299964149
2656.8295	0.0283541993963882
2655.4126	0.0278013954529424
2653.9956	0.0287379576284634
2652.5786	0.0274765482417654
2651.1616	0.0279783542685548
2649.7447	0.0289635682447363
2648.3277	0.0277944868844727
2646.9107	0.0281160370796239
2645.4937	0.0282258962123127
2644.0768	0.0280266267884312
2642.6598	0.0275438278855915
2641.2428	0.0281417450844627
2639.8258	0.02773959816048
2638.4089	0.0277728422521614
2636.9919	0.0268373462129615
2635.5749	0.0274555674474594
2634.1579	0.0274443089452781
2632.741	0.0272144564650426
2631.324	0.0277182658277112
2629.907	0.027630575664115
2628.49	0.0276814936123837
2627.073	0.0270243106927844
2625.6561	0.0270184510914001
2624.2391	0.0267920578112036
2622.8221	0.0272903455026406
2621.4051	0.0277743216859015
2619.9882	0.0267176528309981
2618.5712	0.0264736854899465
2617.1542	0.0279150522743035
2615.7372	0.0263501918905448
2614.3203	0.0269730171544379
2612.9033	0.0270173865281543
2611.4863	0.0266555591412796
2610.0693	0.0268834172566637
2608.6524	0.0269563904081528
2607.2354	0.0261848563016962
2605.8184	0.0265532216003477
2604.4014	0.0260083984620258
2602.9845	0.0259756138909505
2601.5675	0.0266541727861091
2600.1505	0.0259342754099248
2598.7335	0.0265012319475721
2597.3166	0.0266914401012173
2595.8996	0.0270573206987195
2594.4826	0.0264736556830301
2593.0656	0.0256780561129977
2591.6487	0.0261312579816588
2590.2317	0.0263205207290885
2588.8147	0.0256542915834422
2587.3977	0.0259363710889135
2585.9808	0.0257850280919092
2584.5638	0.0262066243433377
2583.1468	0.0272235131024508
2581.7298	0.0260859090730189
2580.3128	0.0258112556600586
2578.8959	0.0262484819938656
2577.4789	0.0259800024058649
2576.0619	0.0258719964610327
2574.6449	0.0258962518427502
2573.228	0.026224108455152
2571.811	0.025906661584649
2570.394	0.0261123926516505
2568.977	0.0261328607246386
2567.5601	0.0256913809462152
2566.1431	0.025561662671873
2564.7261	0.0255433461630594
2563.3091	0.0247745581850385
2561.8922	0.0253539635269611
2560.4752	0.0255288080575909
2559.0582	0.0254283761611153
2557.6412	0.025373905631048
2556.2243	0.0256410687459316
2554.8073	0.0252401909152173
2553.3903	0.025830373788997
2551.9733	0.0251235592735653
2550.5564	0.0247010232361533
2549.1394	0.0255824433984865
2547.7224	0.0252389500291477
2546.3054	0.0252048171919885
2544.8885	0.0250127973348823
2543.4715	0.0249601272050137
2542.0545	0.0247140213123231
2540.6375	0.0254534395267035
2539.2206	0.0255792356647804
2537.8036	0.0255752082935111
2536.3866	0.0246024185330807
2534.9696	0.0245296436436985
2533.5526	0.025231167157946
2532.1357	0.0248162273334225
2530.7187	0.0248413032155434
2529.3017	0.0242366023588503
2527.8847	0.0253730611080062
2526.4678	0.0250724680897561
2525.0508	0.025539312753446
2523.6338	0.0253292378556572
2522.2168	0.0251131340157434
2520.7999	0.0248218057206638
2519.3829	0.0248053857599506
2517.9659	0.0253388540190531
2516.5489	0.0248101220927856
2515.132	0.0246526696350222
2513.715	0.024263883194855
2512.298	0.0245037325614197
2510.881	0.0249461938824723
2509.4641	0.0247344538002933
2508.0471	0.0247582720223573
2506.6301	0.0241104960283127
2505.2131	0.0248225290223573
2503.7962	0.0245044406126271
2502.3792	0.0242651454434452
2500.9622	0.0247189912407449
2499.5452	0.0250283084039239
2498.1283	0.0240977701325003
2496.7113	0.0253365310109703
2495.2943	0.0240945111375193
2493.8773	0.0247273165580573
2492.4604	0.0247743889538594
2491.0434	0.024537319053816
2489.6264	0.0249325901878567
2488.2094	0.0238226450568597
2486.7924	0.0240361546983576
2485.3755	0.0245228747373535
2483.9585	0.0240654872544756
2482.5415	0.0240833597230535
2481.1245	0.0242579053256396
2479.7076	0.0240516834430335
2478.2906	0.0242083423351389
2476.8736	0.0244302410775811
2475.4566	0.0241883602459642
2474.0397	0.0238171873132002
2472.6227	0.0243252084540617
2471.2057	0.0238380420651392
2469.7887	0.0244870445265193
2468.3718	0.0243047588719978
2466.9548	0.0243237414951249
2465.5378	0.0247267990912924
2464.1208	0.0243594153989654
2462.7039	0.0241591805297529
2461.2869	0.0244367014803254
2459.8699	0.0240148704426903
2458.4529	0.0241755931747572
2457.036	0.0238587749472337
2455.619	0.0239914639140961
2454.202	0.0236526624178431
2452.785	0.0232884539099147
2451.3681	0.0236216465340222
2449.9511	0.024054729527969
2448.5341	0.024093159312566
2447.1171	0.0240126329339562
2445.7002	0.0246727112970786
2444.2832	0.0234376076159249
2442.8662	0.024039444158158
2441.4492	0.0236194513731497
2440.0322	0.0237537251999812
2438.6153	0.0233183066596721
2437.1983	0.0240120593917051
2435.7813	0.0229163022153007
2434.3643	0.0235427241861567
2432.9474	0.0231283772968038
2431.5304	0.0232113287588129
2430.1134	0.0232243349163242
2428.6964	0.0237513896373248
2427.2795	0.0237484369399321
2425.8625	0.0236240186912315
2424.4455	0.0242366400036624
2423.0285	0.0235016808742448
2421.6116	0.0237779919989481
2420.1946	0.0236639420575584
2418.7776	0.0236404158185163
2417.3606	0.0233476900984216
2415.9437	0.0230090163988381
2414.5267	0.0228642204515593
2413.1097	0.0233506144136442
2411.6927	0.0236175465712307
2410.2758	0.0243819116611907
2408.8588	0.0227296708806732
2407.4418	0.0233556425584908
2406.0248	0.023777558568132
2404.6079	0.0232123510084841
2403.1909	0.0232715741566061
2401.7739	0.022672953581289
2400.3569	0.022799071173021
2398.94	0.0228593194471549
2397.523	0.0231713098307498
2396.106	0.0233352161923331
2394.689	0.0231068375033392
2393.272	0.0234579664872697
2391.8551	0.0230657997242794
2390.4381	0.0225949513367571
2389.0211	0.0228859116992167
2387.6041	0.0229822148610857
2386.1872	0.0229057922231838
2384.7702	0.0226645338404855
2383.3532	0.0228706618345345
2381.9362	0.0218533633672969
2380.5193	0.0228711552435596
2379.1023	0.0227618956049235
2377.6853	0.0227872961633414
2376.2683	0.022973004809341
2374.8514	0.022373171001682
2373.4344	0.0218739606442425
2372.0174	0.022540782050577
2370.6004	0.0226908270758773
2369.1835	0.0233068106760331
2367.7665	0.0233193593018485
2366.3495	0.0228498078648671
2364.9325	0.0227668545425147
2363.5156	0.0226890637282349
2362.0986	0.0219034773840519
2360.6816	0.0225756335706183
2359.2646	0.0232664455920141
2357.8477	0.0230762821744399
2356.4307	0.0225813233137567
2355.0137	0.0226889727505566
2353.5967	0.0225163559540899
2352.1798	0.0229804565428468
2350.7628	0.0224050620365574
2349.3458	0.0235342396758519
2347.9288	0.0226219874297921
2346.5118	0.0229808220747983
2345.0949	0.0222944513329999
2343.6779	0.0226126114696562
2342.2609	0.0230047945909584
2340.8439	0.022803817306078
2339.427	0.0226856776447893
2338.01	0.0225202698326811
2336.593	0.021915290045695
2335.176	0.0230208940952281
2333.7591	0.0227562763599135
2332.3421	0.0226341405372405
2330.9251	0.022932727629712
2329.5081	0.0229388712023042
2328.0912	0.0228246374145248
2326.6742	0.0232521728484012
2325.2572	0.0231629572344677
2323.8402	0.0231247466860264
2322.4233	0.022198085915556
2321.0063	0.0224339543923523
2319.5893	0.0220757702854474
2318.1723	0.023101013570238
2316.7554	0.0225678640764514
2315.3384	0.0231957972809433
2313.9214	0.0231769112979317
2312.5044	0.0226102885334248
2311.0875	0.0226705897188675
2309.6705	0.0232535349051296
2308.2535	0.0233156886067588
2306.8365	0.0224251216401243
2305.4196	0.0224556962973011
2304.0026	0.0226180950214328
2302.5856	0.0230796160136563
2301.1686	0.0223811380494748
2299.7516	0.0215140236564297
2298.3347	0.02231640065918
2296.9177	0.0220426512677253
2295.5007	0.0228085489562285
2294.0837	0.0219973619622442
2292.6668	0.02215384391092
2291.2498	0.0226649465828924
2289.8328	0.0227461922938591
2288.4158	0.0217589663806831
2286.9989	0.0224824971240341
2285.5819	0.0228519713896052
2284.1649	0.0227314915755018
2282.7479	0.0219867602371092
2281.331	0.0226595371297984
2279.914	0.0220960053045108
2278.497	0.0215774102232853
2277.08	0.0216319500051048
2275.6631	0.0218987265882325
2274.2461	0.0223691692329441
2272.8291	0.0214911190920778
2271.4121	0.0221706711774832
2269.9952	0.0218607895437149
2268.5782	0.0225373746265197
2267.1612	0.0218850301992397
2265.7442	0.0221511000206497
2264.3273	0.0219785974431393
2262.9103	0.0217895297445525
2261.4933	0.0211213451397986
2260.0763	0.0221198074667962
2258.6594	0.0218348598531056
2257.2424	0.0212762758146805
2255.8254	0.0211594524228281
2254.4084	0.0212059577019978
2252.9914	0.0210855116930163
2251.5745	0.0211645393545875
2250.1575	0.0207888872501866
2248.7405	0.0217832651092832
2247.3235	0.0216825339982676
2245.9066	0.0220349316528174
2244.4896	0.0217334949636583
2243.0726	0.021586830866863
2241.6556	0.0218283502911413
2240.2387	0.0216563657702186
2238.8217	0.021339953450192
2237.4047	0.0211584362521229
2235.9877	0.0209755117189466
2234.5708	0.020871177351008
2233.1538	0.0210286842398113
2231.7368	0.021207765872672
2230.3198	0.0212007561771938
2228.9029	0.0212387936511695
2227.4859	0.0216890015194858
2226.0689	0.0210724953309577
2224.6519	0.0224387507082656
2223.235	0.0219683105951531
2221.818	0.0217670827480812
2220.401	0.0218300976599168
2218.984	0.0216262817775341
2217.5671	0.0215626443110637
2216.1501	0.0214513704392119
2214.7331	0.02129179069626
2213.3161	0.0202269919378786
2211.8992	0.0207191467379255
2210.4822	0.0204938275837569
2209.0652	0.0214683821578888
2207.6482	0.0217998334800627
2206.2312	0.0217656122407661
2204.8143	0.021651493882079
2203.3973	0.021906061714627
2201.9803	0.0219129561194285
2200.5633	0.0217837206938035
2199.1464	0.0223434499133598
2197.7294	0.0213604078806813
2196.3124	0.0216678110946221
2194.8954	0.0219642242214789
2193.4785	0.022416317605645
2192.0615	0.0232108605928598
2190.6445	0.0232038658466327
2189.2275	0.0230873902336671
2187.8106	0.0221664119604468
2186.3936	0.0217041245684914
2184.9766	0.0226690953905339
2183.5596	0.0226299496048566
2182.1427	0.0219638550270244
2180.7257	0.0213997939313983
2179.3087	0.0218823585734266
2177.8917	0.0217256310846787
2176.4748	0.0218141492567775
2175.0578	0.0207648596590454
2173.6408	0.0211898585179522
2172.2238	0.0201852210530124
2170.8069	0.0207566262263911
2169.3899	0.0208078157136635
2167.9729	0.0197485123717971
2166.5559	0.0209891514720844
2165.139	0.0208595169389203
2163.722	0.0217589704369528
2162.305	0.0210954559632941
2160.888	0.0210281276686687
2159.471	0.0207784289421729
2158.0541	0.0190823240467476
2156.6371	0.0199660374422172
2155.2201	0.0192598843001516
2153.8031	0.0202353927687485
2152.3862	0.0209586992635409
2150.9692	0.0205959522612398
2149.5522	0.0208609320180989
2148.1352	0.020136331986554
2146.7183	0.0200330209931965
2145.3013	0.0203445792111455
2143.8843	0.0201031869456211
2142.4673	0.0204282540462888
2141.0504	0.0203299541638119
2139.6334	0.0205790427868446
2138.2164	0.0208781790051117
2136.7994	0.0209727248982854
2135.3825	0.0202504975423976
2133.9655	0.0196478883449439
2132.5485	0.0205517768239379
2131.1315	0.0206236699861856
2129.7146	0.0198088735219809
2128.2976	0.0196956586651308
2126.8806	0.0202961069716777
2125.4636	0.0202267986081767
2124.0467	0.0205656591942851
2122.6297	0.0201698445243168
2121.2127	0.0210127530884373
2119.7957	0.0210045303965501
2118.3788	0.0209035452251951
2116.9618	0.0209621027384366
2115.5448	0.0210642182675316
2114.1278	0.0212744184620676
2112.7108	0.0214624741548966
2111.2939	0.0215047067124788
2109.8769	0.0212939743850872
2108.4599	0.0208572883547378
2107.0429	0.021351195112842
2105.626	0.0208908838011243
2104.209	0.0212539423738797
2102.792	0.0214857437444808
2101.375	0.0215627611558263
2099.9581	0.0206932205977099
2098.5411	0.0210910307742672
2097.1241	0.0204060820049997
2095.7071	0.020480715866686
2094.2902	0.0198358621718828
2092.8732	0.0203836856504856
2091.4562	0.0208490172893002
2090.0392	0.0205846063880761
2088.6223	0.0204688723904767
2087.2053	0.0210386387557051
2085.7883	0.0201558589538214
2084.3713	0.0206617452324341
2082.9544	0.020823511879769
2081.5374	0.0213110219929558
2080.1204	0.020984951729862
2078.7034	0.0205714964382923
2077.2865	0.0207135413972136
2075.8695	0.0209168719935066
2074.4525	0.020886871964882
2073.0355	0.0209068117243857
2071.6186	0.0203885828041317
2070.2016	0.0200753818310736
2068.7846	0.0201367931295524
2067.3676	0.0208203374235468
2065.9506	0.0200044166176905
2064.5337	0.0201473904826662
2063.1167	0.020107470005299
2061.6997	0.0202878580484172
2060.2827	0.0203403212894061
2058.8658	0.020265956412172
2057.4488	0.0208030615310078
2056.0318	0.0207746997604429
2054.6148	0.0212474644059917
2053.1979	0.0208115828621295
2051.7809	0.0207964044303868
2050.3639	0.0207637348858201
2048.9469	0.019899367904944
2047.53	0.0201762474598315
2046.113	0.0198735445296628
2044.696	0.0206283187821945
2043.279	0.0204457229955262
2041.8621	0.0206591372031779
2040.4451	0.020063046054433
2039.0281	0.0193611390803688
2037.6111	0.0194122336313906
2036.1942	0.0196110547692649
2034.7772	0.0198773752894822
2033.3602	0.0199448443615977
2031.9432	0.0202684809509617
2030.5263	0.0193123332352287
2029.1093	0.0188084064421292
2027.6923	0.0186817112875758
2026.2753	0.0196657787883493
2024.8584	0.0188162710820431
2023.4414	0.0188982724868584
2022.0244	0.0193256015340711
2020.6074	0.0197136893968779
2019.1904	0.0203287925717287
2017.7735	0.0198578911188682
2016.3565	0.0188831099228731
2014.9395	0.0188860543889789
2013.5225	0.0182265922622242
2012.1056	0.0185638776166464
2010.6886	0.0179482316642886
2009.2716	0.0182149651843066
2007.8546	0.0188178238960025
2006.4377	0.0190473746326877
2005.0207	0.018821969635184
2003.6037	0.0184820073830607
2002.1867	0.0187325545810756
2000.7698	0.0192857414771388
1999.3528	0.0193409736739374
1997.9358	0.018792947629111
1996.5188	0.0187359455109119
1995.1019	0.0183276578015679
1993.6849	0.0182315190494062
1992.2679	0.0178106006047458
1990.8509	0.0187226390599498
1989.434	0.0195691828311625
1988.017	0.0202544992439989
1986.6	0.0198388773055733
1985.183	0.0201730269092588
1983.7661	0.0198242272957927
1982.3491	0.0209951181712816
1980.9321	0.0199534551319256
1979.5151	0.020036204707266
1978.0982	0.0198986520871733
1976.6812	0.018855997835527
1975.2642	0.0183705683845088
1973.8472	0.0182670062647243
1972.4302	0.0190955357756584
1971.0133	0.0192972208786856
1969.5963	0.0189655231277257
1968.1793	0.0186144405536903
1966.7623	0.0178673815373434
1965.3454	0.0196099739038029
1963.9284	0.0193987563711686
1962.5114	0.0185833455694051
1961.0944	0.0189590817098743
1959.6775	0.0187276592147327
1958.2605	0.0187715895803677
1956.8435	0.0185053783522807
1955.4265	0.0188151276021265
1954.0096	0.0180864092977107
1952.5926	0.0198355363860733
1951.1756	0.0199855145036634
1949.7586	0.0198725817208363
1948.3417	0.0187506073769881
1946.9247	0.0182387311872941
1945.5077	0.0187106242785594
1944.0907	0.0189924907371476
1942.6738	0.0189928426827304
1941.2568	0.0191798688106505
1939.8398	0.0198263877800731
1938.4228	0.0194591984100269
1937.0059	0.0194859402662999
1935.5889	0.0190436630915723
1934.1719	0.0189678133818389
1932.7549	0.0186507744265063
1931.338	0.0191367945505204
1929.921	0.0180031887472873
1928.504	0.0186890558684922
1927.087	0.0195418501234221
1925.67	0.0190992789424745
1924.2531	0.0187640760336109
1922.8361	0.019634922002065
1921.4191	0.0190240107670886
1920.0021	0.019332770218546
1918.5852	0.0195670969491791
1917.1682	0.0192283153882742
1915.7512	0.0194141469103383
1914.3342	0.0195368331728309
1912.9173	0.0198696742474806
1911.5003	0.0190114162301439
1910.0833	0.0192985005931689
1908.6663	0.0186558912212346
1907.2494	0.0196623534937061
1905.8324	0.019274557908461
1904.4154	0.0196748599922807
1902.9984	0.0188166124488929
1901.5815	0.0195751194846656
1900.1645	0.0195048458173443
1898.7475	0.0191253797062367
1897.3305	0.0187089885526062
1895.9136	0.0187621126520687
1894.4966	0.0184157615780971
1893.0796	0.0192527476378823
1891.6626	0.0188024899479837
1890.2457	0.0188708149151134
1888.8287	0.0189559359560164
1887.4117	0.019308280773778
1885.9947	0.0196013553392463
1884.5778	0.0193993049333797
1883.1608	0.0190991013454155
1881.7438	0.0189644546037767
1880.3268	0.0189705621521033
1878.9098	0.0188317852007962
1877.4929	0.0194318155098128
1876.0759	0.018717054547992
1874.6589	0.0193544938802582
1873.2419	0.0182463238236054
1871.825	0.0189153860796695
1870.408	0.0189096786836485
1868.991	0.0189676298004664
1867.574	0.0192810562130586
1866.1571	0.0188197600740088
1864.7401	0.0187003521163583
1863.3231	0.0193846515888571
1861.9061	0.018958137728677
1860.4892	0.0193102769148096
1859.0722	0.0192491034154706
1857.6552	0.0193941660345845
1856.2382	0.018990244632899
1854.8213	0.0194119184396014
1853.4043	0.0179992437913682
1851.9873	0.0184437591005881
1850.5703	0.0184201459765744
1849.1534	0.0189134858118809
1847.7364	0.0188755938998672
1846.3194	0.0184532065513091
1844.9024	0.0187180886881904
1843.4855	0.0191197576730437
1842.0685	0.0185267684828165
1840.6515	0.0184382851443147
1839.2345	0.0190409970263299
1837.8176	0.0190644629558038
1836.4006	0.0176064205096373
1834.9836	0.0188625036139585
1833.5666	0.0188233408666724
1832.1496	0.0194972049116636
1830.7327	0.0185877508232827
1829.3157	0.0195574936442712
1827.8987	0.0185074692398571
1826.4817	0.0185188559009078
1825.0648	0.0180681978441222
1823.6478	0.0188905417341237
1822.2308	0.0197239631975728
1820.8138	0.0185989747775111
1819.3969	0.0186773675752706
1817.9799	0.0181205265719583
1816.5629	0.0185293490016556
1815.1459	0.0183482096353655
1813.729	0.018928115867247
1812.312	0.0180437424870109
1810.895	0.0179440706371513
1809.478	0.0182474811789317
1808.0611	0.0181343430077662
1806.6441	0.0180484212446529
1805.2271	0.0184058842376219
1803.8101	0.0180873874068076
1802.3932	0.0186670962471344
1800.9762	0.0185588267217645
1799.5592	0.0188198749636183
1798.1422	0.0190246380850849
1796.7253	0.0185195373829363
1795.3083	0.018804454243486
1793.8913	0.0183559890744001
1792.4743	0.0187611403040086
1791.0574	0.018572569386549
1789.6404	0.0185400808073042
1788.2234	0.0180828797536297
1786.8064	0.0189693042581912
1785.3894	0.0189553251204113
1783.9725	0.0182873807562289
1782.5555	0.0185479910712669
1781.1385	0.0190610205977727
1779.7215	0.0186963820402591
1778.3046	0.0187742023136609
1776.8876	0.0189001873948395
1775.4706	0.0186300876669316
1774.0536	0.018434658501274
1772.6367	0.0188534623217258
1771.2197	0.0188381262346351
1769.8027	0.0180844143669268
1768.3857	0.0190219911068779
1766.9688	0.0183294989364706
1765.5518	0.0184773388985782
1764.1348	0.0191875622774044
1762.7178	0.0191103864624624
1761.3009	0.0189292336255525
1759.8839	0.01893480941283
1758.4669	0.018876432457343
1757.0499	0.0187528453489617
1755.633	0.018889910206765
1754.216	0.019371915075612
1752.799	0.0199093512743974
1751.382	0.0187224680941799
1749.9651	0.0198311557556114
1748.5481	0.0193067231385973
1747.1311	0.0198678381466803
1745.7141	0.0202767570271816
1744.2972	0.020502894519278
1742.8802	0.0202289864190728
1741.4632	0.0205846255851105
1740.0462	0.0204673849638735
1738.6292	0.0206464976869447
1737.2123	0.0203446889045258
1735.7953	0.0208684455672305
1734.3783	0.0210078882621003
1732.9613	0.0206537104661875
1731.5444	0.0212633194626055
1730.1274	0.021004368787218
1728.7104	0.0218163434727363
1727.2934	0.021490397690731
1725.8765	0.0211407368248727
1724.4595	0.0222782354500834
1723.0425	0.022524221489789
1721.6255	0.021922809965892
1720.2086	0.0228311428400461
1718.7916	0.0222699745048127
1717.3746	0.0226854574698572
1715.9576	0.0230693034574727
1714.5407	0.0234481433479038
1713.1237	0.0235761896191876
1711.7067	0.0239652899786407
1710.2897	0.0237462446763061
1708.8728	0.0235768574020466
1707.4558	0.023727354431833
1706.0388	0.0247753354904723
1704.6218	0.0239225467649426
1703.2049	0.0243141594191612
1701.7879	0.0243470194637609
1700.3709	0.0247017555411267
1698.9539	0.0241364199803318
1697.537	0.025322153242749
1696.12	0.0256532281830967
1694.703	0.0251232465525788
1693.286	0.0250809550275103
1691.869	0.0260652356686404
1690.4521	0.0257624440789303
1689.0351	0.0256722407454448
1687.6181	0.025557198885609
1686.2011	0.0253373262653616
1684.7842	0.0261664847485558
1683.3672	0.0264643945263016
1681.9502	0.0255095688670085
1680.5332	0.0261617069420204
1679.1163	0.0257458127211016
1677.6993	0.0254919924949873
1676.2823	0.0265561333335655
1674.8653	0.026564271645077
1673.4484	0.0256476893800443
1672.0314	0.0269090296950438
1670.6144	0.0263220325239393
1669.1974	0.0264677488197832
1667.7805	0.0275264086602626
1666.3635	0.0269777086724091
1664.9465	0.0271229686963278
1663.5295	0.0274502153371335
1662.1126	0.0278744741100916
1660.6956	0.0275934971711486
1659.2786	0.0281412963805696
1657.8616	0.0276436558639688
1656.4447	0.0286738208217809
1655.0277	0.0281803592069541
1653.6107	0.0281856076859977
1652.1937	0.0297055290054984
1650.7768	0.0292479568566299
1649.3598	0.0294293481990086
1647.9428	0.0297299045167116
1646.5258	0.0309274035357294
1645.1088	0.0307854011189206
1643.6919	0.0312654028492037
1642.2749	0.0321079835460234
1640.8579	0.0320488270845531
1639.4409	0.0327216817377763
1638.024	0.0326893125335804
1636.607	0.0335837910478247
1635.19	0.0341500632079893
1633.773	0.0348722127950875
1632.3561	0.0350982389185218
1630.9391	0.0351956257270944
1629.5221	0.0356139826569788
1628.1051	0.0356478448230514
1626.6882	0.0359653649694395
1625.2712	0.0373009993377438
1623.8542	0.0372963221678722
1622.4372	0.037206854009032
1621.0203	0.0377665103452167
1619.6033	0.0376819542566658
1618.1863	0.0378663835489515
1616.7693	0.0386512447001769
1615.3524	0.0381430264209961
1613.9354	0.0386227690999191
1612.5184	0.0390259517295504
1611.1014	0.0397975462734888
1609.6845	0.0401508408919099
1608.2675	0.0409301644575108
1606.8505	0.0398818785292888
1605.4335	0.0420153299154712
1604.0166	0.0417998212812344
1602.5996	0.0423580044009153
1601.1826	0.0422891874226256
1599.7656	0.0425326818738044
1598.3486	0.0421018588760572
1596.9317	0.0423968664103217
1595.5147	0.0424581917692024
1594.0977	0.0418825953865542
1592.6807	0.041949543550516
1591.2638	0.0412312805104602
1589.8468	0.0414631576048169
1588.4298	0.0408951442196292
1587.0128	0.0403177916257037
1585.5959	0.0406315760249287
1584.1789	0.0390623326439064
1582.7619	0.039391311739823
1581.3449	0.0387570521327649
1579.928	0.038548492709927
1578.511	0.0382577891396117
1577.094	0.0377969142287827
1575.677	0.0373762005377319
1574.2601	0.0363735810871017
1572.8431	0.0358209352868156
1571.4261	0.0354592889584559
1570.0091	0.035848517294048
1568.5922	0.0349700209031861
1567.1752	0.0350480927429763
1565.7582	0.0343033148697485
1564.3412	0.0337576682396931
1562.9243	0.0334178133474713
1561.5073	0.0331326533306829
1560.0903	0.0320247104918963
1558.6733	0.0308143687709951
1557.2564	0.0310824682207873
1555.8394	0.0303187616607177
1554.4224	0.0298315739001977
1553.0054	0.0293090464162625
1551.5885	0.0293207862629916
1550.1715	0.0289665197806686
1548.7545	0.0278279972549162
1547.3375	0.028098959765459
1545.9205	0.0280945260044571
1544.5036	0.0274740879066542
1543.0866	0.0273746065517114
1541.6696	0.0272443216864083
1540.2526	0.0264957881667909
1538.8357	0.0268536461208973
1537.4187	0.0269323129981255
1536.0017	0.0266685058774316
1534.5847	0.0263864856672305
1533.1678	0.0262511005489492
1531.7508	0.0261649074080812
1530.3338	0.0262789157212335
1528.9168	0.02592180216678
1527.4999	0.0263280936838992
1526.0829	0.0264701344969555
1524.6659	0.0272630171359101
1523.2489	0.0271421648046741
1521.832	0.0283358730827913
1520.415	0.0288175533777936
1518.998	0.0297346599770035
1517.581	0.0307749053276877
1516.1641	0.0308013646021573
1514.7471	0.0314736208700914
1513.3301	0.0327991197588695
1511.9131	0.0324552343467051
1510.4962	0.0334100994901595
1509.0792	0.0330165595822147
1507.6622	0.0330959438176612
1506.2452	0.0329034265632285
1504.8283	0.0332150091271647
1503.4113	0.0319938518225644
1501.9943	0.0317157164353754
1500.5773	0.0316945646786561
1499.1603	0.0299133806060909
1497.7434	0.0290292492445806
1496.3264	0.0291864180181268
1494.9094	0.027794042066655
1493.4924	0.027407061497854
1492.0755	0.0271695409077975
1490.6585	0.0271049593545925
1489.2415	0.0267147680742688
1487.8245	0.0271260354601174
1486.4076	0.0281557091074486
1484.9906	0.0280392496794227
1483.5736	0.0284679112297405
1482.1566	0.0285283751408212
1480.7397	0.0296694771730871
1479.3227	0.0297460148797779
1477.9057	0.0289780344032481
1476.4887	0.0284752430474726
1475.0718	0.0293532800030543
1473.6548	0.0294929256041409
1472.2378	0.0303381873756489
1470.8208	0.031185176536084
1469.4039	0.0317825251805504
1467.9869	0.0328929262010223
1466.5699	0.0327676165974983
1465.1529	0.0335481735638358
1463.736	0.0346177584318318
1462.319	0.0347186194844685
1460.902	0.0354312646776464
1459.485	0.0357425087022442
1458.0681	0.0363362595440031
1456.6511	0.0363128090087496
1455.2341	0.0370847786043559
1453.8171	0.0374107752184157
1452.4001	0.038109937039198
1450.9832	0.0384388393793891
1449.5662	0.0379704730650855
1448.1492	0.0382174297086086
1446.7322	0.0380215931023499
1445.3153	0.0375521286772795
1443.8983	0.0381315445208208
1442.4813	0.0379019878532812
1441.0643	0.0383997234362935
1439.6474	0.0380669460605716
1438.2304	0.0379861235487377
1436.8134	0.0384664486923164
1435.3964	0.0390191984962023
1433.9795	0.0396297526816676
1432.5625	0.0394590970417481
1431.1455	0.0399875217179785
1429.7285	0.0401418477243237
1428.3116	0.0417170814070949
1426.8946	0.0416074592599779
1425.4776	0.0414506286541937
1424.0606	0.0420053910816696
1422.6437	0.0423675156193706
1421.2267	0.0417922076032011
1419.8097	0.0425250747186659
1418.3927	0.043881592826697
1416.9758	0.0438075990462161
1415.5588	0.0428495139517523
1414.1418	0.0432769728805062
1412.7248	0.0433037872396682
1411.3079	0.0438866173428769
1409.8909	0.043353521680769
1408.4739	0.0427682618882409
1407.0569	0.0437536119939322
1405.6399	0.0438916345215323
1404.223	0.0432283301310056
1402.806	0.0437361213119201
1401.389	0.0439881941565822
1399.972	0.0437063405723839
1398.5551	0.0438738801509128
1397.1381	0.043665362290056
1395.7211	0.0443235806942501
1394.3041	0.0448754443141587
1392.8872	0.0449028651212384
1391.4702	0.0460664917753779
1390.0532	0.0452674114487841
1388.6362	0.0459398023127691
1387.2193	0.046839091895147
1385.8023	0.0467499206835125
1384.3853	0.0474644213685904
1382.9683	0.0468228910846502
1381.5514	0.0473417965771643
1380.1344	0.0466705386930002
1378.7174	0.0465350764179239
1377.3004	0.0463747454440358
1375.8835	0.0466662650342119
1374.4665	0.0469519591941818
1373.0495	0.0466677070173327
1371.6325	0.0471995533846535
1370.2156	0.0474568548092694
1368.7986	0.0471596947305905
1367.3816	0.0483955259147319
1365.9646	0.0489845725019417
1364.5477	0.0491395518573529
1363.1307	0.0496202040857164
1361.7137	0.0499733353084995
1360.2967	0.0492511809487391
1358.8797	0.0489471378396667
1357.4628	0.0486630976620741
1356.0458	0.0492725146323869
1354.6288	0.0473489310166821
1353.2118	0.046755503325125
1351.7949	0.0467329265111848
1350.3779	0.0473643441403602
1348.9609	0.0468857046014613
1347.5439	0.0465610426587771
1346.127	0.04668146546736
1344.71	0.0468550727715578
1343.293	0.0480803368726836
1341.876	0.0474773445852182
1340.4591	0.0481927116713596
1339.0421	0.0476093271010156
1337.6251	0.0478987521709699
1336.2081	0.0487064884469174
1334.7912	0.0481121790127388
1333.3742	0.0477863447421575
1331.9572	0.0477904537014649
1330.5402	0.0475804341462437
1329.1233	0.0472821041319427
1327.7063	0.0463427509623358
1326.2893	0.0460941994156205
1324.8723	0.0460910548141546
1323.4554	0.0458893745786239
1322.0384	0.045282976830054
1320.6214	0.0447755906315515
1319.2044	0.0440601835722554
1317.7875	0.0439572715462349
1316.3705	0.0433195815568787
1314.9535	0.0436300601856218
1313.5365	0.0429181364602791
1312.1195	0.0434727943307731
1310.7026	0.0428443578488686
1309.2856	0.042590564184485
1307.8686	0.042645650061195
1306.4516	0.0420057721207626
1305.0347	0.0420583331274886
1303.6177	0.0430123929988513
1302.2007	0.0420893539375445
1300.7837	0.0424323607052903
1299.3668	0.0425223769718928
1297.9498	0.042691913498952
1296.5328	0.0435527304101534
1295.1158	0.0424412901698845
1293.6989	0.0426715378761181
1292.2819	0.0425052155383645
1290.8649	0.0422065008645073
1289.4479	0.0430163855584791
1288.031	0.0432489181508281
1286.614	0.0428625988099121
1285.197	0.0430058860629528
1283.78	0.0432084977779206
1282.3631	0.0430166591792083
1280.9461	0.0441766523475523
1279.5291	0.044272275677554
1278.1121	0.04485038231939
1276.6952	0.0452138236109514
1275.2782	0.0457393457162346
1273.8612	0.0453901620601789
1272.4442	0.0463967922549725
1271.0273	0.0470052879954808
1269.6103	0.0470622190697316
1268.1933	0.0461186809442629
1266.7763	0.0459562387824112
1265.3593	0.047456796715099
1263.9424	0.0461932450740376
1262.5254	0.0465397362921442
1261.1084	0.0454315393799556
1259.6914	0.0461632287299423
1258.2745	0.0458941035771097
1256.8575	0.0460987029639908
1255.4405	0.0459411531537299
1254.0235	0.0459521827535481
1252.6066	0.0458867287377478
1251.1896	0.0456883921446288
1249.7726	0.0462133824868899
1248.3556	0.045719427832379
1246.9387	0.0458366552231915
1245.5217	0.0451555016866966
1244.1047	0.0454035277006044
1242.6877	0.0451222669655242
1241.2708	0.0449817620176949
1239.8538	0.0453191563516789
1238.4368	0.0456410490408807
1237.0198	0.0446369018868207
1235.6029	0.0460997267789015
1234.1859	0.0458784217596899
1232.7689	0.0450956622718838
1231.3519	0.0452135048689082
1229.935	0.0451972153278738
1228.518	0.0438726368797213
1227.101	0.0443196260341298
1225.684	0.0429386531174416
1224.2671	0.0420686994616653
1222.8501	0.042257438315597
1221.4331	0.0417597056011403
1220.0161	0.0404615201363365
1218.5991	0.0410551369457571
1217.1822	0.0396623097117646
1215.7652	0.0398185087393057
1214.3482	0.0397815335734111
1212.9312	0.0387853251266056
1211.5143	0.0395708472580599
1210.0973	0.0387821114791516
1208.6803	0.0384820662449163
1207.2633	0.0383762584716376
1205.8464	0.0388612721705252
1204.4294	0.0380150064982602
1203.0124	0.0372564627979237
1201.5954	0.0370798392763733
1200.1785	0.0371339311827541
1198.7615	0.0358309730274421
1197.3445	0.0358215504234164
1195.9275	0.0351257904986244
1194.5106	0.035547052469811
1193.0936	0.0344422070472392
1191.6766	0.0332181790776008
1190.2596	0.0332573364789733
1188.8427	0.0335160141981601
1187.4257	0.0327195254443103
1186.0087	0.0326746677862132
1184.5917	0.0317823238624969
1183.1748	0.0316841547527286
1181.7578	0.0324365496660577
1180.3408	0.0317051499694575
1178.9238	0.0327864256281573
1177.5069	0.0326933894588367
1176.0899	0.0328003820530149
1174.6729	0.0333062675796397
1173.2559	0.0336299309936262
1171.8389	0.0348629347584262
1170.422	0.0362556561680892
1169.005	0.0377743793170896
1167.588	0.0393505270956804
1166.171	0.0406759239178666
1164.7541	0.0434312668933018
1163.3371	0.0452864700129136
1161.9201	0.0475764955348015
1160.5031	0.049683704952661
1159.0862	0.0523303971764657
1157.6692	0.0538931771873363
1156.2522	0.0571634012534279
1154.8352	0.0590906728957294
1153.4183	0.0592667801360111
1152.0013	0.0616013828469026
1150.5843	0.0622201291897954
1149.1673	0.0630219171014556
1147.7504	0.0629940192683544
1146.3334	0.0632267478634371
1144.9164	0.0634681411791238
1143.4994	0.0622395111634182
1142.0825	0.0623083161167965
1140.6655	0.0614757805540791
1139.2485	0.0600235619920297
1137.8315	0.0589994608622391
1136.4146	0.0587574971644983
1134.9976	0.0579036451995636
1133.5806	0.0567074984376637
1132.1636	0.0578734608684564
1130.7467	0.0574537017910976
1129.3297	0.0577047844478
1127.9127	0.0579223103787387
1126.4957	0.0575483344044278
1125.0787	0.0589776366846981
1123.6618	0.0588420717783436
1122.2448	0.0593819546528573
1120.8278	0.0588403617732736
1119.4108	0.0597421365194081
1117.9939	0.0598182217229043
1116.5769	0.0592911808643777
1115.1599	0.0596640792474234
1113.7429	0.0600676088698344
1112.326	0.0605500185793037
1110.909	0.0612377080051239
1109.492	0.0616954928664717
1108.075	0.0626462596131655
1106.6581	0.0623154293889543
1105.2411	0.0629841100399713
1103.8241	0.0635184740067814
1102.4071	0.0637648048016869
1100.9902	0.0648824607154439
1099.5732	0.0651841926951953
1098.1562	0.0650961586576579
1096.7392	0.0649361256816019
1095.3223	0.0658791462429621
1093.9053	0.0656290644122794
1092.4883	0.0667758551634253
1091.0713	0.0676948148114372
1089.6544	0.0687681598324399
1088.2374	0.0706613599067499
1086.8204	0.0719494590888621
1085.4034	0.0738510291982331
1083.9865	0.0766952392064463
1082.5695	0.0784665034003218
1081.1525	0.0807403156333729
1079.7355	0.082757125933611
1078.3185	0.0839040026693226
1076.9016	0.0849223403432305
1075.4846	0.0845736748422551
1074.0676	0.0842803506618869
1072.6506	0.0824603381115859
1071.2337	0.0818444120595385
1069.8167	0.0798344966567386
1068.3997	0.0786140911533143
1066.9827	0.077568282460574
1065.5658	0.0764940154653306
1064.1488	0.0770778882835645
1062.7318	0.0778662809187678
1061.3148	0.0781906201493805
1059.8979	0.0797247665130224
1058.4809	0.080667578824944
1057.0639	0.0820013007507505
1055.6469	0.0840258858129007
1054.23	0.0850242172372734
1052.813	0.0866450437339918
1051.396	0.0876682406695465
1049.979	0.0897589281163197
1048.5621	0.0916745044257932
1047.1451	0.0927137757999314
1045.7281	0.0950799424716739
1044.3111	0.0962868323394825
1042.8942	0.0983659101957962
1041.4772	0.100065100639099
1040.0602	0.101316271022085
1038.6432	0.102593830213498
1037.2263	0.104361889190552
1035.8093	0.106297768118057
1034.3923	0.107326745088467
1032.9753	0.109295462459332
1031.5583	0.111230616621934
1030.1414	0.11347466186935
1028.7244	0.115018668617062
1027.3074	0.11589606513112
1025.8904	0.118454678009222
1024.4735	0.120386624151803
1023.0565	0.121661056298677
1021.6395	0.123512224204675
1020.2225	0.125218153734551
1018.8056	0.126705852084514
1017.3886	0.128282917552747
1015.9716	0.128277317648472
1014.5546	0.129176854204427
1013.1377	0.129360200130381
1011.7207	0.129608361923783
1010.3037	0.129688924408994
1008.8867	0.129950219336517
1007.4698	0.130522260084754
1006.0528	0.130948728744037
1004.6358	0.130390444240674
1003.2188	0.130822018399252
1001.8019	0.132174019766033
1000.3849	0.132472500378096
998.9679	0.13325035781597
997.5509	0.134308347411567
996.134	0.134756388856565
994.717	0.135450609835733
993.3	0.13662972995914
991.883	0.136667124681554
990.4661	0.135946308465224
989.0491	0.136261054220888
987.6321	0.135260852396164
986.2151	0.133981457459237
984.7981	0.133996969183554
983.3812	0.13237812624566
981.9642	0.130958075031872
980.5472	0.12896740240445
979.1302	0.127831349892291
977.7133	0.124610056767938
976.2963	0.12303317779654
974.8793	0.120159120653308
973.4623	0.118887574506131
972.0454	0.11694929404568
970.6284	0.113765097832658
969.2114	0.111324960025268
967.7944	0.109094392336951
966.3775	0.106288695104734
964.9605	0.104709450699119
963.5435	0.101470379141138
962.1265	0.0995897578899524
960.7096	0.0976424485946707
959.2926	0.0955993415285813
957.8756	0.0934103649183262
956.4586	0.0920063625027729
955.0417	0.0900330955477557
953.6247	0.0880885332144505
952.2077	0.086580181739298
950.7907	0.0848068866853584
949.3738	0.0824716808888931
947.9568	0.0828059043909135
946.5398	0.0816507429135139
945.1228	0.0818756298608096
943.7059	0.0809707721716406
942.2889	0.0805268472197824
940.8719	0.0809970835205194
939.4549	0.0808890146206858
938.0379	0.0801429772136488
936.621	0.0810192663063086
935.204	0.0817690509364072
933.787	0.0815121236682814
932.37	0.0814743255437641
930.9531	0.0815374906057351
929.5361	0.0818016841339466
928.1191	0.081977674042493
926.7021	0.0817324863587786
925.2852	0.0814688239770796
923.8682	0.0808876572226553
922.4512	0.0818635525984582
921.0342	0.0804053920306738
919.6173	0.0806487691253834
918.2003	0.0804735481545948
916.7833	0.0790181636354302
915.3663	0.0790140298831188
913.9494	0.0786563013541135
912.5324	0.0784763965359874
911.1154	0.0775972474633904
909.6984	0.0765200737252526
908.2815	0.0758213303378224
906.8645	0.0748035769443309
905.4475	0.0734212319840237
904.0305	0.0740061957938404
902.6136	0.0734271443951219
901.1966	0.0719204213952248
899.7796	0.0717005563384334
898.3626	0.0713807011303851
896.9457	0.0709001568631047
895.5287	0.0707883691183478
894.1117	0.0704165037447186
892.6947	0.0690961970108762
891.2777	0.0686797365971806
889.8608	0.0685167788961539
888.4438	0.0680818661339039
887.0268	0.0666720911622747
885.6098	0.0663489865267699
884.1929	0.0660976744073956
882.7759	0.0658662550501407
881.3589	0.0649540864409034
879.9419	0.0647509327262957
878.525	0.0632971521128461
877.108	0.064007869204825
875.691	0.0635169137819037
874.274	0.0636132737314879
872.8571	0.0626645789461468
871.4401	0.0630545870855267
870.0231	0.0636584540731864
868.6061	0.0645515782246322
867.1892	0.0649137309084157
865.7722	0.0653596552640292
864.3552	0.0661355667740866
862.9382	0.0661252393238559
861.5213	0.0663554054945723
860.1043	0.0663261014541306
858.6873	0.0672644994317693
857.2703	0.0680473795976121
855.8534	0.0668247258569679
854.4364	0.0668894941135338
853.0194	0.0670663631466435
851.6024	0.0665370900967237
850.1855	0.0672339946290543
848.7685	0.0673010826979
847.3515	0.0675233754548147
845.9345	0.0669471123208357
844.5175	0.0671636296755714
843.1006	0.0665412303740811
841.6836	0.0667927765524748
840.2666	0.0665795041906596
838.8496	0.0658418002708732
837.4327	0.0657789850026041
836.0157	0.0648549976323476
834.5987	0.0650048613557142
833.1817	0.0643277622901611
831.7648	0.0643264519310047
830.3478	0.0638962461337537
828.9308	0.0632892186918665
827.5138	0.0629070689168604
826.0969	0.0625003423176653
824.6799	0.0623724480918098
823.2629	0.0624089408786917
821.8459	0.0624660566027041
820.429	0.0626489371133544
819.012	0.0625189585153377
817.595	0.0617331212051452
816.178	0.0620268052637157
814.7611	0.0611520634146211
813.3441	0.060708698116124
811.9271	0.0610820475817684
810.5101	0.0612075823196862
809.0932	0.060193319522469
807.6762	0.0602753380717997
806.2592	0.0603006273910141
804.8422	0.0596553049952649
803.4253	0.0597196256855942
802.0083	0.0596067402660358
800.5913	0.0589191252211401
799.1743	0.0600625078933716
797.7573	0.0595100150816519
796.3404	0.05991422937723
794.9234	0.0604052513137758
793.5064	0.0601990286204396
792.0894	0.0602056450514835
790.6725	0.0599345135153265
789.2555	0.0603604021750388
787.8385	0.0607096549315759
786.4215	0.0605025675269922
785.0046	0.0610686633667424
783.5876	0.061656171095297
782.1706	0.0620014856361296
780.7536	0.0623721122658007
779.3367	0.0632335554034411
777.9197	0.0629555501698485
776.5027	0.0637487608594043
775.0857	0.0648473313785743
773.6688	0.0656163584379659
772.2518	0.0655221827926254
770.8348	0.0665777776743949
769.4178	0.0673329211122036
768.0009	0.0678269478147446
766.5839	0.0691518137924918
765.1669	0.0696706997077732
763.7499	0.0702217489803258
762.333	0.0699765495041879
760.916	0.071035451988819
759.499	0.0715168226621685
758.082	0.0718285086363153
756.6651	0.0706234430651093
755.2481	0.0714309343625792
753.8311	0.0703364489032424
752.4141	0.0697471947793892
750.9971	0.0685491536172856
749.5802	0.0676076422580079
748.1632	0.0672564246359867
746.7462	0.0671715722211811
745.3292	0.0660214936811857
743.9123	0.0656736624382708
742.4953	0.0657730461412831
741.0783	0.064890298120967
739.6613	0.0647797729127869
738.2444	0.0645590249533805
736.8274	0.0647317401680336
735.4104	0.0647734453903318
733.9934	0.0644041844208137
732.5765	0.0650215981986317
731.1595	0.0645972484747044
729.7425	0.0661865214508758
728.3255	0.0653865670198286
726.9086	0.0659307274878316
725.4916	0.0660619894983227
724.0746	0.0665255601299652
722.6576	0.0665933330809059
721.2407	0.0677236377222918
719.8237	0.0682094196038869
718.4067	0.068225487623943
716.9897	0.070151621563386
715.5728	0.0700277136018199
714.1558	0.0712505099311431
712.7388	0.0715770773644361
711.3218	0.0716727935241429
709.9049	0.0736248428659338
708.4879	0.0731253898036487
707.0709	0.0737446563903439
705.6539	0.0742968244444274
704.2369	0.0746098602654136
702.82	0.0744992091677342
701.403	0.0739841285064006
699.986	0.0741258300124466
698.569	0.0742833807749157
697.1521	0.0736846977420518
695.7351	0.0740603547006794
694.3181	0.0739600540634895
692.9011	0.0733953194416316
691.4842	0.0739674103557436
690.0672	0.0735942929080418
688.6502	0.0740855407764829
687.2332	0.0736348049669165
685.8163	0.0736541823098141
684.3993	0.0741638663302747
682.9823	0.0736110736590008
681.5653	0.0733646739093575
680.1484	0.0735271414478441
678.7314	0.0742388460423844
677.3144	0.0743240092578791
675.8974	0.0743076742518106
674.4805	0.0740933042858737
673.0635	0.0752029105084005
671.6465	0.0752187260877915
670.2295	0.0746093813007568
668.8126	0.0752812212084705
667.3956	0.0758134588705305
665.9786	0.0761494865689233
664.5616	0.0762217197770596
663.1447	0.0761658418167898
661.7277	0.0768212046426131
660.3107	0.0758501789328337
658.8937	0.0765451373920819
657.4767	0.0765915231362184
656.0598	0.0766546560364254
654.6428	0.0772822139682052
653.2258	0.0775576111456856
651.8088	0.0775498878562122
650.3919	0.0778474059245163
648.9749	0.0776086426921474
647.5579	0.0778314112261834
646.1409	0.0787182610199443
644.724	0.0786840819139776
643.307	0.0798842425676783
641.89	0.0793958975367997
640.473	0.0792748327944943
639.0561	0.0791127577460345
637.6391	0.079736463078359
636.2221	0.0802874385620356
634.8051	0.0803060931800135
633.3882	0.0806424313229985
631.9712	0.0804539601315174
630.5542	0.0806805715571113
629.1372	0.0812326860747005
627.7203	0.0813628559280032
626.3033	0.0827573528649027
624.8863	0.0833663570726853
623.4693	0.0834234500422352
622.0524	0.0841877949069645
620.6354	0.0847927787478256
619.2184	0.0859529170354955
617.8014	0.0875788329388784
616.3845	0.0881365854669148
614.9675	0.0888299195144156
613.5505	0.0893337404647711
612.1335	0.0903407781029521
610.7165	0.0913490747970997
609.2996	0.0911202287233154
607.8826	0.0916507751940156
606.4656	0.0925696577974919
605.0486	0.0928211845541959
603.6317	0.0930488284166067
602.2147	0.0928949458703653
600.7977	0.0931454926670988
599.3807	0.0936724281570633
597.9638	0.094186562049558
596.5468	0.0934366330794661
595.1298	0.0935504747990972
593.7128	0.0941054601881661
592.2959	0.0928976611238764
590.8789	0.0942050549198244
589.4619	0.0938123040197012
588.0449	0.094681779721533
586.628	0.0951940842762962
585.211	0.0963025191845734
583.794	0.0974921703383737
582.377	0.0992917828800924
580.9601	0.100224320082112
579.5431	0.101844007510867
578.1261	0.102290210157789
576.7091	0.103336148894096
575.2922	0.105451042710991
573.8752	0.106485460547722
572.4582	0.107162178515452
571.0412	0.106618906169302
569.6243	0.107136740168166
568.2073	0.106307650329767
566.7903	0.106163369394578
565.3733	0.10634100737092
563.9563	0.10521812870781
562.5394	0.105138967758523
561.1224	0.104028011089417
559.7054	0.103720302905198
558.2884	0.104119074961397
556.8715	0.103598789722785
555.4545	0.103483973104441
554.0375	0.103416278795381
552.6205	0.103106181049817
551.2036	0.102623495056247
549.7866	0.102754857821085
548.3696	0.102499590471164
546.9526	0.101442540978782
545.5357	0.101153130742849
544.1187	0.101693015137395
542.7017	0.102354036218696
541.2847	0.102208621915504
539.8678	0.102849543756755
538.4508	0.104101878881566
537.0338	0.104686391676181
535.6168	0.104615388060719
534.1999	0.106374248313676
532.7829	0.106712269769588
531.3659	0.107790439771063
529.9489	0.108568959288426
528.532	0.10913155092846
527.115	0.110016333276038
525.698	0.110905407111728
524.281	0.111669243956794
522.8641	0.111076214358007
521.4471	0.112101847920887
520.0301	0.111679893514011
518.6131	0.111826857592764
517.1962	0.11248396456281
515.7792	0.112347911134876
514.3622	0.112432847963183
512.9452	0.112569072591092
511.5282	0.112509789048742
510.1113	0.111704769770022
508.6943	0.112269234145439
507.2773	0.112289556006396
505.8603	0.111624405395525
504.4434	0.110741811285311
503.0264	0.110611038497994
501.6094	0.110056036174617
500.1924	0.110674255438726
498.7755	0.110913343438029
497.3585	0.111726780600474
495.9415	0.111136053135922
494.5245	0.110676244491753
493.1076	0.109660154678737
491.6906	0.109098823253755
490.2736	0.108982023384812
488.8566	0.108617612779989
487.4397	0.109321771850271
486.0227	0.109517969075433
484.6057	0.109701090187328
483.1887	0.110023013169392
481.7718	0.112277757873535
480.3548	0.112165407413682
478.9378	0.112528266069322
477.5208	0.112469230584877
476.1039	0.111715717325611
474.6869	0.11155118657974
473.2699	0.112162965629463
471.8529	0.111175035419392
470.436	0.112243099943671
469.019	0.111052237522623
467.602	0.110225771121152
466.185	0.110122571501852
464.768	0.109368148791165
463.3511	0.109764823800411
461.9341	0.109270727571291
460.5171	0.108899832498523
459.1001	0.109733787071684
457.6832	0.109180722737866
456.2662	0.109649870992968
454.8492	0.111072201509015
453.4322	0.110464225860244
452.0153	0.111239610372802
450.5983	0.110130387851059
449.1813	0.110643818340971
447.7643	0.111193057462182
446.3474	0.112120998552297
444.9304	0.112888663976707
443.5134	0.113744846231493
442.0964	0.115546220142385
440.6795	0.115784287596302
439.2625	0.116137249005143
437.8455	0.117068760492574
436.4285	0.116769919862374
435.0116	0.117438005793263
433.5946	0.117609103442052
432.1776	0.118805449505677
430.7606	0.119475848452
429.3437	0.11918343891815
427.9267	0.119958806056806
426.5097	0.119774594405692
425.0927	0.121055633388224
423.6758	0.121728795147555
422.2588	0.121742700271225
420.8418	0.121693927082348
419.4248	0.12108678481145
418.0078	0.122027106750643
416.5909	0.121803152424864
415.1739	0.121104345756235
413.7569	0.121777360647528
412.3399	0.121151464020933
410.923	0.122887456231394
409.506	0.12465564968728
408.089	0.124975835331597
406.672	0.124523700311494
405.2551	0.12392298356227
403.8381	0.123488556369677
402.4211	0.122563066835837
401.0041	0.122960146161644
