3994.4546	0.0122929975610149
3993.0377	0.0116130246831675
3991.6207	0.011938466889928
3990.2037	0.012384636616321
3988.7867	0.0121932295522188
3987.3698	0.0116256001856422
3985.9528	0.0120157561604434
3984.5358	0.011986059723181
3983.1188	0.0124249647152402
3981.7019	0.0123527977979168
3980.2849	0.0119792676954358
3978.8679	0.011931200592686
3977.4509	0.0122745041755133
3976.034	0.0117604804573017
3974.617	0.0119460470602637
3973.2	0.0123814713630201
3971.783	0.0124051097850945
3970.3661	0.0114277209796124
3968.9491	0.011768967771008
3967.5321	0.0117890530593333
3966.1151	0.0120706749899709
3964.6982	0.0118065352297856
3963.2812	0.0123443297795169
3961.8642	0.0120140427208357
3960.4472	0.0118663498302795
3959.0303	0.0120285423176987
3957.6133	0.0118961278213833
3956.1963	0.0119415926963538
3954.7793	0.0118071108445454
3953.3624	0.0113805764312044
3951.9454	0.0117608879962978
3950.5284	0.0114557206541157
3949.1114	0.01169626931175
3947.6944	0.0124924258455032
3946.2775	0.012445938030252
3944.8605	0.011866000347939
3943.4435	0.0115863905220405
3942.0265	0.0116030146210552
3940.6096	0.011702541327476
3939.1926	0.012184523468543
3937.7756	0.0114505227483494
3936.3586	0.0116876353193434
3934.9417	0.0117032419729651
3933.5247	0.0118071125544041
3932.1077	0.0116433928893693
3930.6907	0.0122530333565278
3929.2738	0.0118334474277129
3927.8568	0.0117321973764687
3926.4398	0.0119947067154561
3925.0228	0.0114082551435992
3923.6059	0.0122638687047688
3922.1889	0.0120292421303738
3920.7719	0.012297819432764
3919.3549	0.0115931585005753
3917.938	0.0110473640870669
3916.521	0.0116485485444825
3915.104	0.0121648161785009
3913.687	0.012252408432926
3912.2701	0.0116990058892827
3910.8531	0.0115722767618045
3909.4361	0.0117450055112269
3908.0191	0.0121510334214168
3906.6022	0.0118168332791398
3905.1852	0.0115565415448819
3903.7682	0.0115685757286474
3902.3512	0.0113429649824219
3900.9342	0.0120824657997102
3899.5173	0.0122268991841028
3898.1003	0.0119353729303336
3896.6833	0.0116890523107157
3895.2663	0.0111741903900848
3893.8494	0.0115197439056383
3892.4324	0.011676017490522
3891.0154	0.0117694444607524
3889.5984	0.0114401905064804
3888.1815	0.0114972471783487
3886.7645	0.0116762840821571
3885.3475	0.0119925504096567
3883.9305	0.011817973283499
3882.5136	0.0113492871853653
3881.0966	0.0118021354712734
3879.6796	0.0118816757960377
3878.2626	0.0121104428049972
3876.8457	0.0112869336583678
3875.4287	0.0112893981680901
3874.0117	0.0116097956776954
3872.5947	0.0121767881831495
3871.1778	0.0117295381887169
3869.7608	0.0119081210766528
3868.3438	0.0113282898988063
3866.9268	0.0119278645481649
3865.5099	0.0116417279647737
3864.0929	0.0114078440809087
3862.6759	0.0114128248900265
3861.2589	0.0116646126226541
3859.842	0.0113589542667036
3858.425	0.0116904806173992
3857.008	0.0109978973210717
3855.591	0.0110876414544606
3854.174	0.011507180000116
3852.7571	0.0112485565962848
3851.3401	0.0114649325154885
3849.9231	0.011464950254136
3848.5061	0.0116160900737973
3847.0892	0.0112194425322806
3845.6722	0.0112514515695481
3844.2552	0.011085843938086
3842.8382	0.0112300844390981
3841.4213	0.0113532578019949
3840.0043	0.0115767199672015
3838.5873	0.0110162850408673
3837.1703	0.0116219732275942
3835.7534	0.0117330208694048
3834.3364	0.0110219995379178
3832.9194	0.0112698566417127
3831.5024	0.0120670346277341
3830.0855	0.011190309874175
3828.6685	0.0116230714694149
3827.2515	0.0116632609798393
3825.8345	0.0115112585918623
3824.4176	0.0117804528459146
3823.0006	0.0120196446753499
3821.5836	0.0113758049436712
3820.1666	0.011651485291263
3818.7497	0.0115479529678988
3817.3327	0.0113984524606655
3815.9157	0.0114420042682535
3814.4987	0.0112607951620925
3813.0818	0.011910468183206
3811.6648	0.0112546500342389
3810.2478	0.0113937271468123
3808.8308	0.011514851669087
3807.4138	0.0111956596647879
3805.9969	0.0108668523636831
3804.5799	0.0107340769244699
3803.1629	0.0107970388508701
3801.7459	0.0113634639737467
3800.329	0.0115403863439141
3798.912	0.0114499482257459
3797.495	0.0114890304776731
3796.078	0.0108343304641626
3794.6611	0.0112894018160986
3793.2441	0.0113117595610466
3791.8271	0.0112532525379242
3790.4101	0.0112983561457456
3788.9932	0.0110310853417806
3787.5762	0.0112944630887521
3786.1592	0.0107887446161332
3784.7422	0.0112287047535629
3783.3253	0.0108706080914596
3781.9083	0.0115750261124716
3780.4913	0.0115386589573888
3779.0743	0.0112580757811076
3777.6574	0.0115303471257985
3776.2404	0.0111387548979789
3774.8234	0.0110808019379841
3773.4064	0.011061390943336
3771.9895	0.0105523614975289
3770.5725	0.0109161782736259
3769.1555	0.0105353742015984
3767.7385	0.0111194301094755
3766.3216	0.0108969935930966
3764.9046	0.011048056633136
3763.4876	0.010887324173952
3762.0706	0.0106005986008336
3760.6536	0.0113393463871675
3759.2367	0.0114194995004017
3757.8197	0.0106527608728122
3756.4027	0.0110773058156165
3754.9857	0.0114198700164831
3753.5688	0.011188261654849
3752.1518	0.011148036361875
3750.7348	0.0112625237138833
3749.3178	0.0114255630861013
3747.9009	0.0118646580692259
3746.4839	0.0113684477384489
3745.0669	0.0110696504749707
3743.6499	0.0107527245527657
3742.233	0.0108345125533956
3740.816	0.0113859794374033
3739.399	0.011445314960216
3737.982	0.0110580088470854
3736.5651	0.0110066560394621
3735.1481	0.0106191797666606
3733.7311	0.0106418909757291
3732.3141	0.0107966051132726
3730.8972	0.010897533160357
3729.4802	0.0107472138026159
3728.0632	0.0104398437639609
3726.6462	0.0106895575763171
3725.2293	0.0105515140625723
3723.8123	0.0104018172598668
3722.3953	0.0103577329210072
3720.9783	0.0104871855216005
3719.5614	0.010916881761119
3718.1444	0.0105536073619187
3716.7274	0.0108994279365341
3715.3104	0.00993858970703155
3713.8935	0.0104329842797791
3712.4765	0.0104855809277375
3711.0595	0.0108693616572169
3709.6425	0.0109381250455622
3708.2255	0.0108202766556641
3706.8086	0.0104102192139822
3705.3916	0.0110201514241029
3703.9746	0.0103414312786771
3702.5576	0.0104147794948918
3701.1407	0.0110089891221958
3699.7237	0.0106761382494175
3698.3067	0.0107123252758274
3696.8897	0.0108706656075067
3695.4728	0.0104866842361531
3694.0558	0.0107161478993858
3692.6388	0.0107996459674761
3691.2218	0.0104861360716613
3689.8049	0.0104940618608893
3688.3879	0.0103097783882911
3686.9709	0.0103388886269549
3685.5539	0.0106104058105537
3684.137	0.0103776560099504
3682.72	0.0102306993606596
3681.303	0.0101078478519728
3679.886	0.0100025906590036
3678.4691	0.00966138284044787
3677.0521	0.0107233040157287
3675.6351	0.010172059610573
3674.2181	0.0105219419508758
3672.8012	0.0104138495752516
3671.3842	0.0107669334352804
3669.9672	0.0107238383460105
3668.5502	0.0104802627462515
3667.1333	0.010451502241122
3665.7163	0.0100036410656553
3664.2993	0.010393860242446
3662.8823	0.0100630962363146
3661.4653	0.0103552866890781
3660.0484	0.0106677190850691
3658.6314	0.0103714082404431
3657.2144	0.010434622204405
3655.7974	0.0104277565081394
3654.3805	0.0103729456563102
3652.9635	0.0100637991289302
3651.5465	0.0106361186521846
3650.1295	0.0104052531871505
3648.7126	0.010423028294627
3647.2956	0.011059550672682
3645.8786	0.01090074743471
3644.4616	0.0106389033933891
3643.0447	0.0110651011635811
3641.6277	0.0104983838620602
3640.2107	0.0111328236700475
3638.7937	0.011216373151476
3637.3768	0.0112512715107277
3635.9598	0.0112649793813194
3634.5428	0.0109500344004613
3633.1258	0.0111864307734249
3631.7089	0.0102769916445794
3630.2919	0.0110916620578627
3628.8749	0.0108458615080045
3627.4579	0.011442212185494
3626.041	0.0112315145972797
3624.624	0.0114584278880209
3623.207	0.0112577528808255
3621.79	0.0114333584673923
3620.3731	0.011515360221644
3618.9561	0.0115039053229162
3617.5391	0.0121129242793497
3616.1221	0.0120126179737314
3614.7051	0.0119549493736639
3613.2882	0.0114825045091734
3611.8712	0.0116751789773151
3610.4542	0.0121005531688865
3609.0372	0.0118552763066086
3607.6203	0.0119349184687137
3606.2033	0.0118098986687302
3604.7863	0.0122457319647029
3603.3693	0.0123641935975225
3601.9524	0.0128193394101632
3600.5354	0.0125036386538665
3599.1184	0.0127817009698031
3597.7014	0.0129687835544237
3596.2845	0.0128330203913593
3594.8675	0.0135137516958641
3593.4505	0.0129306260675023
3592.0335	0.0132043631030178
3590.6166	0.0130758618394277
3589.1996	0.0133449758299529
3587.7826	0.0132276563661447
3586.3656	0.013408815540685
3584.9487	0.0138995021026677
3583.5317	0.0141828449994811
3582.1147	0.0141592335690225
3580.6977	0.0142361954954135
3579.2808	0.0136569598121714
3577.8638	0.0145258872623886
3576.4468	0.0139669179003158
3575.0298	0.0143927760633426
3573.6129	0.0146150819077118
3572.1959	0.0150300270685846
3570.7789	0.0145513801579015
3569.3619	0.0152435205166676
3567.9449	0.0149471331690356
3566.528	0.0155038798339407
3565.111	0.0156114207370707
3563.694	0.015750073992137
3562.277	0.0160598275208662
3560.8601	0.0156804054176251
3559.4431	0.0160741722646308
3558.0261	0.0162328888310044
3556.6091	0.0165000972072338
3555.1922	0.0166174836765147
3553.7752	0.0165028204348493
3552.3582	0.0172421272762177
3550.9412	0.0167743065158464
3549.5243	0.0169247574020641
3548.1073	0.0173237956971046
3546.6903	0.0170857425123244
3545.2733	0.0176159984560152
3543.8564	0.0176530514612863
3542.4394	0.0181668650940538
3541.0224	0.0182415667814399
3539.6054	0.0181672488135906
3538.1885	0.0185912660775764
3536.7715	0.0190389935479734
3535.3545	0.0184714814769896
3533.9375	0.0189889094376003
3532.5206	0.0191457551494397
3531.1036	0.0193996146427075
3529.6866	0.0193376348289635
3528.2696	0.019955688497024
3526.8527	0.0197173337649293
3525.4357	0.0205026651719766
3524.0187	0.0202212679492397
3522.6017	0.0201439158202641
3521.1847	0.0206265724286857
3519.7678	0.0208634588466687
3518.3508	0.0211234968535989
3516.9338	0.0210144963844376
3515.5168	0.0206234264910428
3514.0999	0.0217602773141093
3512.6829	0.021436526619524
3511.2659	0.022092012496813
3509.8489	0.0219595864089895
3508.432	0.0220957065869602
3507.015	0.0223519912314626
3505.598	0.0229868229561769
3504.181	0.0227114626691365
3502.7641	0.0230691202358597
3501.3471	0.0232345126006237
3499.9301	0.0236287086258049
3498.5131	0.023004963788974
3497.0962	0.023365093534727
3495.6792	0.0237573266569367
3494.2622	0.0235978707750198
3492.8452	0.0236585328304946
3491.4283	0.0246561365508198
3490.0113	0.0240492100050288
3488.5943	0.0244993984456048
3487.1773	0.025230544768929
3485.7604	0.0247970371058057
3484.3434	0.0249591348158592
3482.9264	0.0250705574528769
3481.5094	0.0251823791041687
3480.0925	0.0256252252069298
3478.6755	0.0252958706648514
3477.2585	0.0259186185178791
3475.8415	0.0255098822067576
3474.4245	0.0260075999811391
3473.0076	0.0261129561388992
3471.5906	0.0268680612280001
3470.1736	0.0267747933368898
3468.7566	0.0267914627533461
3467.3397	0.0271614010885237
3465.9227	0.0274042489837074
3464.5057	0.0275299851531674
3463.0887	0.0274561474964862
3461.6718	0.0280298658978612
3460.2548	0.0277999569218126
3458.8378	0.0278291301773414
3457.4208	0.0277882361767658
3456.0039	0.0283105566287431
3454.5869	0.0285127133145422
3453.1699	0.0286232637570425
3451.7529	0.0288357871514714
3450.336	0.0287036554399503
3448.919	0.0291738662327743
3447.502	0.0293042640727999
3446.085	0.02956689635216
3444.6681	0.0295414728153704
3443.2511	0.0295075810497167
3441.8341	0.0297566239727068
3440.4171	0.0298425336710349
3439.0002	0.0299641319481797
3437.5832	0.0301504221890318
3436.1662	0.0303616426838786
3434.7492	0.0303331706597776
3433.3323	0.0308204681787054
3431.9153	0.0309948711364128
3430.4983	0.0311965022368634
3429.0813	0.0311257076230408
3427.6643	0.0311623843093045
3426.2474	0.0312815295497645
3424.8304	0.0310818517178917
3423.4134	0.031592491031716
3421.9964	0.031872877880447
3420.5795	0.0314791160955411
3419.1625	0.0324057142976503
3417.7455	0.0322654601770599
3416.3285	0.032237133550576
3414.9116	0.0326449565118237
3413.4946	0.0329474567836536
3412.0776	0.0328536314554974
3410.6606	0.0327905634093603
3409.2437	0.0330065294772568
3407.8267	0.03375807234304
3406.4097	0.0338212901204973
3404.9927	0.0335144427868944
3403.5758	0.0332634513767486
3402.1588	0.0337363245913707
3400.7418	0.0340682433610549
3399.3248	0.0335036981828783
3397.9079	0.0342378542254796
3396.4909	0.0344291257730734
3395.0739	0.0340372413167888
3393.6569	0.0345785862400981
3392.24	0.0345002556422152
3390.823	0.0349433070085119
3389.406	0.034785140180955
3387.989	0.0349600626819463
3386.5721	0.0346071570563495
3385.1551	0.0352473093006937
3383.7381	0.0351723712746166
3382.3211	0.0355394720649612
3380.9041	0.0353947206294802
3379.4872	0.0355882322205263
3378.0702	0.0359349716973365
3376.6532	0.035846670163221
3375.2362	0.0357416150978579
3373.8193	0.0363381895039409
3372.4023	0.0356843903106257
3370.9853	0.0362013123006441
3369.5683	0.0364366830611206
3368.1514	0.0366511594643075
3366.7344	0.036602611495387
3365.3174	0.03672149841237
3363.9004	0.0365007412585461
3362.4835	0.0366992658617586
3361.0665	0.0371968265853855
3359.6495	0.0366704328666948
3358.2325	0.0373419767085683
3356.8156	0.0370134100461275
3355.3986	0.0377251399748475
3353.9816	0.0375889837564066
3352.5646	0.0373630104293465
3351.1477	0.0376410311510656
3349.7307	0.0373567649988543
3348.3137	0.0379087496339876
3346.8967	0.0374837009636983
3345.4798	0.0377890676936295
3344.0628	0.0376490136715604
3342.6458	0.0380672336169423
3341.2288	0.0378975571952117
3339.8119	0.0378762860985576
3338.3949	0.0373613620838003
3336.9779	0.038344396363985
3335.5609	0.038128466447585
3334.1439	0.0379984900784846
3332.727	0.0380783911683741
3331.31	0.0379518943822777
3329.893	0.0385535638196355
3328.476	0.0387843504907747
3327.0591	0.0385885111577315
3325.6421	0.0379713197285959
3324.2251	0.0382955236872908
3322.8081	0.0391008232761808
3321.3912	0.0389050284262132
3319.9742	0.0392024526874154
3318.5572	0.0388735344865243
3317.1402	0.0388645372119201
3315.7233	0.0389231972575811
3314.3063	0.0388545562785918
3312.8893	0.0388783315984479
3311.4723	0.0387129243299488
3310.0554	0.0386266149260093
3308.6384	0.0387747148771925
3307.2214	0.0387964395310872
3305.8044	0.0391462594385452
3304.3875	0.0397028918689276
3302.9705	0.0391640477681586
3301.5535	0.0390356435524204
3300.1365	0.0392360621673193
3298.7196	0.0393970918211389
3297.3026	0.0389689725443834
3295.8856	0.0394221405362286
3294.4686	0.0387027064812346
3293.0517	0.0392308195718248
3291.6347	0.0393868334502784
3290.2177	0.0395320819220856
3288.8007	0.0396089908581489
3287.3837	0.0394848466467861
3285.9668	0.0399881026835048
3284.5498	0.0389176070640739
3283.1328	0.0393736764242611
3281.7158	0.0393662003159484
3280.2989	0.0392118574606991
3278.8819	0.0390956187922222
3277.4649	0.039296199666498
3276.0479	0.0395582816733596
3274.631	0.0390622785434415
3273.214	0.0391957115415477
3271.797	0.0387993040370281
3270.38	0.0394179021805111
3268.9631	0.0400262823510027
3267.5461	0.0392030493751243
3266.1291	0.0391658225147929
3264.7121	0.0392454273355093
3263.2952	0.0393673414558595
3261.8782	0.0391133170107507
3260.4612	0.0394636419706112
3259.0442	0.0391112914544866
3257.6273	0.0397488961199267
3256.2103	0.0397070579642016
3254.7933	0.0388102001676085
3253.3763	0.0394548452269764
3251.9594	0.0394127083711477
3250.5424	0.0393354929845072
3249.1254	0.0392789694497808
3247.7084	0.0393233965602454
3246.2915	0.0389118593469617
3244.8745	0.03888502928258
3243.4575	0.039212380937256
3242.0405	0.0389555097005189
3240.6235	0.0389675139609771
3239.2066	0.0388660895111964
3237.7896	0.0386296805408381
3236.3726	0.0391994143713993
3234.9556	0.0386940147515396
3233.5387	0.0394715171813549
3232.1217	0.0390186710027226
3230.7047	0.038679861566051
3229.2877	0.0392596805921256
3227.8708	0.0389516545958988
3226.4538	0.0388955164250347
3225.0368	0.0385807332065706
3223.6198	0.0387818239601332
3222.2029	0.0385408083635897
3220.7859	0.0380643317562693
3219.3689	0.0388068962314067
3217.9519	0.0384719986550324
3216.535	0.0386202475139997
3215.118	0.038433867650964
3213.701	0.0382763024876988
3212.284	0.0383971542279882
3210.8671	0.0386626898566394
3209.4501	0.0381054696464877
3208.0331	0.0377784984189255
3206.6161	0.0380936672425562
3205.1992	0.0377482817618382
3203.7822	0.037966360903839
3202.3652	0.0375572864629706
3200.9482	0.0373283873113229
3199.5313	0.0377608020109574
3198.1143	0.0376671974708896
3196.6973	0.037337831309466
3195.2803	0.0372785996486119
3193.8633	0.0371463656259586
3192.4464	0.0369551654607088
3191.0294	0.0373572646529135
3189.6124	0.0368563051428202
3188.1954	0.0369113950633713
3186.7785	0.036996761414287
3185.3615	0.0366599282780562
3183.9445	0.0368411666264247
3182.5275	0.0367773862488745
3181.1106	0.0370255814792348
3179.6936	0.0365285881723676
3178.2766	0.0373318390187856
3176.8596	0.0363621800238563
3175.4427	0.0359119433614194
3174.0257	0.0360787140330056
3172.6087	0.0363095741616655
3171.1917	0.0362689217217075
3169.7748	0.0351925672390876
3168.3578	0.0365430405585715
3166.9408	0.035428917403504
3165.5238	0.0357645963082996
3164.1069	0.0361029114878309
3162.6899	0.0353541730062433
3161.2729	0.0353184353447697
3159.8559	0.0348897375424274
3158.439	0.0351375761801486
3157.022	0.03539053117362
3155.605	0.0347237269051863
3154.188	0.0348888159183471
3152.7711	0.0352227270399921
3151.3541	0.0348128946833797
3149.9371	0.0344996137552224
3148.5201	0.0349945993407598
3147.1031	0.034384906358035
3145.6862	0.0343896402786765
3144.2692	0.034400017502929
3142.8522	0.0335830178626728
3141.4352	0.0333056383964971
3140.0183	0.0339244555301913
3138.6013	0.0342456934556244
3137.1843	0.0336977765669936
3135.7673	0.0337116770395795
3134.3504	0.0331468701214919
3132.9334	0.0328613077940498
3131.5164	0.0333331423015532
3130.0994	0.0330247875231213
3128.6825	0.0327341930700397
3127.2655	0.0327768768053906
3125.8485	0.0330755445429384
3124.4315	0.0325741160045626
3123.0146	0.0328831301171275
3121.5976	0.0320561010327645
3120.1806	0.0325836392552482
3118.7636	0.0323087750149838
3117.3467	0.0318515719851332
3115.9297	0.0320129092368579
3114.5127	0.0321526107129017
3113.0957	0.0319792551454586
3111.6788	0.0315724793480052
3110.2618	0.030802718892832
3108.8448	0.0315715649501544
3107.4278	0.0316897066093985
3106.0109	0.0316543071253773
3104.5939	0.0312605084641679
3103.1769	0.031514370266872
3101.7599	0.0310717660403579
3100.3429	0.0313809165751629
3098.926	0.0303899677251934
3097.509	0.030453428402996
3096.092	0.030292555533708
3094.675	0.0305406866881669
3093.2581	0.0302684610853718
3091.8411	0.0303988190791142
3090.4241	0.0300780664899854
3089.0071	0.0300827719784615
3087.5902	0.0301224607507234
3086.1732	0.0294889907560401
3084.7562	0.0297812683684826
3083.3392	0.0296344973178962
3081.9223	0.029374270462415
3080.5053	0.0299202394511175
3079.0883	0.0289952393373585
3077.6713	0.0293738112287555
3076.2544	0.0296737753258138
3074.8374	0.0291025912472279
3073.4204	0.0295677401804244
3072.0034	0.0291660217472517
3070.5865	0.0291380771750682
3069.1695	0.0288495946103752
3067.7525	0.028738019816331
3066.3355	0.0287099005565145
3064.9186	0.0286387723926699
3063.5016	0.0283845022164719
3062.0846	0.0280192246809097
3060.6676	0.0281816018841419
3059.2507	0.0282267619204389
3057.8337	0.0278130228281177
3056.4167	0.0280940232753956
3054.9997	0.0278400259450585
3053.5827	0.0281101103668796
3052.1658	0.0275802196785613
3050.7488	0.0273244290760368
3049.3318	0.0272088670686048
3047.9148	0.027568818069605
3046.4979	0.0273260043953823
3045.0809	0.0271928095939159
3043.6639	0.0271375483140003
3042.2469	0.0272181678376163
3040.83	0.0273362672904179
3039.413	0.0265357432483677
3037.996	0.0265668331074526
3036.579	0.0265484600212368
3035.1621	0.0266489995511048
3033.7451	0.0263347699630681
3032.3281	0.0259253659592771
3030.9111	0.0261194910436689
3029.4942	0.0258991555396927
3028.0772	0.0256513599986364
3026.6602	0.0256566550697387
3025.2432	0.0267014271511978
3023.8263	0.0257659994863852
3022.4093	0.0254426364648664
3020.9923	0.0252170791099149
3019.5753	0.025414623226071
3018.1584	0.0257363968828346
3016.7414	0.025540650022525
3015.3244	0.025457423613667
3013.9074	0.0255630809258298
3012.4905	0.024990654843159
3011.0735	0.0253746915309601
3009.6565	0.0251259461229463
3008.2395	0.0252688374576564
3006.8225	0.0247142839153029
3005.4056	0.024553752580463
3003.9886	0.0252646096232249
3002.5716	0.0246703865095066
3001.1546	0.0245042024365187
2999.7377	0.0245514023343271
2998.3207	0.0250305612236917
2996.9037	0.0247522332347217
2995.4867	0.0250811101317296
2994.0698	0.024791128222031
2992.6528	0.0251302336735039
2991.2358	0.0248585783177901
2989.8188	0.0246559337004786
2988.4019	0.0245646713290048
2986.9849	0.0240270903361863
2985.5679	0.0250349123674092
2984.1509	0.0248486674654204
2982.734	0.0250523411410809
2981.317	0.0250930796327661
2979.9	0.0247136413799045
2978.483	0.0247446089659489
2977.0661	0.0248557744036444
2975.6491	0.024853388019401
2974.2321	0.0256288380011453
2972.8151	0.0255110884997778
2971.3982	0.0258699583100527
2969.9812	0.0257950885740505
2968.5642	0.0257483125077981
2967.1472	0.0260595396745213
2965.7303	0.0260705242691737
2964.3133	0.0260065441228482
2962.8963	0.0261635549969955
2961.4793	0.0258181165605843
2960.0623	0.0267042861366954
2958.6454	0.026541680691862
2957.2284	0.0256672405061251
2955.8114	0.0272255954711202
2954.3944	0.0274305276075499
2952.9775	0.0275627490198027
2951.5605	0.027085814034324
2950.1435	0.0272391846755897
2948.7265	0.0277653143342398
2947.3096	0.0279845050184684
2945.8926	0.0282447350167345
2944.4756	0.0286873015671575
2943.0586	0.0279066287172221
2941.6417	0.0286087778520321
2940.2247	0.0289870004503923
2938.8077	0.0293865563797857
2937.3907	0.0290829726077588
2935.9738	0.0293719893514004
2934.5568	0.0299456722123844
2933.1398	0.0301921988168224
2931.7228	0.0298094045398688
2930.3059	0.0295834524178581
2928.8889	0.0302547561264707
2927.4719	0.0299519994974822
2926.0549	0.0306641511370136
2924.638	0.0304501566712923
2923.221	0.0301346050284589
2921.804	0.0301698242677226
2920.387	0.0302171467763281
2918.9701	0.0303372073985196
2917.5531	0.0304466639946433
2916.1361	0.0304933287134089
2914.7191	0.0302674200656977
2913.3021	0.0306214845549728
2911.8852	0.030210153659629
2910.4682	0.0299417014291585
2909.0512	0.0299247309205177
2907.6342	0.0304327438224366
2906.2173	0.0300176613154488
2904.8003	0.0295954083783028
2903.3833	0.0299767117908595
2901.9663	0.0298065485080089
2900.5494	0.0297103577206483
2899.1324	0.0301291735043089
2897.7154	0.0297904753344865
2896.2984	0.0302612513294888
2894.8815	0.0300421630840251
2893.4645	0.0299470742118409
2892.0475	0.0291920655656129
2890.6305	0.0299475219813165
2889.2136	0.0294552049075919
2887.7966	0.029480135896815
2886.3796	0.0303644698083
2884.9626	0.0296332996320238
2883.5457	0.0293576581075775
2882.1287	0.0291056318157608
2880.7117	0.0293193262308236
2879.2947	0.0289949114230133
2877.8778	0.0296910399178327
2876.4608	0.0291630198706681
2875.0438	0.0292910604951264
2873.6268	0.0289173372321703
2872.2099	0.0290520744209908
2870.7929	0.0286221741994716
2869.3759	0.0292453738187474
2867.9589	0.0281575114536146
2866.5419	0.027928213232343
2865.125	0.0279932759473021
2863.708	0.0275574685166626
2862.291	0.0274089155325357
2860.874	0.0279954159063416
2859.4571	0.0274859379224919
2858.0401	0.026819556121639
2856.6231	0.0273141322257884
2855.2061	0.0270238948762607
2853.7892	0.0270171131301145
2852.3722	0.0269686735677242
2850.9552	0.0273274205427747
2849.5382	0.0270102979237925
2848.1213	0.0263291236578532
2846.7043	0.0260521026774016
2845.2873	0.02695440942164
2843.8703	0.02650547630176
2842.4534	0.0268831751171691
2841.0364	0.0264838116812081
2839.6194	0.0262337559235247
2838.2024	0.0268047606808448
2836.7855	0.0262127612801419
2835.3685	0.0258109250917971
2833.9515	0.0258660449915665
2832.5345	0.0257539478323539
2831.1176	0.0261870888768628
2829.7006	0.0253578433229437
2828.2836	0.0256107234804652
2826.8666	0.0255997540497331
2825.4497	0.0253307159449895
2824.0327	0.0252442948587308
2822.6157	0.0250715652032508
2821.1987	0.0256244469693224
2819.7817	0.0249746619889636
2818.3648	0.0246682288518909
2816.9478	0.0247881321606003
2815.5308	0.0243102866568179
2814.1138	0.0247051254112252
2812.6969	0.0249183909489368
2811.2799	0.0247650503131812
2809.8629	0.0246950353805551
2808.4459	0.0243600837504661
2807.029	0.0241205388462042
2805.612	0.0241234809326268
2804.195	0.0238492347283945
2802.778	0.0241051617640945
2801.3611	0.0239240609604446
2799.9441	0.02427160281203
2798.5271	0.0242504882300438
2797.1101	0.0239223563254988
2795.6932	0.0235696906334658
2794.2762	0.0236158394827037
2792.8592	0.0239081481829411
2791.4422	0.0237655881692854
2790.0253	0.0237069699983505
2788.6083	0.0234606303390384
2787.1913	0.0234921945107081
2785.7743	0.0236017117517564
2784.3574	0.0234132394667041
2782.9404	0.0239105853128703
2781.5234	0.0236815348266707
2780.1064	0.023420400995435
2778.6895	0.0236683912128934
2777.2725	0.0233292486316799
2775.8555	0.0234645398803437
2774.4385	0.0235380946022817
2773.0215	0.0232040313824836
2771.6046	0.02353591168777
2770.1876	0.0231361065553916
2768.7706	0.0228941148965884
2767.3536	0.0234745464628701
2765.9367	0.023178988995454
2764.5197	0.0229019882052594
2763.1027	0.0230842899883849
2761.6857	0.0227406446094431
2760.2688	0.0233073063734233
2758.8518	0.0230771674344616
2757.4348	0.0232337028092398
2756.0178	0.0231963859008559
2754.6009	0.022587224392775
2753.1839	0.0232592280837966
2751.7669	0.0231290184811647
2750.3499	0.0230319855843005
2748.933	0.0227856738674269
2747.516	0.0227544144674498
2746.099	0.0232146659140943
2744.682	0.0234563111807459
2743.2651	0.0224929296198677
2741.8481	0.0225628015382451
2740.4311	0.0225125028932863
2739.0141	0.0226424201276115
2737.5972	0.0233533398020187
2736.1802	0.0227098960619549
2734.7632	0.0227394221163099
2733.3462	0.0224689189836533
2731.9293	0.0229517462632964
2730.5123	0.0223621379098765
2729.0953	0.0228135246825758
2727.6783	0.0228957646985762
2726.2613	0.0225615723593481
2724.8444	0.0228659755991364
2723.4274	0.0227510281690138
2722.0104	0.0227379539530865
2720.5934	0.0222144102831442
2719.1765	0.0226568608388381
2717.7595	0.0220377439851211
2716.3425	0.022414248318846
2714.9255	0.0222283550321937
2713.5086	0.0223147593887137
2712.0916	0.0226933594345579
2710.6746	0.0222547279144508
2709.2576	0.022355707785187
2707.8407	0.0222805815378966
2706.4237	0.0222108995638086
2705.0067	0.0228641250001506
2703.5897	0.0222778908732612
2702.1728	0.0218880644047754
2700.7558	0.0223299639119882
2699.3388	0.0221698588364892
2697.9218	0.0220295289495232
2696.5049	0.0223894985326801
2695.0879	0.0224509553086111
2693.6709	0.0227986843941323
2692.2539	0.0220115953183183
2690.837	0.0223394663181474
2689.42	0.0217030418877035
2688.003	0.0216068523698046
2686.586	0.021893698845262
2685.1691	0.0217263101168859
2683.7521	0.0219811533462769
2682.3351	0.0225611291810943
2680.9181	0.0221836655698134
2679.5011	0.0217631490156428
2678.0842	0.0220556881035319
2676.6672	0.0222307549908091
2675.2502	0.0218367653821219
2673.8332	0.0216382955698919
2672.4163	0.0220223493290182
2670.9993	0.0220815974766736
2669.5823	0.0216039193882234
2668.1653	0.0217673479569268
2666.7484	0.0215093454502595
2665.3314	0.0214817130984466
2663.9144	0.0219253064684321
2662.4974	0.0220350980166241
2661.0805	0.021907819237974
2659.6635	0.021800032963966
2658.2465	0.0217619818411914
2656.8295	0.0214401989944082
2655.4126	0.0216681602751693
2653.9956	0.0215159611628476
2652.5786	0.0212955455452491
2651.1616	0.0212652222773346
2649.7447	0.0216371144682057
2648.3277	0.0214154917738943
2646.9107	0.0210709591840558
2645.4937	0.0213815714067949
2644.0768	0.0208696606032529
2642.6598	0.020652617544932
2641.2428	0.0212221405787562
2639.8258	0.0214597286060823
2638.4089	0.0208205133201868
2636.9919	0.0211882881865749
2635.5749	0.020726908565956
2634.1579	0.0214229729555313
2632.741	0.0207859940096266
2631.324	0.0207690810546614
2629.907	0.0207105446463455
2628.49	0.0204121380092388
2627.073	0.0208411224268117
2625.6561	0.0207025041148557
2624.2391	0.0205146725008254
2622.8221	0.020833435597426
2621.4051	0.0205500031503435
2619.9882	0.0207862111322218
2618.5712	0.0208671230589868
2617.1542	0.0201371345519181
2615.7372	0.0203634479412159
2614.3203	0.0205274395969292
2612.9033	0.0205875766076661
2611.4863	0.0203894649836243
2610.0693	0.0200583388425015
2608.6524	0.0204583113577521
2607.2354	0.0204823037886473
2605.8184	0.0204077403370951
2604.4014	0.0202049217175289
2602.9845	0.0201794335585965
2601.5675	0.0200041294458323
2600.1505	0.0201855504482685
2598.7335	0.020485348370923
2597.3166	0.0201025386448533
2595.8996	0.0204394261617388
2594.4826	0.0202165117343209
2593.0656	0.0202110121789419
2591.6487	0.0200775450529364
2590.2317	0.0198791999753945
2588.8147	0.0197881900269856
2587.3977	0.0196721852261691
2585.9808	0.0198347597273744
2584.5638	0.0200349978633282
2583.1468	0.0200648036414383
2581.7298	0.019723800714566
2580.3128	0.0198919705615072
2578.8959	0.0199050352199843
2577.4789	0.0197625486704731
2576.0619	0.0197363947932663
2574.6449	0.0194652748045745
2573.228	0.0197720801024333
2571.811	0.0194982440703037
2570.394	0.0193278532430133
2568.977	0.0194748893168415
2567.5601	0.0199721201421548
2566.1431	0.0197353521465596
2564.7261	0.0192475478180019
2563.3091	0.0197464352873383
2561.8922	0.0198949737288652
2560.4752	0.0194967508302739
2559.0582	0.0199516716598513
2557.6412	0.0197730690958205
2556.2243	0.0196525100037964
2554.8073	0.0196589847128868
2553.3903	0.0190864266909786
2551.9733	0.0195248399187706
2550.5564	0.0192621980058512
2549.1394	0.0189599158583499
2547.7224	0.0193139119025965
2546.3054	0.0191873731267433
2544.8885	0.0196381258128934
2543.4715	0.0192188104412705
2542.0545	0.0192106692922578
2540.6375	0.0193316928526632
2539.2206	0.0191605172016494
2537.8036	0.0191292422560369
2536.3866	0.0194201219333618
2534.9696	0.0192986070497376
2533.5526	0.0187759530201488
2532.1357	0.0189808064785779
2530.7187	0.0195459029332305
2529.3017	0.0188341806584408
2527.8847	0.0190664490871401
2526.4678	0.0188864842046417
2525.0508	0.018576057988447
2523.6338	0.0190360105098724
2522.2168	0.0185622272233864
2520.7999	0.0188018111405857
2519.3829	0.0188372836448999
2517.9659	0.0189132761930502
2516.5489	0.0188979003602276
2515.132	0.0190994961901483
2513.715	0.0191127089028722
2512.298	0.0187613319407646
2510.881	0.0187679915386222
2509.4641	0.0190080361900196
2508.0471	0.019002998325879
2506.6301	0.0187872127244125
2505.2131	0.0184425632199686
2503.7962	0.0183442719628284
2502.3792	0.018756020984705
2500.9622	0.0185493096721336
2499.5452	0.0185665311818772
2498.1283	0.0182582669157167
2496.7113	0.018452848831762
2495.2943	0.0187329867635152
2493.8773	0.0186115842847267
2492.4604	0.0183427980977413
2491.0434	0.018414208474378
2489.6264	0.0186736159215939
2488.2094	0.018663975697025
2486.7924	0.0186635875517685
2485.3755	0.0186705087709486
2483.9585	0.0184792545541184
2482.5415	0.0182818391395362
2481.1245	0.0184991046514106
2479.7076	0.0184995708592916
2478.2906	0.0185787070759956
2476.8736	0.018543903122554
2475.4566	0.0180160647309088
2474.0397	0.0184912391805845
2472.6227	0.0187382566000367
2471.2057	0.0185712311748519
2469.7887	0.0185573108009246
2468.3718	0.0182504447012059
2466.9548	0.0180513744557987
2465.5378	0.0182623052686941
2464.1208	0.0181828398858021
2462.7039	0.0184777723664632
2461.2869	0.0183021275139687
2459.8699	0.0181788965536652
2458.4529	0.0181857109461977
2457.036	0.0185805665096459
2455.619	0.0179545155403886
2454.202	0.0182430913010053
2452.785	0.0185172871490026
2451.3681	0.0183443813963197
2449.9511	0.0186085853912181
2448.5341	0.0178785951317299
2447.1171	0.0183219825555095
2445.7002	0.0180667535222001
2444.2832	0.018248838679804
2442.8662	0.0176476749680465
2441.4492	0.0179967301739968
2440.0322	0.0176893016468158
2438.6153	0.0176936188634721
2437.1983	0.0178982958411598
2435.7813	0.0177874252877107
2434.3643	0.0181014031145579
2432.9474	0.0180050785088507
2431.5304	0.0181077258336626
2430.1134	0.0177796057925827
2428.6964	0.0177373401902583
2427.2795	0.0178296642019441
2425.8625	0.0176855479068076
2424.4455	0.017864635015568
2423.0285	0.0174492421657955
2421.6116	0.0176652805082318
2420.1946	0.0181690138085829
2418.7776	0.0176939750002751
2417.3606	0.0175869711075083
2415.9437	0.0178045756706846
2414.5267	0.0172452567719677
2413.1097	0.0174489964320565
2411.6927	0.0177418155874023
2410.2758	0.0180761920672607
2408.8588	0.0172864218720409
2407.4418	0.0174859089124222
2406.0248	0.017604738465203
2404.6079	0.0174197047151132
2403.1909	0.0178777029117068
2401.7739	0.0176798169169526
2400.3569	0.0175378877758061
2398.94	0.0170157848983352
2397.523	0.0178001324600406
2396.106	0.0175062054438925
2394.689	0.0172322929054923
2393.272	0.0174955845303165
2391.8551	0.0177472545521814
2390.4381	0.0181012088136571
2389.0211	0.0176609308816484
2387.6041	0.0172665978235202
2386.1872	0.0170637019819707
2384.7702	0.017335989961313
2383.3532	0.0172951916283665
2381.9362	0.0175011055596039
2380.5193	0.0175351685421193
2379.1023	0.0167083056800918
2377.6853	0.0170962333600584
2376.2683	0.0175328038609627
2374.8514	0.0169880870912331
2373.4344	0.0171327267863295
2372.0174	0.0173281917030153
2370.6004	0.017002891006147
2369.1835	0.0166285115935156
2367.7665	0.016891743036475
2366.3495	0.0171480262096383
2364.9325	0.0173823626674937
2363.5156	0.017211438859756
2362.0986	0.0171158794617517
2360.6816	0.0170632661193176
2359.2646	0.017008239736225
2357.8477	0.0172793088749272
2356.4307	0.0170422368025208
2355.0137	0.0165550880207783
2353.5967	0.0169907197962424
2352.1798	0.0170585707714614
2350.7628	0.0172898444431626
2349.3458	0.0166003243748828
2347.9288	0.0167438755527603
2346.5118	0.0167401743127597
2345.0949	0.016451226529854
2343.6779	0.0166110090281919
2342.2609	0.0165223007191344
2340.8439	0.0165644022839164
2339.427	0.0169174847576286
2338.01	0.0171932909723714
2336.593	0.0169095307015943
2335.176	0.0170232773539581
2333.7591	0.0166466551813945
2332.3421	0.0171839594271638
2330.9251	0.0173094808042703
2329.5081	0.0176902906712233
2328.0912	0.0175935463550929
2326.6742	0.0171533091625018
2325.2572	0.0173671164242202
2323.8402	0.0177524695471311
2322.4233	0.0175533191299697
2321.0063	0.017452619309035
2319.5893	0.0175393515675747
2318.1723	0.0172631970701634
2316.7554	0.0169976690891841
2315.3384	0.0170643680371208
2313.9214	0.017637008183483
2312.5044	0.0170235477891732
2311.0875	0.0172364875052132
2309.6705	0.017124015895915
2308.2535	0.0171055635337832
2306.8365	0.0162279139901022
2305.4196	0.0168803370226555
2304.0026	0.0168657122536416
2302.5856	0.0171296360775124
2301.1686	0.017445072500884
2299.7516	0.0168796055394328
2298.3347	0.0166535823250969
2296.9177	0.0174774494444879
2295.5007	0.0169730104552112
2294.0837	0.0169144831386904
2292.6668	0.0169157970058951
2291.2498	0.0170796063327058
2289.8328	0.0175101072321235
2288.4158	0.0170341866704516
2286.9989	0.0170091321457232
2285.5819	0.0167011090105813
2284.1649	0.0165625828633123
2282.7479	0.0171367341380772
2281.331	0.0167383413500164
2279.914	0.0165737185229403
2278.497	0.0164402784779582
2277.08	0.0169817714413608
2275.6631	0.0165654009878583
2274.2461	0.0163641141375625
2272.8291	0.0170950103874574
2271.4121	0.0167068132161737
2269.9952	0.0166717715970289
2268.5782	0.0168902307441272
2267.1612	0.0165718213747328
2265.7442	0.0162713423677214
2264.3273	0.0165497997113229
2262.9103	0.0162210294330998
2261.4933	0.0157478837576629
2260.0763	0.0163116190400626
2258.6594	0.0164924958269763
2257.2424	0.0163467477067466
2255.8254	0.016450366873952
2254.4084	0.0163568622201102
2252.9914	0.0158611446776969
2251.5745	0.0158429509276909
2250.1575	0.015429754080873
2248.7405	0.0160017222622296
2247.3235	0.016439700538698
2245.9066	0.0167170276479842
2244.4896	0.0161064369839012
2243.0726	0.0164841856517521
2241.6556	0.016129914907951
2240.2387	0.016251005727252
2238.8217	0.0160076257520719
2237.4047	0.0155608914157388
2235.9877	0.016309375603743
2234.5708	0.0158574972044091
2233.1538	0.0161459684878225
2231.7368	0.016192255924706
2230.3198	0.0160739164445251
2228.9029	0.0166480723903407
2227.4859	0.0158756905055169
2226.0689	0.0154687305238546
2224.6519	0.0156352957476252
2223.235	0.015746684852514
2221.818	0.0158373833930545
2220.401	0.0155488715507274
2218.984	0.0158868070757931
2217.5671	0.0163488441753102
2216.1501	0.0160048104352695
2214.7331	0.0156350785502627
2213.3161	0.0155961684918584
2211.8992	0.0159997040294627
2210.4822	0.0156463730759343
2209.0652	0.0159697045152619
2207.6482	0.0162016279910007
2206.2312	0.0162146808011379
2204.8143	0.016175252966536
2203.3973	0.0162520862476588
2201.9803	0.0161592554627738
2200.5633	0.0160024060715816
2199.1464	0.0155515285261181
2197.7294	0.0153372595674481
2196.3124	0.0159322308317311
2194.8954	0.0160583865570306
2193.4785	0.0161037366878064
2192.0615	0.0161211768337153
2190.6445	0.0163854460962596
2189.2275	0.0163638748967197
2187.8106	0.0162267452603275
2186.3936	0.015813667671082
2184.9766	0.016202110749894
2183.5596	0.0159395894137096
2182.1427	0.0153091687646249
2180.7257	0.0155995694384251
2179.3087	0.0164186518182026
2177.8917	0.01563291919603
2176.4748	0.015863215612488
2175.0578	0.0159806241401811
2173.6408	0.0153387413350814
2172.2238	0.0152876651282096
2170.8069	0.0156744405485726
2169.3899	0.0164565077066295
2167.9729	0.0166004573321549
2166.5559	0.0167518036777773
2165.139	0.0155399496825917
2163.722	0.0165694814049208
2162.305	0.016585397846393
2160.888	0.0163195536363176
2159.471	0.0153939849833248
2158.0541	0.0148594891022522
2156.6371	0.0141725960954734
2155.2201	0.0141154634522195
2153.8031	0.0143369294765119
2152.3862	0.0142641993026949
2150.9692	0.0148694344903127
2149.5522	0.015265689297458
2148.1352	0.0147981347449403
2146.7183	0.014477952467936
2145.3013	0.0147615728171778
2143.8843	0.0150029495558449
2142.4673	0.0149093202187656
2141.0504	0.0149397445282638
2139.6334	0.0151818866812854
2138.2164	0.0144935039771549
2136.7994	0.0143609077133645
2135.3825	0.0149993025341504
2133.9655	0.015126151777957
2132.5485	0.0147571829344868
2131.1315	0.0146660146934686
2129.7146	0.0151400645641946
2128.2976	0.01547720679371
2126.8806	0.0157290480876847
2125.4636	0.0156835609004363
2124.0467	0.0157413851670802
2122.6297	0.0159118545907685
2121.2127	0.0154274094099916
2119.7957	0.0157852003056136
2118.3788	0.0152160578221582
2116.9618	0.0154122514147464
2115.5448	0.0157145477200639
2114.1278	0.015346385621511
2112.7108	0.0156786717384112
2111.2939	0.0156216512021154
2109.8769	0.0155187625611135
2108.4599	0.0155168186676413
2107.0429	0.0156529153442565
2105.626	0.0153604077477517
2104.209	0.0159979794641474
2102.792	0.0157622095522977
2101.375	0.0152487120418117
2099.9581	0.0149647867825839
2098.5411	0.0154978588669497
2097.1241	0.0154386674906361
2095.7071	0.0154728373822759
2094.2902	0.0156100499444291
2092.8732	0.0151708154886083
2091.4562	0.0152287712500274
2090.0392	0.0154300424002312
2088.6223	0.0154429664492667
2087.2053	0.0154051412288397
2085.7883	0.0154301122719576
2084.3713	0.0151353014586215
2082.9544	0.0150219923620608
2081.5374	0.0154458750433777
2080.1204	0.0157993418507234
2078.7034	0.0154738595684645
2077.2865	0.0153372360968151
2075.8695	0.0151428614080506
2074.4525	0.0146219646693926
2073.0355	0.015598829264468
2071.6186	0.0158887350165295
2070.2016	0.0156605020280581
2068.7846	0.0148922855769878
2067.3676	0.0151987916932699
2065.9506	0.015272733802458
2064.5337	0.0155515711785666
2063.1167	0.0153734092814297
2061.6997	0.0155363753108747
2060.2827	0.0150324009189007
2058.8658	0.0150722305658154
2057.4488	0.0148842095129016
2056.0318	0.0150649374224156
2054.6148	0.0150525436572791
2053.1979	0.0149612625603802
2051.7809	0.0152539311096538
2050.3639	0.0153662360904902
2048.9469	0.0150515546021203
2047.53	0.0144918181508928
2046.113	0.0144150896356076
2044.696	0.0146280441981485
2043.279	0.0152390749013335
2041.8621	0.0145303453028635
2040.4451	0.015101606254719
2039.0281	0.0150629813104951
2037.6111	0.0146052562789084
2036.1942	0.0144556387475928
2034.7772	0.0140846265557819
2033.3602	0.0140533387828236
2031.9432	0.0141515565913109
2030.5263	0.0139267374983654
2029.1093	0.0138819378207815
2027.6923	0.0142912299209798
2026.2753	0.0143239445307867
2024.8584	0.0137670070198501
2023.4414	0.0131228307700595
2022.0244	0.0131868201219601
2020.6074	0.0134010109760568
2019.1904	0.0140819702899503
2017.7735	0.0142089579628288
2016.3565	0.0133439466744256
2014.9395	0.0131708274570001
2013.5225	0.0125908884272206
2012.1056	0.0136177987585237
2010.6886	0.0132882257154229
2009.2716	0.0132766927573208
2007.8546	0.0135015172027819
2006.4377	0.0128766357698508
2005.0207	0.012991377964689
2003.6037	0.0134764700181464
2002.1867	0.0143188826455783
2000.7698	0.0139377059846357
1999.3528	0.0140717136031804
1997.9358	0.0137306431424794
1996.5188	0.0137858988992335
1995.1019	0.0133011086654695
1993.6849	0.0135282938377094
1992.2679	0.0134878527500761
1990.8509	0.0138638202072129
1989.434	0.0140500779063183
1988.017	0.0139670739212146
1986.6	0.0141681435866872
1985.183	0.0134944714829568
1983.7661	0.013725885477403
1982.3491	0.0142277389903141
1980.9321	0.0136977904788856
1979.5151	0.0140752782233037
1978.0982	0.0140240592662794
1976.6812	0.0135397311862357
1975.2642	0.013201838990206
1973.8472	0.0127851118217589
1972.4302	0.0130483396550165
1971.0133	0.012998241518011
1969.5963	0.0126778700376343
1968.1793	0.0128935665149036
1966.7623	0.0127765381528778
1965.3454	0.0130655518460926
1963.9284	0.0132617202251431
1962.5114	0.0137005651032526
1961.0944	0.0132510479504547
1959.6775	0.0134747226811455
1958.2605	0.0139023824706181
1956.8435	0.0134140779675215
1955.4265	0.0136917422422031
1954.0096	0.0137199318330669
1952.5926	0.0138576390205215
1951.1756	0.0141255029093588
1949.7586	0.0141191989580455
1948.3417	0.0135893080830647
1946.9247	0.0138872521535421
1945.5077	0.0138246828333153
1944.0907	0.0136578019887618
1942.6738	0.0140777163234786
1941.2568	0.0138356856843608
1939.8398	0.0141877907831242
1938.4228	0.0141467477897533
1937.0059	0.0141109534463588
1935.5889	0.0141328369761509
1934.1719	0.0140761158945741
1932.7549	0.014153910475538
1931.338	0.0135475771095436
1929.921	0.0137395224575333
1928.504	0.0141607649578969
1927.087	0.0144190502592438
1925.67	0.0140870728056817
1924.2531	0.0147837686989285
1922.8361	0.0144452882410186
1921.4191	0.0141034974135843
1920.0021	0.014356463652258
1918.5852	0.0145193512898713
1917.1682	0.0146182577133457
1915.7512	0.0138306689481265
1914.3342	0.0144792350214681
1912.9173	0.0146534548031697
1911.5003	0.0143615018405941
1910.0833	0.0145257377001127
1908.6663	0.0143655132144145
1907.2494	0.0149125670222497
1905.8324	0.0141978342483423
1904.4154	0.0141728304723043
1902.9984	0.0138268588166106
1901.5815	0.0145481453672489
1900.1645	0.0138993005204061
1898.7475	0.0152788703888409
1897.3305	0.0141343586051483
1895.9136	0.0142506671450316
1894.4966	0.0144581851742165
1893.0796	0.0146187932383216
1891.6626	0.0141180623803703
1890.2457	0.0144675841472696
1888.8287	0.0147194275223907
1887.4117	0.0142632485716576
1885.9947	0.0147508064924187
1884.5778	0.0147112450916605
1883.1608	0.014501369082001
1881.7438	0.0147090627697645
1880.3268	0.0138702445715063
1878.9098	0.0138846703013957
1877.4929	0.0136728115209066
1876.0759	0.0135412133246223
1874.6589	0.0142390121426512
1873.2419	0.0144970002265706
1871.825	0.0142786852180073
1870.408	0.0143699649510708
1868.991	0.0142514676461117
1867.574	0.0140536498756931
1866.1571	0.0137161948219408
1864.7401	0.0143233043619601
1863.3231	0.0147322047325146
1861.9061	0.0143863950442332
1860.4892	0.0141511645996007
1859.0722	0.0146797109965952
1857.6552	0.014223794777715
1856.2382	0.0134839644455913
1854.8213	0.0139205833980618
1853.4043	0.0136160126309494
1851.9873	0.0142505204206691
1850.5703	0.0143933479584048
1849.1534	0.0140958669562622
1847.7364	0.0143511671325944
1846.3194	0.0142401254122177
1844.9024	0.013755194264368
1843.4855	0.0142612472879837
1842.0685	0.0143021623904317
1840.6515	0.0143889300678837
1839.2345	0.0135196636567634
1837.8176	0.0141684164337472
1836.4006	0.0145890702170855
1834.9836	0.0136388513960735
1833.5666	0.013916586998515
1832.1496	0.0145069381972308
1830.7327	0.0139813112181391
1829.3157	0.0140077738610824
1827.8987	0.0139384935452619
1826.4817	0.0133044738132033
1825.0648	0.0134973742572247
1823.6478	0.0139942464952541
1822.2308	0.013972662011362
1820.8138	0.0142527300450156
1819.3969	0.0138121501040644
1817.9799	0.0143091599376213
1816.5629	0.0139630237775518
1815.1459	0.0144717060618917
1813.729	0.0139142007546088
1812.312	0.0141930550738055
1810.895	0.013895147840261
1809.478	0.0140574170734701
1808.0611	0.0138955383638299
1806.6441	0.0137333095158963
1805.2271	0.0139218838380089
1803.8101	0.0133778959644963
1802.3932	0.0140409598109564
1800.9762	0.0137863154213964
1799.5592	0.0138991599489796
1798.1422	0.014463848947583
1796.7253	0.0136091509955296
1795.3083	0.0141451033119424
1793.8913	0.013668307643542
1792.4743	0.0139229873780607
1791.0574	0.0139133800797879
1789.6404	0.0144610508866279
1788.2234	0.0140804644541744
1786.8064	0.0142038684637749
1785.3894	0.0143382067425827
1783.9725	0.0140864062712748
1782.5555	0.0140021716161494
1781.1385	0.0144471678725493
1779.7215	0.014391013026884
1778.3046	0.0140751315689702
1776.8876	0.0140130403490067
1775.4706	0.0138117860810207
1774.0536	0.0146896146598477
1772.6367	0.0141304873592007
1771.2197	0.0138649930774865
1769.8027	0.0143736479890177
1768.3857	0.0142832786800792
1766.9688	0.0139921042578625
1765.5518	0.0145849485614804
1764.1348	0.0142146724373057
1762.7178	0.0141344864161458
1761.3009	0.0145286564620035
1759.8839	0.0145194710517683
1758.4669	0.0144138783272499
1757.0499	0.0147161666581475
1755.633	0.0151001475526537
1754.216	0.0144908474360092
1752.799	0.0150051371182502
1751.382	0.0146608356404382
1749.9651	0.0149083363444667
1748.5481	0.0149871900197969
1747.1311	0.0142718507920494
1745.7141	0.0146866646135688
1744.2972	0.0152092845158546
1742.8802	0.014909883003592
1741.4632	0.0151261599541318
1740.0462	0.01557157167549
1738.6292	0.0150993359262734
1737.2123	0.0154947684177656
1735.7953	0.0152243282886536
1734.3783	0.0156448819743617
1732.9613	0.0159028771282302
1731.5444	0.0159266776680883
1730.1274	0.0161723625843219
1728.7104	0.0164001982999589
1727.2934	0.0166108436004477
1725.8765	0.0163645340621794
1724.4595	0.0165675830502705
1723.0425	0.0170795143344664
1721.6255	0.0170909030842534
1720.2086	0.017006552126947
1718.7916	0.0170524238601962
1717.3746	0.0173100051472318
1715.9576	0.0173775174901715
1714.5407	0.0181005599915925
1713.1237	0.0174371785222254
1711.7067	0.0179630110738311
1710.2897	0.0177589611426477
1708.8728	0.0177099651434336
1707.4558	0.0180309093454043
1706.0388	0.018071098524853
1704.6218	0.0183871487065226
1703.2049	0.0180700116641426
1701.7879	0.018006911694195
1700.3709	0.0183568951859833
1698.9539	0.0191602163053831
1697.537	0.0188076806947974
1696.12	0.0190319106486984
1694.703	0.0195759942237247
1693.286	0.0189963471860231
1691.869	0.0193649396471561
1690.4521	0.0189008802927045
1689.0351	0.0189562544991562
1687.6181	0.0190895338331407
1686.2011	0.0189798701249472
1684.7842	0.0194836855897783
1683.3672	0.0195728933707907
1681.9502	0.0198809147603768
1680.5332	0.0200508829234543
1679.1163	0.0197922057979329
1677.6993	0.0193488537909687
1676.2823	0.0201779900252464
1674.8653	0.019957241086395
1673.4484	0.0202438563646788
1672.0314	0.0199819200711322
1670.6144	0.0200443656359223
1669.1974	0.0204613643351096
1667.7805	0.0203889819130999
1666.3635	0.020695485299188
1664.9465	0.0211252565702795
1663.5295	0.0211424546057466
1662.1126	0.0212908223598237
1660.6956	0.021224652922293
1659.2786	0.0212089369351564
1657.8616	0.0211788838055976
1656.4447	0.0216060230165113
1655.0277	0.021469524803794
1653.6107	0.0215183048906947
1652.1937	0.0222132990465657
1650.7768	0.0226207736006888
1649.3598	0.0226154196019554
1647.9428	0.0225415941777834
1646.5258	0.0229276912989565
1645.1088	0.0237760227527619
1643.6919	0.0244300755193985
1642.2749	0.0237837636816979
1640.8579	0.0234108496620412
1639.4409	0.0241141515426676
1638.024	0.0250899121628929
1636.607	0.0251970373358335
1635.19	0.0261879658369291
1633.773	0.0264856465536143
1632.3561	0.0266185402474154
1630.9391	0.0270906722628268
1629.5221	0.0265824649657223
1628.1051	0.0272332693249626
1626.6882	0.0273172603573179
1625.2712	0.0273402372269034
1623.8542	0.027122115815187
1622.4372	0.0279641796814364
1621.0203	0.0281120522733958
1619.6033	0.0284901851363274
1618.1863	0.0281058598222968
1616.7693	0.0285714934998367
1615.3524	0.0291535427042203
1613.9354	0.029366840016785
1612.5184	0.0292099926025366
1611.1014	0.0296571755209
1609.6845	0.0299782702573045
1608.2675	0.0301840190569434
1606.8505	0.0305888658672025
1605.4335	0.0310424663933894
1604.0166	0.0308467653016651
1602.5996	0.0308741950494765
1601.1826	0.0312792706149599
1599.7656	0.0321746623756638
1598.3486	0.0316124365545562
1596.9317	0.0311119747553266
1595.5147	0.0316386690270944
1594.0977	0.0311130684841672
1592.6807	0.0309835492596053
1591.2638	0.031185802587576
1589.8468	0.0309244407824154
1588.4298	0.0301458074461741
1587.0128	0.0304454505528147
1585.5959	0.0297348464061479
1584.1789	0.0293189630364811
1582.7619	0.0290799808534084
1581.3449	0.0291919163259188
1579.928	0.027850564388217
1578.511	0.0278545403068485
1577.094	0.0274106258222846
1575.677	0.026831919107396
1574.2601	0.0270286187733979
1572.8431	0.0266414134339801
1571.4261	0.0259745304704668
1570.0091	0.0266790180761307
1568.5922	0.0258153155922842
1567.1752	0.0254856868541167
1565.7582	0.0252416022219594
1564.3412	0.0247353218219064
1562.9243	0.0241230622785726
1561.5073	0.0242074261462578
1560.0903	0.0232812164186484
1558.6733	0.0231166507683182
1557.2564	0.0223811543703042
1555.8394	0.0221162110972928
1554.4224	0.0221893328100374
1553.0054	0.0219239792615143
1551.5885	0.0211612065833124
1550.1715	0.0212207895688551
1548.7545	0.0206470640385
1547.3375	0.0208299382945313
1545.9205	0.0206593114880032
1544.5036	0.0205823752639434
1543.0866	0.019689265008263
1541.6696	0.0201695619133149
1540.2526	0.0201775936257952
1538.8357	0.0202014181924299
1537.4187	0.0198681324757834
1536.0017	0.0196386254617167
1534.5847	0.0199987687064113
1533.1678	0.0196130629470977
1531.7508	0.019842235084517
1530.3338	0.0197212907124714
1528.9168	0.0200673621014729
1527.4999	0.0195550386903567
1526.0829	0.01961673616759
1524.6659	0.0205819920275706
1523.2489	0.0206909085069697
1521.832	0.0212596167790876
1520.415	0.0213968603507529
1518.998	0.0223754861520535
1517.581	0.0231150451122329
1516.1641	0.023334542375798
1514.7471	0.0232190180593912
1513.3301	0.0240421015056046
1511.9131	0.0238256493585127
1510.4962	0.0245696259326687
1509.0792	0.0245070835099435
1507.6622	0.025013181920351
1506.2452	0.0252260095923529
1504.8283	0.0242603924884518
1503.4113	0.0236744847359094
1501.9943	0.0235366278254575
1500.5773	0.0233409923244338
1499.1603	0.0224460933626603
1497.7434	0.0213780170899247
1496.3264	0.021441382583562
1494.9094	0.0207378682843327
1493.4924	0.0210005390805786
1492.0755	0.0205048445342546
1490.6585	0.0206107793905518
1489.2415	0.0201650196273891
1487.8245	0.0209841670650193
1486.4076	0.0207976141339627
1484.9906	0.0213359553018709
1483.5736	0.0216528388674504
1482.1566	0.0217461325639085
1480.7397	0.0216386353853559
1479.3227	0.0221877603754337
1477.9057	0.0221659090119302
1476.4887	0.0220591424833131
1475.0718	0.0226487186873238
1473.6548	0.0226413708754944
1472.2378	0.0232960207447914
1470.8208	0.0236467551683953
1469.4039	0.0239301373984544
1467.9869	0.0245221629208421
1466.5699	0.0249060617647758
1465.1529	0.0258600509125972
1463.736	0.0260243120018973
1462.319	0.0264921547461317
1460.902	0.0264875514160812
1459.485	0.0263708332074656
1458.0681	0.027125560606099
1456.6511	0.0280519202231805
1455.2341	0.0282749163617178
1453.8171	0.0287942040171696
1452.4001	0.0290279380382574
1450.9832	0.0288500342546459
1449.5662	0.0284649203335115
1448.1492	0.029128506686386
1446.7322	0.029162497012297
1445.3153	0.0287135964935044
1443.8983	0.0288501727836539
1442.4813	0.0284712526988034
1441.0643	0.0289361339361235
1439.6474	0.0286700694539383
1438.2304	0.0295439502722179
1436.8134	0.0286697604959281
1435.3964	0.0293406522082096
1433.9795	0.0299981102702341
1432.5625	0.0302443521064359
1431.1455	0.0301120466200926
1429.7285	0.0309224517765434
1428.3116	0.0310199644900136
1426.8946	0.0309556531380734
1425.4776	0.0312577984497867
1424.0606	0.031869005059936
1422.6437	0.0321574121094762
1421.2267	0.0322379175215542
1419.8097	0.0317429623190049
1418.3927	0.0319945775050563
1416.9758	0.0325409991623595
1415.5588	0.0328344899921588
1414.1418	0.032578328521958
1412.7248	0.0324484052364166
1411.3079	0.0327454785320677
1409.8909	0.0327209410473507
1408.4739	0.0329758003820702
1407.0569	0.0329259889680827
1405.6399	0.0330899310958707
1404.223	0.0333563690655299
1402.806	0.0330850164649692
1401.389	0.0330039381641696
1399.972	0.0328800613695145
1398.5551	0.0334771304446395
1397.1381	0.0327103705093197
1395.7211	0.0334599610425973
1394.3041	0.0338909975907197
1392.8872	0.0341123209522733
1391.4702	0.034095213719611
1390.0532	0.0344994825083624
1388.6362	0.0349564932422705
1387.2193	0.0349542234910449
1385.8023	0.0354426583055518
1384.3853	0.0356290184886126
1382.9683	0.0356397806869585
1381.5514	0.0353589876527715
1380.1344	0.0358800940930324
1378.7174	0.0356767897703575
1377.3004	0.0350365018878844
1375.8835	0.0350084465087044
1374.4665	0.0347224757215132
1373.0495	0.0353856818207249
1371.6325	0.0354809508152816
1370.2156	0.0363050285083685
1368.7986	0.036332476872492
1367.3816	0.0369910032520565
1365.9646	0.0374742048034923
1364.5477	0.0372493234174567
1363.1307	0.0381389654526844
1361.7137	0.0377195353737169
1360.2967	0.0374895914630368
1358.8797	0.037916736077294
1357.4628	0.0369452719577552
1356.0458	0.0370537419295852
1354.6288	0.035796032576803
1353.2118	0.0360390411897508
1351.7949	0.0359544485375661
1350.3779	0.035059321769581
1348.9609	0.0354420843867776
1347.5439	0.0355096647595956
1346.127	0.0360578161109611
1344.71	0.0363498061934783
1343.293	0.0357534300318468
1341.876	0.0369089446853725
1340.4591	0.03649370327172
1339.0421	0.0365866486594679
1337.6251	0.0367422210147498
1336.2081	0.0362357327322364
1334.7912	0.0363583934705185
1333.3742	0.0359852129888696
1331.9572	0.0358913887745034
1330.5402	0.0359249864161667
1329.1233	0.0358487268429654
1327.7063	0.0360691792665264
1326.2893	0.0351948133538283
1324.8723	0.035011168232231
1323.4554	0.0342969899126703
1322.0384	0.0339557865220233
1320.6214	0.0336205583525176
1319.2044	0.0338060282092242
1317.7875	0.0333737942885222
1316.3705	0.0328849882758671
1314.9535	0.0326829277346081
1313.5365	0.0327800361677527
1312.1195	0.0323125545708716
1310.7026	0.03231536045386
1309.2856	0.0322161754104985
1307.8686	0.032048715002054
1306.4516	0.0320354914695962
1305.0347	0.0325742902820566
1303.6177	0.0326940541686864
1302.2007	0.0318338405185213
1300.7837	0.0324449768427066
1299.3668	0.032594356822037
1297.9498	0.0327268163155676
1296.5328	0.0327226638014436
1295.1158	0.0327410138101014
1293.6989	0.0319345853030141
1292.2819	0.0321194223948436
1290.8649	0.0320242202231934
1289.4479	0.0319410592947351
1288.031	0.032567349225086
1286.614	0.0322292933875145
1285.197	0.0325472747308279
1283.78	0.0325104532180166
1282.3631	0.0331445532077996
1280.9461	0.0331870733992277
1279.5291	0.0334031592653222
1278.1121	0.0332385898345112
1276.6952	0.0341043676902277
1275.2782	0.0343129622501704
1273.8612	0.0349095065943506
1272.4442	0.03517940105728
1271.0273	0.0349660426778283
1269.6103	0.035138870233361
1268.1933	0.0351374546922228
1266.7763	0.035167521445491
1265.3593	0.034331030643222
1263.9424	0.0342992662754291
1262.5254	0.0342318472413043
1261.1084	0.0348911757467108
1259.6914	0.0339681903684739
1258.2745	0.034208389019289
1256.8575	0.0346745603746323
1255.4405	0.0344659328168097
1254.0235	0.034659018684868
1252.6066	0.0348366033190155
1251.1896	0.0340959469139694
1249.7726	0.0344542565378922
1248.3556	0.0339845948872803
1246.9387	0.0337720383797758
1245.5217	0.0338558821838516
1244.1047	0.0343076517946825
1242.6877	0.0338237327997819
1241.2708	0.0333622451153376
1239.8538	0.0335888220185456
1238.4368	0.034159753637155
1237.0198	0.0342885220267588
1235.6029	0.0335560565646773
1234.1859	0.0341757475057884
1232.7689	0.0339296477657301
1231.3519	0.0336919636232748
1229.935	0.0337005070531857
1228.518	0.0332198971668253
1227.101	0.0326246198350068
1225.684	0.0321235472596171
1224.2671	0.0317321549055846
1222.8501	0.0312619344858765
1221.4331	0.0308866198520047
1220.0161	0.0303344918116528
1218.5991	0.0302790333083243
1217.1822	0.0298494650179659
1215.7652	0.0298047913656948
1214.3482	0.0293767096768718
1212.9312	0.0299111055035126
1211.5143	0.0295707739951244
1210.0973	0.028991022279623
1208.6803	0.028990174733876
1207.2633	0.0290497844947682
1205.8464	0.0282303426924435
1204.4294	0.0285048015759961
1203.0124	0.0281451904310599
1201.5954	0.0285341299416749
1200.1785	0.0278538321110721
1198.7615	0.027501256991572
1197.3445	0.0268575522928263
1195.9275	0.0264869425331487
1194.5106	0.0268613952634457
1193.0936	0.0258069009252195
1191.6766	0.0253216934457146
1190.2596	0.0253587342757479
1188.8427	0.0246585259885836
1187.4257	0.0246403719643134
1186.0087	0.0242565875775742
1184.5917	0.0242262194481982
1183.1748	0.0240417378251563
1181.7578	0.0235975720628601
1180.3408	0.0243440622650988
1178.9238	0.0238258530461343
1177.5069	0.0243012115948027
1176.0899	0.0246668521538825
1174.6729	0.0252430019903852
1173.2559	0.0255662085360889
1171.8389	0.0268243884850606
1170.422	0.0270530952498067
1169.005	0.0283310264119601
1167.588	0.0296294357924045
1166.171	0.0318336118106071
1164.7541	0.0332348000701567
1163.3371	0.0343852466422788
1161.9201	0.036502285300505
1160.5031	0.0386711833242682
1159.0862	0.0402511189650831
1157.6692	0.0418064280790801
1156.2522	0.0436664596668254
1154.8352	0.0447727815962683
1153.4183	0.0467928971117174
1152.0013	0.0475639400040889
1150.5843	0.0486071624710539
1149.1673	0.0488692091391768
1147.7504	0.0487376261998269
1146.3334	0.048760776421201
1144.9164	0.0484007062671961
1143.4994	0.0487477418540494
1142.0825	0.0480793617458129
1140.6655	0.0473482182101966
1139.2485	0.0464723076201351
1137.8315	0.0460544747215216
1136.4146	0.0446888810595286
1134.9976	0.0448862021861347
1133.5806	0.0442999383960572
1132.1636	0.0439297127018944
1130.7467	0.0444581746871539
1129.3297	0.0443950442555208
1127.9127	0.0449581495669168
1126.4957	0.044895880481756
1125.0787	0.0449017202634016
1123.6618	0.045084180943033
1122.2448	0.0451421581180859
1120.8278	0.0453278656991047
1119.4108	0.0459433942248541
1117.9939	0.0462917474692511
1116.5769	0.046066230337279
1115.1599	0.0459245559426774
1113.7429	0.0463232513499839
1112.326	0.0468420045988223
1110.909	0.047159950225915
1109.492	0.0472616147814262
1108.075	0.0477582178785962
1106.6581	0.0480979284140068
1105.2411	0.0488683048922866
1103.8241	0.0491791887582699
1102.4071	0.0491656771389614
1100.9902	0.0502615438624638
1099.5732	0.0498705660253769
1098.1562	0.0503591638529932
1096.7392	0.050249886049356
1095.3223	0.0507258509502658
1093.9053	0.0510804376343637
1092.4883	0.0514506002526607
1091.0713	0.0515509017560915
1089.6544	0.0522399387262548
1088.2374	0.0540710237550234
1086.8204	0.0551605424860684
1085.4034	0.0570564512440223
1083.9865	0.0587970599579389
1082.5695	0.0606567274863826
1081.1525	0.0620648890518708
1079.7355	0.0632927083697833
1078.3185	0.0647756980197728
1076.9016	0.0646567281882683
1075.4846	0.0658499427760206
1074.0676	0.0651503670379149
1072.6506	0.0643758728229431
1071.2337	0.0631939435204662
1069.8167	0.061489362018731
1068.3997	0.0600031003760435
1066.9827	0.0599132795184334
1065.5658	0.0590266111895268
1064.1488	0.0588430369810401
1062.7318	0.0601080709089813
1061.3148	0.0603457531117453
1059.8979	0.0611301264808902
1058.4809	0.0616540414737244
1057.0639	0.0631046776495813
1055.6469	0.0641542051035718
1054.23	0.0655008900734618
1052.813	0.0664107549727764
1051.396	0.0683165266768479
1049.979	0.0697930409834241
1048.5621	0.0711363267940781
1047.1451	0.071794010040249
1045.7281	0.073658554892999
1044.3111	0.0750238154858322
1042.8942	0.0759495747405886
1041.4772	0.0770099649816273
1040.0602	0.078702055286696
1038.6432	0.0798289418325006
1037.2263	0.0811915875491388
1035.8093	0.0818243591972771
1034.3923	0.0834452023639751
1032.9753	0.0851109476687796
1031.5583	0.086681910318794
1030.1414	0.0877054758712606
1028.7244	0.0889469001273868
1027.3074	0.0906502223517609
1025.8904	0.0922090060754938
1024.4735	0.0935247380833463
1023.0565	0.095420553166804
1021.6395	0.0967953969863372
1020.2225	0.0980171309135988
1018.8056	0.0987472940875024
1017.3886	0.0996419958427126
1015.9716	0.100751065942801
1014.5546	0.100863237372115
1013.1377	0.100844842566172
1011.7207	0.101183746169674
1010.3037	0.101192930032782
1008.8867	0.10112450256776
1007.4698	0.101135040843428
1006.0528	0.101622650193699
1004.6358	0.102040541808032
1003.2188	0.10259887414848
1001.8019	0.102824335471084
1000.3849	0.103357599635628
998.9679	0.104189275808159
997.5509	0.104907982649047
996.134	0.105194233500736
994.717	0.105597451064191
993.3	0.105920873305961
991.883	0.106467772497809
990.4661	0.106474184246004
989.0491	0.105532828913266
987.6321	0.105519374134692
986.2151	0.105372440570563
984.7981	0.103779285039091
983.3812	0.102759799665429
981.9642	0.101846382138401
980.5472	0.100426061328776
979.1302	0.0985908996861109
977.7133	0.0967499563765282
976.2963	0.0950867025857187
974.8793	0.0927541752613476
973.4623	0.0912805883916336
972.0454	0.08965614027633
970.6284	0.0878772238842401
969.2114	0.0858107972820739
967.7944	0.0836684714379532
966.3775	0.0814752041147193
964.9605	0.0795145840129261
963.5435	0.0779540345791282
962.1265	0.0760982435818569
960.7096	0.0739218430720879
959.2926	0.0727121530658771
957.8756	0.0713466596087218
956.4586	0.0695355942124961
955.0417	0.0683090200645417
953.6247	0.0666515505574918
952.2077	0.0660733828347404
950.7907	0.0643076412110486
949.3738	0.0630923334904145
947.9568	0.0624359293919303
946.5398	0.062084241392259
945.1228	0.0611931580179396
943.7059	0.0620967558438534
942.2889	0.0613552395892487
940.8719	0.061183690172937
939.4549	0.0612879442500679
938.0379	0.0616138062734204
936.621	0.0620803507171504
935.204	0.0617789013975264
933.787	0.0623046585444155
932.37	0.0621154634072467
930.9531	0.0624693577536144
929.5361	0.0620257519997722
928.1191	0.0620777767815171
926.7021	0.0618297897108892
925.2852	0.0621825736558559
923.8682	0.0619093631973916
922.4512	0.0619909736383657
921.0342	0.0615739259254893
919.6173	0.0610903545050074
918.2003	0.0612257298780772
916.7833	0.0606979244872607
915.3663	0.0601299769630439
913.9494	0.0598205975510833
912.5324	0.059404949639172
911.1154	0.0585662871227528
909.6984	0.0581852519441885
908.2815	0.0576299098337029
906.8645	0.056637331676598
905.4475	0.0561359227074191
904.0305	0.0550314641903907
902.6136	0.0550738925419763
901.1966	0.0542656122137944
899.7796	0.0540388166617462
898.3626	0.0536274063963287
896.9457	0.0532806375911494
895.5287	0.0530895418471515
894.1117	0.052863142915679
892.6947	0.0519925691010269
891.2777	0.0518767681660712
889.8608	0.0516782397525076
888.4438	0.0512252874991623
887.0268	0.051232913938752
885.6098	0.0502680834500155
884.1929	0.0494955775465033
882.7759	0.0490010847554336
881.3589	0.0485614966068087
879.9419	0.0480423406261673
878.525	0.0478264676951183
877.108	0.0481615381019659
875.691	0.0482241484220494
874.274	0.047476641691864
872.8571	0.0475407318460015
871.4401	0.0477668984450508
870.0231	0.0483058967216375
868.6061	0.048630607622685
867.1892	0.048405189741235
865.7722	0.0491761203408805
864.3552	0.0498042205325466
862.9382	0.0497130984380067
861.5213	0.0499462648108406
860.1043	0.0508388100303593
858.6873	0.0502726289142283
857.2703	0.0507452575764398
855.8534	0.0505319789250264
854.4364	0.0505248883048504
853.0194	0.0510187937058864
851.6024	0.0509430552686304
850.1855	0.0505077634337208
848.7685	0.0504931870569726
847.3515	0.0509195797367812
845.9345	0.0507926649581433
844.5175	0.0511797449197313
843.1006	0.0501341816614158
841.6836	0.0503780195253379
840.2666	0.0500544330509976
838.8496	0.0490225514687071
837.4327	0.0492805227343131
836.0157	0.0491705763975509
834.5987	0.0488903004032046
833.1817	0.0486958752629686
831.7648	0.0481595613424606
830.3478	0.0477428127057309
828.9308	0.0475278597798731
827.5138	0.0471496644170241
826.0969	0.0467502730472362
824.6799	0.0472281661174337
823.2629	0.0467938895757255
821.8459	0.0460983668229594
820.429	0.0465760218559129
819.012	0.0462418709614734
817.595	0.0459665984082013
816.178	0.0461417261164177
814.7611	0.0455057374615154
813.3441	0.0455797889284182
811.9271	0.045278145946477
810.5101	0.0453134846082011
809.0932	0.0452948908483155
807.6762	0.0449050751984998
806.2592	0.0453590627386571
804.8422	0.0449052752879779
803.4253	0.0449079030066855
802.0083	0.0447402401522668
800.5913	0.0444310374945747
799.1743	0.0445575990979138
797.7573	0.0445114467503668
796.3404	0.0453002384178052
794.9234	0.045221275710749
793.5064	0.0450821078157611
792.0894	0.0451512109406145
790.6725	0.0452744345800913
789.2555	0.0452882133008093
787.8385	0.0461573705065163
786.4215	0.0460353401207458
785.0046	0.0473125112692365
783.5876	0.0470014756993686
782.1706	0.047069663253841
780.7536	0.0473989778905711
779.3367	0.047469045525788
777.9197	0.0480591088558143
776.5027	0.0480397588784161
775.0857	0.0488500208501048
773.6688	0.0489990541336573
772.2518	0.0498805472778445
770.8348	0.0506912004030407
769.4178	0.0510605365430017
768.0009	0.0516035525229594
766.5839	0.0523616709804468
765.1669	0.0530960248666269
763.7499	0.0531776051240303
762.333	0.0536481508230944
760.916	0.0540562720965843
759.499	0.0543572431827109
758.082	0.0534090788220986
756.6651	0.0538047573714702
755.2481	0.0526871298282151
753.8311	0.0524756962988163
752.4141	0.0525904987905043
750.9971	0.0517028103268846
749.5802	0.0518069373597858
748.1632	0.0510003551003054
746.7462	0.0501915335640866
745.3292	0.0500306244283977
743.9123	0.0499338017376847
742.4953	0.0489687465843877
741.0783	0.0490933991229945
739.6613	0.049194196118427
738.2444	0.0489630970615216
736.8274	0.0490912460482118
735.4104	0.0487490024845728
733.9934	0.0488001684693362
732.5765	0.0488216900586794
731.1595	0.0490591668839655
729.7425	0.0496730863108348
728.3255	0.0494937462885802
726.9086	0.0493925834070136
725.4916	0.0500812825440301
724.0746	0.0507586906596172
722.6576	0.0510028200662022
721.2407	0.051548401173064
719.8237	0.0517896870285252
718.4067	0.051988388382426
716.9897	0.0523839874577759
715.5728	0.053472234078536
714.1558	0.0536726008733071
712.7388	0.0544088210980957
711.3218	0.0550879140429392
709.9049	0.0556047348824045
708.4879	0.0556296259825874
707.0709	0.0562856246078508
705.6539	0.056683854818267
704.2369	0.0566875174478816
702.82	0.0567923376608557
701.403	0.0564513594127199
699.986	0.0564382659433826
698.569	0.0561390569496964
697.1521	0.0565166078023687
695.7351	0.0556183028792901
694.3181	0.0558905238818868
692.9011	0.0554481553726588
691.4842	0.055650229971188
690.0672	0.055787537802671
688.6502	0.0561110994313071
687.2332	0.0559110291459683
685.8163	0.055858252652503
684.3993	0.0551312561833861
682.9823	0.0556166010842083
681.5653	0.055493319903051
680.1484	0.0559913655223835
678.7314	0.0562423795735607
677.3144	0.0558927045695839
675.8974	0.0558482167739816
674.4805	0.0562619171462038
673.0635	0.0564018153931199
671.6465	0.056765464804043
670.2295	0.0572764479898689
668.8126	0.0574185858480803
667.3956	0.057671822238378
665.9786	0.0581968871055142
664.5616	0.0579732152491168
663.1447	0.0575663448830262
661.7277	0.0579033110014733
660.3107	0.0579652768050658
658.8937	0.0577455993243164
657.4767	0.058091153289563
656.0598	0.0580296556895595
654.6428	0.0585107197243992
653.2258	0.0595679286677487
651.8088	0.0589761817345124
650.3919	0.059068222412999
648.9749	0.0592634870899151
647.5579	0.0598239493425981
646.1409	0.0596874114102899
644.724	0.0599764807272032
643.307	0.0598984087021377
641.89	0.0594394491609654
640.473	0.0600834013085014
639.0561	0.0599919798179699
637.6391	0.0601217142795118
636.2221	0.0605727487420276
634.8051	0.0606025726229325
633.3882	0.0609626010297187
631.9712	0.0617879425920952
630.5542	0.0612282119545987
629.1372	0.0616247594148551
627.7203	0.0616920404024944
626.3033	0.0625323102200183
624.8863	0.0629021450943755
623.4693	0.0631879784604366
622.0524	0.063818110742434
620.6354	0.064351067131209
619.2184	0.0644561463713222
617.8014	0.0655820890003474
616.3845	0.0665176075334631
614.9675	0.0675359687949253
613.5505	0.0679219432758805
612.1335	0.0683086418263793
610.7165	0.0685701512280157
609.2996	0.0693150457111643
607.8826	0.0699224426571382
606.4656	0.0699684280594798
605.0486	0.0701993250579572
603.6317	0.0708564379992336
602.2147	0.0706005499058153
600.7977	0.0710673033062454
599.3807	0.0710139005548036
597.9638	0.0709267337969516
596.5468	0.0712010886640338
595.1298	0.0709257723224822
593.7128	0.0706729106593456
592.2959	0.0710484046171578
590.8789	0.0711467321015945
589.4619	0.0718152068183899
588.0449	0.0719961271837166
586.628	0.0729917587026517
585.211	0.0734900250534208
583.794	0.0744801186003061
582.377	0.0756520160551586
580.9601	0.0765798992959907
579.5431	0.0777745920868956
578.1261	0.0787666694869518
576.7091	0.0792698493261868
575.2922	0.0798380911014691
573.8752	0.0809602680886057
572.4582	0.0807719299324118
571.0412	0.0810906645113915
569.6243	0.0811839296758186
568.2073	0.0811789928059117
566.7903	0.0806499805151878
565.3733	0.0802549461508728
563.9563	0.0805106676434578
562.5394	0.0799671821010881
561.1224	0.0796299714744766
559.7054	0.0802176001760788
558.2884	0.079485193171501
556.8715	0.0790182738216289
555.4545	0.0788370506563029
554.0375	0.0783688723034415
552.6205	0.0782329161515773
551.2036	0.0780731738023667
549.7866	0.0779789025076397
548.3696	0.0778006932424809
546.9526	0.0776050090077281
545.5357	0.0775895638787511
544.1187	0.0770098282271566
542.7017	0.0771900604809135
541.2847	0.0783951034307973
539.8678	0.0784431528463534
538.4508	0.0794099215123465
537.0338	0.0796441460021808
535.6168	0.0799451494674773
534.1999	0.080936019465943
532.7829	0.081569127956081
531.3659	0.0819144738402707
529.9489	0.082690535305745
528.532	0.0828358860526485
527.115	0.083219008454229
525.698	0.0839483910793315
524.281	0.0844638749285967
522.8641	0.084902790433715
521.4471	0.0855432158110607
520.0301	0.0857125759691643
518.6131	0.0847494488855201
517.1962	0.0843579895867542
515.7792	0.0850575563356278
514.3622	0.0846785706690282
512.9452	0.0848625867055584
511.5282	0.0845161242415448
510.1113	0.084622906405912
508.6943	0.0840983168735295
507.2773	0.0839580168083715
505.8603	0.0841690366089718
504.4434	0.0832662195984116
503.0264	0.0831265059386193
501.6094	0.0832073273074898
500.1924	0.0828988975673056
498.7755	0.0831556785802658
497.3585	0.0835323357785335
495.9415	0.0840778940001519
494.5245	0.0841130599414486
493.1076	0.0830205551013454
491.6906	0.0837824723453229
490.2736	0.0842652459600696
488.8566	0.0834003164795911
487.4397	0.0841060747571551
486.0227	0.0835150119255734
484.6057	0.0836759584203107
483.1887	0.0842852122091151
481.7718	0.0837728048612463
480.3548	0.0840878892167999
478.9378	0.0837271424804301
477.5208	0.083943818415307
476.1039	0.0838439674198697
474.6869	0.083718891837728
473.2699	0.0838116740240278
471.8529	0.0835629952791515
470.436	0.0836763246463447
469.019	0.0839181025116324
467.602	0.0834205205247744
466.185	0.0829315192301114
464.768	0.0833180373062642
463.3511	0.0827538014329271
461.9341	0.0831457790183412
460.5171	0.083602144313589
459.1001	0.0820260894127159
457.6832	0.0824663877914654
456.2662	0.0817839590950859
454.8492	0.0824545025833071
453.4322	0.0828597513279527
452.0153	0.0832441912292425
450.5983	0.0819785925252723
449.1813	0.0822246444198124
447.7643	0.0824009856810949
446.3474	0.0835345089227162
444.9304	0.084287114520905
443.5134	0.0854762539212649
442.0964	0.0863413118054717
440.6795	0.087034493363294
439.2625	0.0874425739505667
437.8455	0.088153167013318
436.4285	0.0877144447105131
435.0116	0.0883861995069832
433.5946	0.0890670809833985
432.1776	0.0890836697773364
430.7606	0.0891828598889472
429.3437	0.0891928960320868
427.9267	0.0886870659597813
426.5097	0.0896675699597162
425.0927	0.0894425788804329
423.6758	0.0893667466079185
422.2588	0.0896922271131019
420.8418	0.0899390532196238
419.4248	0.090633735396688
418.0078	0.090938692225254
416.5909	0.0907501931416384
415.1739	0.090450846225637
413.7569	0.0901689146176622
412.3399	0.0902159339762003
410.923	0.0912225132601449
409.506	0.091429667252337
408.089	0.0925382067390895
406.672	0.0926553554767279
405.2551	0.0928477615098282
403.8381	0.0939961421666742
402.4211	0.0939662615509531
401.0041	0.0937863466020906
