3994.4546	0.0230960987277525
3993.0377	0.0222067306017332
3991.6207	0.0228681295431078
3990.2037	0.0226302128129762
3988.7867	0.0240723294879178
3987.3698	0.0237658563027486
3985.9528	0.0237352610526598
3984.5358	0.0239773282471824
3983.1188	0.0236866216492317
3981.7019	0.022700377987997
3980.2849	0.0231576777473726
3978.8679	0.0235626509576467
3977.4509	0.0239843333339105
3976.034	0.0243599967235083
3974.617	0.023591957332806
3973.2	0.0234745908830241
3971.783	0.0239717414671319
3970.3661	0.0244798515049616
3968.9491	0.0237261130934411
3967.5321	0.0237667301102306
3966.1151	0.0231527153005081
3964.6982	0.0240766106009837
3963.2812	0.0229476600179311
3961.8642	0.0250444166997162
3960.4472	0.0226563610235027
3959.0303	0.0235115169454763
3957.6133	0.0230062956307107
3956.1963	0.0234495398727793
3954.7793	0.023077675833621
3953.3624	0.0238839034336641
3951.9454	0.0231858150297087
3950.5284	0.0235651718735367
3949.1114	0.0230384742514207
3947.6944	0.0232062571371131
3946.2775	0.0234553703372041
3944.8605	0.0237397152134507
3943.4435	0.0238344872893985
3942.0265	0.0227555559178752
3940.6096	0.0226623367944362
3939.1926	0.022541447813775
3937.7756	0.0229514870278931
3936.3586	0.0237889233794452
3934.9417	0.022776785288256
3933.5247	0.0227409589251077
3932.1077	0.0230001341202441
3930.6907	0.0227950408938801
3929.2738	0.0232001329910868
3927.8568	0.0222992113567645
3926.4398	0.0232699942936717
3925.0228	0.0230856951294878
3923.6059	0.0232336396476396
3922.1889	0.0237966135602241
3920.7719	0.0232499709448855
3919.3549	0.0230188798797613
3917.938	0.0229034490386504
3916.521	0.0231681430117431
3915.104	0.023290830203095
3913.687	0.0224478450222565
3912.2701	0.0231350260635519
3910.8531	0.0236916889308871
3909.4361	0.0221371665577667
3908.0191	0.023709975938655
3906.6022	0.0233509312218009
3905.1852	0.0243231524345961
3903.7682	0.0231795029685212
3902.3512	0.0227871744714904
3900.9342	0.0233152459634506
3899.5173	0.0229966626075856
3898.1003	0.0236267122880726
3896.6833	0.0234089617247726
3895.2663	0.0231676084432353
3893.8494	0.0229189521748891
3892.4324	0.0240897004652989
3891.0154	0.0234194188888032
3889.5984	0.0241161024262335
3888.1815	0.0227583221405249
3886.7645	0.0225355825281127
3885.3475	0.0239575625116472
3883.9305	0.0229797342777184
3882.5136	0.0232881812179131
3881.0966	0.0219952316327924
3879.6796	0.022281046552883
3878.2626	0.0229147035675464
3876.8457	0.0224901707643304
3875.4287	0.0225157118651603
3874.0117	0.0226251371540476
3872.5947	0.022807278491603
3871.1778	0.0228341801116983
3869.7608	0.0230398577082107
3868.3438	0.0232287359438238
3866.9268	0.0225925952050323
3865.5099	0.0231140465124556
3864.0929	0.0230915500310996
3862.6759	0.0229877307561252
3861.2589	0.0230521258570285
3859.842	0.0227378574450099
3858.425	0.0223627632152539
3857.008	0.0223874697092459
3855.591	0.0235155869990535
3854.174	0.023016205215928
3852.7571	0.0233522063986758
3851.3401	0.0232959490722022
3849.9231	0.0230889952139597
3848.5061	0.021527778448326
3847.0892	0.0235597236264964
3845.6722	0.0231413431033233
3844.2552	0.0220190180870692
3842.8382	0.0226101671943187
3841.4213	0.0231439490371308
3840.0043	0.0219832061430872
3838.5873	0.0232009434647563
3837.1703	0.0224200036601751
3835.7534	0.0221640241137998
3834.3364	0.0226489165275939
3832.9194	0.0224105302765363
3831.5024	0.0228014184529389
3830.0855	0.0222305942951923
3828.6685	0.0222964380121299
3827.2515	0.0223435748276583
3825.8345	0.0229889719707929
3824.4176	0.0242348716829792
3823.0006	0.0222410440141769
3821.5836	0.0236181671054945
3820.1666	0.0229993540875527
3818.7497	0.0234786082355981
3817.3327	0.0208981100978569
3815.9157	0.0231137524821975
3814.4987	0.0229062312864628
3813.0818	0.0215104557498339
3811.6648	0.0220996595340926
3810.2478	0.021494111890968
3808.8308	0.0226144838621994
3807.4138	0.0220721493711214
3805.9969	0.0212476322585493
3804.5799	0.0205356909210738
3803.1629	0.0212888689434333
3801.7459	0.0221468605625989
3800.329	0.022732453094903
3798.912	0.0219677295878511
3797.495	0.0220353887939237
3796.078	0.0234264879537056
3794.6611	0.0223074973179232
3793.2441	0.0226196710387126
3791.8271	0.0223264100256055
3790.4101	0.0227596166245518
3788.9932	0.0225797487830706
3787.5762	0.0211346499644528
3786.1592	0.0220744411502233
3784.7422	0.0214909268973498
3783.3253	0.0226907368595803
3781.9083	0.0222238523442068
3780.4913	0.0220689463371053
3779.0743	0.0223896497705791
3777.6574	0.021920424660239
3776.2404	0.0219653250517412
3774.8234	0.0226122890727469
3773.4064	0.0219394919231379
3771.9895	0.021213031805018
3770.5725	0.0215186008781188
3769.1555	0.0227153499159616
3767.7385	0.0222473759383968
3766.3216	0.0219722803551263
3764.9046	0.0207520167604832
3763.4876	0.0207775413664864
3762.0706	0.0220270735282014
3760.6536	0.0219340121103969
3759.2367	0.021834169901365
3757.8197	0.021705434069599
3756.4027	0.021491476038214
3754.9857	0.0226234043889255
3753.5688	0.0229713386982448
3752.1518	0.0211622805247789
3750.7348	0.0217304358441677
3749.3178	0.0223733309490907
3747.9009	0.0222727220360017
3746.4839	0.0220853474751312
3745.0669	0.0220867028801534
3743.6499	0.0222632684634798
3742.233	0.0213850199684884
3740.816	0.0221964189581984
3739.399	0.0212178918163578
3737.982	0.0215485986371195
3736.5651	0.0217568245585609
3735.1481	0.0211021875405057
3733.7311	0.0217351405357293
3732.3141	0.0210148319026101
3730.8972	0.0219738855129633
3729.4802	0.0220889351987116
3728.0632	0.0214223986807036
3726.6462	0.0209036985485744
3725.2293	0.0199643946284647
3723.8123	0.0217792855396397
3722.3953	0.0208148466934783
3720.9783	0.0216311985732104
3719.5614	0.0208767824587289
3718.1444	0.021213899896693
3716.7274	0.0202565689078822
3715.3104	0.0207395858861127
3713.8935	0.0210722271365646
3712.4765	0.021528073614936
3711.0595	0.0222364893221887
3709.6425	0.021730637286034
3708.2255	0.021561811788802
3706.8086	0.0212535501077871
3705.3916	0.0210826111094911
3703.9746	0.0205964860664847
3702.5576	0.0216022295158898
3701.1407	0.0211849894783212
3699.7237	0.0201429837467503
3698.3067	0.0215605261167339
3696.8897	0.0195602221272282
3695.4728	0.0212770133620127
3694.0558	0.0212109279890705
3692.6388	0.021559322306484
3691.2218	0.0208569258832092
3689.8049	0.0214422148172813
3688.3879	0.0207953091506197
3686.9709	0.0213853255142639
3685.5539	0.0220308643427165
3684.137	0.0201188418743437
3682.72	0.0202125371586016
3681.303	0.0206112436544037
3679.886	0.0212404218196305
3678.4691	0.020558765851232
3677.0521	0.0213528540195172
3675.6351	0.0211940266201814
3674.2181	0.0209838177310134
3672.8012	0.0207220965415812
3671.3842	0.0217025897175096
3669.9672	0.0213970126528544
3668.5502	0.0216097409373481
3667.1333	0.0207577184537031
3665.7163	0.0209881913940553
3664.2993	0.0202470461318526
3662.8823	0.0210587650097126
3661.4653	0.0215183347800196
3660.0484	0.0212095404404198
3658.6314	0.0209494147789739
3657.2144	0.0213973702753203
3655.7974	0.0208424412622217
3654.3805	0.0219219343274641
3652.9635	0.0218332905269475
3651.5465	0.0196340510919044
3650.1295	0.0211624633806612
3648.7126	0.0217891053852272
3647.2956	0.0212048140215065
3645.8786	0.0205978121213028
3644.4616	0.0205797576695003
3643.0447	0.022245958034213
3641.6277	0.0207763856039264
3640.2107	0.02066121748183
3638.7937	0.0211843947309273
3637.3768	0.021269486994284
3635.9598	0.0224221756527735
3634.5428	0.0221134036987382
3633.1258	0.0231876880900915
3631.7089	0.0222427051191524
3630.2919	0.0223079671610954
3628.8749	0.0221328644693009
3627.4579	0.0214641927056403
3626.041	0.0235162061977037
3624.624	0.0222279279210179
3623.207	0.0231884125487994
3621.79	0.0229512570406723
3620.3731	0.0241228068038201
3618.9561	0.0226560430303484
3617.5391	0.0225553703179821
3616.1221	0.0233982420893239
3614.7051	0.0235199891680227
3613.2882	0.0237111166113301
3611.8712	0.022579950568161
3610.4542	0.0239920561812603
3609.0372	0.0243725553522107
3607.6203	0.0242097863204061
3606.2033	0.0248553163692439
3604.7863	0.0257746467042667
3603.3693	0.0252810078420529
3601.9524	0.0244192595535984
3600.5354	0.0242016986100517
3599.1184	0.0246459708291754
3597.7014	0.0255871158524456
3596.2845	0.0257883857607016
3594.8675	0.0251710244979147
3593.4505	0.0258935582185611
3592.0335	0.0262935905897197
3590.6166	0.0264926849063283
3589.1996	0.0269513553994011
3587.7826	0.0270345523208301
3586.3656	0.0274048857572213
3584.9487	0.0284364379332333
3583.5317	0.0285300636052512
3582.1147	0.0270957997633766
3580.6977	0.0275547891694719
3579.2808	0.0281510656636292
3577.8638	0.0288412535080989
3576.4468	0.0288214505459808
3575.0298	0.0283810433613089
3573.6129	0.0292214739764989
3572.1959	0.0286490429786183
3570.7789	0.0289774004263508
3569.3619	0.0297206392938594
3567.9449	0.030470847309601
3566.528	0.0317193851189808
3565.111	0.0307838413907927
3563.694	0.0315535118079645
3562.277	0.0306193611893834
3560.8601	0.0318168545435325
3559.4431	0.0320681135617933
3558.0261	0.0326654966887349
3556.6091	0.0330972451178244
3555.1922	0.0331833278497217
3553.7752	0.0342473753165434
3552.3582	0.0334710419300463
3550.9412	0.0339255955866452
3549.5243	0.0340967688321359
3548.1073	0.0337433829093715
3546.6903	0.0352452156862449
3545.2733	0.0356183800586465
3543.8564	0.0357643632131511
3542.4394	0.0355200116275331
3541.0224	0.0363516528835258
3539.6054	0.0363660363097878
3538.1885	0.0369360205192432
3536.7715	0.03798202063316
3535.3545	0.0369075150006583
3533.9375	0.0385298911253526
3532.5206	0.0384419780172489
3531.1036	0.0388087205651503
3529.6866	0.0392324070038933
3528.2696	0.0389270457192206
3526.8527	0.0392960507227982
3525.4357	0.0396951847931764
3524.0187	0.0414370455132306
3522.6017	0.0410717634656288
3521.1847	0.0413562735260714
3519.7678	0.0410341213977137
3518.3508	0.0421327348668597
3516.9338	0.0422073642045658
3515.5168	0.0425172359620522
3514.0999	0.0420175907439898
3512.6829	0.0430826081636155
3511.2659	0.0431872266093282
3509.8489	0.0446992888796075
3508.432	0.0442981040289665
3507.015	0.0447173482932527
3505.598	0.0448140743162912
3504.181	0.0452342049984575
3502.7641	0.0455782553764263
3501.3471	0.0457731188533802
3499.9301	0.0461630976091258
3498.5131	0.0459503022892596
3497.0962	0.0461142172530781
3495.6792	0.0473191432066115
3494.2622	0.0475916455489845
3492.8452	0.0470268212349384
3491.4283	0.0478258279383709
3490.0113	0.048124703271662
3488.5943	0.0487141623898233
3487.1773	0.0495254742655007
3485.7604	0.0491542452977118
3484.3434	0.049083133357261
3482.9264	0.0490732395774838
3481.5094	0.0500069735549883
3480.0925	0.0512189137959802
3478.6755	0.0511116551642733
3477.2585	0.0511907662841612
3475.8415	0.051964817866957
3474.4245	0.0518870204992156
3473.0076	0.0521290529451398
3471.5906	0.0518783723595796
3470.1736	0.053269858639127
3468.7566	0.0542475464738952
3467.3397	0.0529329533337703
3465.9227	0.0540711803242222
3464.5057	0.0552329660325779
3463.0887	0.0551906821833371
3461.6718	0.0553749564819843
3460.2548	0.0560747314958081
3458.8378	0.0559346018855574
3457.4208	0.0567539045355242
3456.0039	0.0559520897788205
3454.5869	0.056277143133481
3453.1699	0.0577756958329488
3451.7529	0.0576371896065278
3450.336	0.0584504091135061
3448.919	0.0586291698593997
3447.502	0.0578842954480349
3446.085	0.058306689364324
3444.6681	0.0598108839633191
3443.2511	0.0589564634812637
3441.8341	0.059486025084521
3440.4171	0.0596903108269424
3439.0002	0.0598830406187973
3437.5832	0.0610012773997525
3436.1662	0.0611975480040789
3434.7492	0.0612707534663272
3433.3323	0.0613530501628037
3431.9153	0.0617378566924366
3430.4983	0.0621415856825661
3429.0813	0.0635255467081459
3427.6643	0.0623570645740323
3426.2474	0.0629157818650612
3424.8304	0.0632462873356797
3423.4134	0.0633005245946751
3421.9964	0.0632217382764661
3420.5795	0.0639960604182497
3419.1625	0.0651465118629664
3417.7455	0.0650242706047074
3416.3285	0.0650370862850439
3414.9116	0.0655367637326266
3413.4946	0.0646422680163063
3412.0776	0.065917661189667
3410.6606	0.0659209570318059
3409.2437	0.0661220368288435
3407.8267	0.0661982190551875
3406.4097	0.0668527388995998
3404.9927	0.0673872325913917
3403.5758	0.0657055401015846
3402.1588	0.0673108132477674
3400.7418	0.0674605645250097
3399.3248	0.0671157870403341
3397.9079	0.0685740535939436
3396.4909	0.0684883496130711
3395.0739	0.0687281407244462
3393.6569	0.0685001301163333
3392.24	0.0689651263083384
3390.823	0.0686637802670345
3389.406	0.0700503766542957
3387.989	0.0694466430919089
3386.5721	0.0700686337654783
3385.1551	0.0703765233520217
3383.7381	0.0714086890039048
3382.3211	0.0701907223263034
3380.9041	0.0717286613521753
3379.4872	0.0715459304716273
3378.0702	0.0721527867106766
3376.6532	0.0717710601571028
3375.2362	0.0721201917133606
3373.8193	0.0718229942120294
3372.4023	0.0722041302982004
3370.9853	0.0725424471968142
3369.5683	0.0723294345858731
3368.1514	0.0729837812361825
3366.7344	0.0736680273185224
3365.3174	0.0735490944349057
3363.9004	0.0730724629001797
3362.4835	0.0731800455977003
3361.0665	0.0731696450883925
3359.6495	0.0741997948303351
3358.2325	0.0740761689261455
3356.8156	0.0736753754704083
3355.3986	0.0748934907394037
3353.9816	0.0743824751519331
3352.5646	0.0757724248129393
3351.1477	0.0747540172219397
3349.7307	0.074977582194159
3348.3137	0.0750978057521611
3346.8967	0.0754690600367848
3345.4798	0.0747704143378034
3344.0628	0.0754401087916149
3342.6458	0.0743927683368424
3341.2288	0.0752574854647673
3339.8119	0.0763163052887169
3338.3949	0.0764219451171287
3336.9779	0.0757021448024343
3335.5609	0.0753975416187743
3334.1439	0.0772901092371397
3332.727	0.0768938976214621
3331.31	0.0767986515607849
3329.893	0.0771763275370073
3328.476	0.0774630697192852
3327.0591	0.0767602120913261
3325.6421	0.077374760253423
3324.2251	0.0757502071830988
3322.8081	0.0775630995805626
3321.3912	0.0780700829627489
3319.9742	0.0778906314117172
3318.5572	0.0779729321750194
3317.1402	0.0776331376157225
3315.7233	0.0787145095392298
3314.3063	0.0775433517237353
3312.8893	0.0773176330034588
3311.4723	0.0777361076507997
3310.0554	0.0772347827115798
3308.6384	0.0789243964280643
3307.2214	0.0787570473190226
3305.8044	0.078254404415915
3304.3875	0.0773492654656374
3302.9705	0.0783842834532543
3301.5535	0.0778583335687501
3300.1365	0.0776419985972236
3298.7196	0.0782160473895656
3297.3026	0.0782961165943902
3295.8856	0.0784591579219587
3294.4686	0.07832697542188
3293.0517	0.0776713302713481
3291.6347	0.0793450387589126
3290.2177	0.0783326953240151
3288.8007	0.0795304299526781
3287.3837	0.0782570679792386
3285.9668	0.07900548019223
3284.5498	0.0793196107855205
3283.1328	0.079496709168875
3281.7158	0.0786711583955289
3280.2989	0.0787494679300116
3278.8819	0.0779606793434358
3277.4649	0.0786985006200541
3276.0479	0.0794314188971633
3274.631	0.0785338461337111
3273.214	0.0785749277701252
3271.797	0.0786343871437628
3270.38	0.0786663417959123
3268.9631	0.0787703966978855
3267.5461	0.0784410477653737
3266.1291	0.0792997101185744
3264.7121	0.07903366447431
3263.2952	0.0797909472412772
3261.8782	0.0801302940927646
3260.4612	0.0782787678681903
3259.0442	0.0792475644125128
3257.6273	0.0789965046951245
3256.2103	0.0777779993405515
3254.7933	0.0785394285498678
3253.3763	0.0786086661279174
3251.9594	0.0785648049414464
3250.5424	0.0787338701679571
3249.1254	0.0783410839757224
3247.7084	0.0786611567627763
3246.2915	0.0782097483575158
3244.8745	0.0786083746354738
3243.4575	0.0786505956479502
3242.0405	0.0780770148885027
3240.6235	0.0783122733762601
3239.2066	0.0781915874716884
3237.7896	0.0778604198568301
3236.3726	0.0779901959313465
3234.9556	0.0780346223123212
3233.5387	0.0772772804361317
3232.1217	0.0782271950286606
3230.7047	0.0769901237528968
3229.2877	0.0771585511224889
3227.8708	0.0771649212152804
3226.4538	0.078354071631672
3225.0368	0.0774937893395484
3223.6198	0.0769326274512113
3222.2029	0.0768623249860674
3220.7859	0.0773789482167943
3219.3689	0.0768047844736496
3217.9519	0.0771159001585434
3216.535	0.0762577596172804
3215.118	0.0764712384183354
3213.701	0.0759705158563349
3212.284	0.0764105091807027
3210.8671	0.0761270535960639
3209.4501	0.076699787054021
3208.0331	0.0761078355974639
3206.6161	0.0765350125017201
3205.1992	0.0747047399973847
3203.7822	0.0755370420861093
3202.3652	0.0766615004772995
3200.9482	0.0749794116699181
3199.5313	0.0738487211397133
3198.1143	0.0753590426965392
3196.6973	0.075384687386578
3195.2803	0.0746626060112692
3193.8633	0.0747343723172869
3192.4464	0.0751490390923199
3191.0294	0.0738593473612443
3189.6124	0.0742257426536816
3188.1954	0.0734967651961264
3186.7785	0.0724731251757812
3185.3615	0.0740315249420289
3183.9445	0.0737126780787158
3182.5275	0.0725680851418607
3181.1106	0.0725728668813754
3179.6936	0.0739317014637161
3178.2766	0.0726419199098534
3176.8596	0.0723170583503191
3175.4427	0.0715942873346741
3174.0257	0.0717547523554714
3172.6087	0.071773194925517
3171.1917	0.0726643404829133
3169.7748	0.0722064538210221
3168.3578	0.070772281154999
3166.9408	0.0704170827343298
3165.5238	0.0709323534213149
3164.1069	0.0713684396381803
3162.6899	0.0709787864332024
3161.2729	0.0709307522077801
3159.8559	0.0706475411903653
3158.439	0.0708708831314569
3157.022	0.069679905673232
3155.605	0.0698061156327628
3154.188	0.0693090799013499
3152.7711	0.0701546208768369
3151.3541	0.0691090370710686
3149.9371	0.0695856464499456
3148.5201	0.0686257344481525
3147.1031	0.0685294823338307
3145.6862	0.068652692195028
3144.2692	0.0671507968350319
3142.8522	0.0671638749133662
3141.4352	0.0673854638547381
3140.0183	0.0669585389341751
3138.6013	0.0680374746544233
3137.1843	0.0668971806006116
3135.7673	0.0669508564927359
3134.3504	0.066500742282615
3132.9334	0.0660336984953642
3131.5164	0.0675004263949565
3130.0994	0.0668483584278401
3128.6825	0.0657617486326605
3127.2655	0.0650845248699109
3125.8485	0.0650544137551127
3124.4315	0.0645500143159264
3123.0146	0.0646140151275728
3121.5976	0.065354714504654
3120.1806	0.0654531628788573
3118.7636	0.0633627232190152
3117.3467	0.0642715375734361
3115.9297	0.0639369348738172
3114.5127	0.0640071292696696
3113.0957	0.0636164138186152
3111.6788	0.0632688773468132
3110.2618	0.0632491888311728
3108.8448	0.06343093846566
3107.4278	0.0635694652621272
3106.0109	0.06360643871575
3104.5939	0.0619613444879587
3103.1769	0.0621879250016333
3101.7599	0.0615564460788218
3100.3429	0.062115881612276
3098.926	0.061366636758189
3097.509	0.0615192242180783
3096.092	0.0620138448259684
3094.675	0.0600309660032322
3093.2581	0.060924518992614
3091.8411	0.0604343132147877
3090.4241	0.0591293913420275
3089.0071	0.0600437373039424
3087.5902	0.0595663894211808
3086.1732	0.0604022137825488
3084.7562	0.0590704824801155
3083.3392	0.0594593174943976
3081.9223	0.0595253152617505
3080.5053	0.0580431500481129
3079.0883	0.0588464644817802
3077.6713	0.0583502607678566
3076.2544	0.0586916067724478
3074.8374	0.0585549132933144
3073.4204	0.0582735744117316
3072.0034	0.0585947192713698
3070.5865	0.0579613624252489
3069.1695	0.0579030539209801
3067.7525	0.0576364309871403
3066.3355	0.0565777484643518
3064.9186	0.0578863396342353
3063.5016	0.0566064207776183
3062.0846	0.055922057536728
3060.6676	0.0572310358354366
3059.2507	0.0562121731961518
3057.8337	0.0565326693323631
3056.4167	0.0552859203952703
3054.9997	0.0554041277281292
3053.5827	0.0552520023503679
3052.1658	0.0560612828720883
3050.7488	0.0560684092710232
3049.3318	0.054547485672541
3047.9148	0.0544114442010816
3046.4979	0.0542025544899616
3045.0809	0.0536303791352414
3043.6639	0.0535635772116186
3042.2469	0.0533586147662052
3040.83	0.0524633908965302
3039.413	0.0542283314065288
3037.996	0.0532227034532774
3036.579	0.053918920203064
3035.1621	0.0539434171016118
3033.7451	0.0530519054435117
3032.3281	0.0513318916376126
3030.9111	0.0522897669531785
3029.4942	0.0525997779558699
3028.0772	0.050853528224765
3026.6602	0.0523095090163866
3025.2432	0.0515099077433276
3023.8263	0.0511206657549202
3022.4093	0.0512451992155707
3020.9923	0.0511151163995185
3019.5753	0.052411740876771
3018.1584	0.0502562547470735
3016.7414	0.0506001291838072
3015.3244	0.0505084503020329
3013.9074	0.0509051080926103
3012.4905	0.0512710437866307
3011.0735	0.0502832485371715
3009.6565	0.0511236959638278
3008.2395	0.0494344651901883
3006.8225	0.0498901853595565
3005.4056	0.0500933495246312
3003.9886	0.0493659386705914
3002.5716	0.0498258418019548
3001.1546	0.0491562416977694
2999.7377	0.050519141055253
2998.3207	0.0496137159718067
2996.9037	0.0495253489865912
2995.4867	0.0494035808600842
2994.0698	0.0498659503114724
2992.6528	0.0489626871642293
2991.2358	0.0494348467365868
2989.8188	0.0498924810707995
2988.4019	0.0499201703296603
2986.9849	0.0485695464731147
2985.5679	0.0499702257202825
2984.1509	0.0499406931630526
2982.734	0.0495248131784807
2981.317	0.0500868940450788
2979.9	0.0509800003976754
2978.483	0.0498808990731544
2977.0661	0.0503521123540397
2975.6491	0.0513346371923897
2974.2321	0.0509291732615751
2972.8151	0.0498889805400669
2971.3982	0.0499489484269346
2969.9812	0.0522584463517607
2968.5642	0.050637601291868
2967.1472	0.0515436016430954
2965.7303	0.052138913159268
2964.3133	0.0520663491004874
2962.8963	0.0525416968577515
2961.4793	0.0530395707481952
2960.0623	0.0530823239158413
2958.6454	0.0530468691857732
2957.2284	0.054446891212455
2955.8114	0.0536599497309583
2954.3944	0.05421020067573
2952.9775	0.0549892289854302
2951.5605	0.0555933771557584
2950.1435	0.055896118125939
2948.7265	0.0554719149619641
2947.3096	0.0560466578107438
2945.8926	0.0562933096144423
2944.4756	0.0564750336472849
2943.0586	0.0579039137714819
2941.6417	0.057464967725443
2940.2247	0.0583902361313622
2938.8077	0.058393467667252
2937.3907	0.059162610997163
2935.9738	0.0594593426590152
2934.5568	0.0596896849685135
2933.1398	0.0598359766782949
2931.7228	0.0607981281029892
2930.3059	0.0610060916780138
2928.8889	0.0605035726731325
2927.4719	0.0612108101912529
2926.0549	0.0619036642156339
2924.638	0.0611822740636138
2923.221	0.0607571538122684
2921.804	0.0622533329453088
2920.387	0.0610946993865795
2918.9701	0.0621994126597213
2917.5531	0.0617816165815177
2916.1361	0.0617334926045609
2914.7191	0.061701332704536
2913.3021	0.0610126812251911
2911.8852	0.0608099937805646
2910.4682	0.060094059116054
2909.0512	0.0607162696688392
2907.6342	0.0595605672854465
2906.2173	0.0605059873005681
2904.8003	0.060824282979997
2903.3833	0.059888491060635
2901.9663	0.0596914288309854
2900.5494	0.0597534871924822
2899.1324	0.0603120540918457
2897.7154	0.0593739909517049
2896.2984	0.0596283979343774
2894.8815	0.0590060801907971
2893.4645	0.0587760865960956
2892.0475	0.0591990411055353
2890.6305	0.0589169104658873
2889.2136	0.058761271395359
2887.7966	0.0597141058314207
2886.3796	0.0595752890773306
2884.9626	0.0594127197052875
2883.5457	0.0600300658601969
2882.1287	0.0584750706337736
2880.7117	0.058983290794653
2879.2947	0.0583125435998314
2877.8778	0.0586104104003697
2876.4608	0.05805436884825
2875.0438	0.0586585190769393
2873.6268	0.057930058603711
2872.2099	0.0573658487373257
2870.7929	0.0570777879418293
2869.3759	0.0565844278274365
2867.9589	0.0565387376742584
2866.5419	0.0564248753448003
2865.125	0.0559817606382061
2863.708	0.0567104114397264
2862.291	0.0566896120854387
2860.874	0.0565500358532134
2859.4571	0.0552674249493735
2858.0401	0.0551981584178374
2856.6231	0.0550678466779048
2855.2061	0.0544936119698398
2853.7892	0.0554821485362821
2852.3722	0.0550514672211725
2850.9552	0.054555858153518
2849.5382	0.0541315961397143
2848.1213	0.0537298310093403
2846.7043	0.05358726925951
2845.2873	0.0535078885070095
2843.8703	0.0523165754941058
2842.4534	0.0533325909737804
2841.0364	0.054216299695803
2839.6194	0.0531824158848661
2838.2024	0.0525452590838922
2836.7855	0.0523295361535376
2835.3685	0.05086473581246
2833.9515	0.0519449212420031
2832.5345	0.0517913571765356
2831.1176	0.0512607231690027
2829.7006	0.0512928622146611
2828.2836	0.0501237643205357
2826.8666	0.0505134560955804
2825.4497	0.050910302147858
2824.0327	0.0494484812709907
2822.6157	0.04896347839407
2821.1987	0.0490240524212602
2819.7817	0.0507634594469179
2818.3648	0.0492835154091242
2816.9478	0.0494280910288057
2815.5308	0.0507567251105835
2814.1138	0.0479745159021109
2812.6969	0.048575462621899
2811.2799	0.0484141424163006
2809.8629	0.0493535642715012
2808.4459	0.0485800276447996
2807.029	0.0485489982258255
2805.612	0.0481084931055507
2804.195	0.0478746926834347
2802.778	0.0479294357758275
2801.3611	0.0479977278398757
2799.9441	0.0479923988642303
2798.5271	0.0476684536423598
2797.1101	0.0479123224215757
2795.6932	0.0474425160314332
2794.2762	0.0476537556208768
2792.8592	0.0475924179916107
2791.4422	0.0473794857334582
2790.0253	0.0468104361418461
2788.6083	0.0472626793649417
2787.1913	0.0473351030280831
2785.7743	0.0468283534194875
2784.3574	0.0473255745450192
2782.9404	0.0465007107249035
2781.5234	0.0473186793462985
2780.1064	0.0468295005629733
2778.6895	0.0461307039688774
2777.2725	0.0461218929899003
2775.8555	0.0470696708575627
2774.4385	0.0472252734859682
2773.0215	0.0469224034171924
2771.6046	0.0468669642537169
2770.1876	0.0457106616453237
2768.7706	0.0459504252811503
2767.3536	0.0454460778057499
2765.9367	0.0462265745727695
2764.5197	0.045607275644134
2763.1027	0.0470241014606737
2761.6857	0.0461904078355348
2760.2688	0.0460656251279312
2758.8518	0.0453715712955164
2757.4348	0.0462208918005592
2756.0178	0.045931723390135
2754.6009	0.046814217072952
2753.1839	0.0458466227093385
2751.7669	0.0456549730906248
2750.3499	0.0458365329416427
2748.933	0.0454761791040942
2747.516	0.0453713367347407
2746.099	0.0445636162372373
2744.682	0.0460492756654434
2743.2651	0.0453377205574443
2741.8481	0.0454291190395712
2740.4311	0.0451949807041443
2739.0141	0.0453889433161223
2737.5972	0.0446662358322079
2736.1802	0.0449403427905187
2734.7632	0.0453137509219277
2733.3462	0.0463733842856956
2731.9293	0.0449897567857752
2730.5123	0.0454059830708
2729.0953	0.0457014788823733
2727.6783	0.0450052317615722
2726.2613	0.0433857525825206
2724.8444	0.0450714624228414
2723.4274	0.0447500341810368
2722.0104	0.0449698204863357
2720.5934	0.0444991812667984
2719.1765	0.0443516787993669
2717.7595	0.0444911948150974
2716.3425	0.044143164484739
2714.9255	0.0437548498172855
2713.5086	0.0441061744529307
2712.0916	0.044938367811822
2710.6746	0.0437934173834583
2709.2576	0.0437408699264948
2707.8407	0.0447088830352417
2706.4237	0.0439600162853603
2705.0067	0.044947647478506
2703.5897	0.0442075265491593
2702.1728	0.0431090281725309
2700.7558	0.0437864655347298
2699.3388	0.0438673150588373
2697.9218	0.0440355283247751
2696.5049	0.0435471771545114
2695.0879	0.0430899886734078
2693.6709	0.0437369254836355
2692.2539	0.0426577967292325
2690.837	0.0428942098198754
2689.42	0.0433379551628154
2688.003	0.0436130130206666
2686.586	0.0422960217658035
2685.1691	0.0432903076017372
2683.7521	0.0440804441215594
2682.3351	0.0432732854958366
2680.9181	0.0434203486062065
2679.5011	0.0428163016510082
2678.0842	0.0431615360446601
2676.6672	0.0436406207040081
2675.2502	0.0436082480563875
2673.8332	0.0434198065132567
2672.4163	0.043015028965207
2670.9993	0.0435554578671871
2669.5823	0.0433618014961362
2668.1653	0.0424775342962099
2666.7484	0.0421133886729485
2665.3314	0.0429630258004041
2663.9144	0.0435897990309226
2662.4974	0.0433046471810486
2661.0805	0.0429806138815144
2659.6635	0.0429432163503757
2658.2465	0.0430010175655069
2656.8295	0.0440504609680442
2655.4126	0.043630863294833
2653.9956	0.0422574960159367
2652.5786	0.0428206577820413
2651.1616	0.0428815519385167
2649.7447	0.0417932486537026
2648.3277	0.0443220644350295
2646.9107	0.0419555767900916
2645.4937	0.0412264834228549
2644.0768	0.0424523303633179
2642.6598	0.0423055007471938
2641.2428	0.041667891422415
2639.8258	0.0425075239885818
2638.4089	0.0412468683172631
2636.9919	0.0418554867818216
2635.5749	0.0413474003400492
2634.1579	0.0415027029950043
2632.741	0.0412435894755305
2631.324	0.0420873948575009
2629.907	0.0423195008893573
2628.49	0.041844456592239
2627.073	0.0418273591592437
2625.6561	0.0408885410935442
2624.2391	0.0412889806522886
2622.8221	0.0407782299883215
2621.4051	0.0407750860162859
2619.9882	0.0408264621674851
2618.5712	0.0409398963657203
2617.1542	0.0399456577526493
2615.7372	0.0400892810608465
2614.3203	0.0403968006462552
2612.9033	0.0418180494751762
2611.4863	0.0404342601794961
2610.0693	0.0398270300988712
2608.6524	0.0399590357319715
2607.2354	0.0403926737999967
2605.8184	0.0405733390219406
2604.4014	0.040263120937517
2602.9845	0.0401975832065039
2601.5675	0.040407070575584
2600.1505	0.0400150778224273
2598.7335	0.0390671304263518
2597.3166	0.0395742532127857
2595.8996	0.0402232750586701
2594.4826	0.040241847389014
2593.0656	0.0397023739318486
2591.6487	0.0399407527486262
2590.2317	0.039811811102089
2588.8147	0.0398866054218057
2587.3977	0.0386069982321543
2585.9808	0.0394675942898665
2584.5638	0.0396605186766357
2583.1468	0.0397538481853849
2581.7298	0.0390216829647588
2580.3128	0.0399366436156512
2578.8959	0.0392668603192368
2577.4789	0.0386017909232335
2576.0619	0.0391856490660556
2574.6449	0.0381782969669366
2573.228	0.0392089405019684
2571.811	0.0384282464224537
2570.394	0.0374241860774561
2568.977	0.0391811759792673
2567.5601	0.0382644377123916
2566.1431	0.037653882295475
2564.7261	0.0384991728615712
2563.3091	0.0384660792616822
2561.8922	0.0382537956295718
2560.4752	0.038642121772821
2559.0582	0.0384934105292439
2557.6412	0.0376153591315956
2556.2243	0.0373974670479517
2554.8073	0.0373717603392305
2553.3903	0.0378817759387192
2551.9733	0.0368457601435548
2550.5564	0.0376007505366294
2549.1394	0.0375910013284897
2547.7224	0.0375641015700121
2546.3054	0.0370557427234965
2544.8885	0.0375347759944409
2543.4715	0.0390290132887535
2542.0545	0.0377729829794474
2540.6375	0.0368233513741508
2539.2206	0.0377593164922674
2537.8036	0.0376251157134517
2536.3866	0.0393322719765828
2534.9696	0.0376778130560473
2533.5526	0.0378165988347641
2532.1357	0.0374710262158015
2530.7187	0.0373746766105082
2529.3017	0.0370275905253961
2527.8847	0.0365712548494972
2526.4678	0.0375991531192782
2525.0508	0.0382232073951153
2523.6338	0.0380124424741078
2522.2168	0.0372887509617318
2520.7999	0.0378959602163021
2519.3829	0.0360779553217492
2517.9659	0.0365793153921508
2516.5489	0.0360689069879398
2515.132	0.0370877603212254
2513.715	0.0365073980223801
2512.298	0.0373543622121596
2510.881	0.0373770413006895
2509.4641	0.0371452369257236
2508.0471	0.0359921794289846
2506.6301	0.0365730251999864
2505.2131	0.0350859422985032
2503.7962	0.0365896778269039
2502.3792	0.0362772305177179
2500.9622	0.0364023596081951
2499.5452	0.0367243455057246
2498.1283	0.0359405318505881
2496.7113	0.0365614424422005
2495.2943	0.0369511372031338
2493.8773	0.0367454244807577
2492.4604	0.0363963204890096
2491.0434	0.0381315508331895
2489.6264	0.037465987249745
2488.2094	0.0371721105252238
2486.7924	0.0366515968293861
2485.3755	0.0361538871801464
2483.9585	0.0358068575440293
2482.5415	0.0361034880037642
2481.1245	0.0366029875378385
2479.7076	0.0355793001274481
2478.2906	0.035985156416617
2476.8736	0.0357346654358075
2475.4566	0.035847684455523
2474.0397	0.0366186997421801
2472.6227	0.0367529863222999
2471.2057	0.0362410026473523
2469.7887	0.0361425166074947
2468.3718	0.0363167925099365
2466.9548	0.0360314474076426
2465.5378	0.0343436548954928
2464.1208	0.0356143044601898
2462.7039	0.0360119017666138
2461.2869	0.0360821442020604
2459.8699	0.0363198196824543
2458.4529	0.0358940513196822
2457.036	0.0363929846559661
2455.619	0.0365565223135478
2454.202	0.0354830714330232
2452.785	0.0363870610898333
2451.3681	0.0351522028583162
2449.9511	0.0354639275549658
2448.5341	0.0356185789440829
2447.1171	0.0355016245170234
2445.7002	0.0345121288872009
2444.2832	0.0354572865910269
2442.8662	0.036735678921316
2441.4492	0.0361535104681076
2440.0322	0.0361428207964918
2438.6153	0.03555706033249
2437.1983	0.0356231012314028
2435.7813	0.0356151407941011
2434.3643	0.0357089558784798
2432.9474	0.0350585551214457
2431.5304	0.0350672145834971
2430.1134	0.0346008890371383
2428.6964	0.0344954787277066
2427.2795	0.0366342032452051
2425.8625	0.0354805051076367
2424.4455	0.0353424397369972
2423.0285	0.0360247664448004
2421.6116	0.0344940687609802
2420.1946	0.0340171732373887
2418.7776	0.0347051135723507
2417.3606	0.0346690070876999
2415.9437	0.0344759497381843
2414.5267	0.0345339056422948
2413.1097	0.0343303560052784
2411.6927	0.0352900025775596
2410.2758	0.0350442962505626
2408.8588	0.0340813183093069
2407.4418	0.0338069458053947
2406.0248	0.0338587513854401
2404.6079	0.035018011106822
2403.1909	0.0333172533593304
2401.7739	0.0343670077895891
2400.3569	0.034297548414718
2398.94	0.0342301598785451
2397.523	0.0338378733448516
2396.106	0.0333770604788536
2394.689	0.0341161518682113
2393.272	0.0332424064905671
2391.8551	0.0332112026485525
2390.4381	0.0339862946178551
2389.0211	0.0343910344350036
2387.6041	0.0336887491057841
2386.1872	0.0347193574737761
2384.7702	0.0341362887879208
2383.3532	0.0338599392319423
2381.9362	0.0334337319043449
2380.5193	0.0341226102639376
2379.1023	0.0346143849135287
2377.6853	0.0340307183595995
2376.2683	0.0345267728905396
2374.8514	0.0337584874838616
2373.4344	0.0335556016115619
2372.0174	0.0335395401028739
2370.6004	0.0341786806244564
2369.1835	0.0332888526821632
2367.7665	0.0329744566102107
2366.3495	0.0335193369943673
2364.9325	0.0334818134045136
2363.5156	0.0340832215649162
2362.0986	0.0337824635996354
2360.6816	0.034523348602345
2359.2646	0.0331628099968035
2357.8477	0.034299440371285
2356.4307	0.0331713151839405
2355.0137	0.0329149059147629
2353.5967	0.0343205010915696
2352.1798	0.0334683499093369
2350.7628	0.0330587828775455
2349.3458	0.0329498991822276
2347.9288	0.0334880793268685
2346.5118	0.0336070664979406
2345.0949	0.0335584867052787
2343.6779	0.0333538915405425
2342.2609	0.0327592872994988
2340.8439	0.0332823280549137
2339.427	0.0345013391438534
2338.01	0.0335551919204659
2336.593	0.0335700416942537
2335.176	0.0337331980006131
2333.7591	0.032851610250428
2332.3421	0.0332407192382816
2330.9251	0.0338883708080513
2329.5081	0.033466753806641
2328.0912	0.0330212471544633
2326.6742	0.0343495192280236
2325.2572	0.0341556767825664
2323.8402	0.0338134251558327
2322.4233	0.0345762723064044
2321.0063	0.034920979068556
2319.5893	0.033117915043948
2318.1723	0.0328642935959176
2316.7554	0.0346583953780591
2315.3384	0.0333169119364726
2313.9214	0.0329708891887925
2312.5044	0.0335121119405995
2311.0875	0.0331907587047657
2309.6705	0.033538283956464
2308.2535	0.032347963469065
2306.8365	0.0336142978467194
2305.4196	0.0328228520032743
2304.0026	0.033897703214094
2302.5856	0.0332412812667966
2301.1686	0.0321437980610585
2299.7516	0.0336286710121793
2298.3347	0.0326712202456076
2296.9177	0.0329576634805922
2295.5007	0.0330804101981333
2294.0837	0.0332546226911544
2292.6668	0.0324834201306944
2291.2498	0.0333507384928358
2289.8328	0.033306570305243
2288.4158	0.0328029935630166
2286.9989	0.0337714165275031
2285.5819	0.0336163818040106
2284.1649	0.0339522257716069
2282.7479	0.0333420386722519
2281.331	0.0336130989501812
2279.914	0.0325493565268954
2278.497	0.0325506474278558
2277.08	0.032855828656388
2275.6631	0.0320190203055929
2274.2461	0.0323648658571009
2272.8291	0.0324879312261268
2271.4121	0.0322844578921242
2269.9952	0.0322994190262536
2268.5782	0.0335217415602665
2267.1612	0.0327254966533111
2265.7442	0.0323554578454473
2264.3273	0.0325894297915964
2262.9103	0.0306467632609042
2261.4933	0.0310347694349288
2260.0763	0.0314614313328149
2258.6594	0.032775967493244
2257.2424	0.0308598938832357
2255.8254	0.0320788741808982
2254.4084	0.0307806605261759
2252.9914	0.0313143160731725
2251.5745	0.0318327264533668
2250.1575	0.0309837313311331
2248.7405	0.0310368957780871
2247.3235	0.0319270131559443
2245.9066	0.032128689791708
2244.4896	0.0320345686823864
2243.0726	0.0306250516962181
2241.6556	0.0311144949168646
2240.2387	0.0303198503026801
2238.8217	0.0302641377437463
2237.4047	0.0326722633231905
2235.9877	0.0317029305416354
2234.5708	0.0304093664838915
2233.1538	0.0313196066421679
2231.7368	0.0309251884881051
2230.3198	0.0304616915480711
2228.9029	0.0311212302105867
2227.4859	0.0310604159876575
2226.0689	0.0305876438361986
2224.6519	0.0312476096582263
2223.235	0.0314910685173848
2221.818	0.0305594129904344
2220.401	0.0309466376723262
2218.984	0.030075941373759
2217.5671	0.0306274451079887
2216.1501	0.031221906832677
2214.7331	0.0312086590966923
2213.3161	0.0292431849766523
2211.8992	0.0297210144092664
2210.4822	0.0304835975405697
2209.0652	0.0317068008626497
2207.6482	0.030703564316218
2206.2312	0.0308575548025193
2204.8143	0.0306029290937656
2203.3973	0.0317329595728145
2201.9803	0.0304003358531153
2200.5633	0.030430070140981
2199.1464	0.0303104988097233
2197.7294	0.0310365466236584
2196.3124	0.0307281589554702
2194.8954	0.0311910824030213
2193.4785	0.0321018527015918
2192.0615	0.0308991339080326
2190.6445	0.0305227042850633
2189.2275	0.0299218437168315
2187.8106	0.0298081693116357
2186.3936	0.0288682358186478
2184.9766	0.0303803012847244
2183.5596	0.0311672940442494
2182.1427	0.0304373002807211
2180.7257	0.0309610247481415
2179.3087	0.0304897495946701
2177.8917	0.0300541404935142
2176.4748	0.0307856006391258
2175.0578	0.0298054429539097
2173.6408	0.0292975546123227
2172.2238	0.0281562840755173
2170.8069	0.0302258100541546
2169.3899	0.030914907879792
2167.9729	0.0315332785211076
2166.5559	0.0305404260574816
2165.139	0.031043254314941
2163.722	0.0300932727820926
2162.305	0.0290119621439074
2160.888	0.0297146789143281
2159.471	0.0271261244286007
2158.0541	0.0269399969220363
2156.6371	0.0244528786962848
2155.2201	0.0248575247557219
2153.8031	0.0256350609148768
2152.3862	0.0270861963314026
2150.9692	0.0264430061614501
2149.5522	0.0263408541342835
2148.1352	0.0269729193096384
2146.7183	0.027347497995163
2145.3013	0.0269020668768915
2143.8843	0.0288630395822667
2142.4673	0.0275057004002573
2141.0504	0.0278607643798695
2139.6334	0.0284662392008589
2138.2164	0.0281218546786659
2136.7994	0.0289816643282817
2135.3825	0.0286881732243469
2133.9655	0.0290322616389716
2132.5485	0.0296560082449425
2131.1315	0.0285480828731139
2129.7146	0.029091708329533
2128.2976	0.0290030263426299
2126.8806	0.0290979412065412
2125.4636	0.0302726374801237
2124.0467	0.029925238231038
2122.6297	0.0296011494278091
2121.2127	0.0301804280199259
2119.7957	0.0305707177430278
2118.3788	0.0299072331331344
2116.9618	0.0297359982009821
2115.5448	0.0307760358968641
2114.1278	0.0309978742166305
2112.7108	0.0314069552000792
2111.2939	0.0303089690138587
2109.8769	0.0313030738373364
2108.4599	0.0303569019104569
2107.0429	0.0293251837168361
2105.626	0.0286914180326578
2104.209	0.0301269566649231
2102.792	0.0300363253851571
2101.375	0.0308507632856788
2099.9581	0.0302563970056586
2098.5411	0.029948033549992
2097.1241	0.0299169987192159
2095.7071	0.0303159507342721
2094.2902	0.0296567825657685
2092.8732	0.0298319283260936
2091.4562	0.0297163393171625
2090.0392	0.029182565350874
2088.6223	0.0299707465034307
2087.2053	0.0284598974671819
2085.7883	0.0303857715882215
2084.3713	0.029989999164083
2082.9544	0.0312131283405749
2081.5374	0.0300707066277001
2080.1204	0.0295839793145131
2078.7034	0.029476549519543
2077.2865	0.0293602384879243
2075.8695	0.0293607632656532
2074.4525	0.0293323893372569
2073.0355	0.029515005762229
2071.6186	0.0291411817375656
2070.2016	0.0293149392727054
2068.7846	0.0292134012391111
2067.3676	0.0283601260742974
2065.9506	0.028949485131652
2064.5337	0.0293739401283276
2063.1167	0.0296594076423305
2061.6997	0.0287976377531207
2060.2827	0.0289711001839469
2058.8658	0.0287216197418661
2057.4488	0.0283669714458202
2056.0318	0.0298783725427408
2054.6148	0.0300475015634411
2053.1979	0.0300765791033957
2051.7809	0.0295333358745613
2050.3639	0.030387736773648
2048.9469	0.0297134010662716
2047.53	0.0282564033059293
2046.113	0.0280576433381214
2044.696	0.0271117363297558
2043.279	0.0276627648885334
2041.8621	0.0279855616081203
2040.4451	0.0282760461598111
2039.0281	0.0292155204350581
2037.6111	0.0278842432717338
2036.1942	0.0279645452993666
2034.7772	0.0278881646651309
2033.3602	0.0272455409311571
2031.9432	0.0275404920431138
2030.5263	0.0274068775147032
2029.1093	0.0276882898818598
2027.6923	0.0272057551260255
2026.2753	0.027272359553331
2024.8584	0.0265937711978959
2023.4414	0.0255541522540483
2022.0244	0.0253661119895333
2020.6074	0.0240761934366162
2019.1904	0.0228120179861937
2017.7735	0.0241023687349498
2016.3565	0.0252426822620851
2014.9395	0.0229549190000601
2013.5225	0.0245053426273792
2012.1056	0.0255500835922331
2010.6886	0.0243445950472576
2009.2716	0.0266691126669517
2007.8546	0.0243769492112936
2006.4377	0.0239385119878922
2005.0207	0.0242763463492013
2003.6037	0.0234942035817099
2002.1867	0.0252268047845734
2000.7698	0.0244156111969693
1999.3528	0.0257228019201918
1997.9358	0.0255548095078358
1996.5188	0.02631534748156
1995.1019	0.0258152402130983
1993.6849	0.0256026810049925
1992.2679	0.0267316451690366
1990.8509	0.0269542147174611
1989.434	0.0252425065645017
1988.017	0.0255395346200759
1986.6	0.0251843397406819
1985.183	0.0261799623159756
1983.7661	0.027198632109144
1982.3491	0.0272743545277476
1980.9321	0.0268016062547543
1979.5151	0.0265501068726305
1978.0982	0.0250131369738152
1976.6812	0.0244558154163257
1975.2642	0.0249881536869352
1973.8472	0.0235760296080324
1972.4302	0.024090656852558
1971.0133	0.024379588009723
1969.5963	0.0257928155392781
1968.1793	0.0237417756802046
1966.7623	0.0237861474757923
1965.3454	0.0239536583031541
1963.9284	0.0241276409749424
1962.5114	0.0241554732674213
1961.0944	0.0245475204709513
1959.6775	0.0243932376529725
1958.2605	0.025689084811502
1956.8435	0.0248676765211086
1955.4265	0.0252289006177439
1954.0096	0.0253440069723942
1952.5926	0.025958161954196
1951.1756	0.025915975074304
1949.7586	0.0256024535369103
1948.3417	0.0258772869289867
1946.9247	0.0251395484725382
1945.5077	0.0257594399771652
1944.0907	0.0259611902320176
1942.6738	0.0252025681091735
1941.2568	0.0261862456785677
1939.8398	0.0268742328836099
1938.4228	0.0262357196509806
1937.0059	0.0267055887208147
1935.5889	0.0267378275893809
1934.1719	0.0264861710870457
1932.7549	0.0260042844456248
1931.338	0.0263461584970743
1929.921	0.0267015444596363
1928.504	0.0259883887612176
1927.087	0.0262788184814923
1925.67	0.0267175485980595
1924.2531	0.0277240058214546
1922.8361	0.0270230202804993
1921.4191	0.0264245133854676
1920.0021	0.0263042860529314
1918.5852	0.0267183317305905
1917.1682	0.0263229792362277
1915.7512	0.0269861629591645
1914.3342	0.0267483629111614
1912.9173	0.0263785198267366
1911.5003	0.0278828495455612
1910.0833	0.0257170118336217
1908.6663	0.0272965544765768
1907.2494	0.0280318714163108
1905.8324	0.0286021520701135
1904.4154	0.027876871253647
1902.9984	0.0272381069836697
1901.5815	0.0272707169561833
1900.1645	0.0264144617341755
1898.7475	0.0281928898217496
1897.3305	0.0274980041543131
1895.9136	0.0276122905404173
1894.4966	0.0270409575235096
1893.0796	0.0272205477338899
1891.6626	0.0278737996424189
1890.2457	0.0276177732017784
1888.8287	0.0271748783451442
1887.4117	0.0269836511618802
1885.9947	0.0286956113303929
1884.5778	0.0269073251812432
1883.1608	0.026858095624959
1881.7438	0.0280328024236217
1880.3268	0.0271507480310288
1878.9098	0.0272126725675016
1877.4929	0.0283659982918602
1876.0759	0.0276930053270245
1874.6589	0.026661202725169
1873.2419	0.0276255790019745
1871.825	0.0274068318808556
1870.408	0.0283529464810774
1868.991	0.0277471878119585
1867.574	0.0268983522046358
1866.1571	0.0271580400102818
1864.7401	0.0258834298838505
1863.3231	0.0283016976889441
1861.9061	0.0287726433017785
1860.4892	0.0268980772213994
1859.0722	0.0274681086036708
1857.6552	0.0275874941236775
1856.2382	0.026944334538567
1854.8213	0.0270382509623194
1853.4043	0.028061138179918
1851.9873	0.0275432048113519
1850.5703	0.027405741692922
1849.1534	0.0270134455965522
1847.7364	0.028735902542274
1846.3194	0.0277790128099122
1844.9024	0.027118590578326
1843.4855	0.0266904460374898
1842.0685	0.0268096949646737
1840.6515	0.0270437276833178
1839.2345	0.0271512636314721
1837.8176	0.0270274172665696
1836.4006	0.0268141015281211
1834.9836	0.0276705007758624
1833.5666	0.0271437579484352
1832.1496	0.0271568119418952
1830.7327	0.027432070337083
1829.3157	0.0273762910839604
1827.8987	0.0274607955482701
1826.4817	0.0268585837568742
1825.0648	0.0273161033129665
1823.6478	0.0274116084443165
1822.2308	0.0270483541564323
1820.8138	0.0269381480446355
1819.3969	0.0264588897576256
1817.9799	0.0265901446222038
1816.5629	0.0273344270189047
1815.1459	0.0261962158885885
1813.729	0.0267292723902053
1812.312	0.0268362967710244
1810.895	0.0278189760006307
1809.478	0.0283280731944606
1808.0611	0.027232093903882
1806.6441	0.0258715972271445
1805.2271	0.0269310809460096
1803.8101	0.0279482909973831
1802.3932	0.0273845624950066
1800.9762	0.0274349243471879
1799.5592	0.026974306491041
1798.1422	0.0272661100611311
1796.7253	0.0268213336458197
1795.3083	0.0262673422460455
1793.8913	0.026452969500129
1792.4743	0.0268074471512335
1791.0574	0.0274195549549153
1789.6404	0.0259893043241303
1788.2234	0.027181382112322
1786.8064	0.0281942389514218
1785.3894	0.0283297148556128
1783.9725	0.0278320792314939
1782.5555	0.0271445898426536
1781.1385	0.0276399379351402
1779.7215	0.0273071222316985
1778.3046	0.0282609853166948
1776.8876	0.0272542651766228
1775.4706	0.0275444377267257
1774.0536	0.0275965257378653
1772.6367	0.027291359501344
1771.2197	0.0283681845662868
1769.8027	0.0267150614391479
1768.3857	0.0275687102997816
1766.9688	0.0283504681764774
1765.5518	0.0278597285207766
1764.1348	0.0284747380714393
1762.7178	0.0286166602012702
1761.3009	0.0273137973254193
1759.8839	0.0274565099084256
1758.4669	0.0283400748127971
1757.0499	0.0284129302476454
1755.633	0.0283976413301616
1754.216	0.0286464615557565
1752.799	0.0288342562359394
1751.382	0.0297134621746352
1749.9651	0.0280891397785713
1748.5481	0.0291096079626767
1747.1311	0.028915318274447
1745.7141	0.0300223168423603
1744.2972	0.0287668897164851
1742.8802	0.0280695741662941
1741.4632	0.030223460194054
1740.0462	0.0302153120976495
1738.6292	0.0296527343839976
1737.2123	0.029998326698524
1735.7953	0.03210821758545
1734.3783	0.0303180925597425
1732.9613	0.0310487536200887
1731.5444	0.0309090978440673
1730.1274	0.0316383968223881
1728.7104	0.0326749330653921
1727.2934	0.0319696125368952
1725.8765	0.0330328143374443
1724.4595	0.0327452628090713
1723.0425	0.0324689205450078
1721.6255	0.0327247109765738
1720.2086	0.0331523083729907
1718.7916	0.0341905461302932
1717.3746	0.0342720011596517
1715.9576	0.0341646410440846
1714.5407	0.0356283427675804
1713.1237	0.035237958846631
1711.7067	0.0363732835483379
1710.2897	0.0350870837009749
1708.8728	0.0357172707563884
1707.4558	0.0360320948668699
1706.0388	0.035478459910028
1704.6218	0.0366057674711124
1703.2049	0.0363376923581497
1701.7879	0.0364084796203722
1700.3709	0.0375842549872892
1698.9539	0.0378603613641248
1697.537	0.0378215139803989
1696.12	0.037599228392268
1694.703	0.0375831733675915
1693.286	0.0383800735540973
1691.869	0.0372517446840876
1690.4521	0.0377007672368352
1689.0351	0.0387367686979746
1687.6181	0.0378438558937619
1686.2011	0.0384477289629907
1684.7842	0.0379211173059132
1683.3672	0.0388259483369683
1681.9502	0.0383171771836441
1680.5332	0.0390583283472388
1679.1163	0.0386992432745201
1677.6993	0.0398531567239504
1676.2823	0.0400329468990041
1674.8653	0.0399678221349742
1673.4484	0.0397142428206049
1672.0314	0.0403771713125798
1670.6144	0.0407256106281815
1669.1974	0.0399374133413046
1667.7805	0.0397507411788642
1666.3635	0.0406115629205508
1664.9465	0.0415891346376945
1663.5295	0.042257255398747
1662.1126	0.0414335825236171
1660.6956	0.0421662513760128
1659.2786	0.0424981898181301
1657.8616	0.0426513988183647
1656.4447	0.0421650363270069
1655.0277	0.0429169374629331
1653.6107	0.0436603082404979
1652.1937	0.0435958338937658
1650.7768	0.0440341149770387
1649.3598	0.0439644480279008
1647.9428	0.0448132762266232
1646.5258	0.0470518570603825
1645.1088	0.0469274695639894
1643.6919	0.048029956291432
1642.2749	0.0490363911148911
1640.8579	0.0475381014159587
1639.4409	0.0487271106706395
1638.024	0.0506898386345485
1636.607	0.0515112026461155
1635.19	0.0515988419598564
1633.773	0.0530175769293983
1632.3561	0.0526074958190274
1630.9391	0.0540548590841497
1629.5221	0.0553070818988266
1628.1051	0.0550628739872272
1626.6882	0.0556294220580814
1625.2712	0.0571792322294668
1623.8542	0.0560803200924427
1622.4372	0.057502180528798
1621.0203	0.0573718101789886
1619.6033	0.0573038967512378
1618.1863	0.0586379109338164
1616.7693	0.0580417343423291
1615.3524	0.0581902205305651
1613.9354	0.0589156561315669
1612.5184	0.0601572384193125
1611.1014	0.0595394348188165
1609.6845	0.0605469643554445
1608.2675	0.0607233007654175
1606.8505	0.0630076283993148
1605.4335	0.0627713398574569
1604.0166	0.0639822441728768
1602.5996	0.0638001577632529
1601.1826	0.0644177904587589
1599.7656	0.0651912568039519
1598.3486	0.0638992697513758
1596.9317	0.0636947187299321
1595.5147	0.0633646692346187
1594.0977	0.0633945683337032
1592.6807	0.0633092596475669
1591.2638	0.0627633004910407
1589.8468	0.0632763743562637
1588.4298	0.0616851333399633
1587.0128	0.0600307722689208
1585.5959	0.0606905386300616
1584.1789	0.0601600216500205
1582.7619	0.0590027980730504
1581.3449	0.0585540119828581
1579.928	0.0576629953828148
1578.511	0.0569210839666037
1577.094	0.055382299931518
1575.677	0.0551374785377419
1574.2601	0.0551434940419269
1572.8431	0.0540938296615598
1571.4261	0.0530487867368437
1570.0091	0.0537036877687429
1568.5922	0.0518567516424778
1567.1752	0.0527488184493054
1565.7582	0.049652934726343
1564.3412	0.0504352802798897
1562.9243	0.0514263047289767
1561.5073	0.0486086565404275
1560.0903	0.0482987583433376
1558.6733	0.0455839454821097
1557.2564	0.0452992057920112
1555.8394	0.0451847893956211
1554.4224	0.0444682902389085
1553.0054	0.0437334576493157
1551.5885	0.0426128991362377
1550.1715	0.0413875425111215
1548.7545	0.0418121454348846
1547.3375	0.0419547893117721
1545.9205	0.0412180685135171
1544.5036	0.040871001663559
1543.0866	0.0401944168808113
1541.6696	0.0404244640937005
1540.2526	0.0407614263873633
1538.8357	0.0388906629941445
1537.4187	0.0396362466735109
1536.0017	0.0390486511775965
1534.5847	0.0384371287706186
1533.1678	0.0388763013845364
1531.7508	0.0394216391461483
1530.3338	0.0388052998629761
1528.9168	0.0387309285791051
1527.4999	0.0390279909667392
1526.0829	0.0401612585960142
1524.6659	0.0396197303550121
1523.2489	0.0416837566955048
1521.832	0.0422922015345002
1520.415	0.0430375689261691
1518.998	0.0455743273744287
1517.581	0.0455708302512865
1516.1641	0.0464152081548995
1514.7471	0.0477839646703256
1513.3301	0.0485689371623092
1511.9131	0.0491912797144713
1510.4962	0.0486955432974187
1509.0792	0.0498739410468479
1507.6622	0.0496566113590712
1506.2452	0.0494403628115137
1504.8283	0.0495293450454828
1503.4113	0.0475757785499622
1501.9943	0.0479084526370484
1500.5773	0.0451432357679827
1499.1603	0.0444410371475239
1497.7434	0.0445998031530756
1496.3264	0.0438203802963015
1494.9094	0.0417116305203131
1493.4924	0.0420505219223238
1492.0755	0.0413579554679955
1490.6585	0.0418829244814637
1489.2415	0.0405419370783486
1487.8245	0.0414651417170468
1486.4076	0.0413899590260458
1484.9906	0.0433387387789936
1483.5736	0.0431362263169776
1482.1566	0.0442774110081312
1480.7397	0.0438708123662922
1479.3227	0.0440366731735393
1477.9057	0.043302525299195
1476.4887	0.0447268401034639
1475.0718	0.0444758290710788
1473.6548	0.0451979958821563
1472.2378	0.046366782150541
1470.8208	0.0467894881775248
1469.4039	0.0477885507691096
1467.9869	0.0487428403189544
1466.5699	0.0506683962960628
1465.1529	0.0507914102611416
1463.736	0.052376376982499
1462.319	0.0532399327182688
1460.902	0.0527924123281748
1459.485	0.0553506415245088
1458.0681	0.0546159114832556
1456.6511	0.0559013984088525
1455.2341	0.058285059090875
1453.8171	0.0565572029154738
1452.4001	0.0579614985431053
1450.9832	0.056874072774137
1449.5662	0.0572966558614295
1448.1492	0.0576320118058686
1446.7322	0.0576477004713074
1445.3153	0.0581515268776362
1443.8983	0.0585940001067253
1442.4813	0.0578001517207384
1441.0643	0.0585306956306774
1439.6474	0.0583644501768912
1438.2304	0.0579009917291275
1436.8134	0.058206969008349
1435.3964	0.0591448936507292
1433.9795	0.0598550490627184
1432.5625	0.0599354044338553
1431.1455	0.0618198057459039
1429.7285	0.0603718217053996
1428.3116	0.0627939201838539
1426.8946	0.0632039811736574
1425.4776	0.0627707111617513
1424.0606	0.0643396982967487
1422.6437	0.0646877536482635
1421.2267	0.0654871440741852
1419.8097	0.0643721560563211
1418.3927	0.0651400215666028
1416.9758	0.0657665950732483
1415.5588	0.0665391999615302
1414.1418	0.0660960788594591
1412.7248	0.0664522428952107
1411.3079	0.0660265102379991
1409.8909	0.0658277392772565
1408.4739	0.0668548465277345
1407.0569	0.0658416716019796
1405.6399	0.0670902228607706
1404.223	0.06661938243266
1402.806	0.0667973594720379
1401.389	0.0669758165772463
1399.972	0.0666227638468835
1398.5551	0.067667146256932
1397.1381	0.0678896386539946
1395.7211	0.0683513844403817
1394.3041	0.0684958846699412
1392.8872	0.0687361998018396
1391.4702	0.0686416671244515
1390.0532	0.0688673400396387
1388.6362	0.0702086309976235
1387.2193	0.0706988707931154
1385.8023	0.071522770518646
1384.3853	0.0714809404710808
1382.9683	0.0716726603500666
1381.5514	0.070280197583832
1380.1344	0.0708400937054572
1378.7174	0.0708688932578208
1377.3004	0.0722201026085477
1375.8835	0.0710189191695596
1374.4665	0.0712588638907258
1373.0495	0.0711791046682895
1371.6325	0.0732274297611632
1370.2156	0.0718779131181377
1368.7986	0.0735541570268935
1367.3816	0.0746665270967104
1365.9646	0.0738985458571215
1364.5477	0.0738003836238319
1363.1307	0.0746913353860958
1361.7137	0.0746521114435472
1360.2967	0.0764213027646102
1358.8797	0.0749994068023413
1357.4628	0.0745725578511545
1356.0458	0.0739699047283844
1354.6288	0.0733509318170291
1353.2118	0.0727228205247005
1351.7949	0.071259642283362
1350.3779	0.0722185898227123
1348.9609	0.0711699609662023
1347.5439	0.0704503649032893
1346.127	0.0718267615317987
1344.71	0.0711074230422383
1343.293	0.0727964935857573
1341.876	0.0726721931198901
1340.4591	0.0719094762506471
1339.0421	0.073031795290199
1337.6251	0.0730276497248037
1336.2081	0.0734822094614026
1334.7912	0.0736355120605677
1333.3742	0.0720438338049428
1331.9572	0.0723969522560737
1330.5402	0.0712379116138586
1329.1233	0.0716167694711997
1327.7063	0.0701938735969399
1326.2893	0.0708614420524552
1324.8723	0.0699169068007962
1323.4554	0.0697653955509618
1322.0384	0.0681311141813148
1320.6214	0.0684217258830706
1319.2044	0.0678809660721589
1317.7875	0.0670059062718794
1316.3705	0.0659238689449727
1314.9535	0.0646845079722368
1313.5365	0.0651297831835106
1312.1195	0.0653619522126517
1310.7026	0.064982588791201
1309.2856	0.064728954615631
1307.8686	0.0650689231765936
1306.4516	0.0635363676370936
1305.0347	0.0644405321600492
1303.6177	0.0647207715713367
1302.2007	0.0652153811045596
1300.7837	0.0656718772534108
1299.3668	0.0650750154908079
1297.9498	0.0652527493970447
1296.5328	0.064930840215761
1295.1158	0.0653402584917892
1293.6989	0.0651890343301162
1292.2819	0.0647943870573497
1290.8649	0.0655578746636607
1289.4479	0.0644687557801329
1288.031	0.0643221073907523
1286.614	0.0657945217165876
1285.197	0.0661411323582264
1283.78	0.0653073508639996
1282.3631	0.0652342701800056
1280.9461	0.0666659880213897
1279.5291	0.0671324323254118
1278.1121	0.0681530068596195
1276.6952	0.0692110794555214
1275.2782	0.0686939110196329
1273.8612	0.0707321932458585
1272.4442	0.0705765239448232
1271.0273	0.0710000120968728
1269.6103	0.0707045684155226
1268.1933	0.0719742871429738
1266.7763	0.0704977278424457
1265.3593	0.0702774923272336
1263.9424	0.0698368033364307
1262.5254	0.0698491737988707
1261.1084	0.0701132182995755
1259.6914	0.0705236002511516
1258.2745	0.0706873602818933
1256.8575	0.069700738069476
1255.4405	0.0703317419571899
1254.0235	0.0700612622175373
1252.6066	0.0695329627902433
1251.1896	0.0692612186508933
1249.7726	0.06923093830421
1248.3556	0.0682655445516303
1246.9387	0.0677797788046407
1245.5217	0.0673398743661336
1244.1047	0.068632411873528
1242.6877	0.068043909405045
1241.2708	0.0678321057349756
1239.8538	0.0685809840175872
1238.4368	0.0687672829296593
1237.0198	0.0689800359637345
1235.6029	0.0698234003828714
1234.1859	0.0695418671006324
1232.7689	0.0688401357375747
1231.3519	0.0681898129775418
1229.935	0.0684336524862802
1228.518	0.0675100847256503
1227.101	0.0664537961344755
1225.684	0.065061239627498
1224.2671	0.0645560818049058
1222.8501	0.0628524298258061
1221.4331	0.0622707312510166
1220.0161	0.0620365817574074
1218.5991	0.0608203231550752
1217.1822	0.0602341724420379
1215.7652	0.0599972302628263
1214.3482	0.060013084723853
1212.9312	0.0591591930895659
1211.5143	0.0604584947164851
1210.0973	0.0592402652250818
1208.6803	0.0592166665877377
1207.2633	0.0579091699554449
1205.8464	0.0587593027300393
1204.4294	0.0573653058109143
1203.0124	0.0568633967810193
1201.5954	0.0565768995737387
1200.1785	0.055572872209688
1198.7615	0.0551592229123375
1197.3445	0.0556917343874952
1195.9275	0.0545188784767105
1194.5106	0.0527403432001392
1193.0936	0.0521337080526386
1191.6766	0.0524712499232035
1190.2596	0.0515480350439902
1188.8427	0.0510584906918128
1187.4257	0.0495044844158836
1186.0087	0.0490353024827793
1184.5917	0.0484472630845864
1183.1748	0.0488165935360566
1181.7578	0.0490713826638368
1180.3408	0.0479801962592051
1178.9238	0.0486499316892137
1177.5069	0.049332011430462
1176.0899	0.050850922500216
1174.6729	0.0524058871660665
1173.2559	0.0525988227631494
1171.8389	0.053458675491658
1170.422	0.0554554235195708
1169.005	0.0581184210101965
1167.588	0.0595759249749715
1166.171	0.0626153861844287
1164.7541	0.0673171371980044
1163.3371	0.0696287246499914
1161.9201	0.0734059202302957
1160.5031	0.0768068199940914
1159.0862	0.0797984706563251
1157.6692	0.0843016737172828
1156.2522	0.0866293500806193
1154.8352	0.0908063607656038
1153.4183	0.0917870857436917
1152.0013	0.0954856112857904
1150.5843	0.0967118890214931
1149.1673	0.0984420264828483
1147.7504	0.0990260922031783
1146.3334	0.0985830129889749
1144.9164	0.0974451051240223
1143.4994	0.0961258832381449
1142.0825	0.0957084197912329
1140.6655	0.0942372495554065
1139.2485	0.0939747742874836
1137.8315	0.0918463994608293
1136.4146	0.0920588091490855
1134.9976	0.0896875694485703
1133.5806	0.0898908040956966
1132.1636	0.0890191585288198
1130.7467	0.0875900245963364
1129.3297	0.0893321427154722
1127.9127	0.0884185191140104
1126.4957	0.0898323571272826
1125.0787	0.0900986941941138
1123.6618	0.0912195033400012
1122.2448	0.0914032033355793
1120.8278	0.0924852045445446
1119.4108	0.0918781454338372
1117.9939	0.0922590910608003
1116.5769	0.0927262866890452
1115.1599	0.0938180372149645
1113.7429	0.0935852612543627
1112.326	0.0936350916051478
1110.909	0.0942364895523949
1109.492	0.0949553994576806
1108.075	0.0955156116797482
1106.6581	0.098015557033796
1105.2411	0.0978708563329956
1103.8241	0.0979981890623722
1102.4071	0.100486070688572
1100.9902	0.100826490960365
1099.5732	0.100388814314402
1098.1562	0.1020376553711
1096.7392	0.102526499536412
1095.3223	0.101532119833659
1093.9053	0.102577144577428
1092.4883	0.10311932000412
1091.0713	0.104479867692098
1089.6544	0.106031540497953
1088.2374	0.108848266603445
1086.8204	0.111288670476277
1085.4034	0.115474808771759
1083.9865	0.117728486513853
1082.5695	0.120691648085786
1081.1525	0.124527612501483
1079.7355	0.127394000515435
1078.3185	0.129650327234326
1076.9016	0.130758725384798
1075.4846	0.132701433090738
1074.0676	0.130638707124463
1072.6506	0.128804787260678
1071.2337	0.127077153459028
1069.8167	0.124357866179159
1068.3997	0.121528679832252
1066.9827	0.119379584154364
1065.5658	0.11974520246558
1064.1488	0.119103761712234
1062.7318	0.120577612489193
1061.3148	0.120931737110062
1059.8979	0.122342553213131
1058.4809	0.125970379068629
1057.0639	0.127075790997644
1055.6469	0.129681941166347
1054.23	0.131528829009769
1052.813	0.135174307742896
1051.396	0.136838545664795
1049.979	0.13895699575791
1048.5621	0.141722192432511
1047.1451	0.144582017663676
1045.7281	0.147271620865263
1044.3111	0.149967667887875
1042.8942	0.152724224249847
1041.4772	0.155850808708528
1040.0602	0.156944136076649
1038.6432	0.159600756384658
1037.2263	0.162023669588558
1035.8093	0.164192822661367
1034.3923	0.16715846977266
1032.9753	0.169792733323647
1031.5583	0.172230088057974
1030.1414	0.174866593019519
1028.7244	0.178498823244756
1027.3074	0.180368393979033
1025.8904	0.18437424586355
1024.4735	0.18721249188288
1023.0565	0.189116399133369
1021.6395	0.192213847115911
1020.2225	0.194065597616525
1018.8056	0.195714980552916
1017.3886	0.197465279560921
1015.9716	0.199837851674675
1014.5546	0.201024858555213
1013.1377	0.201434425652033
1011.7207	0.201122347406871
1010.3037	0.201110480646683
1008.8867	0.202076026357381
1007.4698	0.201334937176358
1006.0528	0.203217496612031
1004.6358	0.202276003956189
1003.2188	0.203916880826011
1001.8019	0.205057074337611
1000.3849	0.204720627580463
998.9679	0.206867393085998
997.5509	0.20774367906116
996.134	0.20774773287635
994.717	0.209855409681275
993.3	0.210634179043411
991.883	0.211148456935427
990.4661	0.211219518800658
989.0491	0.211606286075451
987.6321	0.208611540341908
986.2151	0.208404273569569
984.7981	0.207068941219445
983.3812	0.204620756296938
981.9642	0.201384391027414
980.5472	0.199070155684061
979.1302	0.195251858646315
977.7133	0.192213187432478
976.2963	0.190164483797365
974.8793	0.185126114622454
973.4623	0.18206778285272
972.0454	0.177334582602835
970.6284	0.174469168023669
969.2114	0.169718336478154
967.7944	0.166122765415384
966.3775	0.16172110617815
964.9605	0.159053476107752
963.5435	0.155520190926067
962.1265	0.151841255274151
960.7096	0.148977775323601
959.2926	0.145259193653478
957.8756	0.142592307041023
956.4586	0.138829315841368
955.0417	0.137286730791199
953.6247	0.133736155238111
952.2077	0.130713541179116
950.7907	0.128249392720512
949.3738	0.126033958772699
947.9568	0.123937048535454
946.5398	0.123476549308081
945.1228	0.121917037984889
943.7059	0.122422491102371
942.2889	0.12167917462187
940.8719	0.12227200992619
939.4549	0.122158990190875
938.0379	0.123198802941014
936.621	0.123056227652494
935.204	0.123585470144743
933.787	0.12337282869453
932.37	0.123381145926552
930.9531	0.123044364929116
929.5361	0.123862804676345
928.1191	0.122706716562589
926.7021	0.123776113137171
925.2852	0.123802007395941
923.8682	0.124242912862689
922.4512	0.122979943970715
921.0342	0.121835459451952
919.6173	0.121449235839048
918.2003	0.120328979731871
916.7833	0.12039311072001
915.3663	0.119767751736523
913.9494	0.119783062118602
912.5324	0.118625244197208
911.1154	0.116827068689421
909.6984	0.115664963291375
908.2815	0.113674779906756
906.8645	0.113493040274548
905.4475	0.112870685819828
904.0305	0.11017420099886
902.6136	0.108694791337689
901.1966	0.108758878514889
899.7796	0.107880770327574
898.3626	0.106572447469819
896.9457	0.106634493640617
895.5287	0.105940596477502
894.1117	0.105283913265032
892.6947	0.104712616198251
891.2777	0.104175920083467
889.8608	0.102962825278533
888.4438	0.101019978137262
887.0268	0.101230279937785
885.6098	0.0989044095662347
884.1929	0.099239799093104
882.7759	0.0972854616712234
881.3589	0.0953553693404345
879.9419	0.0952388015690151
878.525	0.094735224477737
877.108	0.0941645542621616
875.691	0.094278878467709
874.274	0.0944218133409703
872.8571	0.0936859439793636
871.4401	0.0949732672544401
870.0231	0.0951606666650848
868.6061	0.096763718887811
867.1892	0.0965649675342205
865.7722	0.0976268620344579
864.3552	0.0975004623827003
862.9382	0.0985007396191413
861.5213	0.0993764062641632
860.1043	0.100294192297066
858.6873	0.100509740680457
857.2703	0.0991318537659596
855.8534	0.100903680308957
854.4364	0.101488862058379
853.0194	0.100615808692939
851.6024	0.100923352054846
850.1855	0.101404399007682
848.7685	0.101108580599197
847.3515	0.100291644246851
845.9345	0.101306525688692
844.5175	0.10062674473457
843.1006	0.100229344395895
841.6836	0.100034975120433
840.2666	0.0997434143082671
838.8496	0.0987146638304209
837.4327	0.0973177149023279
836.0157	0.0984492785612408
834.5987	0.0966043729276279
833.1817	0.0966047948652155
831.7648	0.0960032173801938
830.3478	0.0954427494166093
828.9308	0.0944279189333896
827.5138	0.0933470782399565
826.0969	0.0933539560377688
824.6799	0.0928030609498232
823.2629	0.0927929305031302
821.8459	0.0918179023297345
820.429	0.0913260416416976
819.012	0.0924377446218158
817.595	0.0925883400392084
816.178	0.092074499598245
814.7611	0.0922947985028743
813.3441	0.0913369816561024
811.9271	0.0907988257070501
810.5101	0.0907542847493874
809.0932	0.0907831095175041
807.6762	0.0896526915863687
806.2592	0.0895916117208146
804.8422	0.0888719858724321
803.4253	0.0888317651324056
802.0083	0.0893164633571277
800.5913	0.0876197374964435
799.1743	0.0892479871817285
797.7573	0.0888717675715501
796.3404	0.0897225718163925
794.9234	0.0897046770633954
793.5064	0.0896756182468904
792.0894	0.0905472987158337
790.6725	0.0894149603459133
789.2555	0.0898376081746311
787.8385	0.0908533342322194
786.4215	0.090762453009754
785.0046	0.0917085792117443
783.5876	0.092402782900652
782.1706	0.0934170432979259
780.7536	0.0936535607469281
779.3367	0.0935762302722712
777.9197	0.0936809785105956
776.5027	0.0957375029032235
775.0857	0.0954297785797239
773.6688	0.0971013258017221
772.2518	0.0986823452778624
770.8348	0.0995416236339969
769.4178	0.100561158435384
768.0009	0.102460001272372
766.5839	0.103392667186475
765.1669	0.105562001693677
763.7499	0.105368073413418
762.333	0.105300883986166
760.916	0.10632101769052
759.499	0.105826053422183
758.082	0.106521520981485
756.6651	0.105425639931169
755.2481	0.105457461974753
753.8311	0.103799924546998
752.4141	0.103785304664057
750.9971	0.103683629273159
749.5802	0.102327779612791
748.1632	0.100771805552417
746.7462	0.100730466778128
745.3292	0.0992467332408728
743.9123	0.0991261862912941
742.4953	0.0976928525240606
741.0783	0.096357660682875
739.6613	0.0977407683126546
738.2444	0.0971061766917567
736.8274	0.0965291966338248
735.4104	0.0969888928066944
733.9934	0.0960312465438045
732.5765	0.0972820616701063
731.1595	0.0979573531145067
729.7425	0.0982027078639701
728.3255	0.0975352863376024
726.9086	0.0985758889332505
725.4916	0.0998545406061929
724.0746	0.100443376571063
722.6576	0.100027633705594
721.2407	0.102200462733162
719.8237	0.102097295254779
718.4067	0.103723905076494
716.9897	0.103887899905543
715.5728	0.105871704900412
714.1558	0.10721031891312
712.7388	0.107677812180991
711.3218	0.108720382101532
709.9049	0.109512182338468
708.4879	0.110200641743078
707.0709	0.111334320865032
705.6539	0.111651618121155
704.2369	0.111441514713293
702.82	0.1118569888219
701.403	0.112203719886274
699.986	0.111357333313747
698.569	0.110317607220655
697.1521	0.110800498530509
695.7351	0.110184255007074
694.3181	0.110012471336966
692.9011	0.10880196252791
691.4842	0.10922268988021
690.0672	0.109216013301821
688.6502	0.109948340557146
687.2332	0.108757141260474
685.8163	0.109241650970934
684.3993	0.110400328918711
682.9823	0.110671403183166
681.5653	0.111013584223834
680.1484	0.110555636914075
678.7314	0.111460858641085
677.3144	0.111292795225141
675.8974	0.111039155685933
674.4805	0.112531523645126
673.0635	0.111820029813004
671.6465	0.112329220561713
670.2295	0.113200002900549
668.8126	0.113708168576464
667.3956	0.112822016010748
665.9786	0.113653904466086
664.5616	0.113621476231526
663.1447	0.113476942864323
661.7277	0.114129806796393
660.3107	0.114161768883154
658.8937	0.115604411412338
657.4767	0.115347801056192
656.0598	0.115842989149922
654.6428	0.11619026271601
653.2258	0.116484831245123
651.8088	0.117083083330879
650.3919	0.116887115457691
648.9749	0.117265168172398
647.5579	0.11768322863254
646.1409	0.118299240503922
644.724	0.119223861861722
643.307	0.118226214541764
641.89	0.11962672520778
640.473	0.119694508180531
639.0561	0.12056905638027
637.6391	0.120747874239233
636.2221	0.119945083357995
634.8051	0.120802451047293
633.3882	0.121237100477975
631.9712	0.121836489214916
630.5542	0.122072077947871
629.1372	0.121888970666558
627.7203	0.123300086758527
626.3033	0.123550565931753
624.8863	0.124564019925077
623.4693	0.126434390832081
622.0524	0.126776194316828
620.6354	0.128196535841486
619.2184	0.130468098192216
617.8014	0.131917999527603
616.3845	0.133148042161256
614.9675	0.133220407853377
613.5505	0.134285979959311
612.1335	0.136095673964144
610.7165	0.136498324483869
609.2996	0.138425330115247
607.8826	0.139037109791002
606.4656	0.139009311786188
605.0486	0.140185197321487
603.6317	0.140683184274162
602.2147	0.140490186382714
600.7977	0.140094641722049
599.3807	0.13974243384404
597.9638	0.138963156937493
596.5468	0.139152212621821
595.1298	0.140376615043294
593.7128	0.141375978009349
592.2959	0.142068243543359
590.8789	0.142483346309043
589.4619	0.142905019282496
588.0449	0.143374216222581
586.628	0.144690840549592
585.211	0.146271051766929
583.794	0.146744661755832
582.377	0.14913465196416
580.9601	0.150443538784854
579.5431	0.152833568519184
578.1261	0.154687464164059
576.7091	0.155782995761022
575.2922	0.157910001826307
573.8752	0.159950219953
572.4582	0.1612209116946
571.0412	0.162077798044586
569.6243	0.161352335958598
568.2073	0.160407688552747
566.7903	0.160932224155759
565.3733	0.158610945819736
563.9563	0.158038020254441
562.5394	0.156872824203616
561.1224	0.156589323088105
559.7054	0.156927366865826
558.2884	0.156242997547734
556.8715	0.156134147799713
555.4545	0.155103846264737
554.0375	0.154234970221543
552.6205	0.153677606711188
551.2036	0.153290998854129
549.7866	0.152793115327152
548.3696	0.153317109852636
546.9526	0.152232955619063
545.5357	0.151492060382905
544.1187	0.151850387128228
542.7017	0.151956796456451
541.2847	0.15315849937147
539.8678	0.153864274739059
538.4508	0.156208196735918
537.0338	0.155458030840359
535.6168	0.157155213703291
534.1999	0.156715289315215
532.7829	0.159095593395206
531.3659	0.159898601902165
529.9489	0.163040821990131
528.532	0.164081953302819
527.115	0.166269489804165
525.698	0.166994739914268
524.281	0.167776687618176
522.8641	0.168153418472782
521.4471	0.168974511103515
520.0301	0.168797657131695
518.6131	0.168812346304726
517.1962	0.168084155115924
515.7792	0.167471033530104
514.3622	0.167368185815443
512.9452	0.167351581243426
511.5282	0.167486082090813
510.1113	0.166936964131726
508.6943	0.165388522042495
507.2773	0.165533583117665
505.8603	0.164870424337065
504.4434	0.16537491793186
503.0264	0.166878212221511
501.6094	0.165161314008942
500.1924	0.164557215552838
498.7755	0.164906569946229
497.3585	0.164617813882689
495.9415	0.164100540517797
494.5245	0.163996213297394
493.1076	0.163137742681975
491.6906	0.162714912774201
490.2736	0.163422704988757
488.8566	0.163963013710489
487.4397	0.163214702130431
486.0227	0.164042474189579
484.6057	0.164780794698031
483.1887	0.163444846009195
481.7718	0.162591298833951
480.3548	0.164591407261105
478.9378	0.164092539129707
477.5208	0.165142257669626
476.1039	0.165055825041342
474.6869	0.164561958103627
473.2699	0.162570156711214
471.8529	0.162834378735936
470.436	0.162270284048573
469.019	0.162666157683952
467.602	0.162559091640933
466.185	0.162440520492279
464.768	0.162136016411664
463.3511	0.162794753605619
461.9341	0.161661570465385
460.5171	0.162086788226224
459.1001	0.160761351324258
457.6832	0.16130253176469
456.2662	0.160959696700567
454.8492	0.160475948164427
453.4322	0.161384283271743
452.0153	0.162211397518759
450.5983	0.16106459031114
449.1813	0.162830408637443
447.7643	0.16272409596735
446.3474	0.162972373133673
444.9304	0.164623935441451
443.5134	0.166136214164325
442.0964	0.166875037569005
440.6795	0.169084011288121
439.2625	0.171486449989396
437.8455	0.172142616691345
436.4285	0.173089337397686
435.0116	0.174816024937814
433.5946	0.174408187562952
432.1776	0.173829710854693
430.7606	0.172764898673399
429.3437	0.172946271871291
427.9267	0.174357541838113
426.5097	0.175962729470027
425.0927	0.17535763618194
423.6758	0.17613943596155
422.2588	0.176173435089345
420.8418	0.177400515604316
419.4248	0.175563000218234
418.0078	0.174244572235551
416.5909	0.173871248959932
415.1739	0.175996807546828
413.7569	0.176822056283771
412.3399	0.177934984147749
410.923	0.177752531335092
409.506	0.178803613239803
408.089	0.17745314820238
406.672	0.176364965005155
405.2551	0.178841436546388
403.8381	0.178819326154126
402.4211	0.18026704058948
401.0041	0.180667487269526
