3994.4546	0.0156367460913003
3993.0377	0.015777897944281
3991.6207	0.0158642181522667
3990.2037	0.0157136863044191
3988.7867	0.0146160332082514
3987.3698	0.0152457288016954
3985.9528	0.014985907699648
3984.5358	0.015372207392999
3983.1188	0.0159384233827555
3981.7019	0.0151510086678835
3980.2849	0.0149886128029863
3978.8679	0.0153215099894906
3977.4509	0.0152191325700111
3976.034	0.0155683734846804
3974.617	0.0150228395602228
3973.2	0.0150296202518071
3971.783	0.0145221839987193
3970.3661	0.0152546482859062
3968.9491	0.0155111366307805
3967.5321	0.0155598183824129
3966.1151	0.0154833420161001
3964.6982	0.0154287594453791
3963.2812	0.0167626737792448
3961.8642	0.0161448400378379
3960.4472	0.0160945548890329
3959.0303	0.0145705658379096
3957.6133	0.0156983179293704
3956.1963	0.0155022756914291
3954.7793	0.015608558176397
3953.3624	0.0146348623571099
3951.9454	0.0157159594605148
3950.5284	0.0149837091110285
3949.1114	0.0150857190745673
3947.6944	0.0151105797991996
3946.2775	0.0152829476031833
3944.8605	0.015987582197931
3943.4435	0.0155252544489949
3942.0265	0.0154774864890364
3940.6096	0.0154547862027623
3939.1926	0.0153254603304347
3937.7756	0.0150419271448537
3936.3586	0.0150854052832443
3934.9417	0.0152571607319405
3933.5247	0.014733698034138
3932.1077	0.0154709892606571
3930.6907	0.0152431987073044
3929.2738	0.014630866811574
3927.8568	0.0150176187221126
3926.4398	0.0150697156227703
3925.0228	0.0147703201370724
3923.6059	0.0147383706109256
3922.1889	0.0156139506679108
3920.7719	0.0152342890515101
3919.3549	0.0153035020847873
3917.938	0.0149348919850341
3916.521	0.0150434690381104
3915.104	0.0151839762441366
3913.687	0.0150889866177879
3912.2701	0.0149391680310114
3910.8531	0.0151907156825665
3909.4361	0.0156451670452049
3908.0191	0.0148452505311169
3906.6022	0.0154235568908978
3905.1852	0.0144725178928331
3903.7682	0.0149731950255235
3902.3512	0.0148821841896763
3900.9342	0.0154975368001004
3899.5173	0.0147225872018225
3898.1003	0.0151374998154724
3896.6833	0.0146347813515201
3895.2663	0.0154128916103451
3893.8494	0.015022446019014
3892.4324	0.0154609875297702
3891.0154	0.0150314365563489
3889.5984	0.0151275054920469
3888.1815	0.0148972615953622
3886.7645	0.0143267887553291
3885.3475	0.0151999763565823
3883.9305	0.015445841031714
3882.5136	0.0147649115521268
3881.0966	0.0152466294896967
3879.6796	0.0151653094759828
3878.2626	0.0149833282389116
3876.8457	0.0145817827462099
3875.4287	0.0148225514571057
3874.0117	0.0151547485113995
3872.5947	0.0151911407653555
3871.1778	0.01480718219863
3869.7608	0.0154006390691897
3868.3438	0.0150160001248357
3866.9268	0.0155951638557296
3865.5099	0.0147188056766859
3864.0929	0.0145906626737331
3862.6759	0.0154664971856996
3861.2589	0.0149462378598222
3859.842	0.0152373384241637
3858.425	0.0147823024204449
3857.008	0.0158360627024793
3855.591	0.0148734706175331
3854.174	0.0155137383290806
3852.7571	0.0155887622987057
3851.3401	0.0151714732484042
3849.9231	0.0152478980608594
3848.5061	0.0150191838699007
3847.0892	0.014917616243822
3845.6722	0.0147199050500177
3844.2552	0.0146028521222611
3842.8382	0.0145417424128943
3841.4213	0.0146111470949063
3840.0043	0.0149083590084273
3838.5873	0.0149916245432389
3837.1703	0.0150570569939752
3835.7534	0.0154556122752414
3834.3364	0.0152528165570971
3832.9194	0.0148960799056444
3831.5024	0.0149877165408246
3830.0855	0.0150151347397556
3828.6685	0.0151810952579459
3827.2515	0.014884869075852
3825.8345	0.0151065238571479
3824.4176	0.014757646623071
3823.0006	0.0143137294488533
3821.5836	0.0149608796054019
3820.1666	0.0155180228761061
3818.7497	0.0145102438907312
3817.3327	0.0153130365234238
3815.9157	0.0149513363791201
3814.4987	0.0147829456777692
3813.0818	0.0151190626960689
3811.6648	0.0150289698536003
3810.2478	0.0152993240289264
3808.8308	0.0148895033130234
3807.4138	0.0145831533540788
3805.9969	0.0148049679618642
3804.5799	0.0149539433404437
3803.1629	0.0142621251385615
3801.7459	0.0149536251395779
3800.329	0.0144428281484613
3798.912	0.0147148907780292
3797.495	0.0146600842111139
3796.078	0.0145577860684313
3794.6611	0.0141946253128342
3793.2441	0.0145707665707489
3791.8271	0.0142518101166655
3790.4101	0.0142704662090147
3788.9932	0.0147253554191342
3787.5762	0.0146483868219899
3786.1592	0.0142955585342268
3784.7422	0.0148976833205356
3783.3253	0.0146590771132012
3781.9083	0.0148082947863063
3780.4913	0.0151578906056761
3779.0743	0.0149059219166195
3777.6574	0.0144706906108468
3776.2404	0.0143497810495504
3774.8234	0.0136643153139278
3773.4064	0.0144742688303928
3771.9895	0.0143457050907424
3770.5725	0.014442678328108
3769.1555	0.0137627555621478
3767.7385	0.014393299998313
3766.3216	0.0144308332964969
3764.9046	0.0139297845934363
3763.4876	0.014758990625121
3762.0706	0.0145036769019037
3760.6536	0.014184481841979
3759.2367	0.0145644180483746
3757.8197	0.0142711047699058
3756.4027	0.0140266399459663
3754.9857	0.0140208107399421
3753.5688	0.014480712180224
3752.1518	0.0146026879422129
3750.7348	0.0141148879707174
3749.3178	0.0143088989308504
3747.9009	0.0141193620556677
3746.4839	0.0141236359163768
3745.0669	0.0146637908802122
3743.6499	0.0149287920264619
3742.233	0.0142871307835954
3740.816	0.0137479606358786
3739.399	0.0137851407645743
3737.982	0.0146545544605633
3736.5651	0.0144929313327075
3735.1481	0.0146611079625654
3733.7311	0.0142435430068214
3732.3141	0.0142339439849793
3730.8972	0.0148262786364045
3729.4802	0.0145534801890503
3728.0632	0.0143538726420947
3726.6462	0.0146361071015231
3725.2293	0.0150868288255593
3723.8123	0.0137404024216708
3722.3953	0.0139797967601384
3720.9783	0.0136383418125514
3719.5614	0.0137212768602391
3718.1444	0.0136158146608651
3716.7274	0.0137699801616055
3715.3104	0.0140501793928193
3713.8935	0.0138270159402747
3712.4765	0.0142325364976769
3711.0595	0.0143441691815407
3709.6425	0.0141194712776139
3708.2255	0.0133799708731299
3706.8086	0.0143383060119748
3705.3916	0.0136011898992972
3703.9746	0.0141646168331321
3702.5576	0.0134574036894768
3701.1407	0.0141324666125334
3699.7237	0.0134416843190484
3698.3067	0.0137398269551745
3696.8897	0.0136590419498882
3695.4728	0.0131948738453713
3694.0558	0.0131617314296815
3692.6388	0.0139830812424311
3691.2218	0.0137688810004199
3689.8049	0.0140061170502227
3688.3879	0.0141009559908992
3686.9709	0.0135381748190176
3685.5539	0.0133393153881506
3684.137	0.0140085972075265
3682.72	0.0131490019993291
3681.303	0.0131521010974
3679.886	0.0135902731458337
3678.4691	0.0133625620010553
3677.0521	0.0133386637574916
3675.6351	0.0139826844687963
3674.2181	0.0138785609960715
3672.8012	0.0136095994492439
3671.3842	0.0142531594779494
3669.9672	0.0144443624575106
3668.5502	0.013500542628138
3667.1333	0.0141863546965814
3665.7163	0.013837304391178
3664.2993	0.0133133404650618
3662.8823	0.0144602919159771
3661.4653	0.013729103398808
3660.0484	0.0138330173705653
3658.6314	0.0140861426166475
3657.2144	0.014047319944419
3655.7974	0.0138263333053778
3654.3805	0.0138089814221302
3652.9635	0.0141543406203255
3651.5465	0.0142743932183944
3650.1295	0.0141775395498581
3648.7126	0.0138212879453439
3647.2956	0.0142735468373662
3645.8786	0.0144667321789044
3644.4616	0.0142035949406572
3643.0447	0.0143723776074117
3641.6277	0.0147944760541374
3640.2107	0.0142648040781972
3638.7937	0.0144520657441725
3637.3768	0.0142037191886685
3635.9598	0.0150676582903912
3634.5428	0.0147714967806082
3633.1258	0.0144750608635023
3631.7089	0.0146611056446948
3630.2919	0.0138907070387245
3628.8749	0.0138546833001507
3627.4579	0.0148353033530515
3626.041	0.0149477150219135
3624.624	0.0149390051217063
3623.207	0.0147343290949859
3621.79	0.0148670164070736
3620.3731	0.0153929829704092
3618.9561	0.0153730435311838
3617.5391	0.0161807817586857
3616.1221	0.0153032318908567
3614.7051	0.0158686022787915
3613.2882	0.0154658574567041
3611.8712	0.0157654676183264
3610.4542	0.0156165887372526
3609.0372	0.0156195949055872
3607.6203	0.0165830559360153
3606.2033	0.0163410617192826
3604.7863	0.0162443745962995
3603.3693	0.0164035339005398
3601.9524	0.0165772209580131
3600.5354	0.0157714966600727
3599.1184	0.0165203911562616
3597.7014	0.0168876019565518
3596.2845	0.0164062013677921
3594.8675	0.0170117290709344
3593.4505	0.0174345209049202
3592.0335	0.0169464537114693
3590.6166	0.0172406198672215
3589.1996	0.0171444755384725
3587.7826	0.0177831006833462
3586.3656	0.0183675400228563
3584.9487	0.0180231737530294
3583.5317	0.0187542208048363
3582.1147	0.0187029569733257
3580.6977	0.0185599702481888
3579.2808	0.0188532838715332
3577.8638	0.0177667575626469
3576.4468	0.0184923212573118
3575.0298	0.0187789769205959
3573.6129	0.019413142365729
3572.1959	0.018575385726792
3570.7789	0.01950949570275
3569.3619	0.0191000759554654
3567.9449	0.0195283981470685
3566.528	0.0203888326116594
3565.111	0.020852815393075
3563.694	0.0205358983611977
3562.277	0.0204180708549974
3560.8601	0.0206817788847672
3559.4431	0.0204735689928638
3558.0261	0.0210496671760917
3556.6091	0.0217912721876428
3555.1922	0.0209185890316762
3553.7752	0.0222102703536729
3552.3582	0.0220146301803766
3550.9412	0.0225018502509583
3549.5243	0.0217400527994789
3548.1073	0.0216611266760503
3546.6903	0.0222456719854446
3545.2733	0.0230366082113228
3543.8564	0.0229135875854733
3542.4394	0.023505636854914
3541.0224	0.0235487868949373
3539.6054	0.0235653068620759
3538.1885	0.0239731854743823
3536.7715	0.02384877665474
3535.3545	0.0237835442416825
3533.9375	0.0243953355718728
3532.5206	0.0244616367763373
3531.1036	0.0249009657536275
3529.6866	0.0249911328559789
3528.2696	0.025535668014784
3526.8527	0.0251731819974626
3525.4357	0.026261618388211
3524.0187	0.0258787552169788
3522.6017	0.026348897978662
3521.1847	0.0266341366656716
3519.7678	0.0266193367097459
3518.3508	0.0267127427525155
3516.9338	0.0264906258381511
3515.5168	0.027692710956603
3514.0999	0.0271200554864404
3512.6829	0.0277657080646398
3511.2659	0.0282635977070009
3509.8489	0.0281511303920471
3508.432	0.0278635507431402
3507.015	0.029115298053881
3505.598	0.0291908045818821
3504.181	0.028439518495066
3502.7641	0.0293209805566917
3501.3471	0.0295535487780645
3499.9301	0.0295230255337462
3498.5131	0.0296770332488982
3497.0962	0.0299365058235896
3495.6792	0.0307374672393823
3494.2622	0.0305483169298274
3492.8452	0.0309220979111625
3491.4283	0.0308301675749468
3490.0113	0.0309178778545808
3488.5943	0.0316529003833198
3487.1773	0.0313972938294335
3485.7604	0.0319790180174515
3484.3434	0.0321353487396879
3482.9264	0.0326167472783597
3481.5094	0.0325278389213654
3480.0925	0.0327792933284914
3478.6755	0.0327284987877271
3477.2585	0.0330116803340305
3475.8415	0.0334995046784082
3474.4245	0.0338518229706554
3473.0076	0.0343242697416547
3471.5906	0.0334631011252339
3470.1736	0.0343832163207481
3468.7566	0.0339258255185767
3467.3397	0.0345821527968765
3465.9227	0.035053596634105
3464.5057	0.0349060507707339
3463.0887	0.0344640235833071
3461.6718	0.0353127984019416
3460.2548	0.0360374520521286
3458.8378	0.0357891895873816
3457.4208	0.0357058918056097
3456.0039	0.0360272522999284
3454.5869	0.0365285729752829
3453.1699	0.0364409095349795
3451.7529	0.036134614485496
3450.336	0.0368673520013405
3448.919	0.0368263170876792
3447.502	0.0373250696153773
3446.085	0.0373498933844173
3444.6681	0.0375780156166614
3443.2511	0.037859551980361
3441.8341	0.0383709726516637
3440.4171	0.0381579217918695
3439.0002	0.038345758502305
3437.5832	0.038845375690149
3436.1662	0.038825909751105
3434.7492	0.038472272798045
3433.3323	0.0384450212903019
3431.9153	0.0399285283532442
3430.4983	0.0401415496022117
3429.0813	0.0393777263255623
3427.6643	0.0395558958459403
3426.2474	0.0405597621592235
3424.8304	0.0404162979777459
3423.4134	0.0409242411230038
3421.9964	0.040196469513293
3420.5795	0.0409813278671739
3419.1625	0.0412164651708693
3417.7455	0.0409917023987511
3416.3285	0.0413184912343186
3414.9116	0.0416961910122991
3413.4946	0.0426631548470476
3412.0776	0.0421835872752549
3410.6606	0.041994162118716
3409.2437	0.0423511330474844
3407.8267	0.0420441608967065
3406.4097	0.0423097330984648
3404.9927	0.0416574091322574
3403.5758	0.0431256521255388
3402.1588	0.042432391273737
3400.7418	0.0428360028382711
3399.3248	0.0435000411702333
3397.9079	0.0433763342128614
3396.4909	0.0428514233534276
3395.0739	0.0440002014243054
3393.6569	0.0438403392029195
3392.24	0.0445163892101516
3390.823	0.0443285067164985
3389.406	0.0447664933120927
3387.989	0.0443155363076088
3386.5721	0.044391817549592
3385.1551	0.0446783694287074
3383.7381	0.0450014129271321
3382.3211	0.0453441706310696
3380.9041	0.0454056843969956
3379.4872	0.0456840531489416
3378.0702	0.0452927309684707
3376.6532	0.0458055669541581
3375.2362	0.0456032369946211
3373.8193	0.0454904220926204
3372.4023	0.0470313567508396
3370.9853	0.0465593654180537
3369.5683	0.0464824812380345
3368.1514	0.0466757445131092
3366.7344	0.0462595736047554
3365.3174	0.0458051811179078
3363.9004	0.0470043122520105
3362.4835	0.0465890683122619
3361.0665	0.0467998983454957
3359.6495	0.0471232385626735
3358.2325	0.0473600548247717
3356.8156	0.0465998263558824
3355.3986	0.0475997232317188
3353.9816	0.047047715049159
3352.5646	0.047722549251274
3351.1477	0.0478689865203927
3349.7307	0.0471995674694973
3348.3137	0.0484591942131632
3346.8967	0.047823533982062
3345.4798	0.0483819059493595
3344.0628	0.0483607747017927
3342.6458	0.0480349597822017
3341.2288	0.0481935279266282
3339.8119	0.0484314158409666
3338.3949	0.0485694018052572
3336.9779	0.047893047183821
3335.5609	0.0488565313845567
3334.1439	0.0492192719897242
3332.727	0.0487290371358466
3331.31	0.0493954284449184
3329.893	0.0490415270150617
3328.476	0.0489968582181937
3327.0591	0.049619136104065
3325.6421	0.0489318454379508
3324.2251	0.0494887361346084
3322.8081	0.0497168510842077
3321.3912	0.0492777498248389
3319.9742	0.0495643175629637
3318.5572	0.0502706846251789
3317.1402	0.0496407235466551
3315.7233	0.0493880053350929
3314.3063	0.0493886566577793
3312.8893	0.0499298138343546
3311.4723	0.0495723500016754
3310.0554	0.0494675646516673
3308.6384	0.0497684237269888
3307.2214	0.049607485207458
3305.8044	0.0500282241579293
3304.3875	0.0494298951590764
3302.9705	0.0503795604629937
3301.5535	0.0489586026719471
3300.1365	0.0488953381465531
3298.7196	0.0496841370734583
3297.3026	0.0495545514121091
3295.8856	0.0500696910936778
3294.4686	0.0499778014906603
3293.0517	0.0499603452670709
3291.6347	0.0500814523591207
3290.2177	0.0502239787955916
3288.8007	0.0504783200519588
3287.3837	0.0503750506335224
3285.9668	0.0503025341253623
3284.5498	0.0500038746396761
3283.1328	0.0498581088600619
3281.7158	0.0502508424664784
3280.2989	0.0501402729098586
3278.8819	0.0500139441853897
3277.4649	0.0493638701987361
3276.0479	0.0498688670405585
3274.631	0.0501913589124453
3273.214	0.0500508625760026
3271.797	0.0495602646267134
3270.38	0.0507054160555766
3268.9631	0.0503133694820709
3267.5461	0.0502410668928286
3266.1291	0.0503889377425953
3264.7121	0.0502501992251873
3263.2952	0.0500587295753096
3261.8782	0.0506102288477198
3260.4612	0.0502550912327434
3259.0442	0.0499967294678813
3257.6273	0.0508555029666537
3256.2103	0.0497301572565654
3254.7933	0.050427309690885
3253.3763	0.0500381307234337
3251.9594	0.0501323177990085
3250.5424	0.0501035035437891
3249.1254	0.0495938519440593
3247.7084	0.0493950513255703
3246.2915	0.0501457076398707
3244.8745	0.0498464181654057
3243.4575	0.0500280916758825
3242.0405	0.0499180668566601
3240.6235	0.0500748841394452
3239.2066	0.049330860348055
3237.7896	0.0495832213925115
3236.3726	0.0497939414991962
3234.9556	0.0491894448943994
3233.5387	0.0503184652771016
3232.1217	0.0496310950912748
3230.7047	0.0489177910521549
3229.2877	0.0494220489223831
3227.8708	0.0492859940892685
3226.4538	0.0491662904240115
3225.0368	0.0496952815622027
3223.6198	0.0495674712827949
3222.2029	0.0489336927028036
3220.7859	0.0495676929442915
3219.3689	0.0489147735049316
3217.9519	0.0493884149107411
3216.535	0.0485808465082932
3215.118	0.0486093396444316
3213.701	0.0484380517641615
3212.284	0.0487180829549666
3210.8671	0.0488509095246775
3209.4501	0.0481080734351402
3208.0331	0.0481076618208403
3206.6161	0.0482526678838382
3205.1992	0.0483282571115247
3203.7822	0.0483107415550472
3202.3652	0.0482197384396878
3200.9482	0.0478720541249227
3199.5313	0.0480090642793476
3198.1143	0.0482803974262241
3196.6973	0.0486141603073478
3195.2803	0.0479551950455825
3193.8633	0.047462459969303
3192.4464	0.0477258955433087
3191.0294	0.0477696078173928
3189.6124	0.0475248607316608
3188.1954	0.0466225144078113
3186.7785	0.0471796865266264
3185.3615	0.0477945962622018
3183.9445	0.0468579986906083
3182.5275	0.0466601148866837
3181.1106	0.0462396179684447
3179.6936	0.0464900859521289
3178.2766	0.0463755644695838
3176.8596	0.0467729187162416
3175.4427	0.0461719482804081
3174.0257	0.0459088822433396
3172.6087	0.0464199318672448
3171.1917	0.0466503406465286
3169.7748	0.0455354198563376
3168.3578	0.0458787982649743
3166.9408	0.045728834080393
3165.5238	0.0458248570600216
3164.1069	0.0457061601903699
3162.6899	0.0451316609811359
3161.2729	0.0450747686736494
3159.8559	0.0451197534109278
3158.439	0.0451663790660116
3157.022	0.0447385926872054
3155.605	0.0446466659253028
3154.188	0.0447974343134962
3152.7711	0.0443374878515981
3151.3541	0.0439491579144855
3149.9371	0.044251190385958
3148.5201	0.0438695247305904
3147.1031	0.0437127553630619
3145.6862	0.0439297539216729
3144.2692	0.0434316341018436
3142.8522	0.0434278424426256
3141.4352	0.0433378613910731
3140.0183	0.0430227268225857
3138.6013	0.0435604222257036
3137.1843	0.0430662490216887
3135.7673	0.0429087600878764
3134.3504	0.0426979933863257
3132.9334	0.0428513145344089
3131.5164	0.0422093818878532
3130.0994	0.0426804524162338
3128.6825	0.0423745057538463
3127.2655	0.0419205449262943
3125.8485	0.041537292192715
3124.4315	0.0416099478524992
3123.0146	0.0416938215785027
3121.5976	0.0414459319701259
3120.1806	0.041263754543652
3118.7636	0.0409528138572394
3117.3467	0.0404991018308602
3115.9297	0.0411956689665641
3114.5127	0.0407720095118442
3113.0957	0.0402734421447947
3111.6788	0.0404327400942084
3110.2618	0.0408011164381425
3108.8448	0.0410689238286288
3107.4278	0.0399524197272268
3106.0109	0.0405556653658867
3104.5939	0.0397800575057335
3103.1769	0.0399459918566747
3101.7599	0.0393222045740383
3100.3429	0.0396186706720189
3098.926	0.0393562995809135
3097.509	0.0391347204160555
3096.092	0.0389447216697415
3094.675	0.0390044647371045
3093.2581	0.0390135286714489
3091.8411	0.038859490574096
3090.4241	0.0384716065435304
3089.0071	0.0381683705805799
3087.5902	0.0384828695884052
3086.1732	0.0383144476656189
3084.7562	0.0377716799793917
3083.3392	0.0381486991549198
3081.9223	0.0380743184471096
3080.5053	0.0369446048144156
3079.0883	0.0375937023945839
3077.6713	0.037578137457728
3076.2544	0.0371810215385258
3074.8374	0.0372824229082658
3073.4204	0.0373224441053245
3072.0034	0.0372694054148939
3070.5865	0.0367326145092741
3069.1695	0.0371418613871056
3067.7525	0.0364030538561334
3066.3355	0.0360567439981425
3064.9186	0.0361842221355332
3063.5016	0.0363932796133371
3062.0846	0.0362126601552635
3060.6676	0.0364751684920001
3059.2507	0.0362595407747571
3057.8337	0.03597888994693
3056.4167	0.0359256724075438
3054.9997	0.0352658936337366
3053.5827	0.0352051399298261
3052.1658	0.0344711824249298
3050.7488	0.0352276616232013
3049.3318	0.0350912462497747
3047.9148	0.0349886725375488
3046.4979	0.03524653001202
3045.0809	0.0341411539382441
3043.6639	0.0339682649696711
3042.2469	0.0341715465976402
3040.83	0.0337005611010166
3039.413	0.033399633273935
3037.996	0.034213627333625
3036.579	0.033715137012418
3035.1621	0.0338314632488509
3033.7451	0.033317340577702
3032.3281	0.0334302316006481
3030.9111	0.0331575323467365
3029.4942	0.0333455314209001
3028.0772	0.032906513792654
3026.6602	0.0332564102174546
3025.2432	0.033016994755164
3023.8263	0.0327306536718857
3022.4093	0.0333972471029597
3020.9923	0.0323440695969853
3019.5753	0.0332051896849409
3018.1584	0.0322056253320507
3016.7414	0.0318360768658442
3015.3244	0.0327414427190093
3013.9074	0.0324509881406293
3012.4905	0.0320997153520847
3011.0735	0.0321151338054009
3009.6565	0.0325677064417242
3008.2395	0.0319397002617284
3006.8225	0.0316623561220105
3005.4056	0.0313286367084104
3003.9886	0.0308368957430064
3002.5716	0.0319033316216947
3001.1546	0.031605454581333
2999.7377	0.0305583646555643
2998.3207	0.0315201127345873
2996.9037	0.0320089988255448
2995.4867	0.031564600194771
2994.0698	0.0317334158894118
2992.6528	0.0310641063677012
2991.2358	0.0316130457018919
2989.8188	0.0310963168269591
2988.4019	0.0321609216672469
2986.9849	0.0312645850420519
2985.5679	0.0313063429393891
2984.1509	0.0319334183743544
2982.734	0.0319937516250124
2981.317	0.0313040503972748
2979.9	0.0319324832196852
2978.483	0.0318348797228907
2977.0661	0.0318280339307563
2975.6491	0.0324560839174849
2974.2321	0.0327014930397159
2972.8151	0.0324437726278032
2971.3982	0.0321254170533588
2969.9812	0.0328887855395982
2968.5642	0.032943152936673
2967.1472	0.0330143945940527
2965.7303	0.0332673551030498
2964.3133	0.0331994022438383
2962.8963	0.0333860529042221
2961.4793	0.0337689891068259
2960.0623	0.0339099649293202
2958.6454	0.0335813303684928
2957.2284	0.0337559125743391
2955.8114	0.0348393929891419
2954.3944	0.0338354764065906
2952.9775	0.0348727011024471
2951.5605	0.0350391387046922
2950.1435	0.0355491154286219
2948.7265	0.0352792472300636
2947.3096	0.0359225467230448
2945.8926	0.0360504671546915
2944.4756	0.0366969622297745
2943.0586	0.0368479891858931
2941.6417	0.037650906110339
2940.2247	0.037037345695609
2938.8077	0.03742870846371
2937.3907	0.037922879502582
2935.9738	0.0373362100427781
2934.5568	0.0387051428948247
2933.1398	0.0378769465764149
2931.7228	0.0383862951244201
2930.3059	0.0385058101203622
2928.8889	0.0385444939494038
2927.4719	0.0389645668835313
2926.0549	0.0389311216040996
2924.638	0.0389942286559916
2923.221	0.0387121177633353
2921.804	0.0387787858085393
2920.387	0.0391513265990876
2918.9701	0.039010756921249
2917.5531	0.0384070456176658
2916.1361	0.0384710298711284
2914.7191	0.0389140194341139
2913.3021	0.038362023541701
2911.8852	0.0386104747388979
2910.4682	0.0393115994557011
2909.0512	0.0387733415114824
2907.6342	0.0381503404693747
2906.2173	0.0375209080939214
2904.8003	0.0377799025442737
2903.3833	0.0386198339522569
2901.9663	0.0387384562066452
2900.5494	0.0381274021134957
2899.1324	0.0385657985388531
2897.7154	0.0383914676079715
2896.2984	0.0381123658557483
2894.8815	0.0381158450330223
2893.4645	0.0383483767915704
2892.0475	0.0381784631266506
2890.6305	0.0382146931382739
2889.2136	0.0386027612145702
2887.7966	0.0381718384023457
2886.3796	0.0377658613745443
2884.9626	0.0379001835359854
2883.5457	0.0375301323130234
2882.1287	0.0374564081453956
2880.7117	0.0372685661128976
2879.2947	0.0374387795515584
2877.8778	0.0365981958681276
2876.4608	0.0370392798638647
2875.0438	0.0369823156658293
2873.6268	0.0371816573231033
2872.2099	0.0364958839069903
2870.7929	0.0363784342003934
2869.3759	0.03641031792789
2867.9589	0.0360136089854651
2866.5419	0.0360090052685041
2865.125	0.0360710374091474
2863.708	0.03573077812756
2862.291	0.0356214502271737
2860.874	0.0340921978471049
2859.4571	0.0354880505321828
2858.0401	0.0356070662234022
2856.6231	0.0344717952624661
2855.2061	0.0336592859606323
2853.7892	0.0345719842663644
2852.3722	0.0345797955431417
2850.9552	0.0344699824332366
2849.5382	0.0344567919661095
2848.1213	0.0346226595168124
2846.7043	0.0350574600008286
2845.2873	0.0341790374990915
2843.8703	0.0342531928939406
2842.4534	0.0338598149526728
2841.0364	0.0335234862409767
2839.6194	0.0340761252522581
2838.2024	0.033624179615042
2836.7855	0.0329263735267587
2835.3685	0.0326322831388993
2833.9515	0.0325653690734408
2832.5345	0.0332786165508709
2831.1176	0.0329864830619672
2829.7006	0.0327220951290813
2828.2836	0.0324465174886612
2826.8666	0.032392901882154
2825.4497	0.0322612406972939
2824.0327	0.0319631917994699
2822.6157	0.0322799869678259
2821.1987	0.0325100074584287
2819.7817	0.0309687039880881
2818.3648	0.031846580041124
2816.9478	0.0317940847243861
2815.5308	0.0313113334529588
2814.1138	0.0316837554706447
2812.6969	0.0317019308890853
2811.2799	0.0316959373725713
2809.8629	0.0313599234174939
2808.4459	0.0311943031137534
2807.029	0.0317732772040606
2805.612	0.0311258183034104
2804.195	0.0305169378860259
2802.778	0.0310374579069371
2801.3611	0.0309137323574454
2799.9441	0.0312209207522382
2798.5271	0.0306615720585761
2797.1101	0.0308097882316663
2795.6932	0.030534214240885
2794.2762	0.0304702258121339
2792.8592	0.0304306360251027
2791.4422	0.0301458722658868
2790.0253	0.030482147938168
2788.6083	0.0310083700854748
2787.1913	0.0302885499873648
2785.7743	0.030862721885121
2784.3574	0.0301913570617911
2782.9404	0.0301587153163573
2781.5234	0.0301700495758283
2780.1064	0.030338988836774
2778.6895	0.0299949128334985
2777.2725	0.0293011199039041
2775.8555	0.030255284651769
2774.4385	0.0296785539434499
2773.0215	0.029900335853417
2771.6046	0.0297185637802798
2770.1876	0.0304003700112654
2768.7706	0.0300813081501413
2767.3536	0.0295787221201756
2765.9367	0.0294335552772046
2764.5197	0.0296235473531761
2763.1027	0.0295841269213716
2761.6857	0.0298466690884225
2760.2688	0.0288166823029448
2758.8518	0.0293471987783321
2757.4348	0.0293390882350171
2756.0178	0.0291666667119626
2754.6009	0.0296231995290186
2753.1839	0.0293963832459249
2751.7669	0.0301854020686018
2750.3499	0.0293681481345478
2748.933	0.029260183698842
2747.516	0.0294759833127537
2746.099	0.0296292366298942
2744.682	0.0288392869679636
2743.2651	0.028758159566694
2741.8481	0.0290804701713678
2740.4311	0.0288949721322981
2739.0141	0.0290805954431224
2737.5972	0.0289168467808048
2736.1802	0.0280092561869404
2734.7632	0.0289499109596009
2733.3462	0.0288849769510816
2731.9293	0.0286413232515756
2730.5123	0.0292845191036991
2729.0953	0.0293045866601696
2727.6783	0.028504267909255
2726.2613	0.02876347427861
2724.8444	0.0286918219248224
2723.4274	0.0284404449630403
2722.0104	0.0287083062023261
2720.5934	0.0287104450062569
2719.1765	0.0278734826360764
2717.7595	0.0286135502420506
2716.3425	0.0287417192784519
2714.9255	0.0290833883887182
2713.5086	0.0283403288757074
2712.0916	0.0290127107326395
2710.6746	0.0289325466898637
2709.2576	0.0288154547031227
2707.8407	0.0287450778632095
2706.4237	0.0290699012475199
2705.0067	0.0286303942232556
2703.5897	0.028381104007794
2702.1728	0.028442285716985
2700.7558	0.0282672055342461
2699.3388	0.0282286912041827
2697.9218	0.0285058683023247
2696.5049	0.0286039097937534
2695.0879	0.0285896697359815
2693.6709	0.028186679043498
2692.2539	0.0281728614757961
2690.837	0.0282126369014823
2689.42	0.0280460895117176
2688.003	0.0273099477325444
2686.586	0.0283075349424183
2685.1691	0.0277562582371162
2683.7521	0.0276444284400569
2682.3351	0.0287343066636105
2680.9181	0.0283286889993305
2679.5011	0.0277165151151453
2678.0842	0.0276547580021297
2676.6672	0.0274735493485817
2675.2502	0.0283248946572701
2673.8332	0.0285283700513135
2672.4163	0.0274652467837228
2670.9993	0.0275354474192451
2669.5823	0.0274142810630356
2668.1653	0.028086771824287
2666.7484	0.0280034232284886
2665.3314	0.0277143841063531
2663.9144	0.027730685927599
2662.4974	0.0276417315180455
2661.0805	0.0276207966068994
2659.6635	0.0275136192723323
2658.2465	0.0273595335968771
2656.8295	0.0272318302867251
2655.4126	0.0279728433894902
2653.9956	0.0277727863107978
2652.5786	0.0276374202970466
2651.1616	0.027293030942748
2649.7447	0.027100473407569
2648.3277	0.0274767946211137
2646.9107	0.0273411922077429
2645.4937	0.0278304189532813
2644.0768	0.0268206441099205
2642.6598	0.0267535878502272
2641.2428	0.0274906075458302
2639.8258	0.0271254716353209
2638.4089	0.0268422522163453
2636.9919	0.0274784182783805
2635.5749	0.0272159317104154
2634.1579	0.0268705736610955
2632.741	0.0272536880651215
2631.324	0.0273317546455563
2629.907	0.0268192209978707
2628.49	0.0263746838589897
2627.073	0.0269219624634837
2625.6561	0.0271687944509949
2624.2391	0.0267077265679752
2622.8221	0.0271213196379282
2621.4051	0.0263294614334185
2619.9882	0.0264139989376119
2618.5712	0.0262022944946617
2617.1542	0.0261884180789195
2615.7372	0.0260686138400601
2614.3203	0.0265110292765439
2612.9033	0.0266245318511138
2611.4863	0.0259647134634018
2610.0693	0.0265245809577285
2608.6524	0.0265751440336797
2607.2354	0.0264098475809468
2605.8184	0.0263284106466924
2604.4014	0.0259625366554086
2602.9845	0.0261409140177122
2601.5675	0.0258245182431832
2600.1505	0.0255919713599677
2598.7335	0.0262259718550595
2597.3166	0.0255641448746563
2595.8996	0.0258795459865887
2594.4826	0.0259210644225872
2593.0656	0.0262575113255565
2591.6487	0.0267315562362729
2590.2317	0.0258754474704823
2588.8147	0.0256386860608926
2587.3977	0.0257814914143795
2585.9808	0.0263295381978302
2584.5638	0.0258482865431619
2583.1468	0.0257671961532737
2581.7298	0.0258165318380205
2580.3128	0.0254201694172237
2578.8959	0.0252765142953393
2577.4789	0.0256702687158276
2576.0619	0.0261724563384026
2574.6449	0.025330815616629
2573.228	0.0253473568146438
2571.811	0.0250717815033311
2570.394	0.0255542020510468
2568.977	0.0251357919243584
2567.5601	0.0246821046449908
2566.1431	0.0254716270195779
2564.7261	0.0253129259861202
2563.3091	0.0257458345122308
2561.8922	0.0256501467736959
2560.4752	0.0255554069427053
2559.0582	0.0249244334974393
2557.6412	0.0250710808758662
2556.2243	0.0253533171171588
2554.8073	0.0250229283818697
2553.3903	0.0247640342051562
2551.9733	0.0243338630800503
2550.5564	0.0241122217927282
2549.1394	0.024840579982968
2547.7224	0.0253496949730531
2546.3054	0.0246638761368628
2544.8885	0.0250226453655639
2543.4715	0.0249620479815256
2542.0545	0.0246066852480271
2540.6375	0.0245409582587239
2539.2206	0.0244774450307975
2537.8036	0.0242724885871856
2536.3866	0.0252867260053673
2534.9696	0.0242568233368229
2533.5526	0.0243456879148304
2532.1357	0.0241495335934122
2530.7187	0.0250782421259099
2529.3017	0.0243124324559895
2527.8847	0.0243359765450383
2526.4678	0.0248032481674518
2525.0508	0.0248366231207074
2523.6338	0.0245143682223602
2522.2168	0.0245102242824039
2520.7999	0.0247447048872191
2519.3829	0.0241699585552722
2517.9659	0.0236379121196731
2516.5489	0.0238964768696413
2515.132	0.0241522162553728
2513.715	0.0239333412698301
2512.298	0.0239790191478615
2510.881	0.0236937127232739
2509.4641	0.0240955765490391
2508.0471	0.0237825817443479
2506.6301	0.0246870767307483
2505.2131	0.0236591475540945
2503.7962	0.0240039198458897
2502.3792	0.0237830689624096
2500.9622	0.0235565452812069
2499.5452	0.0245082058579429
2498.1283	0.0240265096330554
2496.7113	0.0243783003820974
2495.2943	0.0239671868652814
2493.8773	0.0241190868810145
2492.4604	0.0241395035479148
2491.0434	0.0234528752151584
2489.6264	0.0235369956762162
2488.2094	0.024042281810917
2486.7924	0.024505808465213
2485.3755	0.0232070723045193
2483.9585	0.0238492448633114
2482.5415	0.0235776814559775
2481.1245	0.0239332603101347
2479.7076	0.0240330448178859
2478.2906	0.0232854360070875
2476.8736	0.0232003191466576
2475.4566	0.0232915652980739
2474.0397	0.0231471802862612
2472.6227	0.0242784717975983
2471.2057	0.0233896710075354
2469.7887	0.0234217030761462
2468.3718	0.0233730626937437
2466.9548	0.023613328878411
2465.5378	0.0239153892432634
2464.1208	0.0243911265673808
2462.7039	0.0239968421432024
2461.2869	0.0232705874327509
2459.8699	0.0237476189584541
2458.4529	0.0244795264680283
2457.036	0.0240776510950787
2455.619	0.023852110783046
2454.202	0.0238557380173993
2452.785	0.0235437183207524
2451.3681	0.0230929591083321
2449.9511	0.0235464314216402
2448.5341	0.0229099820936177
2447.1171	0.0231965270706356
2445.7002	0.0227971898714619
2444.2832	0.0234929514672397
2442.8662	0.0231582804249128
2441.4492	0.023070773055328
2440.0322	0.0234548881066968
2438.6153	0.0233341012744932
2437.1983	0.022790773059847
2435.7813	0.0225573081189629
2434.3643	0.0231562961236224
2432.9474	0.0228528981122783
2431.5304	0.0231249253133041
2430.1134	0.0234043764386645
2428.6964	0.0233318541001899
2427.2795	0.0227753523254499
2425.8625	0.0233585998733065
2424.4455	0.0232148278052014
2423.0285	0.0233229274150101
2421.6116	0.022571227102436
2420.1946	0.0222907131730661
2418.7776	0.0229868129742204
2417.3606	0.0232713630565555
2415.9437	0.0226950057462169
2414.5267	0.0224837558262468
2413.1097	0.0230103899610038
2411.6927	0.0230965165694673
2410.2758	0.0226778884504313
2408.8588	0.0226047743651392
2407.4418	0.0227600576520678
2406.0248	0.0229270156289508
2404.6079	0.022753306439599
2403.1909	0.0221757341988546
2401.7739	0.0231742828447711
2400.3569	0.0224849655183089
2398.94	0.0226907578613577
2397.523	0.0229177535636471
2396.106	0.0225316372677653
2394.689	0.0229737739277504
2393.272	0.0216143420219391
2391.8551	0.0226905303729101
2390.4381	0.0221481539749804
2389.0211	0.0224754778355924
2387.6041	0.0225153019449586
2386.1872	0.0221175857123644
2384.7702	0.0233319088803976
2383.3532	0.0222791128958651
2381.9362	0.0221109145763408
2380.5193	0.0218805808209054
2379.1023	0.0226875796386289
2377.6853	0.0226324153973662
2376.2683	0.0224874827160434
2374.8514	0.0226326465547983
2373.4344	0.0221671193106185
2372.0174	0.0218948196914089
2370.6004	0.0218300368730149
2369.1835	0.0216438240244452
2367.7665	0.022343262449378
2366.3495	0.0227819600503969
2364.9325	0.0213349341876844
2363.5156	0.0225641286821359
2362.0986	0.0224192870688847
2360.6816	0.0228223253454041
2359.2646	0.0226066093654954
2357.8477	0.0223935416795557
2356.4307	0.0224598562578612
2355.0137	0.0221125945240915
2353.5967	0.0224645456435457
2352.1798	0.0222465073784278
2350.7628	0.0218488221451214
2349.3458	0.0212812309030261
2347.9288	0.0218435070093553
2346.5118	0.0222480208399794
2345.0949	0.0226072909639709
2343.6779	0.0222668971695772
2342.2609	0.0223252484318493
2340.8439	0.0225410649264685
2339.427	0.0218201420660326
2338.01	0.0226699579908116
2336.593	0.022101157864806
2335.176	0.0218264940023253
2333.7591	0.0225166631429126
2332.3421	0.0225426675974975
2330.9251	0.0221531611199912
2329.5081	0.0221621791908715
2328.0912	0.0227932816286151
2326.6742	0.0228588524633791
2325.2572	0.0224685355501108
2323.8402	0.023527290174365
2322.4233	0.0234868235037913
2321.0063	0.0230379656652233
2319.5893	0.0222948008724
2318.1723	0.022329222890048
2316.7554	0.0231266190436636
2315.3384	0.0224647522807141
2313.9214	0.0224210679873882
2312.5044	0.0225632104674943
2311.0875	0.0223391354742388
2309.6705	0.0227549106218309
2308.2535	0.0221218749979566
2306.8365	0.0220009903770659
2305.4196	0.0221395223116561
2304.0026	0.0225635435368856
2302.5856	0.0221517200518909
2301.1686	0.0225120672320345
2299.7516	0.0216893026859016
2298.3347	0.0215460015657969
2296.9177	0.0222314564674026
2295.5007	0.0223741068119464
2294.0837	0.0217015118372546
2292.6668	0.0222682656139784
2291.2498	0.0220779958376083
2289.8328	0.0223696328333924
2288.4158	0.0219306393554354
2286.9989	0.0224224862364165
2285.5819	0.0220029892142815
2284.1649	0.0216096734711479
2282.7479	0.0223687096185374
2281.331	0.0214630637569144
2279.914	0.0222130873146335
2278.497	0.0218524065665715
2277.08	0.0219002575866402
2275.6631	0.0216255484835631
2274.2461	0.0216820333725089
2272.8291	0.0220430763541355
2271.4121	0.0220710836861888
2269.9952	0.0219685509044464
2268.5782	0.0218371994467988
2267.1612	0.0216968242612791
2265.7442	0.0218180112870482
2264.3273	0.0214763977747443
2262.9103	0.0211978961364652
2261.4933	0.0215074817682819
2260.0763	0.0216523745444753
2258.6594	0.0218931588020696
2257.2424	0.022302615644274
2255.8254	0.0214202006448915
2254.4084	0.0215347237517995
2252.9914	0.0215482177235915
2251.5745	0.0215021397351459
2250.1575	0.0214022034049549
2248.7405	0.0212787675502763
2247.3235	0.0219586970041794
2245.9066	0.0211955376187351
2244.4896	0.02090939476986
2243.0726	0.0208890716324327
2241.6556	0.0208528547665804
2240.2387	0.021888137849086
2238.8217	0.0215556507063294
2237.4047	0.0220227439264489
2235.9877	0.0211940798913828
2234.5708	0.0215114665692025
2233.1538	0.0220346067868422
2231.7368	0.0217373451067799
2230.3198	0.0217713462072661
2228.9029	0.0218154618322522
2227.4859	0.0219278111921279
2226.0689	0.0217208736079761
2224.6519	0.0216939972208825
2223.235	0.0212933374431591
2221.818	0.0207216899626471
2220.401	0.0205428538726492
2218.984	0.0212966205359348
2217.5671	0.0216675252687064
2216.1501	0.0216347106060772
2214.7331	0.0212452818695412
2213.3161	0.0221339663347139
2211.8992	0.0211786237005286
2210.4822	0.021774573046552
2209.0652	0.021702764905506
2207.6482	0.0208532113820288
2206.2312	0.0214219423544774
2204.8143	0.0212576977705662
2203.3973	0.0223052850769774
2201.9803	0.0221505652242739
2200.5633	0.0219543288930622
2199.1464	0.0217967096162097
2197.7294	0.0219005054644341
2196.3124	0.0220908549230875
2194.8954	0.0224169186210264
2193.4785	0.0224703116708075
2192.0615	0.0215662133644607
2190.6445	0.0221249910643149
2189.2275	0.0213465132117001
2187.8106	0.0213942005167475
2186.3936	0.0212400097567207
2184.9766	0.020598958100037
2183.5596	0.0217174150302183
2182.1427	0.0215082110154896
2180.7257	0.0211610785843958
2179.3087	0.0205691597189899
2177.8917	0.0208370860256769
2176.4748	0.0205422556301907
2175.0578	0.0203276525192641
2173.6408	0.0207735285419802
2172.2238	0.0211101756822869
2170.8069	0.0216506783854133
2169.3899	0.0221762620435327
2167.9729	0.0227888276905233
2166.5559	0.0223933245329266
2165.139	0.0226488831039888
2163.722	0.0219079586165551
2162.305	0.0222065877049884
2160.888	0.0220946876208365
2159.471	0.0211517388239448
2158.0541	0.0204784497185195
2156.6371	0.0199834564921808
2155.2201	0.0192180756032897
2153.8031	0.0190293073911899
2152.3862	0.0196825145745953
2150.9692	0.0199736086759545
2149.5522	0.0190879635555527
2148.1352	0.0186589586597227
2146.7183	0.0191240325408659
2145.3013	0.0203118278954214
2143.8843	0.0202391215483475
2142.4673	0.020524859424586
2141.0504	0.0189562862740654
2139.6334	0.0195833432786653
2138.2164	0.0190747080360598
2136.7994	0.0195314421369333
2135.3825	0.0196336546418194
2133.9655	0.0199596929811789
2132.5485	0.0206026166926375
2131.1315	0.0203410253127992
2129.7146	0.0209368330400493
2128.2976	0.0206662687631703
2126.8806	0.0204470865015212
2125.4636	0.0206034482692117
2124.0467	0.020198217709986
2122.6297	0.0207211572508725
2121.2127	0.0209826262186896
2119.7957	0.0213485095450589
2118.3788	0.0214161929244199
2116.9618	0.0213765044994512
2115.5448	0.0211463807737808
2114.1278	0.021210083554916
2112.7108	0.0200551635530498
2111.2939	0.0202245961737741
2109.8769	0.0213187920338799
2108.4599	0.0210872573147916
2107.0429	0.0202169477790245
2105.626	0.0206346211200399
2104.209	0.0203064609697823
2102.792	0.0205928780590056
2101.375	0.0208051150554699
2099.9581	0.0204995155476066
2098.5411	0.0209405714075834
2097.1241	0.0199520494914681
2095.7071	0.0202812607000702
2094.2902	0.020000924536715
2092.8732	0.0200664593203818
2091.4562	0.0208167031259312
2090.0392	0.0205742538643219
2088.6223	0.0204940504408773
2087.2053	0.0212411983340372
2085.7883	0.0204735076078669
2084.3713	0.0200173904641509
2082.9544	0.0200243977053125
2081.5374	0.020591416185776
2080.1204	0.0205622506493747
2078.7034	0.0212550818195204
2077.2865	0.0194819900406474
2075.8695	0.0202511252003145
2074.4525	0.0199459568427795
2073.0355	0.0202837439841969
2071.6186	0.0199369717323201
2070.2016	0.0203263286397646
2068.7846	0.020100765115688
2067.3676	0.0195275632570101
2065.9506	0.0206549583868181
2064.5337	0.0203591498403414
2063.1167	0.020440258791365
2061.6997	0.0202024877461462
2060.2827	0.0211683950157591
2058.8658	0.0200097670049631
2057.4488	0.0204195805693024
2056.0318	0.0210179530507213
2054.6148	0.0206124736103162
2053.1979	0.0211479455579067
2051.7809	0.0215869101171555
2050.3639	0.0211021271734309
2048.9469	0.0212008101535679
2047.53	0.0201852974161206
2046.113	0.0195604862655481
2044.696	0.0199520718242326
2043.279	0.0200159372983772
2041.8621	0.0190106091084747
2040.4451	0.0200402306331282
2039.0281	0.0199795212543641
2037.6111	0.0201711815507175
2036.1942	0.0202696437652141
2034.7772	0.0202721429213333
2033.3602	0.0202398044615076
2031.9432	0.0206815312927518
2030.5263	0.0202179715308078
2029.1093	0.0207623356157479
2027.6923	0.019990644659795
2026.2753	0.0199466449817802
2024.8584	0.020102675765696
2023.4414	0.0196691776441623
2022.0244	0.0197934637138698
2020.6074	0.0188076838591479
2019.1904	0.0180671325051252
2017.7735	0.0170292974865867
2016.3565	0.0173397999851764
2014.9395	0.0168871769753027
2013.5225	0.0184383382061708
2012.1056	0.0190203608080952
2010.6886	0.0191836893944882
2009.2716	0.0190496695113739
2007.8546	0.0183106668694086
2006.4377	0.0186377654873845
2005.0207	0.0179611868265545
2003.6037	0.0182300397950638
2002.1867	0.0186654503174061
2000.7698	0.0184713120771601
1999.3528	0.0185305180812445
1997.9358	0.0187163003654451
1996.5188	0.0193134291432102
1995.1019	0.0188456990455167
1993.6849	0.0190739348465686
1992.2679	0.0181076390331043
1990.8509	0.0175447436516673
1989.434	0.0182413753029617
1988.017	0.0180368496649883
1986.6	0.0181029905793053
1985.183	0.0188853649387666
1983.7661	0.0183574634148859
1982.3491	0.0194116749677838
1980.9321	0.0194488865584763
1979.5151	0.0192337358571458
1978.0982	0.0196060642307768
1976.6812	0.0195219720334316
1975.2642	0.0187001699271307
1973.8472	0.0185868552620367
1972.4302	0.0171618491540139
1971.0133	0.0175484907469872
1969.5963	0.0176746845538056
1968.1793	0.0176086871161268
1966.7623	0.0172205570968777
1965.3454	0.0174558360899549
1963.9284	0.0179641224850343
1962.5114	0.0167626485115271
1961.0944	0.0172470119247048
1959.6775	0.0176532011465371
1958.2605	0.0171462479572495
1956.8435	0.0176946387922634
1955.4265	0.0176725603041584
1954.0096	0.0179029680840438
1952.5926	0.0174643070788794
1951.1756	0.0184473867332265
1949.7586	0.0182565691789888
1948.3417	0.0181098487385561
1946.9247	0.0178447400739431
1945.5077	0.0179213000120801
1944.0907	0.01806962722032
1942.6738	0.0185714930627138
1941.2568	0.0176873922024666
1939.8398	0.0181672244830129
1938.4228	0.0183995032004168
1937.0059	0.0190824529201609
1935.5889	0.0186420374327138
1934.1719	0.0189341824867873
1932.7549	0.0179816213653254
1931.338	0.0187943969554477
1929.921	0.018715768692338
1928.504	0.0180410210087258
1927.087	0.0187996023345631
1925.67	0.0187076271261906
1924.2531	0.0184639104688258
1922.8361	0.0188882351361526
1921.4191	0.0189810978368306
1920.0021	0.0188011561759265
1918.5852	0.0187875627541443
1917.1682	0.0181630317976051
1915.7512	0.0183335179764637
1914.3342	0.0182468234416466
1912.9173	0.0190496696924529
1911.5003	0.0185388414792164
1910.0833	0.0187129091651687
1908.6663	0.0190316120025159
1907.2494	0.0189153230598838
1905.8324	0.0185154418453808
1904.4154	0.0186626762166853
1902.9984	0.0183893781219693
1901.5815	0.0182116157637686
1900.1645	0.0190322515077316
1898.7475	0.0191634617449719
1897.3305	0.0183301140828139
1895.9136	0.0181721123769359
1894.4966	0.0183257367998132
1893.0796	0.0182126627898335
1891.6626	0.0183558939817544
1890.2457	0.0186948822823913
1888.8287	0.0184181451070392
1887.4117	0.0190955867398465
1885.9947	0.0185175678112437
1884.5778	0.0184919925063034
1883.1608	0.0187410100634547
1881.7438	0.0181650808105742
1880.3268	0.0186296470960893
1878.9098	0.0185393518977673
1877.4929	0.0181591619164471
1876.0759	0.0181998520267782
1874.6589	0.0185016972378526
1873.2419	0.0181377066068784
1871.825	0.018451051044107
1870.408	0.0184116413954513
1868.991	0.0185776680467694
1867.574	0.0181297877636552
1866.1571	0.0190546113894886
1864.7401	0.0189235557590491
1863.3231	0.0183611261715354
1861.9061	0.0185249404761578
1860.4892	0.0182205104163926
1859.0722	0.0184401048773004
1857.6552	0.0190409567172431
1856.2382	0.0181491163201515
1854.8213	0.018459625932585
1853.4043	0.0183242923544088
1851.9873	0.0181057674995828
1850.5703	0.0183871814249392
1849.1534	0.0179537620197807
1847.7364	0.0182721340824727
1846.3194	0.0179563144179649
1844.9024	0.0181532066193026
1843.4855	0.0181255153534688
1842.0685	0.0187894605452598
1840.6515	0.0178136418732688
1839.2345	0.0181747199888712
1837.8176	0.0182040005598251
1836.4006	0.0183072966500714
1834.9836	0.0177476393212124
1833.5666	0.0179610574001681
1832.1496	0.0184243364674843
1830.7327	0.0184408368708088
1829.3157	0.0184006724389544
1827.8987	0.0176785424880006
1826.4817	0.0176657964898458
1825.0648	0.0178217309417196
1823.6478	0.0183657970293648
1822.2308	0.0182144315013202
1820.8138	0.0181461524613999
1819.3969	0.0180806177611337
1817.9799	0.0182776214559006
1816.5629	0.0175822114569558
1815.1459	0.0175881828505098
1813.729	0.0182272217922488
1812.312	0.0178999549372744
1810.895	0.0180484304030278
1809.478	0.0178256160425756
1808.0611	0.0179332466736228
1806.6441	0.0177189753144196
1805.2271	0.0185351255266928
1803.8101	0.0190547786890452
1802.3932	0.0184719255534124
1800.9762	0.0170807887936963
1799.5592	0.0176654903783192
1798.1422	0.0176032754188985
1796.7253	0.0182315965089202
1795.3083	0.0182262147689116
1793.8913	0.0176713018141396
1792.4743	0.0184984076550485
1791.0574	0.0171992083135898
1789.6404	0.0178505116438943
1788.2234	0.0179232715751449
1786.8064	0.0184340184743841
1785.3894	0.0185894414254517
1783.9725	0.0182912452835189
1782.5555	0.0178439713294194
1781.1385	0.0182806510819746
1779.7215	0.0175462963448775
1778.3046	0.0183245921401482
1776.8876	0.0176358649369123
1775.4706	0.0181053039543573
1774.0536	0.0176794590932262
1772.6367	0.018354779134326
1771.2197	0.0179584958683762
1769.8027	0.0183980257722748
1768.3857	0.0187284316964724
1766.9688	0.0179878337765232
1765.5518	0.0179865901942719
1764.1348	0.0180977286591104
1762.7178	0.0186482231835574
1761.3009	0.0182246442253945
1759.8839	0.0184373630102763
1758.4669	0.0185044457907127
1757.0499	0.0185315801477847
1755.633	0.0188628548933919
1754.216	0.0191663785182766
1752.799	0.0193236063874773
1751.382	0.0192263001749401
1749.9651	0.0190792221847922
1748.5481	0.0190217845903859
1747.1311	0.0191477068975238
1745.7141	0.0189399978937475
1744.2972	0.0191721049536451
1742.8802	0.0197599495930075
1741.4632	0.0193346062321291
1740.0462	0.0198164498220446
1738.6292	0.0199479080443379
1737.2123	0.0207587166109648
1735.7953	0.0199566550569053
1734.3783	0.0209619682250877
1732.9613	0.0202912386100129
1731.5444	0.0211422832927405
1730.1274	0.0210374600105754
1728.7104	0.0210495343872446
1727.2934	0.0205954705263995
1725.8765	0.0213264866050269
1724.4595	0.0211799799685392
1723.0425	0.0217146142502207
1721.6255	0.0211681754402143
1720.2086	0.0212657475157665
1718.7916	0.0223400387831028
1717.3746	0.0222249741875777
1715.9576	0.0223798858736388
1714.5407	0.0223781345793392
1713.1237	0.0222476792944274
1711.7067	0.0229973849021653
1710.2897	0.0226291233735206
1708.8728	0.022780543427124
1707.4558	0.0235021973399818
1706.0388	0.0233807949383662
1704.6218	0.0233635214499701
1703.2049	0.0233516291831786
1701.7879	0.0235376513637788
1700.3709	0.0235845452595649
1698.9539	0.024186052106973
1697.537	0.024261554347093
1696.12	0.0238120481856406
1694.703	0.0248965610137083
1693.286	0.0250214552137585
1691.869	0.0246746144722477
1690.4521	0.0249471207238095
1689.0351	0.0251511604914362
1687.6181	0.0250789611181452
1686.2011	0.0249101204657342
1684.7842	0.0246577658210096
1683.3672	0.0244857267160136
1681.9502	0.0253023190647088
1680.5332	0.0255374823373421
1679.1163	0.0245546754212819
1677.6993	0.0251387068025738
1676.2823	0.0257213714820155
1674.8653	0.0252182005167964
1673.4484	0.0255513196471256
1672.0314	0.0265222979220751
1670.6144	0.0259380511470596
1669.1974	0.0256257667602261
1667.7805	0.0267420074960903
1666.3635	0.0264467171039289
1664.9465	0.0266322283904404
1663.5295	0.0268147650826342
1662.1126	0.0267532364341296
1660.6956	0.0268016819956722
1659.2786	0.0275438637213875
1657.8616	0.027042092255409
1656.4447	0.0279020598275475
1655.0277	0.0267454591469361
1653.6107	0.0274459839964494
1652.1937	0.0286653183887269
1650.7768	0.0288405857338928
1649.3598	0.0284865657635944
1647.9428	0.0289609014811758
1646.5258	0.0294597381581884
1645.1088	0.0297941864889554
1643.6919	0.0295124677799492
1642.2749	0.0298389338556743
1640.8579	0.0310115045110213
1639.4409	0.0312537662510986
1638.024	0.0322857051069616
1636.607	0.0326866433874869
1635.19	0.0324515895913245
1633.773	0.0336153906677794
1632.3561	0.0341447091103797
1630.9391	0.0344541064875242
1629.5221	0.0344926095587755
1628.1051	0.0352250486263469
1626.6882	0.0347072388113668
1625.2712	0.0347220611961233
1623.8542	0.0357605341139712
1622.4372	0.0362449771473383
1621.0203	0.0354594364473304
1619.6033	0.0360570344776005
1618.1863	0.0362477438737288
1616.7693	0.0366582339078294
1615.3524	0.0373978061121453
1613.9354	0.0366468528281734
1612.5184	0.0368270440581236
1611.1014	0.0383790415355947
1609.6845	0.0375209668439168
1608.2675	0.0380917902701896
1606.8505	0.0390128025511385
1605.4335	0.0394423822928013
1604.0166	0.0402309553400572
1602.5996	0.0404612951268293
1601.1826	0.0410233777030278
1599.7656	0.0405661812238221
1598.3486	0.0402353883448492
1596.9317	0.0401683777076404
1595.5147	0.0395616024457953
1594.0977	0.039608995428011
1592.6807	0.0392845860311844
1591.2638	0.0393007456403142
1589.8468	0.0390826886183821
1588.4298	0.0379759984959389
1587.0128	0.0388241527501779
1585.5959	0.0384530213962267
1584.1789	0.0373410741715335
1582.7619	0.0370018993590184
1581.3449	0.0370394931219138
1579.928	0.0364098000564997
1578.511	0.0357945382630071
1577.094	0.0349699475509579
1575.677	0.0355372693550676
1574.2601	0.0346960755021396
1572.8431	0.0345721325335378
1571.4261	0.0340506634781857
1570.0091	0.0332956616230739
1568.5922	0.0338337240748353
1567.1752	0.0329578292206677
1565.7582	0.0320992542851609
1564.3412	0.0320927491853256
1562.9243	0.0314369860818659
1561.5073	0.0310588310939548
1560.0903	0.0305697823413748
1558.6733	0.0293800026565321
1557.2564	0.0290339700923254
1555.8394	0.0286179519406724
1554.4224	0.0279834116952611
1553.0054	0.0284334909100297
1551.5885	0.0269331763388931
1550.1715	0.0274580452148947
1548.7545	0.0271602541764464
1547.3375	0.0265542479893118
1545.9205	0.0255007204964913
1544.5036	0.0255260354216647
1543.0866	0.0261603198680442
1541.6696	0.024460133040054
1540.2526	0.0259176695529342
1538.8357	0.0253065281096492
1537.4187	0.0253218045362551
1536.0017	0.0248459861736933
1534.5847	0.0249513112682309
1533.1678	0.0249664805759535
1531.7508	0.0246271129241791
1530.3338	0.0256555159592105
1528.9168	0.0249982731255087
1527.4999	0.0252125281878777
1526.0829	0.0248799023178313
1524.6659	0.0259908490186181
1523.2489	0.0264224061186136
1521.832	0.0262559709034651
1520.415	0.0272597561993369
1518.998	0.0278477368723624
1517.581	0.0287594814204645
1516.1641	0.0293555761132143
1514.7471	0.0303873270437164
1513.3301	0.0300273634542871
1511.9131	0.0313549636311864
1510.4962	0.0309755474338911
1509.0792	0.0309743959457675
1507.6622	0.0311462373378348
1506.2452	0.0307469827551121
1504.8283	0.0307377542664751
1503.4113	0.0308306554850514
1501.9943	0.0300112180538061
1500.5773	0.0300741124487896
1499.1603	0.0281623314848885
1497.7434	0.0279904311944615
1496.3264	0.0271464563873797
1494.9094	0.0261501104697935
1493.4924	0.0266329576862297
1492.0755	0.0261394994675838
1490.6585	0.0257355551324449
1489.2415	0.0254921418113349
1487.8245	0.0258986712565559
1486.4076	0.0260520219317272
1484.9906	0.0270963740542216
1483.5736	0.0267076558087073
1482.1566	0.0277697952055783
1480.7397	0.0282565397681808
1479.3227	0.0276063654268802
1477.9057	0.0280748471994717
1476.4887	0.0282882641430335
1475.0718	0.0285548873663205
1473.6548	0.0285708769090103
1472.2378	0.0288837448178947
1470.8208	0.0300700656953278
1469.4039	0.0301284502064217
1467.9869	0.0309694616721803
1466.5699	0.0315693276701578
1465.1529	0.0325163097592946
1463.736	0.033330798547843
1462.319	0.0337789113361521
1460.902	0.0346779298969526
1459.485	0.0347729904425754
1458.0681	0.0348919038242875
1456.6511	0.0362322721367941
1455.2341	0.036373093852811
1453.8171	0.0368264610198112
1452.4001	0.0366123134137554
1450.9832	0.0367777433159435
1449.5662	0.0371233024182243
1448.1492	0.0365880861641109
1446.7322	0.0362830484414581
1445.3153	0.0363856950929809
1443.8983	0.0367376085697916
1442.4813	0.0370721330011056
1441.0643	0.0370398521911315
1439.6474	0.0369383949967612
1438.2304	0.0370679300698638
1436.8134	0.0372635062083875
1435.3964	0.0377988523354278
1433.9795	0.0378977979727703
1432.5625	0.0380516262631857
1431.1455	0.0384640397537021
1429.7285	0.0393757308443293
1428.3116	0.0392116104293234
1426.8946	0.0395596705918881
1425.4776	0.0402221930758971
1424.0606	0.0404388979464404
1422.6437	0.0412120370908064
1421.2267	0.0407140188120473
1419.8097	0.040331608006133
1418.3927	0.0413310697824952
1416.9758	0.0416531922092797
1415.5588	0.0420494692383455
1414.1418	0.0418414003683801
1412.7248	0.0426777849632516
1411.3079	0.0421838959849684
1409.8909	0.042338439342034
1408.4739	0.0417265862964328
1407.0569	0.0429133916741265
1405.6399	0.0418474635010286
1404.223	0.0420650554933403
1402.806	0.0417822403300573
1401.389	0.0419698317349781
1399.972	0.0424582602633173
1398.5551	0.0424538592395763
1397.1381	0.0427304718919557
1395.7211	0.0428640281845235
1394.3041	0.0426421470796007
1392.8872	0.0437192450386035
1391.4702	0.0442684878028976
1390.0532	0.0436667652265349
1388.6362	0.0436468021665091
1387.2193	0.0451320174378928
1385.8023	0.0451541656510323
1384.3853	0.0455974451532925
1382.9683	0.0451686116530718
1381.5514	0.0447184046766116
1380.1344	0.0456768161298889
1378.7174	0.0453284445008372
1377.3004	0.0448058866166291
1375.8835	0.0444150109496059
1374.4665	0.0450038731076775
1373.0495	0.0445921704913395
1371.6325	0.0456494974166564
1370.2156	0.0457539211042724
1368.7986	0.0464607613775625
1367.3816	0.0467613261477052
1365.9646	0.0470872237836703
1364.5477	0.0477873415851846
1363.1307	0.0473794847200061
1361.7137	0.04818700785463
1360.2967	0.0479022015600496
1358.8797	0.0480442314222658
1357.4628	0.0472167955320722
1356.0458	0.0465157923091829
1354.6288	0.0465199958551103
1353.2118	0.0456496995917692
1351.7949	0.0453234894146778
1350.3779	0.0452395177404509
1348.9609	0.045469835131627
1347.5439	0.0450373762856694
1346.127	0.0451052952031451
1344.71	0.0450594447796481
1343.293	0.0457325558522485
1341.876	0.0459208698878169
1340.4591	0.0459319270497922
1339.0421	0.0463135057717675
1337.6251	0.0463337910607313
1336.2081	0.0461976835073415
1334.7912	0.046319061167674
1333.3742	0.0459072976956865
1331.9572	0.0456950136764663
1330.5402	0.045892581614551
1329.1233	0.0454317861424708
1327.7063	0.0451348524437249
1326.2893	0.0445040055024985
1324.8723	0.0447049962880386
1323.4554	0.0440583153233504
1322.0384	0.0438652090559609
1320.6214	0.0431014449551981
1319.2044	0.0423882279394383
1317.7875	0.042337885231516
1316.3705	0.0421180228945737
1314.9535	0.0413868710522971
1313.5365	0.0419397923258917
1312.1195	0.0416256772450609
1310.7026	0.0411254308270309
1309.2856	0.0412578578476631
1307.8686	0.0405725674517921
1306.4516	0.0413309369208474
1305.0347	0.0412833197658353
1303.6177	0.0409139732172524
1302.2007	0.0410373606443894
1300.7837	0.0410755729503243
1299.3668	0.041389989217933
1297.9498	0.0408323016990933
1296.5328	0.0416663775245266
1295.1158	0.0416517205686768
1293.6989	0.0410726838039764
1292.2819	0.0410685779838344
1290.8649	0.0411363759825572
1289.4479	0.0410350647264853
1288.031	0.0416022536915935
1286.614	0.0418027187595907
1285.197	0.0408450427644889
1283.78	0.0415655109443063
1282.3631	0.0416509723644297
1280.9461	0.0413415246723883
1279.5291	0.0426962441716735
1278.1121	0.0439407941992101
1276.6952	0.043647571623184
1275.2782	0.0435507756037608
1273.8612	0.0439620439871065
1272.4442	0.044619958920276
1271.0273	0.0442702094720574
1269.6103	0.0442118124449949
1268.1933	0.045414750773508
1266.7763	0.0448556008359715
1265.3593	0.0446485455881051
1263.9424	0.0443738433493768
1262.5254	0.0442786900200652
1261.1084	0.0437305842519954
1259.6914	0.0437478693841224
1258.2745	0.0447822128356619
1256.8575	0.0435155864743517
1255.4405	0.0445329949580433
1254.0235	0.0437806384108528
1252.6066	0.043766694938614
1251.1896	0.0433203946826237
1249.7726	0.0439407237364459
1248.3556	0.0433872065835244
1246.9387	0.0435003876593543
1245.5217	0.0432185245014432
1244.1047	0.0430378436236568
1242.6877	0.043559378542641
1241.2708	0.0428899701519168
1239.8538	0.0431082441208883
1238.4368	0.0437456478129288
1237.0198	0.0432897535440617
1235.6029	0.0438651504844415
1234.1859	0.0443204865548702
1232.7689	0.0434267317486675
1231.3519	0.0431381190323471
1229.935	0.0426587135615566
1228.518	0.0424742089741484
1227.101	0.0418907925084869
1225.684	0.0409550006411665
1224.2671	0.0411437236869966
1222.8501	0.0395717813864809
1221.4331	0.039913848174442
1220.0161	0.0390485179040496
1218.5991	0.0381477465992121
1217.1822	0.0385581922049202
1215.7652	0.0382994103137169
1214.3482	0.0375411375802739
1212.9312	0.0373102279494635
1211.5143	0.0370747591154373
1210.0973	0.0372140446675708
1208.6803	0.0367809103717115
1207.2633	0.0361711196868448
1205.8464	0.0365830947005999
1204.4294	0.036520611381782
1203.0124	0.0355998267067732
1201.5954	0.0360011350846038
1200.1785	0.0357637856026495
1198.7615	0.0350719014849965
1197.3445	0.034418989751623
1195.9275	0.0340628905987918
1194.5106	0.0334882027508708
1193.0936	0.0333648127148699
1191.6766	0.0326519342819437
1190.2596	0.0326667053169243
1188.8427	0.0318591999439699
1187.4257	0.0312417415632492
1186.0087	0.0315026844136317
1184.5917	0.0307654247348247
1183.1748	0.0302371780951626
1181.7578	0.0312285887284931
1180.3408	0.031159191463311
1178.9238	0.0305078387589696
1177.5069	0.031120310461287
1176.0899	0.0315000881437074
1174.6729	0.0322950257743719
1173.2559	0.0329044703995627
1171.8389	0.0344345505134773
1170.422	0.0348934862495673
1169.005	0.0370518030289924
1167.588	0.0378852665023478
1166.171	0.0403346442146499
1164.7541	0.0423423131089464
1163.3371	0.043396272032651
1161.9201	0.0463498926635761
1160.5031	0.0485087214277175
1159.0862	0.0512169519645911
1157.6692	0.0528537018546177
1156.2522	0.0558614864388515
1154.8352	0.0579615638092029
1153.4183	0.059293280757402
1152.0013	0.0601595104603816
1150.5843	0.0618422998025318
1149.1673	0.0621621971724632
1147.7504	0.0625705576908056
1146.3334	0.0625330608618508
1144.9164	0.0624849756045676
1143.4994	0.0614607077679646
1142.0825	0.0613393750303529
1140.6655	0.0602885538889364
1139.2485	0.0597938421328783
1137.8315	0.0582201930139809
1136.4146	0.0575584793792197
1134.9976	0.0569750908904972
1133.5806	0.0567973181761422
1132.1636	0.0570212510538571
1130.7467	0.0568271216034858
1129.3297	0.0568352565955221
1127.9127	0.0566750123353687
1126.4957	0.0572088779489511
1125.0787	0.057416741558165
1123.6618	0.0577204965142143
1122.2448	0.0581035002785686
1120.8278	0.0580768327918487
1119.4108	0.058374272026837
1117.9939	0.0588227284159587
1116.5769	0.0589695742454852
1115.1599	0.0592822028343365
1113.7429	0.0592719670042244
1112.326	0.0594013804362125
1110.909	0.0600803971278968
1109.492	0.0598616099781726
1108.075	0.0609445716021078
1106.6581	0.0612381443673598
1105.2411	0.0622234522899419
1103.8241	0.0624715310385314
1102.4071	0.0629421626012123
1100.9902	0.0635660089152018
1099.5732	0.0633485478470612
1098.1562	0.0640053154638864
1096.7392	0.064464343855468
1095.3223	0.064775597727835
1093.9053	0.0655015997439972
1092.4883	0.064872515934377
1091.0713	0.0657990672245259
1089.6544	0.0674610516492586
1088.2374	0.0690877234779253
1086.8204	0.071583869565725
1085.4034	0.0733363718960302
1083.9865	0.0749511887318416
1082.5695	0.0772400129884721
1081.1525	0.0789726719433546
1079.7355	0.0814510011655611
1078.3185	0.0819942528847848
1076.9016	0.0833630881186926
1075.4846	0.0834480291333798
1074.0676	0.0826871828530077
1072.6506	0.0816074184647854
1071.2337	0.079616865808759
1069.8167	0.0785653927443691
1068.3997	0.0773527322373813
1066.9827	0.0762806761733771
1065.5658	0.076018779323446
1064.1488	0.0759628058715302
1062.7318	0.0760546889780144
1061.3148	0.0767777670632267
1059.8979	0.0775910829639541
1058.4809	0.0798910673392441
1057.0639	0.0812345431713564
1055.6469	0.0820840166750422
1054.23	0.0836555188900211
1052.813	0.0853100427022086
1051.396	0.0869213659305612
1049.979	0.0887280605363086
1048.5621	0.090387030717199
1047.1451	0.0916182546784839
1045.7281	0.0933734568253069
1044.3111	0.0953508600105623
1042.8942	0.0971457796958781
1041.4772	0.0984529324591419
1040.0602	0.100167540156681
1038.6432	0.100950306425408
1037.2263	0.103126239066218
1035.8093	0.104800777444851
1034.3923	0.107201773484752
1032.9753	0.108452581218775
1031.5583	0.110439381509442
1030.1414	0.112133752499552
1028.7244	0.113786775631486
1027.3074	0.11606104884898
1025.8904	0.117468101223664
1024.4735	0.119152547665244
1023.0565	0.120889684752952
1021.6395	0.12307375270803
1020.2225	0.124573949787975
1018.8056	0.125780492946809
1017.3886	0.126180398786458
1015.9716	0.128336007181052
1014.5546	0.128655366997208
1013.1377	0.129045551388483
1011.7207	0.129145816500378
1010.3037	0.12893126684806
1008.8867	0.129001521023754
1007.4698	0.12983589873887
1006.0528	0.12980771348638
1004.6358	0.130050264418279
1003.2188	0.130225887228667
1001.8019	0.131469595769706
1000.3849	0.131660263666553
998.9679	0.132015264793937
997.5509	0.133854018104725
996.134	0.13408412478946
994.717	0.134722221312997
993.3	0.135100786361916
991.883	0.134815475614944
990.4661	0.134580173457001
989.0491	0.134538165501067
987.6321	0.134102895559897
986.2151	0.13377349653368
984.7981	0.131811779387139
983.3812	0.130803653194401
981.9642	0.130051795431744
980.5472	0.12745189690351
979.1302	0.126387079210973
977.7133	0.123779777948813
976.2963	0.121648605717993
974.8793	0.118408010975316
973.4623	0.116892439831641
972.0454	0.114353333393764
970.6284	0.11271440418113
969.2114	0.109216634330429
967.7944	0.107071663643069
966.3775	0.105271896021816
964.9605	0.102012135072228
963.5435	0.100275295548039
962.1265	0.0976650072712331
960.7096	0.0955283705067089
959.2926	0.0934477412179017
957.8756	0.0911990420685239
956.4586	0.0895343944770427
955.0417	0.0878377859503892
953.6247	0.0863573294558888
952.2077	0.0836530113370692
950.7907	0.083389537264713
949.3738	0.081590483405256
947.9568	0.0801240380798454
946.5398	0.0793926265781908
945.1228	0.0790139460540331
943.7059	0.0783008394300312
942.2889	0.0782451149329921
940.8719	0.078488010474888
939.4549	0.0792439596463141
938.0379	0.0791775513157924
936.621	0.0788506242060873
935.204	0.0800153076219275
933.787	0.0796724069199011
932.37	0.0793696346823834
930.9531	0.079786432097102
929.5361	0.0786520502747567
928.1191	0.0796844125029408
926.7021	0.0797455373838945
925.2852	0.0793194427839144
923.8682	0.0802002410582301
922.4512	0.0786924925607301
921.0342	0.078652881814299
919.6173	0.078258746069772
918.2003	0.0784906447393992
916.7833	0.0778192297402557
915.3663	0.0773102313347172
913.9494	0.0768349489390106
912.5324	0.077032697581949
911.1154	0.0757120972763509
909.6984	0.0747145446226328
908.2815	0.0741309551652377
906.8645	0.0727007184881504
905.4475	0.0719853916848231
904.0305	0.0718798588420755
902.6136	0.0709419935599583
901.1966	0.0699469540541731
899.7796	0.0690609737194535
898.3626	0.0687673444021341
896.9457	0.0687577355698932
895.5287	0.0684049411091614
894.1117	0.0679689335478273
892.6947	0.0674989078673643
891.2777	0.0670152670340596
889.8608	0.0658578892686947
888.4438	0.0661112890939815
887.0268	0.0655248338114405
885.6098	0.0640991892198868
884.1929	0.0636226204952013
882.7759	0.0626144902351165
881.3589	0.0626102690924632
879.9419	0.0620878703808851
878.525	0.0615033561276315
877.108	0.0608190678624599
875.691	0.0610262229581281
874.274	0.0612274162306245
872.8571	0.0611651769796287
871.4401	0.0618663640046513
870.0231	0.0622005323527028
868.6061	0.0621360255208656
867.1892	0.0633207661065638
865.7722	0.0631387083870569
864.3552	0.063115410915014
862.9382	0.064304590570827
861.5213	0.0641336031997692
860.1043	0.0646079347469377
858.6873	0.0648635054351972
857.2703	0.0647303206039606
855.8534	0.0652114844359204
854.4364	0.0653952342255091
853.0194	0.0641516625923769
851.6024	0.0654163507205263
850.1855	0.0650820898694799
848.7685	0.0648066204237874
847.3515	0.0650033379624782
845.9345	0.0649412037073878
844.5175	0.0652262020843088
843.1006	0.0656311787977472
841.6836	0.0644992855489446
840.2666	0.0647130632793689
838.8496	0.0648232223694137
837.4327	0.063808438786425
836.0157	0.0630074665954168
834.5987	0.0628455235577344
833.1817	0.0622609825185094
831.7648	0.0616249736737389
830.3478	0.0611219431291633
828.9308	0.0611193187356965
827.5138	0.0612350049116109
826.0969	0.060051382241973
824.6799	0.0600234579996917
823.2629	0.0599734752123015
821.8459	0.0594786284282621
820.429	0.0595979974836809
819.012	0.0593110238652766
817.595	0.0600678110556096
816.178	0.0590164973794994
814.7611	0.0591578202769537
813.3441	0.0592499264120944
811.9271	0.0589506820695841
810.5101	0.057968432964429
809.0932	0.0589075399190012
807.6762	0.0582853281630507
806.2592	0.057792899027023
804.8422	0.0578361657487228
803.4253	0.05782498911763
802.0083	0.0574557754873401
800.5913	0.0573218244548544
799.1743	0.0574755957878122
797.7573	0.0573397468066883
796.3404	0.0576406207941414
794.9234	0.0575396633872442
793.5064	0.0578062709095494
792.0894	0.0584913407358981
790.6725	0.0581180808568085
789.2555	0.0586496649820994
787.8385	0.058131715313086
786.4215	0.0590090053742605
785.0046	0.0589774653563795
783.5876	0.0596437868665689
782.1706	0.0603765830952005
780.7536	0.0609460036217102
779.3367	0.0612314420008248
777.9197	0.0613132829323099
776.5027	0.0624476618910194
775.0857	0.0622276161051008
773.6688	0.0630536566730761
772.2518	0.0637085548520703
770.8348	0.0646234702691497
769.4178	0.0653021044332111
768.0009	0.0662864152865653
766.5839	0.0667008394294647
765.1669	0.0682563891916355
763.7499	0.0674295186877853
762.333	0.0689361392309042
760.916	0.0692993123597492
759.499	0.0690903227119621
758.082	0.069232374812511
756.6651	0.0684834055731796
755.2481	0.0676963331285588
753.8311	0.0670004761781639
752.4141	0.0667414322478781
750.9971	0.0670617430437971
749.5802	0.066197639999519
748.1632	0.0658862282489259
746.7462	0.0641246949523226
745.3292	0.0641012204556172
743.9123	0.0637508312880287
742.4953	0.063358903677898
741.0783	0.0630481611831551
739.6613	0.0625343613964465
738.2444	0.0624832714341614
736.8274	0.0629577461897908
735.4104	0.0628558219530165
733.9934	0.0629690928873319
732.5765	0.0626662534783888
731.1595	0.0629848633400075
729.7425	0.0636387382722537
728.3255	0.0633772276581723
726.9086	0.0638658478470493
725.4916	0.0639151136217402
724.0746	0.0648399433204564
722.6576	0.0647739146686601
721.2407	0.0656516348070666
719.8237	0.0661688019363763
718.4067	0.0665905408793148
716.9897	0.0677256447658352
715.5728	0.0676516958619731
714.1558	0.0685744437807555
712.7388	0.069841968494764
711.3218	0.0701077999435696
709.9049	0.0705053750856631
708.4879	0.0712326333264972
707.0709	0.0712384471448711
705.6539	0.071901061596759
704.2369	0.0729727156840208
702.82	0.0721603954218713
701.403	0.0718867259900495
699.986	0.0719138539525652
698.569	0.0720168183040173
697.1521	0.0721167640299699
695.7351	0.0712029538204471
694.3181	0.0710415799419735
692.9011	0.0708382618851822
691.4842	0.0705953888652504
690.0672	0.0710696440804909
688.6502	0.0711912570991513
687.2332	0.0716720947948242
685.8163	0.071195340893215
684.3993	0.0709894535794441
682.9823	0.0706028443515075
681.5653	0.0712239270745855
680.1484	0.0722483438302477
678.7314	0.0715490815259222
677.3144	0.0717787427619554
675.8974	0.0721507278115502
674.4805	0.0724112147439908
673.0635	0.0724488155044181
671.6465	0.0721953471137883
670.2295	0.0725086830512317
668.8126	0.0724953774323719
667.3956	0.0733907341988629
665.9786	0.0736418541752228
664.5616	0.0743427362317226
663.1447	0.0743110495320467
661.7277	0.0742015840784599
660.3107	0.0736982384231729
658.8937	0.0747881586930909
657.4767	0.0743040832764619
656.0598	0.0753866621531167
654.6428	0.0750287692810668
653.2258	0.0755415347244675
651.8088	0.075594490196
650.3919	0.0762035615318769
648.9749	0.0766296144146304
647.5579	0.0767603204054887
646.1409	0.0764738106690462
644.724	0.0768653931051115
643.307	0.0767535678664178
641.89	0.0774473453937386
640.473	0.0779585745569739
639.0561	0.0781035622545782
637.6391	0.0778034949045743
636.2221	0.0780435562280659
634.8051	0.0781388862210472
633.3882	0.0790118888500753
631.9712	0.0785005885437049
630.5542	0.0794794871187826
629.1372	0.0789448946301703
627.7203	0.0801380947938078
626.3033	0.0805567149942559
624.8863	0.081786035385342
623.4693	0.0820483968685301
622.0524	0.0821754744550175
620.6354	0.082608617372637
619.2184	0.0836253556391684
617.8014	0.084767587237412
616.3845	0.0855336569956732
614.9675	0.0861027128451079
613.5505	0.0874657144003328
612.1335	0.0880361092418952
610.7165	0.088314474223146
609.2996	0.0889200004842063
607.8826	0.0900194972885422
606.4656	0.0902341610162317
605.0486	0.0906783154315238
603.6317	0.0908047310751935
602.2147	0.0905350302929915
600.7977	0.0908169109481718
599.3807	0.0909302405305111
597.9638	0.0905582454962161
596.5468	0.0907545518700002
595.1298	0.0907793107424775
593.7128	0.0916178532179114
592.2959	0.0916620390346421
590.8789	0.0921873647372916
589.4619	0.0932552276268181
588.0449	0.0942134480398337
586.628	0.0945661959481733
585.211	0.0948213605863861
583.794	0.095967486646025
582.377	0.0973972840199947
580.9601	0.0971008395827902
579.5431	0.0986457938584056
578.1261	0.100204652852955
576.7091	0.102125186491419
575.2922	0.103286827445428
573.8752	0.103667673619452
572.4582	0.104940253428698
571.0412	0.104565038941248
569.6243	0.104849299686536
568.2073	0.104547090554525
566.7903	0.104551271389023
565.3733	0.103899485225504
563.9563	0.103281688969627
562.5394	0.102936768852912
561.1224	0.103007247994258
559.7054	0.102534178165996
558.2884	0.102421534498385
556.8715	0.102330675324976
555.4545	0.10258884496256
554.0375	0.101729911008315
552.6205	0.101695463413238
551.2036	0.100201911473574
549.7866	0.0996573458295692
548.3696	0.100021881226388
546.9526	0.0996127183851579
545.5357	0.0996049856152642
544.1187	0.100400316615723
542.7017	0.100141262156361
541.2847	0.100390220796516
539.8678	0.100889071655948
538.4508	0.100862527752375
537.0338	0.102618092076836
535.6168	0.103618169536747
534.1999	0.104097745240629
532.7829	0.103983838342456
531.3659	0.10533641367793
529.9489	0.106465265699004
528.532	0.106959922704718
527.115	0.10824424065837
525.698	0.108630881335849
524.281	0.109465069955653
522.8641	0.110068966904848
521.4471	0.110187357279149
520.0301	0.110073226747635
518.6131	0.109285489100775
517.1962	0.109725385650885
515.7792	0.109761798172958
514.3622	0.109589395634339
512.9452	0.109828255417794
511.5282	0.109587302019828
510.1113	0.109077401352199
508.6943	0.109299563991329
507.2773	0.108409266694588
505.8603	0.108711887936866
504.4434	0.108998115118334
503.0264	0.108797559757751
501.6094	0.108270791229653
500.1924	0.108468510015568
498.7755	0.109031310374221
497.3585	0.108369991702513
495.9415	0.108001560299886
494.5245	0.107882162773179
493.1076	0.107307059703026
491.6906	0.107848426419149
490.2736	0.108101673204588
488.8566	0.107434503487673
487.4397	0.107522003421819
486.0227	0.107281842317148
484.6057	0.107408555056196
483.1887	0.108343934392632
481.7718	0.10833972530502
480.3548	0.108119132262767
478.9378	0.107795090732529
477.5208	0.108826252228016
476.1039	0.108227651743526
474.6869	0.108368426883304
473.2699	0.10820392799878
471.8529	0.108593327601297
470.436	0.107698071560698
469.019	0.107270719642387
467.602	0.10696102545825
466.185	0.107736569171929
464.768	0.106629598440822
463.3511	0.106624829035898
461.9341	0.106821378622972
460.5171	0.10718245347179
459.1001	0.10680400841406
457.6832	0.107774340168123
456.2662	0.107758267107109
454.8492	0.106666697810562
453.4322	0.105965663187467
452.0153	0.105847051462892
450.5983	0.104875669822505
449.1813	0.105943109683068
447.7643	0.105977684614224
446.3474	0.108258172531241
444.9304	0.108107772515793
443.5134	0.109808554480732
442.0964	0.109501978484514
440.6795	0.110471913231042
439.2625	0.111777966828377
437.8455	0.113339528900855
436.4285	0.114259487130726
435.0116	0.115840531810042
433.5946	0.115571534354081
432.1776	0.11497614133125
430.7606	0.115705907846927
429.3437	0.115622606999359
427.9267	0.114992344498873
426.5097	0.116011089777611
425.0927	0.117185079815297
423.6758	0.117431546883882
422.2588	0.119407579477472
420.8418	0.119544465927207
419.4248	0.119758296308635
418.0078	0.120004101348834
416.5909	0.119311901721763
415.1739	0.120846724664208
413.7569	0.121133255207127
412.3399	0.121630832038879
410.923	0.121138138103021
409.506	0.11978784164533
408.089	0.119448889156996
406.672	0.119294816707392
405.2551	0.11993364866761
403.8381	0.120695526309058
402.4211	0.121577315871372
401.0041	0.122167259299675
