3994.4546	0.027230583079542
3993.0377	0.0270351216009834
3991.6207	0.0279997015258704
3990.2037	0.0270472478293507
3988.7867	0.0264163845321958
3987.3698	0.0263637252952766
3985.9528	0.0267824067132412
3984.5358	0.0278196347027223
3983.1188	0.0266012979143687
3981.7019	0.027501215131163
3980.2849	0.0270376673591229
3978.8679	0.0264976198762786
3977.4509	0.0263226084935227
3976.034	0.0264954885673716
3974.617	0.0265591200099021
3973.2	0.026368666323148
3971.783	0.0275244960906689
3970.3661	0.0267937250448521
3968.9491	0.0270969415480977
3967.5321	0.027535223472035
3966.1151	0.0264030820674368
3964.6982	0.0271983702573224
3963.2812	0.0271710465922439
3961.8642	0.0260642169580391
3960.4472	0.0263983240803635
3959.0303	0.0275532615818861
3957.6133	0.0267087291804852
3956.1963	0.0271715977653284
3954.7793	0.0257679995186324
3953.3624	0.0271424289233728
3951.9454	0.0271897014469328
3950.5284	0.0273083254703623
3949.1114	0.0257295317619755
3947.6944	0.0269978091310963
3946.2775	0.0262175072706207
3944.8605	0.0269775603063107
3943.4435	0.0272388975302605
3942.0265	0.0268561104335007
3940.6096	0.0269101701449729
3939.1926	0.0252602912297834
3937.7756	0.026191161310534
3936.3586	0.0271008962114718
3934.9417	0.0268301579568941
3933.5247	0.0268860718531804
3932.1077	0.0257877840658428
3930.6907	0.0261532400843476
3929.2738	0.026082217619206
3927.8568	0.0264851326958686
3926.4398	0.0264445618154363
3925.0228	0.0256364579703601
3923.6059	0.0269633769047328
3922.1889	0.0268940339067505
3920.7719	0.0262896000983277
3919.3549	0.0266252385471592
3917.938	0.0258726783485475
3916.521	0.0262875996231163
3915.104	0.0262866626047496
3913.687	0.0260765596741247
3912.2701	0.0257691552608139
3910.8531	0.0277239456752589
3909.4361	0.0266151639856819
3908.0191	0.0266849544864929
3906.6022	0.0264694208394363
3905.1852	0.0271024649147954
3903.7682	0.0256341991907623
3902.3512	0.0268435263555567
3900.9342	0.0270128129247278
3899.5173	0.0256781330645966
3898.1003	0.0256198552191023
3896.6833	0.0256238942490474
3895.2663	0.0274646808517984
3893.8494	0.0262991871534359
3892.4324	0.0260285122104182
3891.0154	0.02633771355174
3889.5984	0.0260575418497553
3888.1815	0.0256458539288902
3886.7645	0.0265216484730223
3885.3475	0.0259068619883986
3883.9305	0.0266482914383703
3882.5136	0.0260342217815527
3881.0966	0.0257787897508286
3879.6796	0.0250265008588158
3878.2626	0.0260761291767771
3876.8457	0.0260205930266908
3875.4287	0.0261432140571606
3874.0117	0.0269028494763613
3872.5947	0.0278888630426796
3871.1778	0.0268017537906585
3869.7608	0.026479326165257
3868.3438	0.0269699005290156
3866.9268	0.0259145731664214
3865.5099	0.0262956881337058
3864.0929	0.0277758193339982
3862.6759	0.0270835151826324
3861.2589	0.0254850821422869
3859.842	0.0263495481395961
3858.425	0.026189031720352
3857.008	0.0259231952656418
3855.591	0.0263245038193486
3854.174	0.0260103650845577
3852.7571	0.026533558596336
3851.3401	0.0257027736321102
3849.9231	0.0274210095993084
3848.5061	0.0263140235953776
3847.0892	0.02661047150652
3845.6722	0.025630765405489
3844.2552	0.0252546811472268
3842.8382	0.025643488284342
3841.4213	0.0259693981192614
3840.0043	0.0266218936207609
3838.5873	0.0263527603463838
3837.1703	0.0262905457118877
3835.7534	0.0263115837882306
3834.3364	0.025852429959797
3832.9194	0.0255900846242697
3831.5024	0.0253213032174682
3830.0855	0.0256045670831988
3828.6685	0.0256540984408587
3827.2515	0.0266778330552135
3825.8345	0.0254510708547453
3824.4176	0.0270162581836023
3823.0006	0.0265098368189426
3821.5836	0.0260384429826441
3820.1666	0.0262969888338524
3818.7497	0.0262245047395295
3817.3327	0.0256640815413119
3815.9157	0.025472707652675
3814.4987	0.0248749650566289
3813.0818	0.0266958231807443
3811.6648	0.0254053364858567
3810.2478	0.0250991846786845
3808.8308	0.0247705183831822
3807.4138	0.0261158768601643
3805.9969	0.0250744991999988
3804.5799	0.0270124694243237
3803.1629	0.0253938210357074
3801.7459	0.0259903870817036
3800.329	0.0251596097350835
3798.912	0.0257558391005018
3797.495	0.0257651157727872
3796.078	0.0257171048496197
3794.6611	0.0247657803724953
3793.2441	0.0246421961054861
3791.8271	0.0252500527469052
3790.4101	0.0245520599025445
3788.9932	0.0260235724334321
3787.5762	0.0244611753062601
3786.1592	0.026359505579673
3784.7422	0.0252394930219747
3783.3253	0.0256589767322039
3781.9083	0.0259161345838658
3780.4913	0.0262263739696154
3779.0743	0.0251539757572229
3777.6574	0.0255858686708795
3776.2404	0.0252975568402985
3774.8234	0.0261451100895264
3773.4064	0.0252765227757269
3771.9895	0.0253104507177337
3770.5725	0.0248102324700701
3769.1555	0.024838805795615
3767.7385	0.0236727737946951
3766.3216	0.0250550416811865
3764.9046	0.0244778587104731
3763.4876	0.0251851116372888
3762.0706	0.024597606771777
3760.6536	0.023667508092833
3759.2367	0.0248952185780966
3757.8197	0.0249882027950404
3756.4027	0.0252669725424051
3754.9857	0.0244429049819499
3753.5688	0.0253135717175028
3752.1518	0.0257502468618448
3750.7348	0.0250402078486168
3749.3178	0.0248390066858976
3747.9009	0.0247478328073026
3746.4839	0.0254502364380935
3745.0669	0.0249002679818253
3743.6499	0.0251113027497553
3742.233	0.0251903941727744
3740.816	0.0236198844457185
3739.399	0.0248168402750088
3737.982	0.0244155863920249
3736.5651	0.0259660545417502
3735.1481	0.0256370821012911
3733.7311	0.0253472354167279
3732.3141	0.0249513721193645
3730.8972	0.0248551656957975
3729.4802	0.0252654149632886
3728.0632	0.0256159126351143
3726.6462	0.025586544718478
3725.2293	0.0243303142322143
3723.8123	0.0252233741345857
3722.3953	0.0236901239068506
3720.9783	0.0244722637616563
3719.5614	0.0238333742124745
3718.1444	0.0244399997522751
3716.7274	0.0236844931997031
3715.3104	0.0238798591846367
3713.8935	0.0244690103968695
3712.4765	0.0248641262198052
3711.0595	0.0242958118741922
3709.6425	0.0252914236164337
3708.2255	0.023475716667538
3706.8086	0.0241369802942772
3705.3916	0.0244179384719824
3703.9746	0.0242836844550817
3702.5576	0.0233483256231436
3701.1407	0.0238989215130669
3699.7237	0.0234489302105127
3698.3067	0.024191572552334
3696.8897	0.0240968794312827
3695.4728	0.0235290708962601
3694.0558	0.0232206691625214
3692.6388	0.0236774128520888
3691.2218	0.022458580105209
3689.8049	0.0239467533995892
3688.3879	0.0238011625025191
3686.9709	0.0241345681593647
3685.5539	0.0248839970225667
3684.137	0.023169389938302
3682.72	0.0237726964501745
3681.303	0.0226591850979768
3679.886	0.0231853704642961
3678.4691	0.0234281838485565
3677.0521	0.0244414385146081
3675.6351	0.0240281994730098
3674.2181	0.0237248343191234
3672.8012	0.0247973221825313
3671.3842	0.0241657588635728
3669.9672	0.0229538051828345
3668.5502	0.0235465110666745
3667.1333	0.0236754608144278
3665.7163	0.0235121987185016
3664.2993	0.0240774158519988
3662.8823	0.0247273047946683
3661.4653	0.0249663733601476
3660.0484	0.0240357933030783
3658.6314	0.0248726294853982
3657.2144	0.0251958354155261
3655.7974	0.0238749324978284
3654.3805	0.0232181353317279
3652.9635	0.024810413034756
3651.5465	0.0245095408931729
3650.1295	0.0241124899048014
3648.7126	0.025450201289844
3647.2956	0.0253564075260926
3645.8786	0.0253549427150962
3644.4616	0.0255077949514571
3643.0447	0.0251914845499918
3641.6277	0.0253540338273895
3640.2107	0.0256845828751905
3638.7937	0.023815326645749
3637.3768	0.0241940357414729
3635.9598	0.0253232238243803
3634.5428	0.0255335391816087
3633.1258	0.0250965799090005
3631.7089	0.0260842588204156
3630.2919	0.0255976329813818
3628.8749	0.0257489026529141
3627.4579	0.0254148786238373
3626.041	0.0263881643554526
3624.624	0.0254904322100727
3623.207	0.0256244971621937
3621.79	0.0262333419938708
3620.3731	0.0260114552562266
3618.9561	0.026258313008806
3617.5391	0.026767047801033
3616.1221	0.0272377439149508
3614.7051	0.0274138385450054
3613.2882	0.0273020355906212
3611.8712	0.0265240993233338
3610.4542	0.0267952670443415
3609.0372	0.0277599088500039
3607.6203	0.0275115836645821
3606.2033	0.0280773008560169
3604.7863	0.0280257554509042
3603.3693	0.0290450485868545
3601.9524	0.028148693660066
3600.5354	0.0274704192895452
3599.1184	0.0285920379297469
3597.7014	0.0290845253019051
3596.2845	0.0290283373310622
3594.8675	0.0296596888612925
3593.4505	0.0301627409376295
3592.0335	0.0298440997581008
3590.6166	0.0300554215657323
3589.1996	0.031255153185575
3587.7826	0.0305075670818645
3586.3656	0.0311054507336713
3584.9487	0.0321529075695503
3583.5317	0.0315212639306866
3582.1147	0.0318133697833185
3580.6977	0.030840519407959
3579.2808	0.0316380592067236
3577.8638	0.0323324967732707
3576.4468	0.0318070167799666
3575.0298	0.0312517572507673
3573.6129	0.0342753285025091
3572.1959	0.0329312115291932
3570.7789	0.0338424799828531
3569.3619	0.0331258700088093
3567.9449	0.0352114834679128
3566.528	0.0347361099231393
3565.111	0.0360493336170181
3563.694	0.0356024981672288
3562.277	0.0354999554206125
3560.8601	0.036390947556675
3559.4431	0.0362788148565712
3558.0261	0.0378356231985465
3556.6091	0.037660323899601
3555.1922	0.0371463798035814
3553.7752	0.0378929939616321
3552.3582	0.0391842480986073
3550.9412	0.0384101980486936
3549.5243	0.0398961004794773
3548.1073	0.0384378197778037
3546.6903	0.039408603651825
3545.2733	0.0409361216860792
3543.8564	0.0413294534729368
3542.4394	0.0413838439845452
3541.0224	0.0408206388407355
3539.6054	0.0412364467730857
3538.1885	0.0418270176868315
3536.7715	0.0428024028851454
3535.3545	0.0428382156182068
3533.9375	0.0437235702867017
3532.5206	0.0436685466007746
3531.1036	0.0433475957159716
3529.6866	0.0445700534533052
3528.2696	0.0449216601734868
3526.8527	0.0448241354808038
3525.4357	0.0457882353569206
3524.0187	0.0459253429442941
3522.6017	0.0453919669137639
3521.1847	0.045715221271705
3519.7678	0.0461954851452192
3518.3508	0.0478720152338223
3516.9338	0.0467135358722133
3515.5168	0.0483750699752266
3514.0999	0.0476462812503652
3512.6829	0.0483531553237073
3511.2659	0.0488570130905023
3509.8489	0.050285383215558
3508.432	0.0509148154391591
3507.015	0.0493597172506406
3505.598	0.0516348483212008
3504.181	0.0514693431619759
3502.7641	0.0521718913419308
3501.3471	0.0522623873867958
3499.9301	0.051667940827956
3498.5131	0.052758579786982
3497.0962	0.0530833038502851
3495.6792	0.0524043897395481
3494.2622	0.0538514450964674
3492.8452	0.0540248124573002
3491.4283	0.0544111705922458
3490.0113	0.0558383515494683
3488.5943	0.0547412208744099
3487.1773	0.0569393315603487
3485.7604	0.05636143867781
3484.3434	0.0570401461261531
3482.9264	0.0564199208695369
3481.5094	0.0571170940108997
3480.0925	0.0582069563452075
3478.6755	0.0574207349853617
3477.2585	0.0593542982525002
3475.8415	0.0574713829152002
3474.4245	0.0595044395236673
3473.0076	0.059548372173838
3471.5906	0.0606989158559371
3470.1736	0.0594271575149756
3468.7566	0.0606169375420799
3467.3397	0.0618329375760731
3465.9227	0.0626621366344458
3464.5057	0.061680381674504
3463.0887	0.0622897280941767
3461.6718	0.0624323593977222
3460.2548	0.0622428659268234
3458.8378	0.0627270752922026
3457.4208	0.0624722575706819
3456.0039	0.0643540311544192
3454.5869	0.0655114491961525
3453.1699	0.0647272849895126
3451.7529	0.0646788595260718
3450.336	0.0643077567164616
3448.919	0.0650813845827575
3447.502	0.0656541426475392
3446.085	0.0661164007623439
3444.6681	0.0661084126750778
3443.2511	0.0670930124555424
3441.8341	0.0673596452540044
3440.4171	0.0664985887924471
3439.0002	0.0671400690775352
3437.5832	0.0684209302016618
3436.1662	0.0687674916783123
3434.7492	0.0688666337087557
3433.3323	0.0685117618275397
3431.9153	0.0695576217584615
3430.4983	0.0698175725698321
3429.0813	0.0707377954119871
3427.6643	0.0708493672906371
3426.2474	0.0709268504418451
3424.8304	0.0713111208451893
3423.4134	0.0710942888134113
3421.9964	0.07190273670921
3420.5795	0.0714206895586584
3419.1625	0.0725732624461905
3417.7455	0.0719913105353892
3416.3285	0.0731875664178024
3414.9116	0.0741851011887151
3413.4946	0.0743198385646067
3412.0776	0.0747458654908818
3410.6606	0.0737387685000349
3409.2437	0.0739399360948028
3407.8267	0.0742697077448297
3406.4097	0.0743035402531361
3404.9927	0.0759480953870424
3403.5758	0.0754252456498394
3402.1588	0.0747744863640217
3400.7418	0.0753566372756518
3399.3248	0.0763739857220837
3397.9079	0.0769515090116246
3396.4909	0.0767698682932532
3395.0739	0.0775869961357475
3393.6569	0.0772186149981757
3392.24	0.0787256246611076
3390.823	0.0780681968486644
3389.406	0.0785383027379399
3387.989	0.0780762880726413
3386.5721	0.078754768083059
3385.1551	0.0784153275348745
3383.7381	0.0794246535471749
3382.3211	0.0807404905591808
3380.9041	0.0796922936419363
3379.4872	0.0794704817877379
3378.0702	0.081175976922389
3376.6532	0.0810828090713722
3375.2362	0.0817862944413119
3373.8193	0.0811517593093322
3372.4023	0.0818982032321698
3370.9853	0.082001340475658
3369.5683	0.0808125340235786
3368.1514	0.0828670322820644
3366.7344	0.0811292989227529
3365.3174	0.0827557105633009
3363.9004	0.0826255991507592
3362.4835	0.0823779368100252
3361.0665	0.0834947614986937
3359.6495	0.0836787377801134
3358.2325	0.0834075786199503
3356.8156	0.0849446514704388
3355.3986	0.0834912490647953
3353.9816	0.0831438967567608
3352.5646	0.0843633244313397
3351.1477	0.0836680494619231
3349.7307	0.0847508456900915
3348.3137	0.0850332282839217
3346.8967	0.0840894628064441
3345.4798	0.0840635787421323
3344.0628	0.0852119834391984
3342.6458	0.0834787361632834
3341.2288	0.0852877226246373
3339.8119	0.0855457206596502
3338.3949	0.0867585831939755
3336.9779	0.0866563395142812
3335.5609	0.0867190722168274
3334.1439	0.086103616257513
3332.727	0.0864361836437303
3331.31	0.086000799134926
3329.893	0.0870104859893925
3328.476	0.0864752621718234
3327.0591	0.0856872495544996
3325.6421	0.0866743561645751
3324.2251	0.0862151478799214
3322.8081	0.0875183159122653
3321.3912	0.0874817732162548
3319.9742	0.0859885691973056
3318.5572	0.0870678302909767
3317.1402	0.0872619790589765
3315.7233	0.0871008718493919
3314.3063	0.086726975943987
3312.8893	0.0874109199195464
3311.4723	0.0876528263865966
3310.0554	0.0876435210491926
3308.6384	0.0878848221985361
3307.2214	0.0882710841829674
3305.8044	0.0873920197785999
3304.3875	0.0868480981385141
3302.9705	0.0882335118643593
3301.5535	0.0878826881065535
3300.1365	0.0885447344168165
3298.7196	0.0881552028799588
3297.3026	0.0871415443513354
3295.8856	0.0879224084775482
3294.4686	0.0875574581378414
3293.0517	0.0882095505916043
3291.6347	0.0887374978727119
3290.2177	0.0880660425623534
3288.8007	0.0880448170806448
3287.3837	0.089830611874051
3285.9668	0.0888769875776811
3284.5498	0.0889607951415387
3283.1328	0.0885596990002074
3281.7158	0.0881072257416554
3280.2989	0.0871361815377701
3278.8819	0.087022027961949
3277.4649	0.0884536997971674
3276.0479	0.0884220514505214
3274.631	0.0886838877063544
3273.214	0.089177049859333
3271.797	0.0894153423352959
3270.38	0.0885342883190302
3268.9631	0.0893670776380799
3267.5461	0.0894921475109112
3266.1291	0.0889185746778366
3264.7121	0.0887744364821312
3263.2952	0.0888009085367158
3261.8782	0.0887408582109017
3260.4612	0.0882463448239588
3259.0442	0.0888909787171056
3257.6273	0.088078418825978
3256.2103	0.089482322818222
3254.7933	0.0897153277985629
3253.3763	0.0881275940973837
3251.9594	0.0893932842760789
3250.5424	0.0873997564229977
3249.1254	0.0885089847623511
3247.7084	0.0878911009501663
3246.2915	0.0884407098328906
3244.8745	0.0877123630459656
3243.4575	0.0884151970407366
3242.0405	0.0875584492567735
3240.6235	0.0879964939478508
3239.2066	0.0884985460863793
3237.7896	0.0877488317872515
3236.3726	0.0877760190172045
3234.9556	0.0874570318446608
3233.5387	0.0881749280088824
3232.1217	0.0873891425189484
3230.7047	0.0873258527505965
3229.2877	0.087160899883843
3227.8708	0.086869217536553
3226.4538	0.0869773305578371
3225.0368	0.0877091382265604
3223.6198	0.0876155875365598
3222.2029	0.0864857705039618
3220.7859	0.086495755210027
3219.3689	0.0866667731319558
3217.9519	0.0869111536035373
3216.535	0.0858019486193434
3215.118	0.0849999162369218
3213.701	0.0858785454347658
3212.284	0.0869677904840546
3210.8671	0.0862851991514752
3209.4501	0.0858466653452748
3208.0331	0.0853013270676291
3206.6161	0.0851820904964869
3205.1992	0.0853940740917917
3203.7822	0.0844718023187077
3202.3652	0.0853741191300012
3200.9482	0.0851996673215384
3199.5313	0.0845897681319166
3198.1143	0.0830293445972814
3196.6973	0.0841525852614818
3195.2803	0.0836547953182642
3193.8633	0.0852007987809818
3192.4464	0.0841973100175802
3191.0294	0.0837074591396221
3189.6124	0.0838433739352682
3188.1954	0.083212642872577
3186.7785	0.083025189096262
3185.3615	0.082322178045544
3183.9445	0.0821830547553362
3182.5275	0.0828874055856048
3181.1106	0.0816752937813752
3179.6936	0.0810445685310381
3178.2766	0.0823601884371656
3176.8596	0.083117816965949
3175.4427	0.082854811158579
3174.0257	0.0819996525694373
3172.6087	0.080110455272474
3171.1917	0.0804301022187933
3169.7748	0.0816443503273814
3168.3578	0.0801754614876923
3166.9408	0.0795383674239672
3165.5238	0.0800695562456358
3164.1069	0.0791754089483917
3162.6899	0.0792126435440718
3161.2729	0.07968886114427
3159.8559	0.0785972333836581
3158.439	0.0781764628810567
3157.022	0.0783548540586449
3155.605	0.0792187086407086
3154.188	0.0781497294521361
3152.7711	0.0772707725274207
3151.3541	0.0784740214390348
3149.9371	0.0782926135851456
3148.5201	0.0780515537236524
3147.1031	0.0774490864234442
3145.6862	0.0771135063679949
3144.2692	0.0773823885074554
3142.8522	0.0764040936644679
3141.4352	0.0756642743332477
3140.0183	0.0764688397867624
3138.6013	0.0769121762043414
3137.1843	0.0759055345104783
3135.7673	0.0763369458740754
3134.3504	0.0746633822522125
3132.9334	0.0740905604213143
3131.5164	0.0742100837363622
3130.0994	0.0746909607966394
3128.6825	0.0736652842357358
3127.2655	0.0743649629043325
3125.8485	0.074124346811425
3124.4315	0.0739536488909703
3123.0146	0.0728476005525085
3121.5976	0.073208070631521
3120.1806	0.0731959101534529
3118.7636	0.0728089810609227
3117.3467	0.071966514820146
3115.9297	0.0714728066032018
3114.5127	0.0706489317153781
3113.0957	0.0721217328633178
3111.6788	0.0702161525330179
3110.2618	0.0715927931048488
3108.8448	0.070761288787734
3107.4278	0.0710469292241578
3106.0109	0.0718331159409283
3104.5939	0.0707840257375102
3103.1769	0.0701237056962535
3101.7599	0.070495488094968
3100.3429	0.0691773727186676
3098.926	0.0694970694709025
3097.509	0.0690653331019392
3096.092	0.0679143597636476
3094.675	0.0692027670351496
3093.2581	0.0682956312376216
3091.8411	0.0692446750066688
3090.4241	0.0687889607345285
3089.0071	0.068589112354354
3087.5902	0.0680812290525725
3086.1732	0.0665698323515247
3084.7562	0.0683528362365518
3083.3392	0.0671442104175874
3081.9223	0.0674122375912203
3080.5053	0.065820042160372
3079.0883	0.0663467809058913
3077.6713	0.0665209248258057
3076.2544	0.0649848516063422
3074.8374	0.065037089689198
3073.4204	0.0648929016726805
3072.0034	0.066251179401062
3070.5865	0.064704190329246
3069.1695	0.0650346573416951
3067.7525	0.066068263169732
3066.3355	0.0656750855072839
3064.9186	0.0641075402360476
3063.5016	0.0650811326957522
3062.0846	0.0636039378432495
3060.6676	0.0642074169473186
3059.2507	0.0633181020142232
3057.8337	0.0622051787658621
3056.4167	0.0616948736750064
3054.9997	0.0628147593036696
3053.5827	0.0627422989959523
3052.1658	0.0629116163762589
3050.7488	0.0623883868076275
3049.3318	0.0619570930870661
3047.9148	0.0615740679921522
3046.4979	0.0616307236480591
3045.0809	0.0623936019371795
3043.6639	0.0604390748977531
3042.2469	0.0613275679265617
3040.83	0.060156827206403
3039.413	0.0610397556077447
3037.996	0.0606572626263747
3036.579	0.0598204703788093
3035.1621	0.060127932638984
3033.7451	0.0601579119548938
3032.3281	0.0595163007137074
3030.9111	0.0582232534723849
3029.4942	0.0580818642480523
3028.0772	0.0595195773569043
3026.6602	0.0578446422249693
3025.2432	0.0591411753754621
3023.8263	0.0579662066935461
3022.4093	0.0569745819498176
3020.9923	0.0581315524969159
3019.5753	0.0582253388191238
3018.1584	0.0573948413139857
3016.7414	0.0577382734774587
3015.3244	0.0578969616026583
3013.9074	0.0577056404865613
3012.4905	0.0575457812946182
3011.0735	0.0570670059345706
3009.6565	0.056811504495307
3008.2395	0.0558981478269213
3006.8225	0.0561763358841029
3005.4056	0.0557036522133714
3003.9886	0.0562171444314905
3002.5716	0.0560293258305044
3001.1546	0.0573719657208721
2999.7377	0.0560062488192037
2998.3207	0.0549909992765437
2996.9037	0.0558950477718673
2995.4867	0.0560450268474235
2994.0698	0.0558926912013822
2992.6528	0.0564914768288266
2991.2358	0.0552026673654556
2989.8188	0.056170317049765
2988.4019	0.0559554071180614
2986.9849	0.0561995405576764
2985.5679	0.0555872903670439
2984.1509	0.0561120456161017
2982.734	0.055844334045761
2981.317	0.0560707733169964
2979.9	0.0560778620213677
2978.483	0.0552883993171842
2977.0661	0.0563181272669583
2975.6491	0.0580189839915464
2974.2321	0.0571683663000673
2972.8151	0.057529852733929
2971.3982	0.0567830983330356
2969.9812	0.0570178707509139
2968.5642	0.0579995575252162
2967.1472	0.0584537794327179
2965.7303	0.058733885075803
2964.3133	0.0589038763219003
2962.8963	0.0595419752219937
2961.4793	0.0586275376675915
2960.0623	0.0597150110408585
2958.6454	0.0593831392840532
2957.2284	0.0599462380603806
2955.8114	0.0603723607676645
2954.3944	0.0612543667773723
2952.9775	0.061797855945936
2951.5605	0.0622164566712348
2950.1435	0.0626267146088086
2948.7265	0.0630555644268017
2947.3096	0.0639427381185892
2945.8926	0.0627722495754264
2944.4756	0.0640784446399095
2943.0586	0.0647463986263163
2941.6417	0.0648640240150117
2940.2247	0.0646274419345059
2938.8077	0.0661378803880975
2937.3907	0.0671412706391705
2935.9738	0.067675336800068
2934.5568	0.0677758655734267
2933.1398	0.0659485846090026
2931.7228	0.0680866377024392
2930.3059	0.0675847999706993
2928.8889	0.0698318888776607
2927.4719	0.0692169774387358
2926.0549	0.0681069283351039
2924.638	0.0685582610855726
2923.221	0.0695537770592073
2921.804	0.0682712187178114
2920.387	0.0695403254225238
2918.9701	0.0690905540828118
2917.5531	0.0681538550859222
2916.1361	0.0685242532686236
2914.7191	0.0681915894890752
2913.3021	0.0676975206706549
2911.8852	0.0688913608953852
2910.4682	0.0678469740553073
2909.0512	0.0680084101568948
2907.6342	0.0682486690346474
2906.2173	0.066852273551142
2904.8003	0.0688329917316828
2903.3833	0.06646500014875
2901.9663	0.0682625905994999
2900.5494	0.0676880391395643
2899.1324	0.0684424181806227
2897.7154	0.0668820060989162
2896.2984	0.0672364009351844
2894.8815	0.065693304658052
2893.4645	0.0680566222603067
2892.0475	0.0675019354729793
2890.6305	0.0673896023114233
2889.2136	0.068050150047318
2887.7966	0.0673865861316754
2886.3796	0.0670216680658873
2884.9626	0.0658257935671813
2883.5457	0.0670864896927841
2882.1287	0.0660887161722739
2880.7117	0.0662219685832022
2879.2947	0.0655706526969607
2877.8778	0.0661013373271202
2876.4608	0.0645005549703159
2875.0438	0.065119618691204
2873.6268	0.065069992763367
2872.2099	0.0639764968621937
2870.7929	0.0643605219865536
2869.3759	0.0626272108177326
2867.9589	0.0631512611976049
2866.5419	0.063106462419978
2865.125	0.0626392249295829
2863.708	0.0623821113309569
2862.291	0.0632888952034018
2860.874	0.0616413750546032
2859.4571	0.0625470604412372
2858.0401	0.0621763587800811
2856.6231	0.060742491949175
2855.2061	0.0613341325429063
2853.7892	0.0597914119680591
2852.3722	0.0616243598743459
2850.9552	0.0604827051536007
2849.5382	0.0607097552805633
2848.1213	0.0603128939273958
2846.7043	0.0614141353693483
2845.2873	0.0598079849294852
2843.8703	0.0594316935782232
2842.4534	0.0591417952562161
2841.0364	0.0606501062640716
2839.6194	0.0598700230154328
2838.2024	0.0599002097771038
2836.7855	0.0598786060703904
2835.3685	0.0587927313941074
2833.9515	0.0581184913769677
2832.5345	0.0579320655297106
2831.1176	0.0574530754348908
2829.7006	0.0576889619496122
2828.2836	0.0571859298416757
2826.8666	0.0563577718354449
2825.4497	0.0566082936025942
2824.0327	0.0559115166750184
2822.6157	0.0552827033677589
2821.1987	0.0560913885178009
2819.7817	0.0566471041641728
2818.3648	0.055540319236793
2816.9478	0.0559952026158943
2815.5308	0.0541154125058356
2814.1138	0.0557894909987295
2812.6969	0.0542316351293349
2811.2799	0.0554316028329498
2809.8629	0.0559912808474679
2808.4459	0.0551400316368478
2807.029	0.0556076168441294
2805.612	0.0544349581478389
2804.195	0.0546394010005076
2802.778	0.0531284935241248
2801.3611	0.0544480843461775
2799.9441	0.0550199360948053
2798.5271	0.0541124358688149
2797.1101	0.0531404438897992
2795.6932	0.0527399906243862
2794.2762	0.0544774476763945
2792.8592	0.0535134007100375
2791.4422	0.053294526228117
2790.0253	0.0537262823382689
2788.6083	0.0533570469381196
2787.1913	0.0535701638325117
2785.7743	0.0531866339556397
2784.3574	0.0519513627180691
2782.9404	0.0531533913728946
2781.5234	0.0534029746312284
2780.1064	0.0528974121172423
2778.6895	0.0522991727316376
2777.2725	0.053562130973922
2775.8555	0.0528513831460746
2774.4385	0.0527626837849943
2773.0215	0.0535671370371194
2771.6046	0.0516258227236596
2770.1876	0.05130399788309
2768.7706	0.051227349306285
2767.3536	0.0534965954436477
2765.9367	0.0506519983252912
2764.5197	0.0516343125804386
2763.1027	0.051458255544649
2761.6857	0.0505414424794917
2760.2688	0.0521623879861098
2758.8518	0.0514971055262334
2757.4348	0.0511369298602999
2756.0178	0.0511960664602587
2754.6009	0.0510229830995315
2753.1839	0.0507117175819993
2751.7669	0.0521604027355078
2750.3499	0.052892430012009
2748.933	0.0511616026990654
2747.516	0.051102948051235
2746.099	0.0512627959854732
2744.682	0.0514593095790548
2743.2651	0.0519767956477298
2741.8481	0.05097578932726
2740.4311	0.0524918928421761
2739.0141	0.0517370749020885
2737.5972	0.0513043030178835
2736.1802	0.0514768519117286
2734.7632	0.0510344001898193
2733.3462	0.0503376367917591
2731.9293	0.050627329393369
2730.5123	0.0508226815204407
2729.0953	0.0498136144654
2727.6783	0.0499725191152177
2726.2613	0.0511827120495329
2724.8444	0.0505542420577146
2723.4274	0.0504160932934221
2722.0104	0.0505559422844531
2720.5934	0.0511914503363051
2719.1765	0.0493636326724644
2717.7595	0.050333976871167
2716.3425	0.0506261143070102
2714.9255	0.0499956110941262
2713.5086	0.0512877052687464
2712.0916	0.0490688800695998
2710.6746	0.0503053161332393
2709.2576	0.0498330376158145
2707.8407	0.05063178424053
2706.4237	0.0496776010230879
2705.0067	0.0498098383241533
2703.5897	0.0500070569130041
2702.1728	0.0502569837475384
2700.7558	0.0498261890666065
2699.3388	0.0495094826775087
2697.9218	0.0496861020785706
2696.5049	0.0488550027380013
2695.0879	0.049531390279437
2693.6709	0.0490184205050913
2692.2539	0.049615791071687
2690.837	0.0490196161655465
2689.42	0.0488295692872216
2688.003	0.0483340647942409
2686.586	0.0489406000055834
2685.1691	0.0481579290147149
2683.7521	0.0490779282743088
2682.3351	0.0496233704266112
2680.9181	0.0498571852421066
2679.5011	0.0484210860088879
2678.0842	0.0500867498345043
2676.6672	0.0488441081108214
2675.2502	0.0481017369563958
2673.8332	0.0484337393919549
2672.4163	0.0499825396318962
2670.9993	0.0486800592628961
2669.5823	0.0473023255594783
2668.1653	0.0479876266438059
2666.7484	0.049102672117299
2665.3314	0.0465827380070346
2663.9144	0.0485687520004371
2662.4974	0.0481946281963129
2661.0805	0.0485269978726098
2659.6635	0.0478167463227162
2658.2465	0.0490561826428276
2656.8295	0.0492330568765938
2655.4126	0.0479907454841181
2653.9956	0.047322615184282
2652.5786	0.0482645774521637
2651.1616	0.0483499575292295
2649.7447	0.0484892073011758
2648.3277	0.0483719912960854
2646.9107	0.0487033489669313
2645.4937	0.0485271198836749
2644.0768	0.0469341747471728
2642.6598	0.0471949522784833
2641.2428	0.0487313804954347
2639.8258	0.0471091658617866
2638.4089	0.0477262982082776
2636.9919	0.0469046521025456
2635.5749	0.0471603838858309
2634.1579	0.0482110174582565
2632.741	0.0478704040828839
2631.324	0.0463668524904658
2629.907	0.0460860248478436
2628.49	0.0467519626593416
2627.073	0.0471815848050942
2625.6561	0.046528849439166
2624.2391	0.0457209495462746
2622.8221	0.0455886099533346
2621.4051	0.0476596329236404
2619.9882	0.0455397414191999
2618.5712	0.0470265458746401
2617.1542	0.0463251727018632
2615.7372	0.0461370110635622
2614.3203	0.0465222106888504
2612.9033	0.0453986781782495
2611.4863	0.0464188748705729
2610.0693	0.0456949543129442
2608.6524	0.0455792776816783
2607.2354	0.0441688027501188
2605.8184	0.0453112869547586
2604.4014	0.0445566728097564
2602.9845	0.0448490269528622
2601.5675	0.0445949804124666
2600.1505	0.0440348156007645
2598.7335	0.0445498405542627
2597.3166	0.0449555081786528
2595.8996	0.0442674334793055
2594.4826	0.0451479947465403
2593.0656	0.0449970100598956
2591.6487	0.0460268152319727
2590.2317	0.0451367163827578
2588.8147	0.0455314554839884
2587.3977	0.0450669167475147
2585.9808	0.0453706087464127
2584.5638	0.0456320455815278
2583.1468	0.0445239674759384
2581.7298	0.0446452031397395
2580.3128	0.0448643372769663
2578.8959	0.0456424905667482
2577.4789	0.0439222302336619
2576.0619	0.0437557650378792
2574.6449	0.0437764146011103
2573.228	0.0438038294524886
2571.811	0.0427791616518666
2570.394	0.0443816282902683
2568.977	0.0432781301933025
2567.5601	0.0447983884208743
2566.1431	0.0448588727500249
2564.7261	0.0437405030596016
2563.3091	0.0452861224478906
2561.8922	0.0439566340496748
2560.4752	0.0446798058155906
2559.0582	0.0448510972274395
2557.6412	0.044309094144559
2556.2243	0.0448234450879438
2554.8073	0.0440140848055584
2553.3903	0.0428548327744528
2551.9733	0.043193330966569
2550.5564	0.0435939598377148
2549.1394	0.0434341656166096
2547.7224	0.0435216859241404
2546.3054	0.0444441795052302
2544.8885	0.0433224643665902
2543.4715	0.0441227734006633
2542.0545	0.0427562056225729
2540.6375	0.0432747089541786
2539.2206	0.0435637334682749
2537.8036	0.0430901011719837
2536.3866	0.0437189647515626
2534.9696	0.0430076338679491
2533.5526	0.0430121753373543
2532.1357	0.0434533767241186
2530.7187	0.0415864928676183
2529.3017	0.0438192506160041
2527.8847	0.0434870430382274
2526.4678	0.0437393639431888
2525.0508	0.0429192398539432
2523.6338	0.0415567027115762
2522.2168	0.0416947641502175
2520.7999	0.0422190230454668
2519.3829	0.0427951305407234
2517.9659	0.0419224153783495
2516.5489	0.042119848366032
2515.132	0.0429003651764092
2513.715	0.0418742080774171
2512.298	0.0424347195409673
2510.881	0.0421692868444016
2509.4641	0.0427229164119444
2508.0471	0.0418098755141526
2506.6301	0.0420361831140452
2505.2131	0.0417969421655287
2503.7962	0.0427918188547007
2502.3792	0.0428080004014128
2500.9622	0.0409886486008346
2499.5452	0.0426419070757717
2498.1283	0.0417461655721903
2496.7113	0.0419213338966775
2495.2943	0.0423854057771833
2493.8773	0.0414521050478679
2492.4604	0.0428554095491151
2491.0434	0.0408475658085082
2489.6264	0.0413844185466127
2488.2094	0.0409958227752993
2486.7924	0.0423351555812193
2485.3755	0.0413220460492318
2483.9585	0.0417125136052366
2482.5415	0.0428267282292514
2481.1245	0.0407900722665618
2479.7076	0.0423855670390623
2478.2906	0.040571429590764
2476.8736	0.040897471934742
2475.4566	0.0411328547086768
2474.0397	0.0412439584678245
2472.6227	0.0412251217240602
2471.2057	0.0410064551169693
2469.7887	0.0419287259273055
2468.3718	0.0416014296998395
2466.9548	0.0421503202102051
2465.5378	0.0415623099549089
2464.1208	0.0417762851301516
2462.7039	0.0417592759729453
2461.2869	0.0420151264062455
2459.8699	0.0411406892544111
2458.4529	0.0399341422634983
2457.036	0.0411345614936808
2455.619	0.0415058154553084
2454.202	0.0415027603995061
2452.785	0.0408223073931493
2451.3681	0.0398921791471782
2449.9511	0.040916985532109
2448.5341	0.0408610287854755
2447.1171	0.0418391048698288
2445.7002	0.0417621477498394
2444.2832	0.0410437788087569
2442.8662	0.039464439020409
2441.4492	0.042058496390796
2440.0322	0.0395602491184524
2438.6153	0.0407325323826011
2437.1983	0.040547812093068
2435.7813	0.0396854938184388
2434.3643	0.0405105766503687
2432.9474	0.0405103407054924
2431.5304	0.0409990785659049
2430.1134	0.0404865567819571
2428.6964	0.0408392689851169
2427.2795	0.0408168459263463
2425.8625	0.0411594259816989
2424.4455	0.0399081971574659
2423.0285	0.0393963701140503
2421.6116	0.0404623523001291
2420.1946	0.0400378122740795
2418.7776	0.0404925914962961
2417.3606	0.039516802699509
2415.9437	0.0388225076553079
2414.5267	0.0409431348278117
2413.1097	0.0389587017813962
2411.6927	0.0397452941705594
2410.2758	0.0388697204387719
2408.8588	0.0397730908924297
2407.4418	0.0388024038505213
2406.0248	0.0400058092885788
2404.6079	0.0389790209099212
2403.1909	0.0396159199781028
2401.7739	0.0398129675628308
2400.3569	0.038995422371094
2398.94	0.0405065840193576
2397.523	0.0399249741953212
2396.106	0.0399522047148396
2394.689	0.0387812845686989
2393.272	0.0385575535425732
2391.8551	0.0397489602122747
2390.4381	0.0381956619990149
2389.0211	0.0390823895530823
2387.6041	0.0395810604437693
2386.1872	0.0389214171400218
2384.7702	0.0386115336975964
2383.3532	0.0389458923216845
2381.9362	0.0383531399492943
2380.5193	0.0391743410390929
2379.1023	0.0389828889553999
2377.6853	0.0400231690693778
2376.2683	0.0388632729661863
2374.8514	0.0388290344007484
2373.4344	0.0389622948870384
2372.0174	0.0383684420453048
2370.6004	0.0386255945019782
2369.1835	0.039139283800802
2367.7665	0.0376415284745092
2366.3495	0.0376515993854135
2364.9325	0.0379416536520802
2363.5156	0.0382524523862217
2362.0986	0.0401369930523701
2360.6816	0.0386548277746817
2359.2646	0.0385195935268849
2357.8477	0.0386895436616406
2356.4307	0.0380201683848386
2355.0137	0.0395774475211714
2353.5967	0.0384991735207868
2352.1798	0.0391827178677959
2350.7628	0.0369904455963447
2349.3458	0.0379540923727863
2347.9288	0.0389514560717366
2346.5118	0.0385796622821551
2345.0949	0.0390696060902051
2343.6779	0.0394199172104847
2342.2609	0.0386463894981578
2340.8439	0.0379150460601045
2339.427	0.0377545203322592
2338.01	0.0380601555211708
2336.593	0.0376487061451995
2335.176	0.0388869608028355
2333.7591	0.0391727556664426
2332.3421	0.0386865000910404
2330.9251	0.038809692205018
2329.5081	0.0389016394415016
2328.0912	0.0383891811485818
2326.6742	0.0386358843787054
2325.2572	0.0385992667516945
2323.8402	0.0397502124247355
2322.4233	0.0399179206170642
2321.0063	0.0394812578847645
2319.5893	0.0400501238815117
2318.1723	0.0384250315628035
2316.7554	0.0391119043580896
2315.3384	0.0395767852321029
2313.9214	0.0375542821039057
2312.5044	0.038429024511201
2311.0875	0.0385800944305814
2309.6705	0.0388394779513858
2308.2535	0.0377386943073107
2306.8365	0.03815018965272
2305.4196	0.0386892248010602
2304.0026	0.0388541313000086
2302.5856	0.0381942235900957
2301.1686	0.0373775001212238
2299.7516	0.0385222630448169
2298.3347	0.0389376807617751
2296.9177	0.0372847236976349
2295.5007	0.038869545126771
2294.0837	0.0374908662638028
2292.6668	0.038007813071362
2291.2498	0.0386536270913107
2289.8328	0.0382078412472738
2288.4158	0.0374655168795193
2286.9989	0.0388867453696108
2285.5819	0.0382566182603545
2284.1649	0.038765132488704
2282.7479	0.0379742179673122
2281.331	0.0387445706334235
2279.914	0.0387325198074785
2278.497	0.0369088304671499
2277.08	0.0379949328058723
2275.6631	0.0388626941614263
2274.2461	0.0379288476406617
2272.8291	0.0364622798911045
2271.4121	0.037580419835499
2269.9952	0.0374484536780941
2268.5782	0.0373901387559517
2267.1612	0.0371683668167422
2265.7442	0.0379926504649431
2264.3273	0.036264587438982
2262.9103	0.038054043613682
2261.4933	0.0365937013899999
2260.0763	0.0360714603447131
2258.6594	0.0366794286230033
2257.2424	0.0371153400155265
2255.8254	0.0375314002373049
2254.4084	0.036263795873171
2252.9914	0.0371900659782348
2251.5745	0.0369433872127689
2250.1575	0.036593305480416
2248.7405	0.0361731292881122
2247.3235	0.0359099039587165
2245.9066	0.0366336882288924
2244.4896	0.0366183839231363
2243.0726	0.0367729318691979
2241.6556	0.0360325826550756
2240.2387	0.0368799457225429
2238.8217	0.0367945307820328
2237.4047	0.036408616867046
2235.9877	0.0364587143157104
2234.5708	0.0362508600008446
2233.1538	0.0386267823855651
2231.7368	0.0371157801344062
2230.3198	0.0383830725166081
2228.9029	0.0377684842754588
2227.4859	0.0376088911006002
2226.0689	0.0368653808680293
2224.6519	0.0360809687382013
2223.235	0.035425438797876
2221.818	0.0356151153779988
2220.401	0.0355962446702346
2218.984	0.0355402266095283
2217.5671	0.0363658140111846
2216.1501	0.036176937505635
2214.7331	0.036610109224998
2213.3161	0.03548512424765
2211.8992	0.0367114826609392
2210.4822	0.0368591557385111
2209.0652	0.0362404148988624
2207.6482	0.0356931776046858
2206.2312	0.0373908481623262
2204.8143	0.0361817901374949
2203.3973	0.0353542943139297
2201.9803	0.0382905467452841
2200.5633	0.0370703886995878
2199.1464	0.0374792758102492
2197.7294	0.0379503383153318
2196.3124	0.038803111753796
2194.8954	0.0381381483522604
2193.4785	0.0376416822536787
2192.0615	0.0377059069494255
2190.6445	0.0374723852092615
2189.2275	0.0370055395207331
2187.8106	0.0365579504643716
2186.3936	0.0359328732543332
2184.9766	0.0367276889826697
2183.5596	0.036377205898276
2182.1427	0.0367978275361166
2180.7257	0.0363617655967641
2179.3087	0.0350334396569442
2177.8917	0.0350900775449656
2176.4748	0.0334352498330873
2175.0578	0.0345386433351205
2173.6408	0.0356244919442419
2172.2238	0.0361965446324258
2170.8069	0.0362418299591079
2169.3899	0.0378019077695165
2167.9729	0.037130769923359
2166.5559	0.0373671583367926
2165.139	0.036460030056173
2163.722	0.0363256665888538
2162.305	0.0372334303215429
2160.888	0.0375337725496391
2159.471	0.0360125839935564
2158.0541	0.0340575992464854
2156.6371	0.0322642079227707
2155.2201	0.0328185912863289
2153.8031	0.0320942053074886
2152.3862	0.0330550522573532
2150.9692	0.0321358782839847
2149.5522	0.0335565195158589
2148.1352	0.0320100176765507
2146.7183	0.0330975125515065
2145.3013	0.0340394037047741
2143.8843	0.0347364179887905
2142.4673	0.0339384099316512
2141.0504	0.0332715002867073
2139.6334	0.0340610983023565
2138.2164	0.0331673086106876
2136.7994	0.0324414919908508
2135.3825	0.0350690372319773
2133.9655	0.0340148511776688
2132.5485	0.0347864223207001
2131.1315	0.0349017510367005
2129.7146	0.0354393375640548
2128.2976	0.0349870788347383
2126.8806	0.0344913260050734
2125.4636	0.0351705842920213
2124.0467	0.035180820289159
2122.6297	0.0358376111385601
2121.2127	0.036417558822475
2119.7957	0.0357978374164254
2118.3788	0.0354761482562973
2116.9618	0.0356673678235114
2115.5448	0.0365351829862336
2114.1278	0.0366937564285556
2112.7108	0.0357300807991331
2111.2939	0.0370853338004743
2109.8769	0.03590244091133
2108.4599	0.035655364328702
2107.0429	0.0355301882732296
2105.626	0.0347518590202738
2104.209	0.0346835735780236
2102.792	0.0356407736055674
2101.375	0.0358899214688176
2099.9581	0.0364245980624595
2098.5411	0.0358787459280701
2097.1241	0.0360952468444658
2095.7071	0.0339392171783369
2094.2902	0.0345075439582143
2092.8732	0.0348368732813364
2091.4562	0.0344268188007854
2090.0392	0.0349322627262525
2088.6223	0.0357761420441673
2087.2053	0.0357476297645053
2085.7883	0.0360964589269112
2084.3713	0.036477324767242
2082.9544	0.0347397428951636
2081.5374	0.0360938492786258
2080.1204	0.0354469253949101
2078.7034	0.0352218995562604
2077.2865	0.0363246649883932
2075.8695	0.0347235181962103
2074.4525	0.0337799776884593
2073.0355	0.0350108870524426
2071.6186	0.0361145056100907
2070.2016	0.0350581632339021
2068.7846	0.0344413708809885
2067.3676	0.0340831480463529
2065.9506	0.0339724961945298
2064.5337	0.0347520755430766
2063.1167	0.0358539056979707
2061.6997	0.0344730353828784
2060.2827	0.0348231371269697
2058.8658	0.0338253064372384
2057.4488	0.0342286005728145
2056.0318	0.0349565429137959
2054.6148	0.0348944636909484
2053.1979	0.0360813341115225
2051.7809	0.0357261778388729
2050.3639	0.0362104469880222
2048.9469	0.0347686268287801
2047.53	0.0345779901020985
2046.113	0.0348855492356948
2044.696	0.0332340601182228
2043.279	0.0339181381436409
2041.8621	0.0337341003881182
2040.4451	0.033270474759093
2039.0281	0.03406965640817
2037.6111	0.0338486290325098
2036.1942	0.0343160207343794
2034.7772	0.0344542670779828
2033.3602	0.0336957967042626
2031.9432	0.0347787288170341
2030.5263	0.0353696243863636
2029.1093	0.0346534213825141
2027.6923	0.0338152069353654
2026.2753	0.0336506837504751
2024.8584	0.0319415928601239
2023.4414	0.0315077104524226
2022.0244	0.0312098835662293
2020.6074	0.0313441382559493
2019.1904	0.0302222023973895
2017.7735	0.0317683392808668
2016.3565	0.0299664199959662
2014.9395	0.0306379453291991
2013.5225	0.0307516449268893
2012.1056	0.0314354841038479
2010.6886	0.0322695409923119
2009.2716	0.0314273327225559
2007.8546	0.0308339148434572
2006.4377	0.0315848649872413
2005.0207	0.0304436756434576
2003.6037	0.0310094818439612
2002.1867	0.031981922629873
2000.7698	0.0319228644530457
1999.3528	0.0314614932439224
1997.9358	0.0318270686837983
1996.5188	0.0315845174079991
1995.1019	0.0324793438821928
1993.6849	0.0324335921311674
1992.2679	0.0305277306433477
1990.8509	0.0311723434408103
1989.434	0.0301988754678261
1988.017	0.0313556209600152
1986.6	0.0303794026550385
1985.183	0.0323308278107564
1983.7661	0.0309368569173071
1982.3491	0.0320940516909199
1980.9321	0.0327175943726546
1979.5151	0.0315326735657583
1978.0982	0.0338614114942804
1976.6812	0.0324230132060351
1975.2642	0.031188770157907
1973.8472	0.0310268898544353
1972.4302	0.0303409840099553
1971.0133	0.0299337818019033
1969.5963	0.0293826743652279
1968.1793	0.031063432024191
1966.7623	0.029691628181519
1965.3454	0.0300397231426577
1963.9284	0.0301689479494324
1962.5114	0.0298026186695303
1961.0944	0.0292938423330037
1959.6775	0.0302357481798843
1958.2605	0.0301620890325307
1956.8435	0.0303835850440123
1955.4265	0.0300278961631879
1954.0096	0.0295383805407986
1952.5926	0.03145427836032
1951.1756	0.0304705649209309
1949.7586	0.0312364186338612
1948.3417	0.0312490324592287
1946.9247	0.0311444189599718
1945.5077	0.0311902914608494
1944.0907	0.031683784266251
1942.6738	0.0307243651419383
1941.2568	0.0311911364451959
1939.8398	0.0307831229827197
1938.4228	0.0317330724607808
1937.0059	0.0327021171661253
1935.5889	0.0323344947999445
1934.1719	0.0312646544010714
1932.7549	0.0311098987559453
1931.338	0.0317446469710688
1929.921	0.0310553383722145
1928.504	0.0317040888288873
1927.087	0.0316939403729475
1925.67	0.0315068860410362
1924.2531	0.0313910631382254
1922.8361	0.0324792809729677
1921.4191	0.0322167030882258
1920.0021	0.0327532927162446
1918.5852	0.0332522144704756
1917.1682	0.032100425507765
1915.7512	0.0320296746384659
1914.3342	0.0328187673962347
1912.9173	0.0320803986844113
1911.5003	0.0315020651732871
1910.0833	0.0322744072644052
1908.6663	0.0327172889705116
1907.2494	0.0305888569858772
1905.8324	0.0321250431447881
1904.4154	0.0327173784164729
1902.9984	0.0317790122353985
1901.5815	0.0312443247058272
1900.1645	0.0309960044843543
1898.7475	0.0319689791228664
1897.3305	0.0328372646427368
1895.9136	0.0321573971704847
1894.4966	0.0320840810586358
1893.0796	0.0313398875628207
1891.6626	0.0325346096385193
1890.2457	0.0330547733177675
1888.8287	0.0320461702971067
1887.4117	0.0326813799558733
1885.9947	0.0318679430250742
1884.5778	0.0308474500651856
1883.1608	0.0320703890768736
1881.7438	0.0327840324154371
1880.3268	0.0317221666824252
1878.9098	0.0307372950806087
1877.4929	0.031838851386479
1876.0759	0.0318858935068252
1874.6589	0.0318058362349206
1873.2419	0.0310800607681416
1871.825	0.0322953528612288
1870.408	0.0311532847197913
1868.991	0.031431661888997
1867.574	0.0312662833092374
1866.1571	0.0327569882390541
1864.7401	0.0309524748652868
1863.3231	0.0312433038037531
1861.9061	0.0328487538246363
1860.4892	0.0311701906855612
1859.0722	0.0335787665767759
1857.6552	0.032098423030593
1856.2382	0.031907875309884
1854.8213	0.031147125235976
1853.4043	0.0313602753277168
1851.9873	0.0317568160556477
1850.5703	0.033331871516567
1849.1534	0.0313309370783232
1847.7364	0.031993551991015
1846.3194	0.0321910792979858
1844.9024	0.0319040903971216
1843.4855	0.0298728749061655
1842.0685	0.0303668247310011
1840.6515	0.0323616182898206
1839.2345	0.0310650597875603
1837.8176	0.0299166636589106
1836.4006	0.0308228217830165
1834.9836	0.0312237794118798
1833.5666	0.0311833476885823
1832.1496	0.0318873189342766
1830.7327	0.0322743919159379
1829.3157	0.0318390526345923
1827.8987	0.0315729019817144
1826.4817	0.0306852991346921
1825.0648	0.0310236645194196
1823.6478	0.0311863025667227
1822.2308	0.0302540116391319
1820.8138	0.0313066970529614
1819.3969	0.0301883711692579
1817.9799	0.0312907090297404
1816.5629	0.0312920370933639
1815.1459	0.0310855502506538
1813.729	0.0307660345006652
1812.312	0.0308387780582253
1810.895	0.0297779583753805
1809.478	0.0320095236116302
1808.0611	0.0313445274955826
1806.6441	0.0303637616978315
1805.2271	0.0314865870804009
1803.8101	0.032017503396497
1802.3932	0.0319043729645724
1800.9762	0.0314945245800174
1799.5592	0.0321634481295475
1798.1422	0.031584110058525
1796.7253	0.0311355341863288
1795.3083	0.0309697877867583
1793.8913	0.0314625737929194
1792.4743	0.0315729924153969
1791.0574	0.0303693033257305
1789.6404	0.032791024575006
1788.2234	0.0309037360432998
1786.8064	0.0324177842298891
1785.3894	0.03167734101396
1783.9725	0.0326928133716041
1782.5555	0.0325472330477419
1781.1385	0.0308667686807474
1779.7215	0.0313620730736051
1778.3046	0.0315566107082647
1776.8876	0.0309671002615531
1775.4706	0.0323692631646501
1774.0536	0.0317828941744811
1772.6367	0.0316296226049107
1771.2197	0.0311658158726622
1769.8027	0.0312658562692992
1768.3857	0.0308940293305772
1766.9688	0.0321072371443156
1765.5518	0.0317343931371864
1764.1348	0.0323104775311504
1762.7178	0.0323492034473331
1761.3009	0.0325008729031991
1759.8839	0.0320871481009292
1758.4669	0.0322887113397487
1757.0499	0.0326214850532256
1755.633	0.0326366244077624
1754.216	0.0328125181800046
1752.799	0.0322292970583935
1751.382	0.0332738871310722
1749.9651	0.0325863223657129
1748.5481	0.0332690418933533
1747.1311	0.0345213778685527
1745.7141	0.0333699012402841
1744.2972	0.0338973525906491
1742.8802	0.0335450396649825
1741.4632	0.0339015685252346
1740.0462	0.0336721582998563
1738.6292	0.0337187809201909
1737.2123	0.0354220704690487
1735.7953	0.0350826832944366
1734.3783	0.0356063341605981
1732.9613	0.0361765645067836
1731.5444	0.0359164994449876
1730.1274	0.0363158759329057
1728.7104	0.0373299623634106
1727.2934	0.0372633323671999
1725.8765	0.0383612523005904
1724.4595	0.0379065454255278
1723.0425	0.0379791907794799
1721.6255	0.0383557262969272
1720.2086	0.0381088445855515
1718.7916	0.0381944251974602
1717.3746	0.0387986434777463
1715.9576	0.0392115027006547
1714.5407	0.0395508460026587
1713.1237	0.0390920308355713
1711.7067	0.0406155926876236
1710.2897	0.0401488964856224
1708.8728	0.0401431908550861
1707.4558	0.0404707190145649
1706.0388	0.0400848500974628
1704.6218	0.0407707302133438
1703.2049	0.0424918015181724
1701.7879	0.0405030141295662
1700.3709	0.0410414702577644
1698.9539	0.041953869559625
1697.537	0.0430160170843409
1696.12	0.0431437638858578
1694.703	0.0422534093527821
1693.286	0.042465212226104
1691.869	0.043420848533623
1690.4521	0.0431074413365916
1689.0351	0.043345218708453
1687.6181	0.0427221145122683
1686.2011	0.0432228072214406
1684.7842	0.0435678422237207
1683.3672	0.0439675526263746
1681.9502	0.0437740701757473
1680.5332	0.0427322959378195
1679.1163	0.0440253662714896
1677.6993	0.0459504425374609
1676.2823	0.0446970358125153
1674.8653	0.0452566168029709
1673.4484	0.0456822340718249
1672.0314	0.0457264415927135
1670.6144	0.045826984638552
1669.1974	0.0458496412328094
1667.7805	0.0446802155798431
1666.3635	0.046288605103024
1664.9465	0.0463488236021646
1663.5295	0.0481749480898062
1662.1126	0.046834206916083
1660.6956	0.0483440214456087
1659.2786	0.0482970980591676
1657.8616	0.0490199201822898
1656.4447	0.0477355440314166
1655.0277	0.0488095319256164
1653.6107	0.0480134080270782
1652.1937	0.0506497766753684
1650.7768	0.0509254039013141
1649.3598	0.049802064033254
1647.9428	0.0506930674607491
1646.5258	0.0517609178956136
1645.1088	0.0538914085838814
1643.6919	0.0535990481815706
1642.2749	0.0537339719613976
1640.8579	0.0546612858061188
1639.4409	0.056097479009725
1638.024	0.0574272938760159
1636.607	0.0570899653250603
1635.19	0.058241301755261
1633.773	0.0594915244291075
1632.3561	0.0593620427681452
1630.9391	0.060481891934288
1629.5221	0.0621932126999628
1628.1051	0.0603225650402605
1626.6882	0.0612172554311115
1625.2712	0.0629899126151706
1623.8542	0.0627885883200553
1622.4372	0.062779681744114
1621.0203	0.0647326982919987
1619.6033	0.0642254464423044
1618.1863	0.0641409827927402
1616.7693	0.0642625786415643
1615.3524	0.0655194806327967
1613.9354	0.0656786808265637
1612.5184	0.0667473248341911
1611.1014	0.0661037325365711
1609.6845	0.0669770683219008
1608.2675	0.0682187208598924
1606.8505	0.069470896419058
1605.4335	0.0711981766030066
1604.0166	0.0716815264349221
1602.5996	0.0718881636895427
1601.1826	0.0713842780412263
1599.7656	0.0717167057356221
1598.3486	0.0708948909181121
1596.9317	0.0711307138948525
1595.5147	0.0708897331799412
1594.0977	0.0704775777568689
1592.6807	0.0702150577287596
1591.2638	0.0707588662346862
1589.8468	0.0693944779151221
1588.4298	0.0692965743506996
1587.0128	0.0681240255864075
1585.5959	0.0683577444224722
1584.1789	0.0667133890419127
1582.7619	0.0658956968781152
1581.3449	0.0654539966352038
1579.928	0.0650784078136318
1578.511	0.0631862960009446
1577.094	0.0633220689346088
1575.677	0.0622465174141522
1574.2601	0.0601657682568225
1572.8431	0.0611935668215806
1571.4261	0.0595416857237683
1570.0091	0.0604574758003957
1568.5922	0.0592839981002381
1567.1752	0.0586075187404925
1565.7582	0.0575039353513409
1564.3412	0.0562051545297072
1562.9243	0.0562364418690161
1561.5073	0.0546630642411926
1560.0903	0.0536962857014438
1558.6733	0.0521154523611762
1557.2564	0.0516087920787315
1555.8394	0.0504789449502299
1554.4224	0.0487364480502878
1553.0054	0.0491439853056259
1551.5885	0.0484616973055474
1550.1715	0.0474155803637724
1548.7545	0.0469442511228653
1547.3375	0.0472311246292712
1545.9205	0.0453483437829208
1544.5036	0.0464025642484033
1543.0866	0.0460584055191398
1541.6696	0.0454467439843025
1540.2526	0.0445205499059033
1538.8357	0.0436998297464262
1537.4187	0.0434363447203582
1536.0017	0.042751902450201
1534.5847	0.0432844813606043
1533.1678	0.0440902556718342
1531.7508	0.0439493791297707
1530.3338	0.0441330225904014
1528.9168	0.0438868691058988
1527.4999	0.0437325275088816
1526.0829	0.0446621561532296
1524.6659	0.0468244541020284
1523.2489	0.0459291407533106
1521.832	0.0467838780387074
1520.415	0.0483343639246607
1518.998	0.0498287040429035
1517.581	0.0504324634221775
1516.1641	0.0525976603211345
1514.7471	0.0528810606374057
1513.3301	0.0543426998450417
1511.9131	0.0546491862435605
1510.4962	0.055627747723413
1509.0792	0.0561231757753586
1507.6622	0.0557090690197804
1506.2452	0.0552319093428017
1504.8283	0.0548928568567905
1503.4113	0.0534446055478541
1501.9943	0.0522501809590567
1500.5773	0.0528479162591808
1499.1603	0.0508728831738205
1497.7434	0.0474351690587282
1496.3264	0.0473519928668162
1494.9094	0.047401156501082
1493.4924	0.0477541592499011
1492.0755	0.0465284924739592
1490.6585	0.0456168906466651
1489.2415	0.0457977075703538
1487.8245	0.0449919406550681
1486.4076	0.0453432951861655
1484.9906	0.0465233097607184
1483.5736	0.0477822864637626
1482.1566	0.0484441832142551
1480.7397	0.0480788087244878
1479.3227	0.0494343975222439
1477.9057	0.0506356305429002
1476.4887	0.0497830957262267
1475.0718	0.0499950682347312
1473.6548	0.0511383018303518
1472.2378	0.0507545462011892
1470.8208	0.0528045593490618
1469.4039	0.0545783775883284
1467.9869	0.0551251124869777
1466.5699	0.0563637452762547
1465.1529	0.0572083271408974
1463.736	0.0588428653952598
1462.319	0.0599582397506842
1460.902	0.0610480922542222
1459.485	0.0613882820162372
1458.0681	0.0622498642597806
1456.6511	0.0638590661773819
1455.2341	0.0641216603287924
1453.8171	0.0645620054427473
1452.4001	0.0637257436502352
1450.9832	0.064206659319773
1449.5662	0.0644967369404986
1448.1492	0.0645112829213217
1446.7322	0.064135658926103
1445.3153	0.063732337520105
1443.8983	0.0640835367789093
1442.4813	0.0653822058754592
1441.0643	0.0661160967390765
1439.6474	0.0650727747991813
1438.2304	0.0649389627177859
1436.8134	0.0665667896144704
1435.3964	0.0670609964570726
1433.9795	0.0670557963972071
1432.5625	0.0677318487774514
1431.1455	0.0681050316309467
1429.7285	0.0693448366746457
1428.3116	0.0700645869199032
1426.8946	0.0701988081284228
1425.4776	0.0710723987674943
1424.0606	0.0718113160592898
1422.6437	0.0716688893472888
1421.2267	0.0718892101564994
1419.8097	0.0716999808018991
1418.3927	0.0729140463594638
1416.9758	0.07361799532419
1415.5588	0.0730810578922063
1414.1418	0.0731944807422778
1412.7248	0.0739772941921588
1411.3079	0.0741227146788924
1409.8909	0.0739570378273226
1408.4739	0.0743957159239391
1407.0569	0.0742824396350855
1405.6399	0.0739489108168964
1404.223	0.0752636117436503
1402.806	0.0746771181991242
1401.389	0.0745448169215644
1399.972	0.0759331527909485
1398.5551	0.0745334047247283
1397.1381	0.0754234580456968
1395.7211	0.0760288442754105
1394.3041	0.0761512271793282
1392.8872	0.0766401911865091
1391.4702	0.0768844308272448
1390.0532	0.0771568549520806
1388.6362	0.0787490834567918
1387.2193	0.0797950247097208
1385.8023	0.0803764440608645
1384.3853	0.0806249315947322
1382.9683	0.0796894483668863
1381.5514	0.0794864109013431
1380.1344	0.0797059367972262
1378.7174	0.0790238155409597
1377.3004	0.079676871362775
1375.8835	0.0783677647814357
1374.4665	0.0798458346535494
1373.0495	0.079639040629096
1371.6325	0.0810448270499384
1370.2156	0.0802950799771358
1368.7986	0.0827915017746077
1367.3816	0.0839704223704823
1365.9646	0.0833179586895291
1364.5477	0.0848443074968896
1363.1307	0.0848896509548651
1361.7137	0.0847142492839518
1360.2967	0.084832300514293
1358.8797	0.0833717068536801
1357.4628	0.0834541668626936
1356.0458	0.0829795359262954
1354.6288	0.0820256052386679
1353.2118	0.0804314290460016
1351.7949	0.0803395816934392
1350.3779	0.080402081255283
1348.9609	0.0810269225475109
1347.5439	0.0800607884851374
1346.127	0.0802610031969525
1344.71	0.0800630549732998
1343.293	0.0803425793635447
1341.876	0.0804855965860122
1340.4591	0.0822889596601772
1339.0421	0.0816283813134533
1337.6251	0.0825245452141408
1336.2081	0.0816127621022029
1334.7912	0.0812364921300476
1333.3742	0.0810030253827559
1331.9572	0.0805594285003365
1330.5402	0.0814907315555007
1329.1233	0.0796529884424725
1327.7063	0.0792092355006586
1326.2893	0.0781969556129973
1324.8723	0.0791496035757097
1323.4554	0.0776104575595989
1322.0384	0.0761462220910651
1320.6214	0.0771509755720766
1319.2044	0.074830100997941
1317.7875	0.0746945936769838
1316.3705	0.073761153940188
1314.9535	0.0736218770860616
1313.5365	0.0726860332858749
1312.1195	0.0725774986066732
1310.7026	0.0721590581773129
1309.2856	0.0719129961520676
1307.8686	0.0728466844339013
1306.4516	0.0734780371132017
1305.0347	0.071748173515151
1303.6177	0.0716161708342708
1302.2007	0.0730638243435302
1300.7837	0.0724122096058836
1299.3668	0.0723944674247993
1297.9498	0.0713060077525695
1296.5328	0.073440108503996
1295.1158	0.0727326107225741
1293.6989	0.0725578561896178
1292.2819	0.0727279936090873
1290.8649	0.0732931027129527
1289.4479	0.0719136240610285
1288.031	0.0728295048088979
1286.614	0.0729044840282989
1285.197	0.072884567157946
1283.78	0.0740202198512934
1282.3631	0.0735147941275582
1280.9461	0.0748766885922656
1279.5291	0.0752121256543343
1278.1121	0.0766467936274434
1276.6952	0.0761290396289505
1275.2782	0.0781942498796444
1273.8612	0.0774735311829741
1272.4442	0.078138266190486
1271.0273	0.0789668978778244
1269.6103	0.0794651492860796
1268.1933	0.0784816795720924
1266.7763	0.0787188213631467
1265.3593	0.0789610472210098
1263.9424	0.0793362077544016
1262.5254	0.0780559314260493
1261.1084	0.0771323196022153
1259.6914	0.0780009309940977
1258.2745	0.076456804032418
1256.8575	0.0771820496959591
1255.4405	0.0779674332459999
1254.0235	0.0773005939858715
1252.6066	0.0784614855853881
1251.1896	0.0773409533139293
1249.7726	0.0775084134030548
1248.3556	0.0768041727597154
1246.9387	0.0769737615919055
1245.5217	0.0757223441305041
1244.1047	0.076143810118087
1242.6877	0.0745547281915177
1241.2708	0.0758266121590531
1239.8538	0.0767897076296739
1238.4368	0.0769621705273627
1237.0198	0.0775122780968781
1235.6029	0.0780183656962463
1234.1859	0.0763460242658547
1232.7689	0.0768339620177517
1231.3519	0.0762347840353705
1229.935	0.0762711454086218
1228.518	0.074556007064639
1227.101	0.0738407093998972
1225.684	0.0735661689791991
1224.2671	0.0714219344941654
1222.8501	0.0716402877338734
1221.4331	0.0703492103741388
1220.0161	0.0682098273110438
1218.5991	0.0692220472080806
1217.1822	0.0675991254296276
1215.7652	0.0671648620194925
1214.3482	0.0670414737923093
1212.9312	0.0666198260269884
1211.5143	0.0664169988230403
1210.0973	0.0644039851142698
1208.6803	0.0656039935990834
1207.2633	0.0644717010202994
1205.8464	0.0649461031595318
1204.4294	0.0638341098769651
1203.0124	0.062500119552735
1201.5954	0.0632559234942503
1200.1785	0.0625793150827365
1198.7615	0.0621950493577732
1197.3445	0.0609331129737785
1195.9275	0.0599115887059845
1194.5106	0.0601656778780349
1193.0936	0.0576054782484195
1191.6766	0.0577177579635641
1190.2596	0.0568930534581421
1188.8427	0.0556630275366436
1187.4257	0.0558354344664099
1186.0087	0.0555400017831543
1184.5917	0.0550633397039454
1183.1748	0.0555556116028268
1181.7578	0.0556103109254844
1180.3408	0.0544119748618949
1178.9238	0.0554397673337416
1177.5069	0.0553009053495551
1176.0899	0.0568194678366345
1174.6729	0.0577688499515638
1173.2559	0.0587500739058477
1171.8389	0.0603190144246172
1170.422	0.0627697136008519
1169.005	0.0634740127007844
1167.588	0.0677085868530858
1166.171	0.0697344160670534
1164.7541	0.073728098124828
1163.3371	0.0783111415510822
1161.9201	0.0811175949975329
1160.5031	0.0855129777887243
1159.0862	0.0905840785470311
1157.6692	0.0948232194917438
1156.2522	0.0973118625897143
1154.8352	0.10162705080103
1153.4183	0.103765893570919
1152.0013	0.105391251531781
1150.5843	0.10806963204696
1149.1673	0.109809369329614
1147.7504	0.110638983224775
1146.3334	0.109406099036739
1144.9164	0.110368798211326
1143.4994	0.109967206155877
1142.0825	0.107780336385936
1140.6655	0.105748228867995
1139.2485	0.104793940114486
1137.8315	0.103006473809374
1136.4146	0.101141446603705
1134.9976	0.0995358570970295
1133.5806	0.0995288644595233
1132.1636	0.0999732555115224
1130.7467	0.0986240161128106
1129.3297	0.0988275004535089
1127.9127	0.100215374715276
1126.4957	0.0997213516280372
1125.0787	0.102113635678583
1123.6618	0.100982150150295
1122.2448	0.103161264537842
1120.8278	0.102778140471781
1119.4108	0.103839290309053
1117.9939	0.103871875500638
1116.5769	0.103292169517511
1115.1599	0.103095889618428
1113.7429	0.103288134602341
1112.326	0.104487408261661
1110.909	0.105272611756478
1109.492	0.105242390580731
1108.075	0.107203431362345
1106.6581	0.108792059738733
1105.2411	0.109273114315643
1103.8241	0.111040609838608
1102.4071	0.111852705406511
1100.9902	0.112147312622373
1099.5732	0.112365422189845
1098.1562	0.112699737694356
1096.7392	0.111903705150561
1095.3223	0.113550404013469
1093.9053	0.114006871126817
1092.4883	0.115675033354142
1091.0713	0.1170464580237
1089.6544	0.118671015385741
1088.2374	0.121819803523683
1086.8204	0.124328588503562
1085.4034	0.128882545235573
1083.9865	0.131733284651623
1082.5695	0.135393747140772
1081.1525	0.139156704038397
1079.7355	0.142883353913269
1078.3185	0.143830281411398
1076.9016	0.146851924234233
1075.4846	0.147536116045962
1074.0676	0.146429735240134
1072.6506	0.142448184853512
1071.2337	0.141125998877627
1069.8167	0.138752844933286
1068.3997	0.13513540360091
1066.9827	0.132902013907214
1065.5658	0.133204406435474
1064.1488	0.133180006515662
1062.7318	0.133359362366843
1061.3148	0.135796913653618
1059.8979	0.13745947250305
1058.4809	0.139712264758247
1057.0639	0.142441172899303
1055.6469	0.144394093682135
1054.23	0.146368996683697
1052.813	0.150197532798005
1051.396	0.152653334940235
1049.979	0.154812039370677
1048.5621	0.15803613765168
1047.1451	0.159376715783283
1045.7281	0.163995505127388
1044.3111	0.167472527891297
1042.8942	0.16912614199131
1041.4772	0.172253202377619
1040.0602	0.176252069002804
1038.6432	0.178989617263074
1037.2263	0.180881220833728
1035.8093	0.183560536027985
1034.3923	0.187882248583636
1032.9753	0.190073172507311
1031.5583	0.192608519314406
1030.1414	0.195571122125125
1028.7244	0.199052893084961
1027.3074	0.203017066302894
1025.8904	0.205604922094095
1024.4735	0.208943025638293
1023.0565	0.212327516167034
1021.6395	0.215880951489216
1020.2225	0.218535770345589
1018.8056	0.22012958602946
1017.3886	0.222322298491327
1015.9716	0.224083952438934
1014.5546	0.224762911684684
1013.1377	0.225987143453636
1011.7207	0.226196458249806
1010.3037	0.226074565952704
1008.8867	0.226605936361837
1007.4698	0.226198903807587
1006.0528	0.227001478491634
1004.6358	0.228800946501177
1003.2188	0.228603844438176
1001.8019	0.23017961729612
1000.3849	0.231951491382891
998.9679	0.231978158278953
997.5509	0.233732993380895
996.134	0.235223929970067
994.717	0.235667020980717
993.3	0.236558783604822
991.883	0.238068784293026
990.4661	0.236822780702168
989.0491	0.236804313673498
987.6321	0.234620304743601
986.2151	0.234355901614016
984.7981	0.233876016029722
983.3812	0.230007295206069
981.9642	0.227855212867226
980.5472	0.22494193530492
979.1302	0.220917697769238
977.7133	0.217677581038886
976.2963	0.213803820452932
974.8793	0.208567556048153
973.4623	0.204652791680495
972.0454	0.200984502824049
970.6284	0.195934249383278
969.2114	0.190455080120286
967.7944	0.187829114473564
966.3775	0.183840829996641
964.9605	0.178949837481117
963.5435	0.175481471773992
962.1265	0.170838283526179
960.7096	0.167272975502353
959.2926	0.164040647806191
957.8756	0.160512724748194
956.4586	0.157757413923982
955.0417	0.154184602663405
953.6247	0.150405646439037
952.2077	0.14654861651589
950.7907	0.14483997646294
949.3738	0.142335703949132
947.9568	0.141518034199111
946.5398	0.139553042314416
945.1228	0.138047589669937
943.7059	0.137798211497562
942.2889	0.136624992218325
940.8719	0.137826774521652
939.4549	0.137612168138194
938.0379	0.138412226132841
936.621	0.140045963860852
935.204	0.139718289056422
933.787	0.139979336340987
932.37	0.139931238852075
930.9531	0.139765910569192
929.5361	0.138613053469504
928.1191	0.141255473805051
926.7021	0.137802195616121
925.2852	0.139534326274984
923.8682	0.138044508446056
922.4512	0.139189445508653
921.0342	0.137707266750208
919.6173	0.137243607418844
918.2003	0.135943308267475
916.7833	0.135658480849114
915.3663	0.135670898359091
913.9494	0.133939204692898
912.5324	0.133236107550783
911.1154	0.132365393869951
909.6984	0.130218069844889
908.2815	0.128500247115368
906.8645	0.127174830769572
905.4475	0.126667777029412
904.0305	0.124454100662538
902.6136	0.122961374995303
901.1966	0.12305343770569
899.7796	0.120981402105088
898.3626	0.120636699685979
896.9457	0.120457860853653
895.5287	0.119541832567631
894.1117	0.118021931972746
892.6947	0.117972795527429
891.2777	0.115681515450805
889.8608	0.116340675640922
888.4438	0.114292189429254
887.0268	0.113906007648503
885.6098	0.112998904575813
884.1929	0.110437372290369
882.7759	0.109146517541854
881.3589	0.107662037224113
879.9419	0.1081708618258
878.525	0.107765445923793
877.108	0.107158953315717
875.691	0.107694108477237
874.274	0.107027286494652
872.8571	0.106819023734577
871.4401	0.107281212467271
870.0231	0.108962948965824
868.6061	0.108873251660251
867.1892	0.110300393586518
865.7722	0.110060195518547
864.3552	0.110860594759907
862.9382	0.112682245463548
861.5213	0.112063781915232
860.1043	0.112007609749874
858.6873	0.113797033742649
857.2703	0.112907505306251
855.8534	0.114524639436306
854.4364	0.113462608375763
853.0194	0.113692312679829
851.6024	0.113994795131758
850.1855	0.113421712498327
848.7685	0.113929165308767
847.3515	0.113970601477751
845.9345	0.113500744712186
844.5175	0.113335571184176
843.1006	0.115207999859609
841.6836	0.112857412263334
840.2666	0.112051032069366
838.8496	0.111815077231116
837.4327	0.109951485997217
836.0157	0.110090923904715
834.5987	0.109824331250497
833.1817	0.108260571434052
831.7648	0.108176502384924
830.3478	0.107645475046032
828.9308	0.107330273800223
827.5138	0.105524046748204
826.0969	0.105250998788274
824.6799	0.105935176441419
823.2629	0.10416693802211
821.8459	0.104719780519017
820.429	0.104107017255079
819.012	0.103874776002779
817.595	0.103514965397676
816.178	0.103310967963968
814.7611	0.101762784163626
813.3441	0.10212383177643
811.9271	0.103129838807917
810.5101	0.102383180474952
809.0932	0.102162131342853
807.6762	0.102967922230943
806.2592	0.101543656285071
804.8422	0.100410914373711
803.4253	0.0999609249236986
802.0083	0.100707087541878
800.5913	0.100361077156815
799.1743	0.0999591930882975
797.7573	0.100426249812894
796.3404	0.101584579919901
794.9234	0.100117607974572
793.5064	0.101901049188744
792.0894	0.10106442260741
790.6725	0.102458452496428
789.2555	0.101924095876458
787.8385	0.102562422003768
786.4215	0.103088983551173
785.0046	0.103257378623687
783.5876	0.103691461345159
782.1706	0.105233566301744
780.7536	0.106207491621423
779.3367	0.105521685148309
777.9197	0.106263418468275
776.5027	0.108216989223035
775.0857	0.109383755730474
773.6688	0.109780399650755
772.2518	0.111056785816812
770.8348	0.112622445397605
769.4178	0.114313615428638
768.0009	0.116032855968482
766.5839	0.116552060418325
765.1669	0.116658402508706
763.7499	0.119600043207802
762.333	0.119599401659251
760.916	0.119372693785154
759.499	0.119426586918589
758.082	0.120088239954024
756.6651	0.118571693667618
755.2481	0.118674713603031
753.8311	0.117594321410981
752.4141	0.117430236723331
750.9971	0.116736763987384
749.5802	0.115534519167636
748.1632	0.114899338089356
746.7462	0.113095309530311
745.3292	0.112788688112785
743.9123	0.112297735129146
742.4953	0.109945366679072
741.0783	0.110752999465569
739.6613	0.11098633492011
738.2444	0.110520074813365
736.8274	0.109124792413358
735.4104	0.108247485901003
733.9934	0.109345001442085
732.5765	0.110283992988453
731.1595	0.110494416570068
729.7425	0.111210663343607
728.3255	0.110369123322434
726.9086	0.112066167246019
725.4916	0.11148613714406
724.0746	0.11212535118095
722.6576	0.113069548346858
721.2407	0.115152362170822
719.8237	0.117115578406754
718.4067	0.116744626963512
716.9897	0.117242829588107
715.5728	0.119639585669774
714.1558	0.120155961595262
712.7388	0.121965836514664
711.3218	0.122650912162102
709.9049	0.123899318119984
708.4879	0.123688127299046
707.0709	0.125625255574523
705.6539	0.125961664959166
704.2369	0.126731871896785
702.82	0.125901203182866
701.403	0.126400218019242
699.986	0.126068344397832
698.569	0.125543422181221
697.1521	0.125490695266639
695.7351	0.124874601154005
694.3181	0.124727155374677
692.9011	0.124212941946161
691.4842	0.123332094254939
690.0672	0.123015330938935
688.6502	0.125104599900007
687.2332	0.124704588726509
685.8163	0.124595097641764
684.3993	0.124487076989297
682.9823	0.124678620032471
681.5653	0.125826432328775
680.1484	0.125124682798838
678.7314	0.12509385671592
677.3144	0.126264217114367
675.8974	0.125531172111581
674.4805	0.12552539178712
673.0635	0.126102486698075
671.6465	0.126447334728586
670.2295	0.125679598539934
668.8126	0.127650065505344
667.3956	0.127598947232115
665.9786	0.128717881818978
664.5616	0.12886870742366
663.1447	0.128865327514268
661.7277	0.129546921905232
660.3107	0.13036135569173
658.8937	0.130328854238474
657.4767	0.130821958842834
656.0598	0.131814183074487
654.6428	0.130082623096014
653.2258	0.131447217833887
651.8088	0.131930440942267
650.3919	0.132694140658109
648.9749	0.133576173353421
647.5579	0.133282114892384
646.1409	0.133282503287489
644.724	0.13391290527285
643.307	0.133829108020633
641.89	0.134498614417658
640.473	0.135384802815799
639.0561	0.136410649760998
637.6391	0.135564114252937
636.2221	0.136595551576766
634.8051	0.135929306066893
633.3882	0.136961528195792
631.9712	0.136932939968915
630.5542	0.138111501331674
629.1372	0.138032232183013
627.7203	0.138346157642094
626.3033	0.140000889386009
624.8863	0.141930310225349
623.4693	0.14294669145555
622.0524	0.143828834643294
620.6354	0.144793870549975
619.2184	0.146030900321505
617.8014	0.147954811434173
616.3845	0.150023024362997
614.9675	0.150809485948525
613.5505	0.151965743270074
612.1335	0.152988108196094
610.7165	0.154128742263396
609.2996	0.15490335481387
607.8826	0.157381624741348
606.4656	0.157185089927661
605.0486	0.157652327708614
603.6317	0.157171037149343
602.2147	0.158005457297217
600.7977	0.158257289860313
599.3807	0.159229585999972
597.9638	0.157704267205383
596.5468	0.159932763640644
595.1298	0.159727418023114
593.7128	0.160286469444013
592.2959	0.160711247041568
590.8789	0.161114165906761
589.4619	0.161539780404074
588.0449	0.161965516165749
586.628	0.164665565266592
585.211	0.165595839623985
583.794	0.167651394778746
582.377	0.169281707379063
580.9601	0.169382428810493
579.5431	0.173501306059663
578.1261	0.174601324983359
576.7091	0.178074374818174
575.2922	0.179081874538833
573.8752	0.181437635403927
572.4582	0.181989950234951
571.0412	0.183065146393533
569.6243	0.182736614124851
568.2073	0.184150003315194
566.7903	0.181374948863925
565.3733	0.179945421104223
563.9563	0.180873261012251
562.5394	0.179520633803471
561.1224	0.178579963957395
559.7054	0.178760329570823
558.2884	0.178398949640943
556.8715	0.177539615483314
555.4545	0.17882347359492
554.0375	0.176630541682876
552.6205	0.176823506278581
551.2036	0.17644669084147
549.7866	0.174591437276587
548.3696	0.174761045594105
546.9526	0.174205424933233
545.5357	0.172630622980165
544.1187	0.174146066457409
542.7017	0.17325530320101
541.2847	0.174473417608066
539.8678	0.175770609178733
538.4508	0.176958081059909
537.0338	0.177404034866089
535.6168	0.179078343812745
534.1999	0.180490801334837
532.7829	0.182470589616118
531.3659	0.18331003777646
529.9489	0.184824722035572
528.532	0.186517928960942
527.115	0.187756425503128
525.698	0.189285905498077
524.281	0.188870365055489
522.8641	0.190388340674418
521.4471	0.192030800502768
520.0301	0.192111025557842
518.6131	0.190811171302842
517.1962	0.191049959252705
515.7792	0.190825388901395
514.3622	0.192106225537866
512.9452	0.190523759953997
511.5282	0.190428541488851
510.1113	0.190209471234347
508.6943	0.190161801232988
507.2773	0.190080975510515
505.8603	0.19002442524109
504.4434	0.189239079753272
503.0264	0.189884803304243
501.6094	0.188501341137159
500.1924	0.189513563664354
498.7755	0.188900160193597
497.3585	0.18865756403611
495.9415	0.189059727144774
494.5245	0.188135972093686
493.1076	0.186794165434125
491.6906	0.187495285052185
490.2736	0.188126660062805
488.8566	0.187723171774037
487.4397	0.186936271466625
486.0227	0.187682481272509
484.6057	0.188422769724755
483.1887	0.188121976984165
481.7718	0.188528042112784
480.3548	0.188028607897159
478.9378	0.188486376424617
477.5208	0.188504826084516
476.1039	0.187679139161547
474.6869	0.187558424230004
473.2699	0.188345589089413
471.8529	0.186446720404142
470.436	0.18831919676762
469.019	0.186569730994069
467.602	0.18622649134156
466.185	0.185530733266676
464.768	0.185085305286743
463.3511	0.184797037122605
461.9341	0.185469426633115
460.5171	0.186494788626871
459.1001	0.186401658214045
457.6832	0.186393079334521
456.2662	0.187153214412489
454.8492	0.186273330704931
453.4322	0.185776578544232
452.0153	0.184506075144113
450.5983	0.183097153484285
449.1813	0.185314259383826
447.7643	0.186618110306926
446.3474	0.187463964624485
444.9304	0.18971529996843
443.5134	0.189127311143179
442.0964	0.190400253661125
440.6795	0.191006021901328
439.2625	0.193202684739636
437.8455	0.195563568699267
436.4285	0.197077118725234
435.0116	0.198956915206488
433.5946	0.200182566709362
432.1776	0.200558194242644
430.7606	0.199060817971939
429.3437	0.199540102918003
427.9267	0.200293194677517
426.5097	0.200015376594428
425.0927	0.20132316991948
423.6758	0.203516081025127
422.2588	0.203803721250247
420.8418	0.203591180123018
419.4248	0.204824312276011
418.0078	0.205357729906126
416.5909	0.206066588107599
415.1739	0.207604380746897
413.7569	0.208136928394914
412.3399	0.208848139506334
410.923	0.208594071101005
409.506	0.208123330188673
408.089	0.206878641654308
406.672	0.207397635857525
405.2551	0.207257957950553
403.8381	0.210027166039006
402.4211	0.210223815034688
401.0041	0.210936633501486
