3994.4546	0.021174796940586
3993.0377	0.0204436184641445
3991.6207	0.0202015065830153
3990.2037	0.0209511517118328
3988.7867	0.0202643929945435
3987.3698	0.0201824776975273
3985.9528	0.0206212288523374
3984.5358	0.0211587979047322
3983.1188	0.0201744830377625
3981.7019	0.019806485764511
3980.2849	0.0201937736855511
3978.8679	0.0201782258195291
3977.4509	0.0203567254116967
3976.034	0.020152715847334
3974.617	0.0208484222775652
3973.2	0.0199207919696832
3971.783	0.0203583312123893
3970.3661	0.0207629989243638
3968.9491	0.0208222415614238
3967.5321	0.0212184159224434
3966.1151	0.0204527095123852
3964.6982	0.0207148697390032
3963.2812	0.0205510202086007
3961.8642	0.0206117085773165
3960.4472	0.0203168987870308
3959.0303	0.020014624038042
3957.6133	0.0206171189424885
3956.1963	0.0203830273493032
3954.7793	0.0198893255243487
3953.3624	0.0213079203894494
3951.9454	0.0194922361466151
3950.5284	0.0196330363998041
3949.1114	0.0201729227188006
3947.6944	0.0199565128937284
3946.2775	0.0201023671644249
3944.8605	0.0202624102945182
3943.4435	0.0201914755759868
3942.0265	0.0198930800741167
3940.6096	0.0197019151692267
3939.1926	0.0211640866083802
3937.7756	0.0198847460753853
3936.3586	0.0200322226787077
3934.9417	0.0208986159568205
3933.5247	0.0195835323845866
3932.1077	0.0199376394112888
3930.6907	0.0196502746783678
3929.2738	0.0198561632038579
3927.8568	0.0197550657033877
3926.4398	0.0198399490898641
3925.0228	0.020425535528127
3923.6059	0.0203021860313072
3922.1889	0.0202634594490714
3920.7719	0.0204858791931458
3919.3549	0.019895295993947
3917.938	0.0209421204126749
3916.521	0.0199302412796487
3915.104	0.0197043480855464
3913.687	0.0205563147193677
3912.2701	0.0195549101086922
3910.8531	0.020081513227225
3909.4361	0.0201855252506561
3908.0191	0.0206471353783349
3906.6022	0.0205717879191219
3905.1852	0.020168583460429
3903.7682	0.0199885868600744
3902.3512	0.0200526393124781
3900.9342	0.0202653148562612
3899.5173	0.0212721262837721
3898.1003	0.0204627910788554
3896.6833	0.0192807546740793
3895.2663	0.0197295047273933
3893.8494	0.0198122696405655
3892.4324	0.0209897052195613
3891.0154	0.0199427401237013
3889.5984	0.0207311897799325
3888.1815	0.019128329196292
3886.7645	0.0197344544868976
3885.3475	0.0188797816817223
3883.9305	0.0188990184073342
3882.5136	0.0209850546601483
3881.0966	0.0197994237645094
3879.6796	0.0201963615833835
3878.2626	0.0197008512379105
3876.8457	0.019489788056682
3875.4287	0.0194209726975828
3874.0117	0.0191292515580779
3872.5947	0.0190137146538972
3871.1778	0.0194438131893116
3869.7608	0.01964064604913
3868.3438	0.0209812190677216
3866.9268	0.0202467898000103
3865.5099	0.0197881566915521
3864.0929	0.0202535686066114
3862.6759	0.0200089274203218
3861.2589	0.020611072487228
3859.842	0.0198948983644799
3858.425	0.0196549034021768
3857.008	0.0206850656498629
3855.591	0.0189986573681229
3854.174	0.0198755426481585
3852.7571	0.0203165978578573
3851.3401	0.0191561729592042
3849.9231	0.0203742060643941
3848.5061	0.0201072939745166
3847.0892	0.0199152027041669
3845.6722	0.018976180168424
3844.2552	0.0191474204177597
3842.8382	0.0201728385967608
3841.4213	0.019622615675116
3840.0043	0.0195217633681219
3838.5873	0.019201356503923
3837.1703	0.0198765242520904
3835.7534	0.0186253726603715
3834.3364	0.0195522347695899
3832.9194	0.0192101549803121
3831.5024	0.0196695907319263
3830.0855	0.0203325637816117
3828.6685	0.019727208644634
3827.2515	0.0196343179904802
3825.8345	0.0188438426808513
3824.4176	0.0193828754526079
3823.0006	0.0191264489967831
3821.5836	0.0195365841774133
3820.1666	0.0199874403157785
3818.7497	0.0195827353129127
3817.3327	0.0201423681026966
3815.9157	0.0187084016382438
3814.4987	0.0191215615580148
3813.0818	0.0197268287585142
3811.6648	0.020449976168024
3810.2478	0.0187809771710732
3808.8308	0.0199297136336388
3807.4138	0.0188154937575574
3805.9969	0.0187162975341778
3804.5799	0.0193925812899376
3803.1629	0.0195428713149085
3801.7459	0.0193619976189086
3800.329	0.0183647984981938
3798.912	0.0191534445038818
3797.495	0.0194244930579874
3796.078	0.019246158199083
3794.6611	0.0187505480885187
3793.2441	0.0191470017722853
3791.8271	0.0195146606491809
3790.4101	0.0190534763127617
3788.9932	0.0181541060180979
3787.5762	0.0194759550177964
3786.1592	0.0186912129294412
3784.7422	0.0193890777474148
3783.3253	0.0187500968061599
3781.9083	0.0184490251226461
3780.4913	0.0193020372596624
3779.0743	0.0183137299313884
3777.6574	0.0194191441171422
3776.2404	0.0181756579889472
3774.8234	0.0189006864526937
3773.4064	0.0193122100723499
3771.9895	0.0199011857164813
3770.5725	0.0193845634006839
3769.1555	0.0182523672713067
3767.7385	0.0191718554933074
3766.3216	0.0185976958195151
3764.9046	0.0192562578418048
3763.4876	0.0186913378133284
3762.0706	0.0187173077633196
3760.6536	0.0188051432487764
3759.2367	0.0184495087186631
3757.8197	0.0192302585389929
3756.4027	0.0194092357376157
3754.9857	0.0185090281945042
3753.5688	0.0183803628517563
3752.1518	0.0187489508913596
3750.7348	0.0191244564953954
3749.3178	0.0186833594017243
3747.9009	0.0186540410609722
3746.4839	0.0185010593010433
3745.0669	0.0195370971613804
3743.6499	0.0182659680547857
3742.233	0.018411661639102
3740.816	0.0181335800069141
3739.399	0.0184898804741327
3737.982	0.0186327686598004
3736.5651	0.0186114867309048
3735.1481	0.0189282678392485
3733.7311	0.0192536513119381
3732.3141	0.0185853132209541
3730.8972	0.0184582641408913
3729.4802	0.0182307306088332
3728.0632	0.0187140174354321
3726.6462	0.0190464725320994
3725.2293	0.0182103908673413
3723.8123	0.0184583658136238
3722.3953	0.0191967456518712
3720.9783	0.0180841725707242
3719.5614	0.0184140279500784
3718.1444	0.018511758675772
3716.7274	0.0172408601800872
3715.3104	0.0180263972393317
3713.8935	0.0184537133670271
3712.4765	0.0181845629575494
3711.0595	0.0191117726923878
3709.6425	0.0184269456559946
3708.2255	0.0189585091377329
3706.8086	0.0181946501631784
3705.3916	0.0180359197354058
3703.9746	0.0183152221584899
3702.5576	0.0182929794289377
3701.1407	0.0176875778210883
3699.7237	0.0185557283909462
3698.3067	0.017837325177582
3696.8897	0.0182316403174581
3695.4728	0.0180012907917706
3694.0558	0.0180747922293137
3692.6388	0.0179377168188327
3691.2218	0.017166385107213
3689.8049	0.0169187575541318
3688.3879	0.0183541371802334
3686.9709	0.0173614116269685
3685.5539	0.0176805524487165
3684.137	0.0180168117904153
3682.72	0.0170094584687604
3681.303	0.01755809487099
3679.886	0.0183902991917454
3678.4691	0.0180075230525182
3677.0521	0.0184756048582477
3675.6351	0.0183523262768258
3674.2181	0.0183110368826516
3672.8012	0.0183190219238581
3671.3842	0.0174116961368232
3669.9672	0.0182504209492545
3668.5502	0.0187004293688671
3667.1333	0.0178538374813801
3665.7163	0.0184191327453373
3664.2993	0.0164407327005953
3662.8823	0.0180453778607679
3661.4653	0.0180528816073631
3660.0484	0.0179820786364886
3658.6314	0.018677978956556
3657.2144	0.0176381689825234
3655.7974	0.0184659094784484
3654.3805	0.0177231889807166
3652.9635	0.0177422849439484
3651.5465	0.0181273345688006
3650.1295	0.0173497288435105
3648.7126	0.018676966461098
3647.2956	0.0189040258008282
3645.8786	0.0181014760281127
3644.4616	0.0186015083217635
3643.0447	0.0186256195581644
3641.6277	0.0189803569165424
3640.2107	0.0198406633490802
3638.7937	0.0183016276469767
3637.3768	0.0180381837721171
3635.9598	0.019370747458383
3634.5428	0.0184359463820791
3633.1258	0.0190257377073823
3631.7089	0.0187231896466801
3630.2919	0.0184120012171538
3628.8749	0.0193906211346934
3627.4579	0.0195131016052059
3626.041	0.0194001079435423
3624.624	0.0192294527071099
3623.207	0.0198686203985572
3621.79	0.0195810901982579
3620.3731	0.0198338239071561
3618.9561	0.020217971952979
3617.5391	0.0198230913139771
3616.1221	0.0202743207538208
3614.7051	0.0207304075657956
3613.2882	0.0200504286193776
3611.8712	0.020635272207525
3610.4542	0.0203159918845723
3609.0372	0.0211112297112634
3607.6203	0.0203796658800065
3606.2033	0.0212578062503156
3604.7863	0.0212141232239884
3603.3693	0.0207112168859542
3601.9524	0.0219066513971018
3600.5354	0.0217964454354596
3599.1184	0.0219441243867125
3597.7014	0.0224359907516405
3596.2845	0.0221495972000647
3594.8675	0.022482442869155
3593.4505	0.0231751285658048
3592.0335	0.0220749340053939
3590.6166	0.0228052091218464
3589.1996	0.02366534798064
3587.7826	0.0235831477929321
3586.3656	0.023037271090732
3584.9487	0.0241507550527407
3583.5317	0.0245987811464891
3582.1147	0.0245266753723732
3580.6977	0.0243598537284351
3579.2808	0.0245603684993261
3577.8638	0.0247013673970114
3576.4468	0.0249049332853084
3575.0298	0.0254095321888808
3573.6129	0.0245736067057897
3572.1959	0.0251295201439624
3570.7789	0.0253957296226107
3569.3619	0.0249513665785783
3567.9449	0.0270319507044189
3566.528	0.0262182407795355
3565.111	0.0275883347857859
3563.694	0.0271783943388071
3562.277	0.0274093091955266
3560.8601	0.0275445412301204
3559.4431	0.0278877414276161
3558.0261	0.0279794994927786
3556.6091	0.0294979741495051
3555.1922	0.028403929151763
3553.7752	0.0283380160777681
3552.3582	0.0295026204391203
3550.9412	0.028756102826977
3549.5243	0.029517388117541
3548.1073	0.0295120684444428
3546.6903	0.0299587758102182
3545.2733	0.0295962163911739
3543.8564	0.0317037121672713
3542.4394	0.0311598930367583
3541.0224	0.0319868887027271
3539.6054	0.0318537896141501
3538.1885	0.0319783792882905
3536.7715	0.0320736782206991
3535.3545	0.0322056655101906
3533.9375	0.0323199518625446
3532.5206	0.0319583987053122
3531.1036	0.0335592983190301
3529.6866	0.0335696853670657
3528.2696	0.0340360588502907
3526.8527	0.0345565213205007
3525.4357	0.0348290101801927
3524.0187	0.0351562621732012
3522.6017	0.0347034011863557
3521.1847	0.0347852274218913
3519.7678	0.0350755306285268
3518.3508	0.0361399216385037
3516.9338	0.0367195228636354
3515.5168	0.0367340076407637
3514.0999	0.0353847019545985
3512.6829	0.0369472333880211
3511.2659	0.0377011871405091
3509.8489	0.0376701171351589
3508.432	0.0378616615975434
3507.015	0.0385622457047626
3505.598	0.0379501698980821
3504.181	0.0387589594508599
3502.7641	0.0396935960054886
3501.3471	0.0394638529072335
3499.9301	0.0404627520058012
3498.5131	0.0405373618090065
3497.0962	0.0393289306651461
3495.6792	0.0402460179556838
3494.2622	0.0408298193319413
3492.8452	0.0407954349784474
3491.4283	0.0415626175123305
3490.0113	0.0419620730473971
3488.5943	0.0421045664370012
3487.1773	0.0424682534939362
3485.7604	0.0419805790393399
3484.3434	0.0431608146541408
3482.9264	0.042724302239051
3481.5094	0.0434351386627464
3480.0925	0.0434572655865122
3478.6755	0.0434735191735351
3477.2585	0.0441871390354798
3475.8415	0.0451640352198058
3474.4245	0.0452475522118593
3473.0076	0.0447634160384605
3471.5906	0.0456259503811115
3470.1736	0.0459554040476435
3468.7566	0.0461551102149238
3467.3397	0.0466486910682547
3465.9227	0.0469907472375172
3464.5057	0.0468804460817321
3463.0887	0.0467258733946989
3461.6718	0.0474534140358786
3460.2548	0.0480505494264153
3458.8378	0.0492977330080824
3457.4208	0.0486270507266959
3456.0039	0.0482304860961229
3454.5869	0.0487661926285449
3453.1699	0.0488044167987694
3451.7529	0.0486593891520007
3450.336	0.0488737344556082
3448.919	0.0499266315815079
3447.502	0.0506833637130101
3446.085	0.0510968786651516
3444.6681	0.0508108675901514
3443.2511	0.0511937523233876
3441.8341	0.0511739015897478
3440.4171	0.0506912076872113
3439.0002	0.0523219869279226
3437.5832	0.0526162670867606
3436.1662	0.0529123627149087
3434.7492	0.0529308501615078
3433.3323	0.0526095276654018
3431.9153	0.0542083674620557
3430.4983	0.0534413652544282
3429.0813	0.0531459586210357
3427.6643	0.0539777701508883
3426.2474	0.0539705766616012
3424.8304	0.0542609056986386
3423.4134	0.0544908565720592
3421.9964	0.0549087387014224
3420.5795	0.0555874609705049
3419.1625	0.0555777952703177
3417.7455	0.055881399367792
3416.3285	0.0553619894643241
3414.9116	0.0566609123724651
3413.4946	0.0570918771144058
3412.0776	0.0565518799274244
3410.6606	0.0581682318572625
3409.2437	0.0565079053308022
3407.8267	0.057633734829311
3406.4097	0.0579534523842567
3404.9927	0.057412590819209
3403.5758	0.0572001699716915
3402.1588	0.0577112577489864
3400.7418	0.0591187254236887
3399.3248	0.0591610894420016
3397.9079	0.0584388063029715
3396.4909	0.0595471190829306
3395.0739	0.0586778966210154
3393.6569	0.0595590282662656
3392.24	0.0592778570459772
3390.823	0.0599333797479745
3389.406	0.0593701259708938
3387.989	0.0608148738909051
3386.5721	0.0603909302063168
3385.1551	0.0605180913363938
3383.7381	0.0602775563084625
3382.3211	0.0610015556744306
3380.9041	0.061244089345087
3379.4872	0.0620574618839504
3378.0702	0.0622806738630487
3376.6532	0.0624069266961916
3375.2362	0.062401122023375
3373.8193	0.0619451230412749
3372.4023	0.0622591378413131
3370.9853	0.0620940041177261
3369.5683	0.0613408091525541
3368.1514	0.0618389390221536
3366.7344	0.0630665969851311
3365.3174	0.0630260684625654
3363.9004	0.0641427951221233
3362.4835	0.0638959481084197
3361.0665	0.0633730567084917
3359.6495	0.0637437988874391
3358.2325	0.0631951421157339
3356.8156	0.0639566172946147
3355.3986	0.0645054047956119
3353.9816	0.064137362214342
3352.5646	0.0645007381428224
3351.1477	0.0648635084269033
3349.7307	0.0653968779398983
3348.3137	0.0654228171802313
3346.8967	0.0657081467795085
3345.4798	0.0652570255545052
3344.0628	0.0659769847935468
3342.6458	0.0648590849101884
3341.2288	0.0650053828419453
3339.8119	0.065298243192079
3338.3949	0.0651303220686369
3336.9779	0.0664776297938358
3335.5609	0.0659910900151185
3334.1439	0.0662915360946393
3332.727	0.0653538728271483
3331.31	0.0675910209761096
3329.893	0.0659158769740385
3328.476	0.0659527327851946
3327.0591	0.0666883326014734
3325.6421	0.0664929495966698
3324.2251	0.0664335358743943
3322.8081	0.0663474825177161
3321.3912	0.0671175604461261
3319.9742	0.06701499184041
3318.5572	0.0667239242431364
3317.1402	0.0664123131379949
3315.7233	0.0675336098890034
3314.3063	0.0672356212508239
3312.8893	0.0672625414011362
3311.4723	0.0665240928942468
3310.0554	0.067236499094993
3308.6384	0.0678389412617813
3307.2214	0.0669168861520789
3305.8044	0.0680897157556842
3304.3875	0.0676790829119
3302.9705	0.0686204140120285
3301.5535	0.0672401748682491
3300.1365	0.0676490501344792
3298.7196	0.0682992658757333
3297.3026	0.0677123406933586
3295.8856	0.0674574014922142
3294.4686	0.0672828529888436
3293.0517	0.0670868074080102
3291.6347	0.0679412394479227
3290.2177	0.0676447955311049
3288.8007	0.0683256868885757
3287.3837	0.0679670200816755
3285.9668	0.0689733151344965
3284.5498	0.0676898677133089
3283.1328	0.0681894947238691
3281.7158	0.06832311814262
3280.2989	0.0678751951743022
3278.8819	0.0684703361939324
3277.4649	0.0682903917026131
3276.0479	0.0679009607886496
3274.631	0.0673232186623739
3273.214	0.0676276326596581
3271.797	0.0675794276966484
3270.38	0.0672856688581803
3268.9631	0.0675779845200697
3267.5461	0.0682681595990019
3266.1291	0.0676889036432222
3264.7121	0.0673858162688382
3263.2952	0.0679321180090469
3261.8782	0.0680280696016175
3260.4612	0.067624316581528
3259.0442	0.0677448648171987
3257.6273	0.0676244205552763
3256.2103	0.0678494221776483
3254.7933	0.0669442176554112
3253.3763	0.0671566554348279
3251.9594	0.0675987606127788
3250.5424	0.0677829953854657
3249.1254	0.0681016986646062
3247.7084	0.0672053839435489
3246.2915	0.0669124668085772
3244.8745	0.0672796173822593
3243.4575	0.0677256813044601
3242.0405	0.0674114929496819
3240.6235	0.0670086263502253
3239.2066	0.067485187018048
3237.7896	0.0674246876469608
3236.3726	0.0671800857126168
3234.9556	0.067433114985923
3233.5387	0.0673193687757899
3232.1217	0.0667994157440816
3230.7047	0.0666841133806593
3229.2877	0.0666188169331947
3227.8708	0.0663847867138281
3226.4538	0.0661187913950067
3225.0368	0.0656006367569375
3223.6198	0.0664612361044455
3222.2029	0.0658740955521173
3220.7859	0.0668109980689157
3219.3689	0.0656807557302084
3217.9519	0.0652217836606732
3216.535	0.0658582675150546
3215.118	0.0662446809667542
3213.701	0.0667007810852157
3212.284	0.0654213231745481
3210.8671	0.065932662662038
3209.4501	0.065175125845695
3208.0331	0.0658188962528796
3206.6161	0.0657263234520369
3205.1992	0.0657627379001148
3203.7822	0.0655364172642768
3202.3652	0.0644129563343094
3200.9482	0.0643767529930379
3199.5313	0.0648085502064908
3198.1143	0.0644241799316469
3196.6973	0.0648459182287
3195.2803	0.0643126995523404
3193.8633	0.0636685248826736
3192.4464	0.0646948370921752
3191.0294	0.063978470629123
3189.6124	0.0641658944829485
3188.1954	0.0638779535417825
3186.7785	0.064471029781379
3185.3615	0.0623590218409193
3183.9445	0.0635222549400052
3182.5275	0.0633720623354147
3181.1106	0.0634046226058774
3179.6936	0.0627120252937337
3178.2766	0.0632309496144289
3176.8596	0.0626463436232195
3175.4427	0.0625545524062058
3174.0257	0.0626697500139691
3172.6087	0.0625460451336001
3171.1917	0.0620926502301248
3169.7748	0.060318713927769
3168.3578	0.0615660185102168
3166.9408	0.0613619601776547
3165.5238	0.062235944496609
3164.1069	0.0608240968622802
3162.6899	0.0603917275788948
3161.2729	0.061142413780187
3159.8559	0.060778721328161
3158.439	0.0604289284449008
3157.022	0.0604495886943259
3155.605	0.0604270261449479
3154.188	0.0596214668146451
3152.7711	0.0602361281826446
3151.3541	0.0600056899737576
3149.9371	0.0593336061759108
3148.5201	0.0593430203144248
3147.1031	0.0590809592215483
3145.6862	0.0591627041304454
3144.2692	0.0583594995979067
3142.8522	0.059212551596779
3141.4352	0.0574781946730115
3140.0183	0.057985717649093
3138.6013	0.0582423715320723
3137.1843	0.058741967455804
3135.7673	0.0576631473005107
3134.3504	0.0574386498772509
3132.9334	0.0571281221546118
3131.5164	0.0570195071827124
3130.0994	0.0573516520439149
3128.6825	0.0564198770438413
3127.2655	0.055961122284356
3125.8485	0.0564306250619264
3124.4315	0.0560602332078508
3123.0146	0.0558395201568986
3121.5976	0.0562806615441278
3120.1806	0.055573021976132
3118.7636	0.0558477590831264
3117.3467	0.0557003064693142
3115.9297	0.0544917896965897
3114.5127	0.0550178601799627
3113.0957	0.0550194755340792
3111.6788	0.0555003873184468
3110.2618	0.0543922980598347
3108.8448	0.0548155902837916
3107.4278	0.0536454987247396
3106.0109	0.0547191594356528
3104.5939	0.0530023072880456
3103.1769	0.0532316696411279
3101.7599	0.0536827899938585
3100.3429	0.0534349735110437
3098.926	0.0530962038439925
3097.509	0.0529382118748105
3096.092	0.0532961809952921
3094.675	0.0527397760651997
3093.2581	0.0514626278463183
3091.8411	0.0516711272575421
3090.4241	0.0523962762679589
3089.0071	0.0519644265750961
3087.5902	0.0518625773106077
3086.1732	0.0512030576101911
3084.7562	0.0513623187914072
3083.3392	0.0512916414578515
3081.9223	0.0512708804892497
3080.5053	0.051035464445101
3079.0883	0.0514364571603394
3077.6713	0.0515444840399607
3076.2544	0.0498755008150224
3074.8374	0.050545976843521
3073.4204	0.0500281836845678
3072.0034	0.0509080402632748
3070.5865	0.0497754001874754
3069.1695	0.0497317060985215
3067.7525	0.049213058195102
3066.3355	0.0494376188023216
3064.9186	0.0499540612716977
3063.5016	0.049778644244053
3062.0846	0.049053771306603
3060.6676	0.04831183792773
3059.2507	0.048660504326347
3057.8337	0.0482350998978262
3056.4167	0.048434434413047
3054.9997	0.0480123816563399
3053.5827	0.0483560825728562
3052.1658	0.0481583023101825
3050.7488	0.0467866739074931
3049.3318	0.0478011294741956
3047.9148	0.0466177022919311
3046.4979	0.0472054163489666
3045.0809	0.0466059571774612
3043.6639	0.0468990153072982
3042.2469	0.0467716209266493
3040.83	0.0462459490679015
3039.413	0.0453955943754858
3037.996	0.0461498084492597
3036.579	0.0454562191605064
3035.1621	0.0454092925281341
3033.7451	0.045285146886336
3032.3281	0.0449604956526165
3030.9111	0.0444482744300998
3029.4942	0.0446293656857756
3028.0772	0.0450493565226339
3026.6602	0.044539802511888
3025.2432	0.0446148754642101
3023.8263	0.0444099354627663
3022.4093	0.0445608046425937
3020.9923	0.0432884855332706
3019.5753	0.0444915987241894
3018.1584	0.0438376615295215
3016.7414	0.04344391833416
3015.3244	0.0440279505587514
3013.9074	0.0435895371556869
3012.4905	0.0435694799454157
3011.0735	0.0441209874705583
3009.6565	0.0431338553083503
3008.2395	0.0427991789925816
3006.8225	0.0426183488552739
3005.4056	0.042753545655028
3003.9886	0.0424001001564199
3002.5716	0.0426048589575034
3001.1546	0.0428151428619093
2999.7377	0.041623366300018
2998.3207	0.0420242849121078
2996.9037	0.0429710409184281
2995.4867	0.0426020663243709
2994.0698	0.0426244650620501
2992.6528	0.0422476962379606
2991.2358	0.0424352745609202
2989.8188	0.04254805382353
2988.4019	0.0424665477023835
2986.9849	0.0425754723705898
2985.5679	0.0424175720797056
2984.1509	0.0427805220783822
2982.734	0.0423388502840584
2981.317	0.042964525849243
2979.9	0.0436264217174916
2978.483	0.0428646996149809
2977.0661	0.0428485888196171
2975.6491	0.0433923249550546
2974.2321	0.0437974817464967
2972.8151	0.0439438303851417
2971.3982	0.0443490009107544
2969.9812	0.0442316664686607
2968.5642	0.0449498498778027
2967.1472	0.045133468117633
2965.7303	0.0446591547029929
2964.3133	0.0446431914610875
2962.8963	0.0453623038608155
2961.4793	0.0452008114769548
2960.0623	0.0456152982964179
2958.6454	0.0453889695212341
2957.2284	0.045829915963544
2955.8114	0.0463060283024782
2954.3944	0.0465278904186865
2952.9775	0.047237550783735
2951.5605	0.0475807872570649
2950.1435	0.0472328886091223
2948.7265	0.0477634775327891
2947.3096	0.0471595475791383
2945.8926	0.0492788193213293
2944.4756	0.0478094542047988
2943.0586	0.0493430100522758
2941.6417	0.0498676945146869
2940.2247	0.0496869986012849
2938.8077	0.0504398790792505
2937.3907	0.0514126481002875
2935.9738	0.0515397844327829
2934.5568	0.0517439260163992
2933.1398	0.0516237710190327
2931.7228	0.0521600646473598
2930.3059	0.0521495904337902
2928.8889	0.0520394057359129
2927.4719	0.0515328914863963
2926.0549	0.0521891965729845
2924.638	0.0519926842754341
2923.221	0.0523564933706447
2921.804	0.0520940198198894
2920.387	0.0528971005768907
2918.9701	0.0531516035214439
2917.5531	0.0527656870722137
2916.1361	0.0519661670173526
2914.7191	0.0520868877475791
2913.3021	0.0522712430765949
2911.8852	0.0521517639761444
2910.4682	0.0522747047285869
2909.0512	0.0518363912613961
2907.6342	0.0511753720463401
2906.2173	0.0517044293359578
2904.8003	0.051880675343394
2903.3833	0.0518377217622585
2901.9663	0.0511015783361991
2900.5494	0.0518971307811547
2899.1324	0.0512006343318997
2897.7154	0.0504670983441428
2896.2984	0.0510392982315493
2894.8815	0.0514237678120555
2893.4645	0.050793751361354
2892.0475	0.0513074285363306
2890.6305	0.0505118262228208
2889.2136	0.0508951552679267
2887.7966	0.0508053280396628
2886.3796	0.0514772597074551
2884.9626	0.0501167717845596
2883.5457	0.0502617742125717
2882.1287	0.0507500187553826
2880.7117	0.04971475981812
2879.2947	0.0504060228570927
2877.8778	0.0500970431381179
2876.4608	0.0508811786683016
2875.0438	0.0507903820627442
2873.6268	0.0495506842899229
2872.2099	0.0486286899138675
2870.7929	0.0486173140452595
2869.3759	0.0489731810290071
2867.9589	0.0486347280351369
2866.5419	0.0486472309864823
2865.125	0.0488574329416526
2863.708	0.0479733703469747
2862.291	0.0477587770405978
2860.874	0.0475945221921682
2859.4571	0.046449276604785
2858.0401	0.0468351616664477
2856.6231	0.0467836301450427
2855.2061	0.0473188220390649
2853.7892	0.0470302397750391
2852.3722	0.046303313671561
2850.9552	0.0464915321842598
2849.5382	0.0462821518967531
2848.1213	0.0462625269245935
2846.7043	0.0457084395995203
2845.2873	0.0456418441682117
2843.8703	0.046314838022849
2842.4534	0.0455671627448895
2841.0364	0.0455841501665104
2839.6194	0.0453842153750483
2838.2024	0.0451454609641279
2836.7855	0.0444616474864504
2835.3685	0.0440796566931861
2833.9515	0.0445232786902786
2832.5345	0.0443008016282836
2831.1176	0.0441266101068615
2829.7006	0.0434434653717233
2828.2836	0.0440098746687939
2826.8666	0.0438845726223815
2825.4497	0.0430911991123943
2824.0327	0.0433082444998301
2822.6157	0.0430178963876456
2821.1987	0.0432230235883256
2819.7817	0.0422750166935786
2818.3648	0.0419771738687608
2816.9478	0.0429092185710858
2815.5308	0.0428699436326456
2814.1138	0.0417954157061699
2812.6969	0.0423216411570601
2811.2799	0.0415791284027857
2809.8629	0.042101698658353
2808.4459	0.0418171148552462
2807.029	0.0420443251711551
2805.612	0.0432978681324312
2804.195	0.0412599223297848
2802.778	0.0417873567539859
2801.3611	0.0416868223665262
2799.9441	0.0414693112233451
2798.5271	0.0419101261046932
2797.1101	0.0406758373795314
2795.6932	0.0403726948316956
2794.2762	0.0414834096434639
2792.8592	0.041176235866007
2791.4422	0.040841206775176
2790.0253	0.040486564270973
2788.6083	0.041371538754772
2787.1913	0.040366760016761
2785.7743	0.0403242795862512
2784.3574	0.0404512257423916
2782.9404	0.0398379150177511
2781.5234	0.0403149656412231
2780.1064	0.0399462976766628
2778.6895	0.0400768448151134
2777.2725	0.0406405711548937
2775.8555	0.0410038496520187
2774.4385	0.0398513888260597
2773.0215	0.0405362442100356
2771.6046	0.0400263673999391
2770.1876	0.0408136673671472
2768.7706	0.0388540974980414
2767.3536	0.0404150275932338
2765.9367	0.0401047984709959
2764.5197	0.0399257065826034
2763.1027	0.0403351915970898
2761.6857	0.0395742552180611
2760.2688	0.0404391120932616
2758.8518	0.0384182588219903
2757.4348	0.0394539207837179
2756.0178	0.0399020624116153
2754.6009	0.0395225345466075
2753.1839	0.039308836309004
2751.7669	0.0385267388949994
2750.3499	0.0393306064564152
2748.933	0.0394555143056842
2747.516	0.0398633842141724
2746.099	0.0384968781945049
2744.682	0.0388049107907714
2743.2651	0.0391171710245391
2741.8481	0.0388320472293984
2740.4311	0.0383614561419976
2739.0141	0.0393907645716585
2737.5972	0.039600799808609
2736.1802	0.0382556465628158
2734.7632	0.03837756632191
2733.3462	0.039769482105698
2731.9293	0.0383509119301765
2730.5123	0.038208207854085
2729.0953	0.0383243975451721
2727.6783	0.0376875019724819
2726.2613	0.0381335499347292
2724.8444	0.0391229573509029
2723.4274	0.0382992083873152
2722.0104	0.0389097407530822
2720.5934	0.0383051263242806
2719.1765	0.0386063801308359
2717.7595	0.038253571873087
2716.3425	0.039119860762384
2714.9255	0.038095257410714
2713.5086	0.0384957235737502
2712.0916	0.0382950974830389
2710.6746	0.0376708990346928
2709.2576	0.0382741262553516
2707.8407	0.0383603676738903
2706.4237	0.03906337785639
2705.0067	0.0379921352798437
2703.5897	0.0380201112252148
2702.1728	0.0376080605241897
2700.7558	0.038139436055518
2699.3388	0.038043905875093
2697.9218	0.0374842811970322
2696.5049	0.0377419477273411
2695.0879	0.0380954270481327
2693.6709	0.0378083364090918
2692.2539	0.0373978260757631
2690.837	0.0376333876059169
2689.42	0.0360694292895961
2688.003	0.0377074631938279
2686.586	0.0375077924558511
2685.1691	0.0372434922582551
2683.7521	0.037805364999816
2682.3351	0.0375196302154111
2680.9181	0.037493757185342
2679.5011	0.0368793896175306
2678.0842	0.037448866621314
2676.6672	0.0365934593452986
2675.2502	0.0378122360654624
2673.8332	0.0363762672262736
2672.4163	0.0375634833692833
2670.9993	0.0371614237276394
2669.5823	0.0375569837092075
2668.1653	0.0374936359992752
2666.7484	0.0370664760057126
2665.3314	0.0364472147562347
2663.9144	0.0370219305139262
2662.4974	0.0372140739655238
2661.0805	0.0369813952732077
2659.6635	0.0371297783283032
2658.2465	0.0366292321919374
2656.8295	0.0366638869764108
2655.4126	0.0369941513709657
2653.9956	0.0365833998745496
2652.5786	0.0360897846413258
2651.1616	0.0373266141945233
2649.7447	0.0362996377688656
2648.3277	0.0365273232760698
2646.9107	0.0367177695343653
2645.4937	0.0365082351855304
2644.0768	0.0366940869801198
2642.6598	0.036353551516258
2641.2428	0.0359504635033321
2639.8258	0.0357205903624445
2638.4089	0.0361605591209879
2636.9919	0.0358931188006543
2635.5749	0.0358226072863215
2634.1579	0.0355586683870587
2632.741	0.0363145561722655
2631.324	0.0351222546548677
2629.907	0.0363802535902064
2628.49	0.0355327352699821
2627.073	0.0356227344013446
2625.6561	0.0351715690118948
2624.2391	0.035896903535091
2622.8221	0.0359008643669893
2621.4051	0.0346319022692485
2619.9882	0.0350732429967447
2618.5712	0.0349872230349915
2617.1542	0.036065994579957
2615.7372	0.0359047366663683
2614.3203	0.0347100588683537
2612.9033	0.0351822646538157
2611.4863	0.0352037825991428
2610.0693	0.0353150740928522
2608.6524	0.0349322197154922
2607.2354	0.0342918902056505
2605.8184	0.0343453392430404
2604.4014	0.0343975229744343
2602.9845	0.0340660353231839
2601.5675	0.0348196794044168
2600.1505	0.033988219656504
2598.7335	0.0339489701640158
2597.3166	0.034590883550962
2595.8996	0.0345388298648386
2594.4826	0.0345181225260654
2593.0656	0.0338148289086969
2591.6487	0.03372769981271
2590.2317	0.0338888872905518
2588.8147	0.0343193952441607
2587.3977	0.03451312724277
2585.9808	0.0341613204746271
2584.5638	0.0340182049142804
2583.1468	0.0334975257740022
2581.7298	0.034370501125684
2580.3128	0.0343926064144679
2578.8959	0.0342006893679481
2577.4789	0.0327478126410413
2576.0619	0.033526568703859
2574.6449	0.0335135162155179
2573.228	0.0326820055705967
2571.811	0.0337313751974527
2570.394	0.0330565338059799
2568.977	0.032815380787708
2567.5601	0.0332562664920124
2566.1431	0.0334067770141147
2564.7261	0.034325009576763
2563.3091	0.0333493612141035
2561.8922	0.0333479376908
2560.4752	0.0339771237587185
2559.0582	0.0329831605434801
2557.6412	0.0327175097712121
2556.2243	0.0338284512977857
2554.8073	0.0334914740394526
2553.3903	0.0330789172096386
2551.9733	0.0321267232685118
2550.5564	0.0325624619926319
2549.1394	0.0327963361924206
2547.7224	0.0330927385184213
2546.3054	0.0330921884734157
2544.8885	0.0320773959689859
2543.4715	0.03276050769249
2542.0545	0.0320866401177096
2540.6375	0.0321615023663803
2539.2206	0.031915668081069
2537.8036	0.0325861586163627
2536.3866	0.0321715610364323
2534.9696	0.0320105379027739
2533.5526	0.0321771657691445
2532.1357	0.0321088038564873
2530.7187	0.0323034119171095
2529.3017	0.0324692093765919
2527.8847	0.0322003366898165
2526.4678	0.0321319957728016
2525.0508	0.0321816043734602
2523.6338	0.0316565526431082
2522.2168	0.0324929998140455
2520.7999	0.0321496478256017
2519.3829	0.0314525003165415
2517.9659	0.031184780041417
2516.5489	0.0319356851217224
2515.132	0.0315943731739906
2513.715	0.031123079556121
2512.298	0.032132151306086
2510.881	0.0320924020744801
2509.4641	0.0314122388815185
2508.0471	0.0318728540739178
2506.6301	0.0313170654387331
2505.2131	0.0314355842300239
2503.7962	0.0312230268750661
2502.3792	0.0325738686991455
2500.9622	0.0326025138323068
2499.5452	0.0330724079903141
2498.1283	0.031112869568067
2496.7113	0.0323481679291387
2495.2943	0.0311758225528109
2493.8773	0.0309579251851352
2492.4604	0.0310544560134924
2491.0434	0.0317735563650832
2489.6264	0.0317111848279855
2488.2094	0.0321673226940261
2486.7924	0.0306011877609162
2485.3755	0.0304537842988847
2483.9585	0.0315749522052164
2482.5415	0.0319298860204188
2481.1245	0.0305632731328437
2479.7076	0.0313643146793018
2478.2906	0.0310772004505682
2476.8736	0.0315275454741078
2475.4566	0.0317693908756734
2474.0397	0.0308909651081682
2472.6227	0.0319608030338068
2471.2057	0.0321349181673895
2469.7887	0.0306517092133369
2468.3718	0.031189832419212
2466.9548	0.0307239790937627
2465.5378	0.0305916507470027
2464.1208	0.0312164353633196
2462.7039	0.0308555960157469
2461.2869	0.0307858199911498
2459.8699	0.031262293779912
2458.4529	0.0306675603454303
2457.036	0.0313063546534642
2455.619	0.0311429320661575
2454.202	0.0298055802380478
2452.785	0.0313319117599075
2451.3681	0.0308059513115656
2449.9511	0.0308658424294916
2448.5341	0.0308633033785304
2447.1171	0.0303702348757753
2445.7002	0.0311118796387857
2444.2832	0.0307872261949257
2442.8662	0.0308119971798315
2441.4492	0.0300229175806801
2440.0322	0.030710061583764
2438.6153	0.0301739084383833
2437.1983	0.0304297915128857
2435.7813	0.0300882277287631
2434.3643	0.03018682267126
2432.9474	0.0307655287783582
2431.5304	0.0299819393490105
2430.1134	0.0303899614243686
2428.6964	0.0304831908435174
2427.2795	0.0308244086809169
2425.8625	0.0305977042984161
2424.4455	0.0308019342262299
2423.0285	0.0294349372599496
2421.6116	0.0305894830314141
2420.1946	0.0296687927324822
2418.7776	0.0303732093396871
2417.3606	0.0304588513989937
2415.9437	0.0303818030233643
2414.5267	0.029684069746992
2413.1097	0.0292669002268273
2411.6927	0.0296197115134023
2410.2758	0.0288134844495714
2408.8588	0.0293355672267351
2407.4418	0.0302321385896855
2406.0248	0.0294538536123242
2404.6079	0.0297179703010032
2403.1909	0.0290749880909267
2401.7739	0.02952849294059
2400.3569	0.0293008782395764
2398.94	0.0300230648988378
2397.523	0.0292670744694704
2396.106	0.0297817914309128
2394.689	0.0300693563071995
2393.272	0.0293751442918512
2391.8551	0.0296285649574938
2390.4381	0.0290217769290277
2389.0211	0.0300478693194345
2387.6041	0.0291433850700437
2386.1872	0.0298574577392441
2384.7702	0.0296266342623953
2383.3532	0.0281749201327363
2381.9362	0.0294509208263599
2380.5193	0.0283732889068982
2379.1023	0.0293908359543208
2377.6853	0.0291142765026021
2376.2683	0.0293876195619251
2374.8514	0.0301512094974511
2373.4344	0.029029190428248
2372.0174	0.0287895698178374
2370.6004	0.0284683349741727
2369.1835	0.0295960492092422
2367.7665	0.0280513275830377
2366.3495	0.0282946388352603
2364.9325	0.0290698135646258
2363.5156	0.0290144499095435
2362.0986	0.0286641974070414
2360.6816	0.0293457005255822
2359.2646	0.0292062764173171
2357.8477	0.0294863648688716
2356.4307	0.0294092274406904
2355.0137	0.0292666010729062
2353.5967	0.0290610066936834
2352.1798	0.0290131859870332
2350.7628	0.0287101140475544
2349.3458	0.0294857021319919
2347.9288	0.0292990931751662
2346.5118	0.0293023413412218
2345.0949	0.0294649914678097
2343.6779	0.0287844663257834
2342.2609	0.0290818419752765
2340.8439	0.028427392840563
2339.427	0.0288520365534134
2338.01	0.0289810781465111
2336.593	0.0284239126624346
2335.176	0.028115143750035
2333.7591	0.0289366772240071
2332.3421	0.0294388783221165
2330.9251	0.0290092653910272
2329.5081	0.0287823767625892
2328.0912	0.0284561734110995
2326.6742	0.0286040156803234
2325.2572	0.0291539312267191
2323.8402	0.0296913328872069
2322.4233	0.0298533650905328
2321.0063	0.0294573856813994
2319.5893	0.0292766060396204
2318.1723	0.0297691491517736
2316.7554	0.0290550123203667
2315.3384	0.0293844053110061
2313.9214	0.0289412748147254
2312.5044	0.0283912375806953
2311.0875	0.0284907513701216
2309.6705	0.0287552090238564
2308.2535	0.0277553526280374
2306.8365	0.0276591902697901
2305.4196	0.0283304065188669
2304.0026	0.0282479757591831
2302.5856	0.0281662243255041
2301.1686	0.0282768585893315
2299.7516	0.0280581210737306
2298.3347	0.0282618399044946
2296.9177	0.0289367565140629
2295.5007	0.0284938835651751
2294.0837	0.0278456261561037
2292.6668	0.0290765220594482
2291.2498	0.0284747584840659
2289.8328	0.0293031872037954
2288.4158	0.0284994348969659
2286.9989	0.0288387831738752
2285.5819	0.0278197756643019
2284.1649	0.0286542685965038
2282.7479	0.029315342043805
2281.331	0.0280275644457395
2279.914	0.027952807819726
2278.497	0.0279400329725873
2277.08	0.0281475313935209
2275.6631	0.0282182532453733
2274.2461	0.027949733970745
2272.8291	0.0280869957719613
2271.4121	0.0280519584233574
2269.9952	0.0280394463654196
2268.5782	0.0289162343321292
2267.1612	0.0286896447642363
2265.7442	0.0273496226469441
2264.3273	0.0274997007490636
2262.9103	0.0280886096926326
2261.4933	0.0268198694325007
2260.0763	0.0277386975103659
2258.6594	0.0276475231465417
2257.2424	0.0276391864774248
2255.8254	0.0278809038042369
2254.4084	0.0282241102118106
2252.9914	0.0276705244043287
2251.5745	0.0281604987337665
2250.1575	0.027250823173921
2248.7405	0.0263779883336042
2247.3235	0.0271918045274281
2245.9066	0.027424681674754
2244.4896	0.0275644409112062
2243.0726	0.0265622004152823
2241.6556	0.0262389320827608
2240.2387	0.0262974810084854
2238.8217	0.0264574117488259
2237.4047	0.0276841259376801
2235.9877	0.026909252346816
2234.5708	0.0281769358522467
2233.1538	0.0278703454784448
2231.7368	0.0273321300594993
2230.3198	0.0270420113974756
2228.9029	0.0266276195919117
2227.4859	0.0265120492823441
2226.0689	0.0267056354847014
2224.6519	0.0262009684452603
2223.235	0.0273782997193122
2221.818	0.0270693901563153
2220.401	0.0270215759338355
2218.984	0.0270192924835846
2217.5671	0.0272074078744669
2216.1501	0.0266108096501468
2214.7331	0.0257768441178872
2213.3161	0.0265870418870933
2211.8992	0.0252839667297611
2210.4822	0.0256677109338245
2209.0652	0.0260775452617085
2207.6482	0.0267227625803376
2206.2312	0.0270532188147558
2204.8143	0.0272318798550732
2203.3973	0.0272410914846018
2201.9803	0.026397113948169
2200.5633	0.026699105158753
2199.1464	0.026856629672935
2197.7294	0.0263138090496061
2196.3124	0.0277185026754926
2194.8954	0.0274881771438121
2193.4785	0.0272972404626392
2192.0615	0.0269345552308282
2190.6445	0.0267258001708414
2189.2275	0.0265576546242535
2187.8106	0.0253035516076164
2186.3936	0.0256228310608632
2184.9766	0.0263565550693884
2183.5596	0.026515986285666
2182.1427	0.0279169414437243
2180.7257	0.0267287224217015
2179.3087	0.0267177808747422
2177.8917	0.0272069339885504
2176.4748	0.0268438127105721
2175.0578	0.0253675220370879
2173.6408	0.0260023493118901
2172.2238	0.0257690582612585
2170.8069	0.0261730787119708
2169.3899	0.0268438922079706
2167.9729	0.0266433732595654
2166.5559	0.0274681861085848
2165.139	0.0265935590259725
2163.722	0.0260472807159018
2162.305	0.0261680091463973
2160.888	0.0262293415726382
2159.471	0.0242642970982584
2158.0541	0.0227061267105003
2156.6371	0.0216245094726916
2155.2201	0.0217815112918044
2153.8031	0.0223731618986342
2152.3862	0.0226136533302762
2150.9692	0.0233839956709794
2149.5522	0.0233922136534329
2148.1352	0.0236577132342754
2146.7183	0.0240260490865641
2145.3013	0.0242780233584512
2143.8843	0.0242894419401893
2142.4673	0.0240648607378254
2141.0504	0.0240471553936818
2139.6334	0.0246914945307978
2138.2164	0.0245785858635613
2136.7994	0.0247203445236625
2135.3825	0.0265926118640494
2133.9655	0.0247130568610864
2132.5485	0.0251586782401401
2131.1315	0.024967985248882
2129.7146	0.0250280039454909
2128.2976	0.0242495021045148
2126.8806	0.0250915527042409
2125.4636	0.0267472805250156
2124.0467	0.0264646801643846
2122.6297	0.026015873830044
2121.2127	0.0260087322863518
2119.7957	0.0265646921879747
2118.3788	0.0261370987449423
2116.9618	0.0260378035561527
2115.5448	0.0264874040781211
2114.1278	0.026205197764669
2112.7108	0.0266433794370575
2111.2939	0.0268225578657209
2109.8769	0.026918716680478
2108.4599	0.0265797911514011
2107.0429	0.0262592766841529
2105.626	0.025806893669454
2104.209	0.0258194022169839
2102.792	0.0259037012281052
2101.375	0.0268018735581864
2099.9581	0.0262233265567593
2098.5411	0.0268596608500612
2097.1241	0.0255549596353452
2095.7071	0.0257274591329102
2094.2902	0.0268977980154733
2092.8732	0.0258053942952405
2091.4562	0.0249781381514484
2090.0392	0.0253417297950329
2088.6223	0.0262956937004699
2087.2053	0.0256263244234344
2085.7883	0.0262485726745437
2084.3713	0.0255688204273959
2082.9544	0.026650115791104
2081.5374	0.0258895048192427
2080.1204	0.0261393123332252
2078.7034	0.0251969757867228
2077.2865	0.0255045024914823
2075.8695	0.0249226979016411
2074.4525	0.0249941519454131
2073.0355	0.0255639404097012
2071.6186	0.025712723290035
2070.2016	0.0255996052543735
2068.7846	0.0254970751712473
2067.3676	0.0247632196609791
2065.9506	0.0252683589234428
2064.5337	0.0255751026202168
2063.1167	0.0260397151918269
2061.6997	0.0259003186321698
2060.2827	0.025096664245506
2058.8658	0.0258221951793457
2057.4488	0.0252703424129327
2056.0318	0.0250812013971662
2054.6148	0.0257452118547522
2053.1979	0.0266422465222935
2051.7809	0.0263599730874007
2050.3639	0.0255814463314208
2048.9469	0.0246566944784339
2047.53	0.0245989858267487
2046.113	0.0244319971001481
2044.696	0.0238561218279607
2043.279	0.0240319230231671
2041.8621	0.0244328492739904
2040.4451	0.0237765481223059
2039.0281	0.0232328195147023
2037.6111	0.0239317848623679
2036.1942	0.0234642693417098
2034.7772	0.0234597804444542
2033.3602	0.0237833869867278
2031.9432	0.0230160253154205
2030.5263	0.024189120870133
2029.1093	0.0233267720928327
2027.6923	0.0232660167616663
2026.2753	0.022335225789659
2024.8584	0.0231503206125771
2023.4414	0.0224198375746314
2022.0244	0.0225159089938985
2020.6074	0.0214971441290045
2019.1904	0.0214386827322357
2017.7735	0.0210008632242404
2016.3565	0.0203142187858408
2014.9395	0.0216801869059124
2013.5225	0.0225796080692561
2012.1056	0.0235063242756725
2010.6886	0.0227449353589326
2009.2716	0.0233265169930699
2007.8546	0.0234668634540133
2006.4377	0.0216356546697601
2005.0207	0.0210169623332362
2003.6037	0.0200626402280489
2002.1867	0.0207656650510032
2000.7698	0.0218794089769953
1999.3528	0.0228240218360942
1997.9358	0.0227943549947461
1996.5188	0.0219884867276523
1995.1019	0.0217850136140961
1993.6849	0.0221510504019505
1992.2679	0.0225683591161603
1990.8509	0.0226108446934037
1989.434	0.0228197668782764
1988.017	0.0215525527360702
1986.6	0.0225756760965329
1985.183	0.0225535524827528
1983.7661	0.0234832346607592
1982.3491	0.0239961546088681
1980.9321	0.0230894363746983
1979.5151	0.0231143270399477
1978.0982	0.0228140550062469
1976.6812	0.0215516043261026
1975.2642	0.0213974905911824
1973.8472	0.0205860633538008
1972.4302	0.0210705865110523
1971.0133	0.021318684833655
1969.5963	0.0213342590728192
1968.1793	0.0209391605980795
1966.7623	0.0203979949788963
1965.3454	0.0204125375809306
1963.9284	0.0203778697855908
1962.5114	0.0197937826920774
1961.0944	0.0208414353487939
1959.6775	0.021266012638054
1958.2605	0.0218118163796945
1956.8435	0.0218563279739781
1955.4265	0.0225822358169597
1954.0096	0.021552913342909
1952.5926	0.0232822366983425
1951.1756	0.0220396947371961
1949.7586	0.0229499310598284
1948.3417	0.0224679988901045
1946.9247	0.0222994659383005
1945.5077	0.0216638710804534
1944.0907	0.0221429505916011
1942.6738	0.0214367277021233
1941.2568	0.0225313500722017
1939.8398	0.0228978897658823
1938.4228	0.0223502696450226
1937.0059	0.023371970195559
1935.5889	0.0223728129385328
1934.1719	0.0221710401531074
1932.7549	0.022276275808366
1931.338	0.0227760914654641
1929.921	0.0234017468228257
1928.504	0.0226451946854677
1927.087	0.0231230154331788
1925.67	0.0234195450150599
1924.2531	0.0238747839155077
1922.8361	0.0236883776036229
1921.4191	0.0237897041593451
1920.0021	0.0231045444639196
1918.5852	0.0231287634620862
1917.1682	0.022826627121572
1915.7512	0.0234168522259698
1914.3342	0.0233443683027334
1912.9173	0.0231461305225619
1911.5003	0.0232824904496734
1910.0833	0.0240010851364383
1908.6663	0.0233024093437523
1907.2494	0.0232452176476002
1905.8324	0.0242691882274824
1904.4154	0.0236579890764709
1902.9984	0.023642622368915
1901.5815	0.0239673453502458
1900.1645	0.0235922284622062
1898.7475	0.0236679228381113
1897.3305	0.0236359124084834
1895.9136	0.022861331897795
1894.4966	0.0238408529248502
1893.0796	0.0242696189144566
1891.6626	0.0242859077985776
1890.2457	0.0234314794707714
1888.8287	0.0241073115849733
1887.4117	0.0238306341764409
1885.9947	0.0241105523361976
1884.5778	0.0231778895986955
1883.1608	0.0236045660322693
1881.7438	0.0233532656077771
1880.3268	0.0232948045824841
1878.9098	0.0232240724180702
1877.4929	0.0232798161783753
1876.0759	0.0241144903841014
1874.6589	0.0235536187716107
1873.2419	0.0227321751617744
1871.825	0.0235480192527155
1870.408	0.023553984783696
1868.991	0.0242081955615471
1867.574	0.0235996159029849
1866.1571	0.0236466329249117
1864.7401	0.0241115562510223
1863.3231	0.0238627798790029
1861.9061	0.0248755017783669
1860.4892	0.0235744835282284
1859.0722	0.0238422068372717
1857.6552	0.0240314580373479
1856.2382	0.0236697012450801
1854.8213	0.0237060123830327
1853.4043	0.0237405651410162
1851.9873	0.0237442796046983
1850.5703	0.0239780501234842
1849.1534	0.0238700360807784
1847.7364	0.0231969354591693
1846.3194	0.0240522923298425
1844.9024	0.0231533587296595
1843.4855	0.0232034471871537
1842.0685	0.0235426610747589
1840.6515	0.0232006053872816
1839.2345	0.0232957533694052
1837.8176	0.0234334347126734
1836.4006	0.0238143666298835
1834.9836	0.0224072463128064
1833.5666	0.0232938729984324
1832.1496	0.0237453906079688
1830.7327	0.0238735782660822
1829.3157	0.0236539060060526
1827.8987	0.0239337419088659
1826.4817	0.0236139519698026
1825.0648	0.0236761143419236
1823.6478	0.0243650014649916
1822.2308	0.0234928223943464
1820.8138	0.0234480301265538
1819.3969	0.0238387643989985
1817.9799	0.0229142971561195
1816.5629	0.0226049164815286
1815.1459	0.0230101494517623
1813.729	0.0235832803647513
1812.312	0.0237169907989139
1810.895	0.0231881910881705
1809.478	0.0234433269330778
1808.0611	0.023357831769683
1806.6441	0.0233259010782509
1805.2271	0.023680377505848
1803.8101	0.0241779602722165
1802.3932	0.0223567331951409
1800.9762	0.0227987636911848
1799.5592	0.0231241588808047
1798.1422	0.0238007892148559
1796.7253	0.023810269875616
1795.3083	0.024318252467234
1793.8913	0.0240707552218423
1792.4743	0.0233007524541022
1791.0574	0.0247350575401226
1789.6404	0.0235103912576436
1788.2234	0.0239811076772622
1786.8064	0.0238971518310984
1785.3894	0.024213594341213
1783.9725	0.0242454281106081
1782.5555	0.0244588437555014
1781.1385	0.0241170264881004
1779.7215	0.0234827312302471
1778.3046	0.0234076333985243
1776.8876	0.0241101032020813
1775.4706	0.023168633188756
1774.0536	0.0241634802890861
1772.6367	0.023344668225751
1771.2197	0.0242921814024504
1769.8027	0.0244847811545283
1768.3857	0.0244173796576077
1766.9688	0.0243739905999835
1765.5518	0.023683390110466
1764.1348	0.0240895897241179
1762.7178	0.0237549583804972
1761.3009	0.0245766616862961
1759.8839	0.0246701014586825
1758.4669	0.0250945117198142
1757.0499	0.024609194188776
1755.633	0.0247958873297231
1754.216	0.0248078309675402
1752.799	0.0246805844147654
1751.382	0.025650149490916
1749.9651	0.0254403764438547
1748.5481	0.0245205960091161
1747.1311	0.0257294173998588
1745.7141	0.0259525339432739
1744.2972	0.0248737268836232
1742.8802	0.0260543528486065
1741.4632	0.0261127419283117
1740.0462	0.0258323962990247
1738.6292	0.0269443783087134
1737.2123	0.0261194868375703
1735.7953	0.0260657272579475
1734.3783	0.0269997525435738
1732.9613	0.0272541472165503
1731.5444	0.0275132177759487
1730.1274	0.027304620692742
1728.7104	0.0277528942666581
1727.2934	0.0273096152686014
1725.8765	0.0281348686200572
1724.4595	0.027780888036562
1723.0425	0.0285643937310248
1721.6255	0.0284250785259393
1720.2086	0.0290844354029587
1718.7916	0.0297940583439861
1717.3746	0.0293629939858947
1715.9576	0.0301687010975033
1714.5407	0.0298622179689153
1713.1237	0.0298613933380627
1711.7067	0.0293939139726333
1710.2897	0.0306039296893518
1708.8728	0.0314880572675373
1707.4558	0.0312391117396603
1706.0388	0.0320196338222444
1704.6218	0.0317529549673335
1703.2049	0.0314524533949408
1701.7879	0.0315315788533879
1700.3709	0.0323328214198562
1698.9539	0.0321271619085755
1697.537	0.032208876819464
1696.12	0.0327369572441462
1694.703	0.0325777146451856
1693.286	0.033427387068664
1691.869	0.0322219175505275
1690.4521	0.0331911957350521
1689.0351	0.0331299580132536
1687.6181	0.0338019197935529
1686.2011	0.0342154255240895
1684.7842	0.033404103758321
1683.3672	0.0331532158885472
1681.9502	0.0336713586184135
1680.5332	0.0342233072437569
1679.1163	0.0333784755765292
1677.6993	0.0333070221160867
1676.2823	0.0339140125651967
1674.8653	0.0344977892376991
1673.4484	0.0343720988253238
1672.0314	0.0351044883511303
1670.6144	0.0349568821235582
1669.1974	0.0351744100176946
1667.7805	0.0353889761876709
1666.3635	0.0355830778263355
1664.9465	0.0354307709357534
1663.5295	0.0351104243788518
1662.1126	0.0365195777403713
1660.6956	0.0362911495236075
1659.2786	0.0366342398591874
1657.8616	0.0362624260876982
1656.4447	0.0367532613370183
1655.0277	0.0362123754286896
1653.6107	0.0372742805963133
1652.1937	0.0381862229143805
1650.7768	0.0384799767589385
1649.3598	0.0391595573700169
1647.9428	0.0389222311305776
1646.5258	0.0397423019203871
1645.1088	0.039557925497218
1643.6919	0.0406999327563896
1642.2749	0.0414127295582672
1640.8579	0.0422399594489818
1639.4409	0.0427059056247121
1638.024	0.0434128233630632
1636.607	0.0437024275302146
1635.19	0.0449246056525018
1633.773	0.0453604274223233
1632.3561	0.0467427571571616
1630.9391	0.0470387268484997
1629.5221	0.0460248755528856
1628.1051	0.0473103462912322
1626.6882	0.0476294517210739
1625.2712	0.0482782538980779
1623.8542	0.0480104288257917
1622.4372	0.0485976034939586
1621.0203	0.0494933711654274
1619.6033	0.0498173670472505
1618.1863	0.0498679743287044
1616.7693	0.0494035405065592
1615.3524	0.0504836881290505
1613.9354	0.050671940044145
1612.5184	0.0514660161279164
1611.1014	0.0513484849308649
1609.6845	0.0522852112150637
1608.2675	0.0532438224402058
1606.8505	0.0543995788996333
1605.4335	0.0541013660716011
1604.0166	0.0555053972337781
1602.5996	0.0546787033854765
1601.1826	0.0558199888187074
1599.7656	0.0554744057521557
1598.3486	0.0550339055111055
1596.9317	0.0548169538109348
1595.5147	0.0541488536276183
1594.0977	0.0552151249554585
1592.6807	0.0544856140702329
1591.2638	0.053568062170794
1589.8468	0.0538624923290326
1588.4298	0.0529446933074351
1587.0128	0.0530147352905566
1585.5959	0.0520488926564714
1584.1789	0.0515439870416502
1582.7619	0.0507961238719861
1581.3449	0.0502440938404854
1579.928	0.0496234322519351
1578.511	0.0488086731460878
1577.094	0.0487708054004036
1575.677	0.0474232950949526
1574.2601	0.0473804836512629
1572.8431	0.0473689586675378
1571.4261	0.0460893422270248
1570.0091	0.0466503738380899
1568.5922	0.045365310206116
1567.1752	0.0447905238295565
1565.7582	0.0438336315038578
1564.3412	0.0439577372652911
1562.9243	0.0425452385455396
1561.5073	0.0423529790721067
1560.0903	0.0408031827959255
1558.6733	0.0400536732567881
1557.2564	0.0401941379208694
1555.8394	0.0389760668339153
1554.4224	0.0383097381461425
1553.0054	0.0380802238352209
1551.5885	0.0375786235701673
1550.1715	0.0364464155958685
1548.7545	0.0367387461864159
1547.3375	0.0360430680085745
1545.9205	0.0353061537576076
1544.5036	0.0353791923242315
1543.0866	0.0348840046792717
1541.6696	0.0343848094005527
1540.2526	0.034681230985254
1538.8357	0.0338290049888438
1537.4187	0.034090628865706
1536.0017	0.0339119708501813
1534.5847	0.0329030925024956
1533.1678	0.0338307599052242
1531.7508	0.0333664532749768
1530.3338	0.0337919288311085
1528.9168	0.0338918821326224
1527.4999	0.0334609724254871
1526.0829	0.0340101741666048
1524.6659	0.0342124900333826
1523.2489	0.0353772702532166
1521.832	0.0361399665956807
1520.415	0.0371897370184463
1518.998	0.0377878769698511
1517.581	0.0400131691207465
1516.1641	0.0405303561188881
1514.7471	0.0414539095547217
1513.3301	0.0416529541496787
1511.9131	0.0427828716599749
1510.4962	0.0424926827198591
1509.0792	0.0431968104651342
1507.6622	0.0422181470884296
1506.2452	0.0419483149133437
1504.8283	0.0423108170359353
1503.4113	0.0414323074864317
1501.9943	0.0403776601067712
1500.5773	0.0401265725517864
1499.1603	0.0387613468442015
1497.7434	0.0377297741131399
1496.3264	0.0382464335086719
1494.9094	0.0360663899368142
1493.4924	0.03634519611075
1492.0755	0.0355309272208952
1490.6585	0.0352745149966232
1489.2415	0.0358626664144259
1487.8245	0.035620218225031
1486.4076	0.0363564101488127
1484.9906	0.0374014864037907
1483.5736	0.0373867796443526
1482.1566	0.0372527882951251
1480.7397	0.0378840207444394
1479.3227	0.0377617385928653
1477.9057	0.038296012238617
1476.4887	0.038214331161692
1475.0718	0.0388137810426037
1473.6548	0.0392287195949042
1472.2378	0.0396265235858468
1470.8208	0.0403506284935288
1469.4039	0.0415343346809279
1467.9869	0.042274912391436
1466.5699	0.0434111374930912
1465.1529	0.044452468392066
1463.736	0.0454372345433369
1462.319	0.046242842703185
1460.902	0.0468470100164249
1459.485	0.0477194449338917
1458.0681	0.0483854555629241
1456.6511	0.0488053550617024
1455.2341	0.0490576899987226
1453.8171	0.0490820568142705
1452.4001	0.0495900391335964
1450.9832	0.0500089451318001
1449.5662	0.0499140317822078
1448.1492	0.0497498283845866
1446.7322	0.0495587961836457
1445.3153	0.0500507876860921
1443.8983	0.0501394092287049
1442.4813	0.0503302010466978
1441.0643	0.0497072764548792
1439.6474	0.0503032863707457
1438.2304	0.0507998059081928
1436.8134	0.0505329049840569
1435.3964	0.0516583122991147
1433.9795	0.0519728555240794
1432.5625	0.0523360238822111
1431.1455	0.0518597752842423
1429.7285	0.0531805261782762
1428.3116	0.054109129529295
1426.8946	0.0536882240098855
1425.4776	0.0549360658081836
1424.0606	0.0546067936388032
1422.6437	0.0553232045698468
1421.2267	0.0564685159212715
1419.8097	0.0566700729183273
1418.3927	0.0565706553226217
1416.9758	0.0568164966650236
1415.5588	0.0566686249791438
1414.1418	0.0566197374141281
1412.7248	0.0569828348205405
1411.3079	0.0565066493572035
1409.8909	0.0574358960256082
1408.4739	0.0583166409976425
1407.0569	0.0570659161096046
1405.6399	0.0567184565210741
1404.223	0.0578018762498178
1402.806	0.0578282575391885
1401.389	0.0577227734970723
1399.972	0.0576265901811974
1398.5551	0.0571761614920512
1397.1381	0.0583341780260196
1395.7211	0.0584238021737006
1394.3041	0.0584708310990041
1392.8872	0.0591341998630099
1391.4702	0.060195856426719
1390.0532	0.0603476548538092
1388.6362	0.060037088085305
1387.2193	0.0609394568092961
1385.8023	0.0614038925067464
1384.3853	0.0626929949774068
1382.9683	0.0617034894534452
1381.5514	0.0623880537385309
1380.1344	0.0615231194225455
1378.7174	0.0609225774083063
1377.3004	0.0610819376095417
1375.8835	0.061231959764039
1374.4665	0.0619874064669728
1373.0495	0.0614576367238705
1371.6325	0.0627715676150242
1370.2156	0.0632868529737485
1368.7986	0.0639744354778652
1367.3816	0.0636501247618458
1365.9646	0.0651943613488561
1364.5477	0.0650154814238948
1363.1307	0.0653533759127311
1361.7137	0.0646976402455061
1360.2967	0.0657426394489938
1358.8797	0.0647064517494585
1357.4628	0.064474406455987
1356.0458	0.0630902335037815
1354.6288	0.0633905106131003
1353.2118	0.0624731258894303
1351.7949	0.0614724694559904
1350.3779	0.0609808782957928
1348.9609	0.0617693799865505
1347.5439	0.0621701503589706
1346.127	0.0622190041572676
1344.71	0.0621376885446858
1343.293	0.0623084412227348
1341.876	0.0627255251231292
1340.4591	0.0624437665401232
1339.0421	0.0628908422595592
1337.6251	0.063082768494423
1336.2081	0.0626879361584455
1334.7912	0.0626374963127333
1333.3742	0.063288203613577
1331.9572	0.0628604914267349
1330.5402	0.0626051691031915
1329.1233	0.0612353097972592
1327.7063	0.0618926620542808
1326.2893	0.061498788154627
1324.8723	0.0606619996026765
1323.4554	0.0596727375092477
1322.0384	0.0594644567728926
1320.6214	0.058012807096412
1319.2044	0.0587057768577886
1317.7875	0.0582087109818477
1316.3705	0.0568003842343049
1314.9535	0.0567719008174465
1313.5365	0.0570036379665283
1312.1195	0.056049145103723
1310.7026	0.0555490791130008
1309.2856	0.0550189218654662
1307.8686	0.0564139095831335
1306.4516	0.0555611863801018
1305.0347	0.0554947913608528
1303.6177	0.055885135823108
1302.2007	0.0564911829373296
1300.7837	0.0553711022608613
1299.3668	0.0564941777798315
1297.9498	0.0561544577161473
1296.5328	0.0558704473868483
1295.1158	0.0570456810870058
1293.6989	0.0564623729463297
1292.2819	0.0561930273893273
1290.8649	0.0556525896798178
1289.4479	0.0562070311078411
1288.031	0.0560178350757009
1286.614	0.0558103344235117
1285.197	0.0560895008217743
1283.78	0.0569281124545767
1282.3631	0.0573778056306671
1280.9461	0.0573899128753786
1279.5291	0.0582183816150672
1278.1121	0.0584741861278078
1276.6952	0.0588121637834924
1275.2782	0.0589720009277316
1273.8612	0.0601937061460921
1272.4442	0.0607202253642284
1271.0273	0.0609106479040478
1269.6103	0.0605594050605002
1268.1933	0.0615807952297578
1266.7763	0.060974280279719
1265.3593	0.0607617647507199
1263.9424	0.0601461783439103
1262.5254	0.0620127576900411
1261.1084	0.0602904724172746
1259.6914	0.0603253572601259
1258.2745	0.0606762566459349
1256.8575	0.0604917732407061
1255.4405	0.0608374227532319
1254.0235	0.0601246833130956
1252.6066	0.0601020496357107
1251.1896	0.0600724890834498
1249.7726	0.0595158700214865
1248.3556	0.0595524419787128
1246.9387	0.0596653680883106
1245.5217	0.0590044465939724
1244.1047	0.0593147460208537
1242.6877	0.0580573375237086
1241.2708	0.0590713894074827
1239.8538	0.0590221848342309
1238.4368	0.0594773039376482
1237.0198	0.0603526219868522
1235.6029	0.0590797135697086
1234.1859	0.0596694544412777
1232.7689	0.0595077400164642
1231.3519	0.0594243359521548
1229.935	0.0583871164999639
1228.518	0.0578852615087954
1227.101	0.0571465847283703
1225.684	0.0566926997307599
1224.2671	0.0564037511973881
1222.8501	0.0559962248892088
1221.4331	0.053967702668487
1220.0161	0.0534908701180377
1218.5991	0.0521866148936394
1217.1822	0.0521549925597522
1215.7652	0.0522925167339584
1214.3482	0.0518763701499582
1212.9312	0.051914374960029
1211.5143	0.0517300103109185
1210.0973	0.0509570688647668
1208.6803	0.0506257538107808
1207.2633	0.05009088837501
1205.8464	0.0499119092215868
1204.4294	0.0494314402470239
1203.0124	0.0495859693530608
1201.5954	0.0495659029704342
1200.1785	0.0480459185949927
1198.7615	0.0482159714433379
1197.3445	0.0473679073139354
1195.9275	0.046806047127127
1194.5106	0.0464445631637724
1193.0936	0.0452689742102126
1191.6766	0.0443618458604586
1190.2596	0.0447713641038984
1188.8427	0.0438118082060836
1187.4257	0.0445301052463013
1186.0087	0.0429728661026431
1184.5917	0.0421143511758085
1183.1748	0.0415180729667788
1181.7578	0.0424427132293101
1180.3408	0.0423301282008242
1178.9238	0.0430897499602598
1177.5069	0.043137722161944
1176.0899	0.0438835374411515
1174.6729	0.0444939308903255
1173.2559	0.0453657880694929
1171.8389	0.0468094888194953
1170.422	0.0481898618546814
1169.005	0.0502987698156488
1167.588	0.0522789427377049
1166.171	0.0553730111709083
1164.7541	0.0574683340135912
1163.3371	0.0610714549872366
1161.9201	0.0625096211239189
1160.5031	0.0670832348644123
1159.0862	0.0692870773889926
1157.6692	0.0731551062499799
1156.2522	0.0756659760857997
1154.8352	0.0782317589473766
1153.4183	0.0804831606026132
1152.0013	0.082024367880036
1150.5843	0.0836159271643464
1149.1673	0.0843462700578488
1147.7504	0.0850975415445903
1146.3334	0.0846827705082682
1144.9164	0.0846704822308494
1143.4994	0.0850683345136882
1142.0825	0.0835166842226381
1140.6655	0.0824990641324172
1139.2485	0.0808211988211674
1137.8315	0.079340393115353
1136.4146	0.0785330462511005
1134.9976	0.078363107440837
1133.5806	0.0767199785817868
1132.1636	0.0765561474430213
1130.7467	0.0771714423462592
1129.3297	0.076867854768884
1127.9127	0.0771517452690915
1126.4957	0.0779007712677377
1125.0787	0.07890731856351
1123.6618	0.0787289894613673
1122.2448	0.0788773264644156
1120.8278	0.0793067648196084
1119.4108	0.0799301096538278
1117.9939	0.0795334001635032
1116.5769	0.0800506711217721
1115.1599	0.0800911458211014
1113.7429	0.0811097987012126
1112.326	0.0805997279417997
1110.909	0.081892751048431
1109.492	0.0822016023823222
1108.075	0.0837093728206654
1106.6581	0.0840376350037792
1105.2411	0.0845264908490708
1103.8241	0.0853870873385749
1102.4071	0.0861304837827524
1100.9902	0.0865829696513989
1099.5732	0.0876890105058248
1098.1562	0.0873151145394175
1096.7392	0.0873742282376044
1095.3223	0.0883035463472261
1093.9053	0.0871906288711325
1092.4883	0.0892631327780345
1091.0713	0.0912683830967444
1089.6544	0.092183283005144
1088.2374	0.0933573109102716
1086.8204	0.0957060940923661
1085.4034	0.0991055732782561
1083.9865	0.102259680192
1082.5695	0.105441951674632
1081.1525	0.108176220535548
1079.7355	0.110354751387016
1078.3185	0.111172074260702
1076.9016	0.113034938963928
1075.4846	0.113425230277076
1074.0676	0.112909922164013
1072.6506	0.111368995350731
1071.2337	0.108748689808521
1069.8167	0.107499686173263
1068.3997	0.105320445395326
1066.9827	0.10449077027024
1065.5658	0.103533630393502
1064.1488	0.102604684151082
1062.7318	0.104876672863743
1061.3148	0.105721230273878
1059.8979	0.106992798674215
1058.4809	0.108023066764221
1057.0639	0.110039011215627
1055.6469	0.11221101959023
1054.23	0.114123531907689
1052.813	0.116722069099232
1051.396	0.117554105634842
1049.979	0.120696708873105
1048.5621	0.123291926517618
1047.1451	0.124414766634698
1045.7281	0.126553218283581
1044.3111	0.129099690187085
1042.8942	0.13193153735012
1041.4772	0.133820595958589
1040.0602	0.136018362254858
1038.6432	0.138273647932723
1037.2263	0.14082340919671
1035.8093	0.14273571229433
1034.3923	0.144951057564535
1032.9753	0.147319673562493
1031.5583	0.148575432507838
1030.1414	0.151562669221584
1028.7244	0.154104286181317
1027.3074	0.155868720912473
1025.8904	0.158510075737777
1024.4735	0.161390728371678
1023.0565	0.163594536265093
1021.6395	0.165572036060138
1020.2225	0.167992241267799
1018.8056	0.169779662102395
1017.3886	0.172014109246529
1015.9716	0.171951625508988
1014.5546	0.173655671605635
1013.1377	0.172708087067437
1011.7207	0.174380160766461
1010.3037	0.174018477548336
1008.8867	0.173205890570234
1007.4698	0.174117051498167
1006.0528	0.175235312113697
1004.6358	0.17424540448115
1003.2188	0.175340780292824
1001.8019	0.1768416219238
1000.3849	0.17787901296132
998.9679	0.178701369561543
997.5509	0.179605879450955
996.134	0.180286472562798
994.717	0.180187862951199
993.3	0.181823201488794
991.883	0.182705952691276
990.4661	0.182830209551455
989.0491	0.182141451848893
987.6321	0.180817557960161
986.2151	0.179959872841276
984.7981	0.177957398767386
983.3812	0.17638923364179
981.9642	0.174897368513268
980.5472	0.17108985287343
979.1302	0.168528259003029
977.7133	0.166292822901557
976.2963	0.16129822093586
974.8793	0.159207987216964
973.4623	0.156675164965428
972.0454	0.153299602961544
970.6284	0.150390785301959
969.2114	0.14628787616984
967.7944	0.14351888925908
966.3775	0.140138096975356
964.9605	0.137245775579022
963.5435	0.133618679742661
962.1265	0.130958524527429
960.7096	0.127736010917079
959.2926	0.125161570729989
957.8756	0.121701022417154
956.4586	0.120310657237387
955.0417	0.118027135520742
953.6247	0.115194916936598
952.2077	0.113158137669885
950.7907	0.110545738704986
949.3738	0.109745367957478
947.9568	0.107119731686503
946.5398	0.106881558096143
945.1228	0.105406618022287
943.7059	0.10570410496911
942.2889	0.105525352617028
940.8719	0.105704196255758
939.4549	0.106311686421068
938.0379	0.106259524167992
936.621	0.105974444227877
935.204	0.106964071922817
933.787	0.107109363422205
932.37	0.107216609246177
930.9531	0.107321693622467
929.5361	0.107006385868407
928.1191	0.10624596000222
926.7021	0.106596727325462
925.2852	0.106858000962683
923.8682	0.105768831307337
922.4512	0.1058511058969
921.0342	0.105895322569113
919.6173	0.105336892960483
918.2003	0.10555025300772
916.7833	0.103788764232345
915.3663	0.103139281143842
913.9494	0.102864750428395
912.5324	0.102480937553934
911.1154	0.100792336515357
909.6984	0.0999490055346969
908.2815	0.0989906876940111
906.8645	0.097121065421842
905.4475	0.0956861413696736
904.0305	0.0953899097531528
902.6136	0.0939851108488824
901.1966	0.0934327261623432
899.7796	0.0919578867170822
898.3626	0.0921840052876686
896.9457	0.0921388068564594
895.5287	0.091612332458668
894.1117	0.0907071023039001
892.6947	0.0905677387987603
891.2777	0.0895659932218126
889.8608	0.0880753255377431
888.4438	0.088556528671358
887.0268	0.0868277841092231
885.6098	0.0864001025460599
884.1929	0.0862055717314147
882.7759	0.083899746678943
881.3589	0.0835574037603097
879.9419	0.0822002135730195
878.525	0.0821375742517044
877.108	0.0807099887071096
875.691	0.0813514984093474
874.274	0.081993476761807
872.8571	0.081841680212986
871.4401	0.0830555422286398
870.0231	0.0824843924152325
868.6061	0.082646419278433
867.1892	0.0843369269885968
865.7722	0.0840009827477343
864.3552	0.0841460459545419
862.9382	0.0855306339840057
861.5213	0.0858299845557403
860.1043	0.0858308940817833
858.6873	0.086610007646114
857.2703	0.0871906833856163
855.8534	0.087052169707272
854.4364	0.0876289854779255
853.0194	0.0870884742717225
851.6024	0.0873302815690132
850.1855	0.0873966662432533
848.7685	0.08643788112257
847.3515	0.0868732601746227
845.9345	0.0865242532035226
844.5175	0.0872030392164996
843.1006	0.0868380763604571
841.6836	0.0858239657870407
840.2666	0.0860763556917431
838.8496	0.0854967555853833
837.4327	0.0850148829389779
836.0157	0.0837612934297443
834.5987	0.0841366451805937
833.1817	0.0834738776860796
831.7648	0.0833672872476567
830.3478	0.0824150416051041
828.9308	0.0819910732010607
827.5138	0.0820980275171883
826.0969	0.0804704654205333
824.6799	0.0793649267761439
823.2629	0.0797467808917496
821.8459	0.079434878578407
820.429	0.0799716359413505
819.012	0.0795426548996126
817.595	0.0798024875978468
816.178	0.0793663112434438
814.7611	0.0795719549288365
813.3441	0.0784754716341601
811.9271	0.0786214435572994
810.5101	0.0784143819997271
809.0932	0.0791090295324244
807.6762	0.0788509606395537
806.2592	0.0776786184288158
804.8422	0.0773775316590433
803.4253	0.0768719703529849
802.0083	0.075976529820426
800.5913	0.076181102042891
799.1743	0.0772319574107673
797.7573	0.0769208084151295
796.3404	0.0773182167280977
794.9234	0.0779686890390733
793.5064	0.0780723725326928
792.0894	0.07745773414831
790.6725	0.0780990739319455
789.2555	0.0783701130173172
787.8385	0.0784861166413418
786.4215	0.0781301274818738
785.0046	0.0799232838784085
783.5876	0.0805105554226754
782.1706	0.0795254277050108
780.7536	0.0809522960235285
779.3367	0.0812084950916143
777.9197	0.0825063584003871
776.5027	0.082335354899222
775.0857	0.0835267374259315
773.6688	0.0843971820852476
772.2518	0.0849859069530352
770.8348	0.0860310298150042
769.4178	0.0877350870091342
768.0009	0.0873859251144509
766.5839	0.0901065617759886
765.1669	0.0905753162590785
763.7499	0.0914410776120623
762.333	0.0925609429169319
760.916	0.0925337610312469
759.499	0.0926948531071032
758.082	0.0921891855704762
756.6651	0.0915720157242864
755.2481	0.0909486772821162
753.8311	0.0902438373397447
752.4141	0.0891902199038214
750.9971	0.0891525533865134
749.5802	0.0881178142679245
748.1632	0.0871384094444525
746.7462	0.0866309229176688
745.3292	0.0859548826379066
743.9123	0.0847143566534597
742.4953	0.0838239353005172
741.0783	0.0836625760791523
739.6613	0.0839444285394595
738.2444	0.0836813151836648
736.8274	0.0836783752519267
735.4104	0.0835396979304911
733.9934	0.0838040044847226
732.5765	0.0847103605339081
731.1595	0.084487627671138
729.7425	0.0849821064096629
728.3255	0.0857518949678093
726.9086	0.0860951596552822
725.4916	0.0858885030485942
724.0746	0.0864441431352029
722.6576	0.0872807799754563
721.2407	0.0873226950056465
719.8237	0.0892528264246581
718.4067	0.0889976126866614
716.9897	0.0901136595186896
715.5728	0.0909135623806337
714.1558	0.0916029439932635
712.7388	0.0934732631435342
711.3218	0.0943932818843369
709.9049	0.0944322071306002
708.4879	0.0956265576190757
707.0709	0.0958058522368604
705.6539	0.0964143125017769
704.2369	0.0966984552181065
702.82	0.0972056431408975
701.403	0.0964064637489941
699.986	0.0962828728933713
698.569	0.0958312027937044
697.1521	0.0957813319023499
695.7351	0.0949694986400044
694.3181	0.0944533782828272
692.9011	0.0948675974995955
691.4842	0.0941415393603698
690.0672	0.0952855106846186
688.6502	0.0947528060535024
687.2332	0.0950399798611964
685.8163	0.0950518271086811
684.3993	0.0941597365350259
682.9823	0.0953988943735509
681.5653	0.0959909678206343
680.1484	0.0956589179518497
678.7314	0.0959156514015904
677.3144	0.0959333316933181
675.8974	0.0968725275363423
674.4805	0.096145783104239
673.0635	0.0970544257441303
671.6465	0.0971077894247027
670.2295	0.097988598384774
668.8126	0.0985711341317299
667.3956	0.0983209907913871
665.9786	0.0989048650386076
664.5616	0.0986533354361366
663.1447	0.0995853223876176
661.7277	0.0981033841083893
660.3107	0.0987317935497764
658.8937	0.0991256580062071
657.4767	0.0992130766958846
656.0598	0.100316874723751
654.6428	0.0992177295164656
653.2258	0.100548494037741
651.8088	0.100510492199247
650.3919	0.100789422861647
648.9749	0.101285361212245
647.5579	0.102119722885635
646.1409	0.101770306089406
644.724	0.102926966186942
643.307	0.10263501102794
641.89	0.10288635869064
640.473	0.103568083165549
639.0561	0.103369942971308
637.6391	0.103981479335037
636.2221	0.104215756379459
634.8051	0.104556988610816
633.3882	0.104563945424176
631.9712	0.104802832371808
630.5542	0.105032580767621
629.1372	0.105557832063635
627.7203	0.106740743321763
626.3033	0.107521248134987
624.8863	0.107980311719107
623.4693	0.108384253637421
622.0524	0.109620197457498
620.6354	0.110562185585799
619.2184	0.112280293580438
617.8014	0.114233330854864
616.3845	0.113855464335718
614.9675	0.115216084841864
613.5505	0.116501577594999
612.1335	0.117325885631273
610.7165	0.119221652423329
609.2996	0.119393076160401
607.8826	0.120772112564066
606.4656	0.120552326431718
605.0486	0.121855660240001
603.6317	0.121149433753633
602.2147	0.120991437767743
600.7977	0.12053571254273
599.3807	0.119473025744201
597.9638	0.120756819816769
596.5468	0.121046586414016
595.1298	0.122262910551762
593.7128	0.123110782399727
592.2959	0.122990127711211
590.8789	0.122832998979605
589.4619	0.12389314114915
588.0449	0.124394713963018
586.628	0.125442009883851
585.211	0.126164806495736
583.794	0.127249455729395
582.377	0.12884995837292
580.9601	0.129806840677614
579.5431	0.131321731400642
578.1261	0.133293805042558
576.7091	0.134349043633738
575.2922	0.136820812834578
573.8752	0.138471595600122
572.4582	0.138691094247634
571.0412	0.139142364653764
569.6243	0.139260768405676
568.2073	0.138877600498115
566.7903	0.13795614150763
565.3733	0.138128802925695
563.9563	0.135714482073551
562.5394	0.135823059171525
561.1224	0.135293606298125
559.7054	0.135203266838842
558.2884	0.135029139782552
556.8715	0.134512307968505
555.4545	0.13384960898308
554.0375	0.133287658562893
552.6205	0.131740501035008
551.2036	0.132996286542194
549.7866	0.131546057187662
548.3696	0.131157156394172
546.9526	0.131492026893445
545.5357	0.130637257795612
544.1187	0.131144084613779
542.7017	0.131647396899762
541.2847	0.132412204715091
539.8678	0.132716921170959
538.4508	0.134260741259514
537.0338	0.135630888493613
535.6168	0.136773232570812
534.1999	0.135378566305873
532.7829	0.136859976467713
531.3659	0.13853812591602
529.9489	0.139638485588933
528.532	0.141350739600141
527.115	0.144031871133584
525.698	0.14524696068469
524.281	0.145312423647175
522.8641	0.146042586133923
521.4471	0.146536809945994
520.0301	0.1465463973668
518.6131	0.145030262209663
517.1962	0.14553905651652
515.7792	0.145484069429415
514.3622	0.145094376488539
512.9452	0.145072344389342
511.5282	0.144770071270218
510.1113	0.143946605772928
508.6943	0.143005946312035
507.2773	0.142570896724653
505.8603	0.142663453372121
504.4434	0.142620136871776
503.0264	0.142602931830784
501.6094	0.142894167013608
500.1924	0.142437408786968
498.7755	0.142396843016283
497.3585	0.142786880188917
495.9415	0.142338701948809
494.5245	0.141359725680798
493.1076	0.141824432484767
491.6906	0.141371515596344
490.2736	0.14103325341543
488.8566	0.14225377026383
487.4397	0.141250072224836
486.0227	0.141579197920651
484.6057	0.142549783389597
483.1887	0.14150283191602
481.7718	0.141738272876533
480.3548	0.141937290073279
478.9378	0.142189299883322
477.5208	0.14275158467181
476.1039	0.14263430885625
474.6869	0.141546096531059
473.2699	0.140165707484611
471.8529	0.140850627673997
470.436	0.141179589005878
469.019	0.141094795777958
467.602	0.141390194321712
466.185	0.141489634723511
464.768	0.141217806891564
463.3511	0.14166631827598
461.9341	0.140745286698042
460.5171	0.140773402622988
459.1001	0.139910270350255
457.6832	0.138681365715709
456.2662	0.140019061166966
454.8492	0.139624276482861
453.4322	0.140137972472359
452.0153	0.139408722317706
450.5983	0.140009036284633
449.1813	0.139623756657636
447.7643	0.13978642492946
446.3474	0.140933486108318
444.9304	0.141621423753324
443.5134	0.143973316787703
442.0964	0.144967449034248
440.6795	0.146155377861455
439.2625	0.148279740007395
437.8455	0.149861032382755
436.4285	0.150743111038566
435.0116	0.150297986511212
433.5946	0.150937555217075
432.1776	0.149839638738196
430.7606	0.149707723559952
429.3437	0.149949772669761
427.9267	0.1504932534697
426.5097	0.151867160140622
425.0927	0.153811082576652
423.6758	0.154237627925393
422.2588	0.153824068797808
420.8418	0.153329309938107
419.4248	0.153063565561571
418.0078	0.151160950734882
416.5909	0.150474052813571
415.1739	0.152713811083119
413.7569	0.153635256984167
412.3399	0.154140764615559
410.923	0.155093623848554
409.506	0.155274273949479
408.089	0.153644430224633
406.672	0.153149621948614
405.2551	0.155136424318978
403.8381	0.155268471504526
402.4211	0.156419985041104
401.0041	0.156758605113867
