3994.4546	0.0190138497565789
3993.0377	0.0197402561524422
3991.6207	0.020183964654717
3990.2037	0.0194573577896917
3988.7867	0.0202923980878049
3987.3698	0.0194095402949161
3985.9528	0.0194651241251517
3984.5358	0.0200102071939211
3983.1188	0.0189509195040883
3981.7019	0.0199616046321477
3980.2849	0.0187181226848221
3978.8679	0.01951416643904
3977.4509	0.0191267457077121
3976.034	0.0186745844475201
3974.617	0.0200972335200747
3973.2	0.0186663829076814
3971.783	0.0189203254667763
3970.3661	0.0200551717452285
3968.9491	0.0199550066375115
3967.5321	0.0199154382492413
3966.1151	0.0183920557193679
3964.6982	0.0196668570113253
3963.2812	0.0187780174845358
3961.8642	0.0185558687470643
3960.4472	0.0191026818105773
3959.0303	0.019377297387658
3957.6133	0.0194333942300786
3956.1963	0.0201433958008352
3954.7793	0.0195528765876384
3953.3624	0.0189878826281702
3951.9454	0.0184926105165789
3950.5284	0.0197742349062179
3949.1114	0.0187024706955809
3947.6944	0.0191769961738155
3946.2775	0.0186420352092757
3944.8605	0.018172794900249
3943.4435	0.0197263550061655
3942.0265	0.019135202033088
3940.6096	0.0191934743238522
3939.1926	0.0187360651492204
3937.7756	0.0192715549285085
3936.3586	0.0192986697919811
3934.9417	0.0193010637643121
3933.5247	0.0186050690342366
3932.1077	0.0183908372916852
3930.6907	0.0185520189467197
3929.2738	0.0189787861367264
3927.8568	0.0194533539114806
3926.4398	0.0194535186354848
3925.0228	0.0195990552267425
3923.6059	0.0189579396651205
3922.1889	0.0191485984866942
3920.7719	0.0191071143843614
3919.3549	0.0180661643721748
3917.938	0.0184515323505878
3916.521	0.0189215514049217
3915.104	0.0197041338673792
3913.687	0.0188965792992397
3912.2701	0.0194151209540115
3910.8531	0.0196318901492689
3909.4361	0.0200135293502774
3908.0191	0.0191877560344136
3906.6022	0.0189108240212871
3905.1852	0.019286873114911
3903.7682	0.0184497640320955
3902.3512	0.0189424121269751
3900.9342	0.0187206205218867
3899.5173	0.0193520783513587
3898.1003	0.0187985973080528
3896.6833	0.0193679051746448
3895.2663	0.0193582963556199
3893.8494	0.0182071668815119
3892.4324	0.018379278200694
3891.0154	0.0187665783475521
3889.5984	0.0189411305752732
3888.1815	0.0188159417876079
3886.7645	0.0187720617971933
3885.3475	0.0185048652821453
3883.9305	0.0195186391144415
3882.5136	0.0188344293246757
3881.0966	0.0184104162928162
3879.6796	0.0183487478030209
3878.2626	0.0188488701607058
3876.8457	0.018371654381513
3875.4287	0.0194050375886918
3874.0117	0.0195064943400706
3872.5947	0.0187320153813275
3871.1778	0.0180532755062301
3869.7608	0.0178714145663692
3868.3438	0.0184933347145053
3866.9268	0.0183436650481938
3865.5099	0.0188298871278046
3864.0929	0.0187802278412969
3862.6759	0.0187970802651961
3861.2589	0.0186862932732878
3859.842	0.0194378922247698
3858.425	0.0193557599339512
3857.008	0.01930775066506
3855.591	0.0193282486150001
3854.174	0.0187785122715451
3852.7571	0.0186147290601321
3851.3401	0.0191441746693266
3849.9231	0.0191252422600777
3848.5061	0.0197888361170042
3847.0892	0.0190268239742533
3845.6722	0.0190931991613911
3844.2552	0.0187129554553822
3842.8382	0.0181766810008835
3841.4213	0.0186686804702539
3840.0043	0.0185265905505131
3838.5873	0.0191672481099863
3837.1703	0.0189452100898393
3835.7534	0.0183468137500068
3834.3364	0.0185763929203113
3832.9194	0.0179139942591089
3831.5024	0.0193124039431243
3830.0855	0.0183174787013421
3828.6685	0.0178281252353871
3827.2515	0.0178299751328683
3825.8345	0.0180902076730577
3824.4176	0.0188684123467146
3823.0006	0.0189096545980206
3821.5836	0.0189538006758008
3820.1666	0.0187441115991242
3818.7497	0.0193035126114247
3817.3327	0.0190646495361752
3815.9157	0.0189243997990694
3814.4987	0.0189742720416133
3813.0818	0.0184164129800094
3811.6648	0.0185578424969045
3810.2478	0.018584454165693
3808.8308	0.0185195181068401
3807.4138	0.0191377118782244
3805.9969	0.0177759199920377
3804.5799	0.0179786038726151
3803.1629	0.0182580764608177
3801.7459	0.0185674375091385
3800.329	0.0178262201197104
3798.912	0.0187650091362022
3797.495	0.01870348404546
3796.078	0.018185878874054
3794.6611	0.0182652835868834
3793.2441	0.017761272141148
3791.8271	0.0180724445245263
3790.4101	0.0179447086667545
3788.9932	0.0182894238465568
3787.5762	0.0188622496806045
3786.1592	0.0186078974496143
3784.7422	0.0186307147098028
3783.3253	0.0177758541955808
3781.9083	0.019252544898149
3780.4913	0.018622340301141
3779.0743	0.018222634031597
3777.6574	0.0194146187751516
3776.2404	0.0185230446142878
3774.8234	0.0192320364445203
3773.4064	0.0180771825291297
3771.9895	0.0175860658688673
3770.5725	0.0180007845638001
3769.1555	0.0182731672583184
3767.7385	0.0186844953737322
3766.3216	0.0182665729546033
3764.9046	0.0178862184327639
3763.4876	0.0183173074575767
3762.0706	0.0173934421393575
3760.6536	0.0181270181051065
3759.2367	0.018146230064695
3757.8197	0.0184177501353666
3756.4027	0.0180736145508737
3754.9857	0.0172802151515806
3753.5688	0.0176436249702861
3752.1518	0.0176909800412855
3750.7348	0.0182350624116366
3749.3178	0.0181056965920579
3747.9009	0.0177979870614188
3746.4839	0.0176373844468686
3745.0669	0.0179461450787105
3743.6499	0.0178321938975882
3742.233	0.01825941208796
3740.816	0.0173054285364769
3739.399	0.0168553777276258
3737.982	0.0178077502292774
3736.5651	0.0191192943194226
3735.1481	0.018949113846534
3733.7311	0.0181773328004763
3732.3141	0.0180986629599077
3730.8972	0.0178870746831079
3729.4802	0.0187029515760813
3728.0632	0.0181137285815757
3726.6462	0.0181393989135656
3725.2293	0.0181262543824094
3723.8123	0.0176495852263335
3722.3953	0.0172715893112335
3720.9783	0.0179642864691915
3719.5614	0.0172022182651467
3718.1444	0.0161050701120596
3716.7274	0.0171565649631876
3715.3104	0.0169520713788124
3713.8935	0.0177044174417726
3712.4765	0.0178599682070119
3711.0595	0.0175325266542797
3709.6425	0.0179628729767365
3708.2255	0.0181129756520506
3706.8086	0.0184585975227211
3705.3916	0.0177537579090455
3703.9746	0.0175696006394361
3702.5576	0.0172350531443226
3701.1407	0.0172065979468374
3699.7237	0.0175146008526162
3698.3067	0.0167208598246649
3696.8897	0.0173045256911446
3695.4728	0.0176610118975995
3694.0558	0.0175466312276978
3692.6388	0.0165874139596948
3691.2218	0.0176147635202418
3689.8049	0.0172892756710314
3688.3879	0.0175789376782228
3686.9709	0.0178272900493528
3685.5539	0.0173975071978321
3684.137	0.0176092967044797
3682.72	0.0166945408771449
3681.303	0.0175181977165435
3679.886	0.017379227569516
3678.4691	0.0178206742866803
3677.0521	0.0180358272028429
3675.6351	0.0174802375194323
3674.2181	0.0171706012454026
3672.8012	0.0179499343960232
3671.3842	0.0180600728913207
3669.9672	0.0177130292601928
3668.5502	0.0182649618204683
3667.1333	0.0166195991645514
3665.7163	0.0182970132871365
3664.2993	0.0179157215062833
3662.8823	0.0166112095869414
3661.4653	0.0172190966497747
3660.0484	0.0182977906610582
3658.6314	0.0176037805800076
3657.2144	0.0177457711767406
3655.7974	0.0176038470847306
3654.3805	0.0176095890058959
3652.9635	0.0167137776449798
3651.5465	0.0176322916791253
3650.1295	0.0176118462279368
3648.7126	0.0178959708688126
3647.2956	0.0177020771762545
3645.8786	0.0174538906368912
3644.4616	0.017765023991374
3643.0447	0.0186159162375482
3641.6277	0.0185170680725137
3640.2107	0.0184291112780336
3638.7937	0.0175898963930406
3637.3768	0.0182310187951799
3635.9598	0.0181060524921525
3634.5428	0.0188895946455593
3633.1258	0.018346988768536
3631.7089	0.0183497553644935
3630.2919	0.0175293702557631
3628.8749	0.0182392466029616
3627.4579	0.0185121600047429
3626.041	0.0185483678294488
3624.624	0.0189051646560149
3623.207	0.0183005525566083
3621.79	0.018576432642192
3620.3731	0.0182825202004411
3618.9561	0.0193268533399055
3617.5391	0.0196367144085576
3616.1221	0.0198477265199273
3614.7051	0.0199066746536399
3613.2882	0.020236260724295
3611.8712	0.0202724026421894
3610.4542	0.0198189947971967
3609.0372	0.0198426735223363
3607.6203	0.0199871511533621
3606.2033	0.0204802030664433
3604.7863	0.0204503665946271
3603.3693	0.0202902830654649
3601.9524	0.0203202551652189
3600.5354	0.0208008969535194
3599.1184	0.0207074345221114
3597.7014	0.0203768521484631
3596.2845	0.0205788257182138
3594.8675	0.0213055322650852
3593.4505	0.0220106584567055
3592.0335	0.0212913495122057
3590.6166	0.0214497983726799
3589.1996	0.0223601769941373
3587.7826	0.0217395733394218
3586.3656	0.0227209321983071
3584.9487	0.0232312106833037
3583.5317	0.0229243897488835
3582.1147	0.0225211130638755
3580.6977	0.0225847562177321
3579.2808	0.022946876049952
3577.8638	0.0227411289670884
3576.4468	0.0229851958392943
3575.0298	0.023909981547801
3573.6129	0.0239124327823766
3572.1959	0.0241121676036156
3570.7789	0.024175519042975
3569.3619	0.0244560537543038
3567.9449	0.0245914934269769
3566.528	0.0254699438930464
3565.111	0.025416080395259
3563.694	0.0257000535784707
3562.277	0.0256841201314048
3560.8601	0.0262707473798487
3559.4431	0.0259958572396726
3558.0261	0.0270266896149455
3556.6091	0.0266426563387709
3555.1922	0.0271403286656064
3553.7752	0.0274344039425796
3552.3582	0.0271456577970019
3550.9412	0.0272918987013726
3549.5243	0.0273909958494301
3548.1073	0.0280153331062225
3546.6903	0.0282380046950086
3545.2733	0.0284477111544029
3543.8564	0.0292191491272793
3542.4394	0.0304490979190484
3541.0224	0.0292675698016414
3539.6054	0.0294602283199182
3538.1885	0.0294387780168851
3536.7715	0.0298015891010426
3535.3545	0.0306068691792314
3533.9375	0.0310357740310402
3532.5206	0.0306133845251279
3531.1036	0.0308334898575215
3529.6866	0.0320290032431065
3528.2696	0.0323298812244202
3526.8527	0.0321836012290432
3525.4357	0.0328754889608853
3524.0187	0.0323281451309018
3522.6017	0.0328884616312271
3521.1847	0.0334880015460126
3519.7678	0.0338090956313528
3518.3508	0.0340911430812074
3516.9338	0.0342755777740001
3515.5168	0.0340692883634014
3514.0999	0.0345957734973023
3512.6829	0.0360879943729066
3511.2659	0.0361148573362153
3509.8489	0.0356688484488515
3508.432	0.035939073091846
3507.015	0.0362210768039712
3505.598	0.0360933757765827
3504.181	0.0360865354416572
3502.7641	0.0366210822512172
3501.3471	0.0373736949116496
3499.9301	0.0380112041646841
3498.5131	0.0376552821268703
3497.0962	0.0378101027113828
3495.6792	0.0384524181855924
3494.2622	0.0386444837878556
3492.8452	0.0388690598876787
3491.4283	0.0385738258432996
3490.0113	0.0396136631747269
3488.5943	0.0394891103373902
3487.1773	0.0401416976742784
3485.7604	0.0402196883067369
3484.3434	0.0403706860689007
3482.9264	0.0402182888628836
3481.5094	0.0395973816849793
3480.0925	0.0406135605759491
3478.6755	0.0417490087270657
3477.2585	0.0416321033774385
3475.8415	0.042286642395668
3474.4245	0.0420603577435242
3473.0076	0.042792288430637
3471.5906	0.042938330322294
3470.1736	0.0424923468476498
3468.7566	0.0436200215982843
3467.3397	0.0443667910517616
3465.9227	0.0429683166488259
3464.5057	0.0439854489942654
3463.0887	0.0442317614734098
3461.6718	0.044551434442954
3460.2548	0.044884015663142
3458.8378	0.0453533255550703
3457.4208	0.0447517299272251
3456.0039	0.0451840189644505
3454.5869	0.0452069040629769
3453.1699	0.0462521692676456
3451.7529	0.0456077929919173
3450.336	0.0473051528163361
3448.919	0.0462066368811873
3447.502	0.0468650721716731
3446.085	0.0474290123454624
3444.6681	0.0480762616086694
3443.2511	0.0484402928584284
3441.8341	0.0473421025063128
3440.4171	0.0489914224019727
3439.0002	0.0485306463710959
3437.5832	0.0486453246487027
3436.1662	0.0483886629201925
3434.7492	0.0491653441275158
3433.3323	0.0492142657798228
3431.9153	0.050312114996835
3430.4983	0.0505784529642813
3429.0813	0.0495382513253771
3427.6643	0.0506204428908914
3426.2474	0.0506082451675726
3424.8304	0.0516134958590627
3423.4134	0.0508781365390086
3421.9964	0.0513747567699735
3420.5795	0.0520855744794079
3419.1625	0.0516328088069281
3417.7455	0.0521125635631836
3416.3285	0.0521130380677302
3414.9116	0.0523121222572475
3413.4946	0.052882632278056
3412.0776	0.053071484412529
3410.6606	0.0525413650369368
3409.2437	0.052896489891401
3407.8267	0.0523195529493012
3406.4097	0.0532475483137811
3404.9927	0.0540084523240878
3403.5758	0.0542325205103997
3402.1588	0.0539475451263055
3400.7418	0.0543932588029674
3399.3248	0.0552644310762639
3397.9079	0.0545200321469595
3396.4909	0.0552787449985442
3395.0739	0.0549819831639468
3393.6569	0.0548766810239801
3392.24	0.0553689818480899
3390.823	0.0558978181909262
3389.406	0.056106402201563
3387.989	0.0556910362249596
3386.5721	0.0558355590638046
3385.1551	0.0560164547633237
3383.7381	0.0570208074023756
3382.3211	0.0566459148966774
3380.9041	0.0563426946017899
3379.4872	0.0568047194132395
3378.0702	0.0573035423579258
3376.6532	0.0583123408387488
3375.2362	0.0582920293977719
3373.8193	0.0591291109950566
3372.4023	0.0578973607283599
3370.9853	0.0588044478774268
3369.5683	0.0583148520074964
3368.1514	0.0579906600968281
3366.7344	0.0579832945145512
3365.3174	0.0583647688320545
3363.9004	0.0592870803779507
3362.4835	0.0589653323225854
3361.0665	0.0594727919325204
3359.6495	0.0592804193368837
3358.2325	0.0587927680682574
3356.8156	0.0597594150652666
3355.3986	0.060167130941171
3353.9816	0.0593991423955225
3352.5646	0.0598484673144239
3351.1477	0.0607515993529487
3349.7307	0.0607312697385216
3348.3137	0.0604910110679739
3346.8967	0.0601692457022293
3345.4798	0.0603999224245977
3344.0628	0.06080904816966
3342.6458	0.0609692870782438
3341.2288	0.0612218121718267
3339.8119	0.0606304643816445
3338.3949	0.0610172356314633
3336.9779	0.0611214457374381
3335.5609	0.0608940235309536
3334.1439	0.0618055119366778
3332.727	0.061652699906776
3331.31	0.0619830879098102
3329.893	0.062103577951734
3328.476	0.0621883326544054
3327.0591	0.0621305250556514
3325.6421	0.0618309172252835
3324.2251	0.0623499496391797
3322.8081	0.0620942643399887
3321.3912	0.0618994410562425
3319.9742	0.0621341704797006
3318.5572	0.0622090237740009
3317.1402	0.0624813010652385
3315.7233	0.0621104041452397
3314.3063	0.0623148075798743
3312.8893	0.062809252119349
3311.4723	0.0628029128402288
3310.0554	0.0622433381797225
3308.6384	0.0622246132082399
3307.2214	0.0630157761265491
3305.8044	0.0628744342152844
3304.3875	0.0625243649872819
3302.9705	0.062573639180244
3301.5535	0.0629809377813976
3300.1365	0.0626817684378907
3298.7196	0.0622332337166968
3297.3026	0.0629112478209178
3295.8856	0.0636125914197931
3294.4686	0.0633710956550497
3293.0517	0.0630106254886346
3291.6347	0.0634310833598005
3290.2177	0.0628750756515914
3288.8007	0.0627531850275815
3287.3837	0.0635677803873596
3285.9668	0.0633281249522878
3284.5498	0.0633440112411154
3283.1328	0.0630536887370544
3281.7158	0.0631875764394898
3280.2989	0.063529368183647
3278.8819	0.0632412169702903
3277.4649	0.0627588771886012
3276.0479	0.063296431099966
3274.631	0.0630261427589032
3273.214	0.0631956468176874
3271.797	0.0632157801726511
3270.38	0.0642097701997019
3268.9631	0.0639251932138213
3267.5461	0.063662544676935
3266.1291	0.0627794642692149
3264.7121	0.0643729296316727
3263.2952	0.0630995222389502
3261.8782	0.0637653678891634
3260.4612	0.0629676690329211
3259.0442	0.0627093897498633
3257.6273	0.0632040925682457
3256.2103	0.0636654735498275
3254.7933	0.0635293866954036
3253.3763	0.0628483439911552
3251.9594	0.0625517887319396
3250.5424	0.0626640088249351
3249.1254	0.0640678669601247
3247.7084	0.0624420395648738
3246.2915	0.0633517691919185
3244.8745	0.0632025144570913
3243.4575	0.0632845374932695
3242.0405	0.0634985372963754
3240.6235	0.0626946487353709
3239.2066	0.062288498187342
3237.7896	0.0629918644103494
3236.3726	0.0620937461175343
3234.9556	0.062614335817939
3233.5387	0.0622630663004346
3232.1217	0.0620470081689373
3230.7047	0.0627747988828778
3229.2877	0.0623912583018304
3227.8708	0.0620417735379231
3226.4538	0.062121449869617
3225.0368	0.0619022830362762
3223.6198	0.0614592049747899
3222.2029	0.0618825807062527
3220.7859	0.0617650397546182
3219.3689	0.0621369878601639
3217.9519	0.0613473002549483
3216.535	0.0609806912470325
3215.118	0.0613602976734953
3213.701	0.0614652612339519
3212.284	0.0609277470450098
3210.8671	0.0607171730867161
3209.4501	0.0623326204808766
3208.0331	0.060673465468277
3206.6161	0.0609507231921203
3205.1992	0.0608075136855633
3203.7822	0.0610221608140887
3202.3652	0.0607969786019432
3200.9482	0.060985695609669
3199.5313	0.0608061851106739
3198.1143	0.0604012115323389
3196.6973	0.0589432559606233
3195.2803	0.0609529226164589
3193.8633	0.0604527227772157
3192.4464	0.0607895208664581
3191.0294	0.0593105261843616
3189.6124	0.0591062514632674
3188.1954	0.0596517219824063
3186.7785	0.0596173369571796
3185.3615	0.0590890212995784
3183.9445	0.0588043403822326
3182.5275	0.060006496868157
3181.1106	0.0585701356237073
3179.6936	0.0583994486833778
3178.2766	0.0588236327870586
3176.8596	0.0586102213552866
3175.4427	0.0583966685004355
3174.0257	0.0584398886847611
3172.6087	0.0588868369725093
3171.1917	0.0574767374679896
3169.7748	0.0579927890429695
3168.3578	0.0579867440192038
3166.9408	0.057033067030954
3165.5238	0.0576071419487958
3164.1069	0.057540877991904
3162.6899	0.0572811808965493
3161.2729	0.0567243784418141
3159.8559	0.0570941436832796
3158.439	0.0565958615414641
3157.022	0.0563751785201862
3155.605	0.0565351450806936
3154.188	0.0563097397379421
3152.7711	0.0563965423435919
3151.3541	0.0556590342538415
3149.9371	0.0548786746279812
3148.5201	0.0549300353380396
3147.1031	0.0552730541366183
3145.6862	0.0542680388053387
3144.2692	0.0547312945658643
3142.8522	0.0533653444723841
3141.4352	0.0545732851282622
3140.0183	0.0543191782369182
3138.6013	0.0543558664809706
3137.1843	0.0545976950018636
3135.7673	0.0541004622819975
3134.3504	0.0533209931052269
3132.9334	0.0538599522184383
3131.5164	0.0541513894154179
3130.0994	0.0531365187064955
3128.6825	0.0537163721741114
3127.2655	0.0527478357897517
3125.8485	0.0526899843757542
3124.4315	0.0530303046832779
3123.0146	0.0525116422444254
3121.5976	0.0525266324344794
3120.1806	0.0520381142716959
3118.7636	0.0527209371860946
3117.3467	0.0522594771016627
3115.9297	0.0520443282710325
3114.5127	0.0512975091552873
3113.0957	0.0515205103253708
3111.6788	0.0506153701550196
3110.2618	0.0520396430548587
3108.8448	0.0513783194919389
3107.4278	0.050593561407829
3106.0109	0.0504560247393304
3104.5939	0.0493815958129463
3103.1769	0.0501357291731838
3101.7599	0.0504016259573557
3100.3429	0.0490920147592474
3098.926	0.0495810134750171
3097.509	0.0491440079000598
3096.092	0.0491978572945086
3094.675	0.0489953688723149
3093.2581	0.0481306430250474
3091.8411	0.0494035023455483
3090.4241	0.0487025171063983
3089.0071	0.0492173159244704
3087.5902	0.0482384598786602
3086.1732	0.0484362483646467
3084.7562	0.0487235101694589
3083.3392	0.0471363305789738
3081.9223	0.0476808436145926
3080.5053	0.0472748084370232
3079.0883	0.0470177514983392
3077.6713	0.0470296121271165
3076.2544	0.0465304401090103
3074.8374	0.0474751351270015
3073.4204	0.0468968817809595
3072.0034	0.0471361268316231
3070.5865	0.0471482083046937
3069.1695	0.0465914624296357
3067.7525	0.0461822941440007
3066.3355	0.0463569256725568
3064.9186	0.0460182888471181
3063.5016	0.0462962784045562
3062.0846	0.0462775296740554
3060.6676	0.0459064943513187
3059.2507	0.0451230327067257
3057.8337	0.0448997169206607
3056.4167	0.0450637473194609
3054.9997	0.0451197573459073
3053.5827	0.0445632147512802
3052.1658	0.0451048653994334
3050.7488	0.0441919165558812
3049.3318	0.0449464806138357
3047.9148	0.0441004984334433
3046.4979	0.0434548846953596
3045.0809	0.043260252270936
3043.6639	0.0437168961438603
3042.2469	0.0440303212824686
3040.83	0.0435839863664736
3039.413	0.0428962855694624
3037.996	0.0422861395204363
3036.579	0.0429945134591779
3035.1621	0.0427552420321167
3033.7451	0.0423661837039708
3032.3281	0.0422255737140106
3030.9111	0.041975320548992
3029.4942	0.041802272396031
3028.0772	0.0416606851922789
3026.6602	0.0415203579160453
3025.2432	0.0414742012619978
3023.8263	0.0419771056461402
3022.4093	0.0403881459740329
3020.9923	0.0414943411074184
3019.5753	0.0409890822278373
3018.1584	0.0404898647291506
3016.7414	0.0410704851435618
3015.3244	0.0411511013015556
3013.9074	0.0408936602548031
3012.4905	0.0402265127088716
3011.0735	0.040359945191417
3009.6565	0.0411222449374845
3008.2395	0.0408189346218888
3006.8225	0.0402557393406245
3005.4056	0.0400790229388479
3003.9886	0.0401002052687539
3002.5716	0.0402683943585361
3001.1546	0.0393119614574915
2999.7377	0.0397668175153114
2998.3207	0.0398450912014614
2996.9037	0.0399454041932976
2995.4867	0.0404315401156473
2994.0698	0.0404183952807659
2992.6528	0.039292477695365
2991.2358	0.0403722481241707
2989.8188	0.0400617401625875
2988.4019	0.0394505990128716
2986.9849	0.0399989803656037
2985.5679	0.0403789694733222
2984.1509	0.0403201492134572
2982.734	0.0396139184357013
2981.317	0.0400374925376548
2979.9	0.0396672269095022
2978.483	0.0409466146692582
2977.0661	0.0412268908160751
2975.6491	0.0404538415319962
2974.2321	0.0409371032242396
2972.8151	0.0418360287416187
2971.3982	0.0407242050077323
2969.9812	0.0411569727452531
2968.5642	0.0412988698548366
2967.1472	0.0419666614802914
2965.7303	0.0414955208943764
2964.3133	0.0421227851177584
2962.8963	0.0421127093017829
2961.4793	0.0422989391511553
2960.0623	0.0421635889676178
2958.6454	0.042880619315144
2957.2284	0.0427172347668857
2955.8114	0.0433448314937044
2954.3944	0.0433957128758471
2952.9775	0.0440825213028711
2951.5605	0.0439357495081275
2950.1435	0.0445484940620334
2948.7265	0.0449007671488967
2947.3096	0.0454985101131485
2945.8926	0.0451477633583561
2944.4756	0.0462381301095515
2943.0586	0.0462338189960026
2941.6417	0.0464562370263951
2940.2247	0.0462399912682325
2938.8077	0.0463976817564923
2937.3907	0.04754205274861
2935.9738	0.0479334960984639
2934.5568	0.0478344456709783
2933.1398	0.047723534884001
2931.7228	0.048875332808312
2930.3059	0.0495426781379572
2928.8889	0.0481773894558972
2927.4719	0.0484898334696299
2926.0549	0.0493716989146105
2924.638	0.0491595788846453
2923.221	0.0495792043198341
2921.804	0.0489279281820399
2920.387	0.0497612939110794
2918.9701	0.0486334856813851
2917.5531	0.0494139143746689
2916.1361	0.0500688475183711
2914.7191	0.0491377741647524
2913.3021	0.0483122923128459
2911.8852	0.0485269192230357
2910.4682	0.0481484385380539
2909.0512	0.048524456130156
2907.6342	0.0485039991019635
2906.2173	0.0476158094725954
2904.8003	0.0483626816219147
2903.3833	0.04802174829389
2901.9663	0.0478293409435384
2900.5494	0.04753526523953
2899.1324	0.0476150584860186
2897.7154	0.0478537056810293
2896.2984	0.047951195756855
2894.8815	0.0481312900236493
2893.4645	0.0484506799628188
2892.0475	0.0481907552932849
2890.6305	0.0476563997183087
2889.2136	0.047338884550599
2887.7966	0.0482187452471007
2886.3796	0.0483450878289823
2884.9626	0.0478725521195037
2883.5457	0.0484438816204253
2882.1287	0.0478158634369754
2880.7117	0.0472651722205792
2879.2947	0.0463654758502064
2877.8778	0.0468973586421212
2876.4608	0.0470649309033557
2875.0438	0.0465393812876706
2873.6268	0.0463942729669328
2872.2099	0.0456494781752505
2870.7929	0.0455778605480929
2869.3759	0.0460388894990685
2867.9589	0.0461362399141851
2866.5419	0.0449938773667537
2865.125	0.0455664719645606
2863.708	0.0446392774982662
2862.291	0.0438775085052473
2860.874	0.0444306346841971
2859.4571	0.0449631493903533
2858.0401	0.0439752248651813
2856.6231	0.0430749379635399
2855.2061	0.0446501777212457
2853.7892	0.0450113546986758
2852.3722	0.0433640915756286
2850.9552	0.0435948777860567
2849.5382	0.043000217658763
2848.1213	0.0426947808219309
2846.7043	0.0436515374584783
2845.2873	0.0430263287766942
2843.8703	0.0430760712273115
2842.4534	0.0426070064320084
2841.0364	0.0423047937341843
2839.6194	0.0425421775265388
2838.2024	0.042023193335135
2836.7855	0.0417793907512028
2835.3685	0.0421210039992919
2833.9515	0.0420355626487993
2832.5345	0.0410314812688387
2831.1176	0.0416901697942633
2829.7006	0.0403900109763494
2828.2836	0.0409057017325393
2826.8666	0.0405116628147011
2825.4497	0.0402804406177412
2824.0327	0.0408913777060806
2822.6157	0.0399406765618891
2821.1987	0.0410907170412123
2819.7817	0.0396468102432424
2818.3648	0.0399547452614724
2816.9478	0.0400029266804134
2815.5308	0.0395025332506851
2814.1138	0.0393970100998571
2812.6969	0.0399026244048997
2811.2799	0.0395721074213129
2809.8629	0.0398344349284837
2808.4459	0.0398808898494488
2807.029	0.0396919217270734
2805.612	0.0388230279995122
2804.195	0.0393106248968441
2802.778	0.0386423280430955
2801.3611	0.0384975815938787
2799.9441	0.0381203565088465
2798.5271	0.0381895240714619
2797.1101	0.0392729830872818
2795.6932	0.0374463651278046
2794.2762	0.0387706992537062
2792.8592	0.0376643029595884
2791.4422	0.0379983484323922
2790.0253	0.037799809353912
2788.6083	0.0384445815384379
2787.1913	0.03846257668777
2785.7743	0.037521451975728
2784.3574	0.0378688564808891
2782.9404	0.0380985585733779
2781.5234	0.0383627886895315
2780.1064	0.0373952685159627
2778.6895	0.0382832322873566
2777.2725	0.0370911100386097
2775.8555	0.038070488683345
2774.4385	0.0375254438780071
2773.0215	0.0370611308222665
2771.6046	0.0369402997468713
2770.1876	0.0382097203717739
2768.7706	0.037247967646885
2767.3536	0.0373967883340033
2765.9367	0.0373182592567374
2764.5197	0.0369602175804545
2763.1027	0.037375288919746
2761.6857	0.0372979296617134
2760.2688	0.0371520947417785
2758.8518	0.0378084130899957
2757.4348	0.0370744242173976
2756.0178	0.0374511291292058
2754.6009	0.0368189371576151
2753.1839	0.0366795256173307
2751.7669	0.0370076949761299
2750.3499	0.0365337693237797
2748.933	0.0366940241295003
2747.516	0.0366181775409697
2746.099	0.0373344380578499
2744.682	0.0372362555115655
2743.2651	0.0363396959668781
2741.8481	0.0375527029238443
2740.4311	0.0364348643462619
2739.0141	0.0367541262515445
2737.5972	0.0367305297375335
2736.1802	0.0360978018256674
2734.7632	0.0360798683805847
2733.3462	0.0359267448053512
2731.9293	0.036672499964719
2730.5123	0.0364977437604277
2729.0953	0.0363487516749134
2727.6783	0.035979903868536
2726.2613	0.0369551126519905
2724.8444	0.0363402015185796
2723.4274	0.0367556787748481
2722.0104	0.0362567288422481
2720.5934	0.0357508507966409
2719.1765	0.0357842615480235
2717.7595	0.0365997644236638
2716.3425	0.0361225829608756
2714.9255	0.03596414012482
2713.5086	0.0362490649138922
2712.0916	0.0363156428736331
2710.6746	0.0357492926562446
2709.2576	0.0353218409317703
2707.8407	0.0355741261580898
2706.4237	0.0365039856446052
2705.0067	0.0363331653506577
2703.5897	0.0359260938331442
2702.1728	0.0361303873025216
2700.7558	0.0352369371141474
2699.3388	0.0356302545978768
2697.9218	0.0359264745203226
2696.5049	0.0356600026874943
2695.0879	0.0363150169907259
2693.6709	0.0358467473782427
2692.2539	0.0357978600253872
2690.837	0.0348468720275293
2689.42	0.0350422880048178
2688.003	0.0345309019132916
2686.586	0.0351497867559895
2685.1691	0.0356549805622953
2683.7521	0.035665293758977
2682.3351	0.0362927494451685
2680.9181	0.0350812107506163
2679.5011	0.03513885095654
2678.0842	0.0351211562344698
2676.6672	0.0355532391708527
2675.2502	0.0357209211103547
2673.8332	0.0343013405452763
2672.4163	0.0344448806160434
2670.9993	0.0343040584263249
2669.5823	0.0346899418375384
2668.1653	0.0340676282926365
2666.7484	0.034585666727542
2665.3314	0.0346676832177086
2663.9144	0.0345211763418058
2662.4974	0.0342774879897944
2661.0805	0.0354382101095937
2659.6635	0.0348885975701218
2658.2465	0.0349420582148262
2656.8295	0.0345736245854274
2655.4126	0.0343433894171765
2653.9956	0.0343553978965479
2652.5786	0.0342183834222127
2651.1616	0.0346965499306351
2649.7447	0.0346809523365584
2648.3277	0.0344871728999692
2646.9107	0.034892746389364
2645.4937	0.0346454643587207
2644.0768	0.0341639720946819
2642.6598	0.0346008614438982
2641.2428	0.0344581508054858
2639.8258	0.0349690085306444
2638.4089	0.0347493906223799
2636.9919	0.0341407682537758
2635.5749	0.0349397859504198
2634.1579	0.0340625638534261
2632.741	0.0336436048347961
2631.324	0.0346434986377443
2629.907	0.0335795041230058
2628.49	0.0343020448740696
2627.073	0.0333900508417116
2625.6561	0.0331304697397971
2624.2391	0.0334593038918895
2622.8221	0.032766214483508
2621.4051	0.0330352138909457
2619.9882	0.0330583987416576
2618.5712	0.0335512340486589
2617.1542	0.0332851002552572
2615.7372	0.0330772929739769
2614.3203	0.0333110271560719
2612.9033	0.0326430983171651
2611.4863	0.0331886005897829
2610.0693	0.0329708060236684
2608.6524	0.0331951364914314
2607.2354	0.0328685665408511
2605.8184	0.033416652137849
2604.4014	0.0327985431306435
2602.9845	0.0328246531554395
2601.5675	0.0325009540756291
2600.1505	0.032535292361074
2598.7335	0.0331114102940811
2597.3166	0.0323503536459257
2595.8996	0.031563394698098
2594.4826	0.0329888240553594
2593.0656	0.0328169387244134
2591.6487	0.032691856846405
2590.2317	0.0326975783461005
2588.8147	0.0320763606648315
2587.3977	0.0329056500067391
2585.9808	0.0327140359684218
2584.5638	0.0327181442513885
2583.1468	0.0324883729665059
2581.7298	0.0313273487463327
2580.3128	0.0316431259775272
2578.8959	0.0323281342319425
2577.4789	0.0316910291433487
2576.0619	0.0320579681165947
2574.6449	0.0326774248098009
2573.228	0.0323890099455823
2571.811	0.031873275179506
2570.394	0.0318651910715655
2568.977	0.0324605470833874
2567.5601	0.0317732484926981
2566.1431	0.0314460866216663
2564.7261	0.0322924444349091
2563.3091	0.0318808597922193
2561.8922	0.0321486950915106
2560.4752	0.0313749451960677
2559.0582	0.0311721629278153
2557.6412	0.0314282212203858
2556.2243	0.0321586863907258
2554.8073	0.0314102566189656
2553.3903	0.0308729908690177
2551.9733	0.0308703462151952
2550.5564	0.0310156317146106
2549.1394	0.0309331869730732
2547.7224	0.0310702262146539
2546.3054	0.0312837685178546
2544.8885	0.0308793119987085
2543.4715	0.0314620238441549
2542.0545	0.0317711438054827
2540.6375	0.0309748153306592
2539.2206	0.0305893052731774
2537.8036	0.0309807668080202
2536.3866	0.0305947899599383
2534.9696	0.0315258011605499
2533.5526	0.0316547164290102
2532.1357	0.0314356733351292
2530.7187	0.030835282754158
2529.3017	0.0304850497901941
2527.8847	0.0309703211536437
2526.4678	0.0306382852413897
2525.0508	0.030258759412996
2523.6338	0.031142737661804
2522.2168	0.0308502512859968
2520.7999	0.0307729530813043
2519.3829	0.0306815839963315
2517.9659	0.0308776278439409
2516.5489	0.0298674146545986
2515.132	0.0308389223554839
2513.715	0.0304416292083175
2512.298	0.0301836570304346
2510.881	0.0307234724128249
2509.4641	0.0300723936478823
2508.0471	0.0308766730567454
2506.6301	0.0310587776258258
2505.2131	0.0307630234947533
2503.7962	0.0308806678253277
2502.3792	0.0306267034212426
2500.9622	0.0303338689470632
2499.5452	0.0307115543314027
2498.1283	0.0301744322784528
2496.7113	0.030142528708841
2495.2943	0.0295497439256899
2493.8773	0.0299766065138837
2492.4604	0.0298093965074615
2491.0434	0.0305121367927363
2489.6264	0.0295653939032161
2488.2094	0.0311741807670319
2486.7924	0.0304777979337662
2485.3755	0.030232681577207
2483.9585	0.0306876818008678
2482.5415	0.0297565753153303
2481.1245	0.0299507501618676
2479.7076	0.0299460676435329
2478.2906	0.0296724140399105
2476.8736	0.0297160614489856
2475.4566	0.0294297020390664
2474.0397	0.0297116920543905
2472.6227	0.0295941935260721
2471.2057	0.0302221831624935
2469.7887	0.0303401280563116
2468.3718	0.0298781829300132
2466.9548	0.0302488168723784
2465.5378	0.0297482801728331
2464.1208	0.0307001472606726
2462.7039	0.0301025274257609
2461.2869	0.0300576324352759
2459.8699	0.0302556405017984
2458.4529	0.0304646556034384
2457.036	0.0304987186168501
2455.619	0.0304001000250658
2454.202	0.0302165407426909
2452.785	0.0308322527504489
2451.3681	0.0302586536877197
2449.9511	0.0294486240355426
2448.5341	0.0284945725598616
2447.1171	0.0297285927356957
2445.7002	0.0297935108043485
2444.2832	0.0295933835624851
2442.8662	0.0294741317105532
2441.4492	0.0295026683704649
2440.0322	0.0296504764408002
2438.6153	0.0299583750449323
2437.1983	0.0284627304545372
2435.7813	0.0289241255647659
2434.3643	0.0286039578621338
2432.9474	0.0290563673287515
2431.5304	0.029340915672047
2430.1134	0.0288391607592268
2428.6964	0.0286301842101814
2427.2795	0.0289822628774755
2425.8625	0.0293558321387752
2424.4455	0.0280555181921428
2423.0285	0.0291210874100363
2421.6116	0.0293165229783337
2420.1946	0.0292628347771286
2418.7776	0.0290292528992201
2417.3606	0.0296466269776107
2415.9437	0.0282581488012226
2414.5267	0.0282754260385896
2413.1097	0.0295272043622084
2411.6927	0.0287298320428886
2410.2758	0.0286843131084781
2408.8588	0.0287243707162321
2407.4418	0.0287229260354027
2406.0248	0.0280762994691422
2404.6079	0.0278177125200987
2403.1909	0.0282619888879114
2401.7739	0.0295996983230239
2400.3569	0.0290798503069497
2398.94	0.0296090921516045
2397.523	0.0287111250090567
2396.106	0.0284893987074884
2394.689	0.0287597582382196
2393.272	0.0288050674388312
2391.8551	0.0279769173013937
2390.4381	0.0284399016273722
2389.0211	0.0286787156872869
2387.6041	0.0289746247367188
2386.1872	0.0282959037109528
2384.7702	0.0285712102198205
2383.3532	0.028893456892306
2381.9362	0.0288140632233772
2380.5193	0.0279348543875549
2379.1023	0.0284092268222006
2377.6853	0.0279306210672139
2376.2683	0.0288491673562728
2374.8514	0.0278683674123743
2373.4344	0.0279707986169152
2372.0174	0.0280391922504012
2370.6004	0.0280952311448826
2369.1835	0.0277678582453157
2367.7665	0.0270654236796795
2366.3495	0.0288679689761023
2364.9325	0.0279749966787213
2363.5156	0.0277931525980791
2362.0986	0.0285987115537064
2360.6816	0.0290058366270008
2359.2646	0.0285332432695191
2357.8477	0.0286111101311187
2356.4307	0.0281985033672732
2355.0137	0.0282333347517373
2353.5967	0.0277128084719194
2352.1798	0.0274658611578243
2350.7628	0.0284109584380933
2349.3458	0.0285233640555444
2347.9288	0.0278584691983702
2346.5118	0.0278308377330623
2345.0949	0.0280048562084233
2343.6779	0.0273878724004152
2342.2609	0.0278590968866005
2340.8439	0.0276386496056944
2339.427	0.0277553434236518
2338.01	0.0279876616454751
2336.593	0.0269087838790889
2335.176	0.0278528096326679
2333.7591	0.0283124572164218
2332.3421	0.0280106606547881
2330.9251	0.0283620532737887
2329.5081	0.0274905399227829
2328.0912	0.0286744597649339
2326.6742	0.0274956591984504
2325.2572	0.0285496520142991
2323.8402	0.0289740807044233
2322.4233	0.0293898713868544
2321.0063	0.0283938140613957
2319.5893	0.0282335358697537
2318.1723	0.0274487206848191
2316.7554	0.0282598505132674
2315.3384	0.0274541107296925
2313.9214	0.0278578772627363
2312.5044	0.0286593545573008
2311.0875	0.0282595605126331
2309.6705	0.0278234446563803
2308.2535	0.0280341942388831
2306.8365	0.0285495023385067
2305.4196	0.0275699709604724
2304.0026	0.0282536329772467
2302.5856	0.0277103256932745
2301.1686	0.027868195943709
2299.7516	0.0280681085121039
2298.3347	0.0281616710905762
2296.9177	0.0285517979459776
2295.5007	0.0285997090404606
2294.0837	0.0280719505008761
2292.6668	0.0280974879715744
2291.2498	0.0277854569884907
2289.8328	0.0281042258171466
2288.4158	0.0273726700214966
2286.9989	0.0278355626331119
2285.5819	0.0276904603805771
2284.1649	0.0281826766854978
2282.7479	0.028855784916874
2281.331	0.0281907172414696
2279.914	0.0280436350232058
2278.497	0.0267787209525123
2277.08	0.0275196168644151
2275.6631	0.0277325169806062
2274.2461	0.0276587292195866
2272.8291	0.0282064456640811
2271.4121	0.0278030669550018
2269.9952	0.0273106536065908
2268.5782	0.0272466783243193
2267.1612	0.0273162675907695
2265.7442	0.0274721719095919
2264.3273	0.0266418641015388
2262.9103	0.02656063095167
2261.4933	0.0273414522454684
2260.0763	0.0266612162252119
2258.6594	0.0273432042451318
2257.2424	0.0277461597956211
2255.8254	0.0271367429091833
2254.4084	0.0269626605260147
2252.9914	0.0271409964931875
2251.5745	0.0267943242244744
2250.1575	0.0275550986080774
2248.7405	0.0270869703428067
2247.3235	0.027487240006843
2245.9066	0.0267811875504552
2244.4896	0.026853603189184
2243.0726	0.026389743195609
2241.6556	0.0275178632394078
2240.2387	0.0258788128421717
2238.8217	0.0274460055896113
2237.4047	0.0273686702059315
2235.9877	0.0272694408218468
2234.5708	0.0270428506520016
2233.1538	0.0274175055328534
2231.7368	0.0271678315825735
2230.3198	0.0280796866601687
2228.9029	0.0278894114631042
2227.4859	0.0272612535390238
2226.0689	0.0268462093665988
2224.6519	0.026678487659069
2223.235	0.026453771513783
2221.818	0.026661993000895
2220.401	0.0257343034066854
2218.984	0.0267426114229907
2217.5671	0.0272048390384839
2216.1501	0.0273101996542825
2214.7331	0.0267364085842453
2213.3161	0.0258659679223785
2211.8992	0.0266998638860617
2210.4822	0.027127900667418
2209.0652	0.0272754678197833
2207.6482	0.0267375111671583
2206.2312	0.0275117906288407
2204.8143	0.0273525483477806
2203.3973	0.0279932112780567
2201.9803	0.0266039341914606
2200.5633	0.0279165877435297
2199.1464	0.0281712981416933
2197.7294	0.0275437961384626
2196.3124	0.0284777986036215
2194.8954	0.0281559243287817
2193.4785	0.0280336981493729
2192.0615	0.0279918547212055
2190.6445	0.0270301839778097
2189.2275	0.0277738999383972
2187.8106	0.0274247403169346
2186.3936	0.0266536896753813
2184.9766	0.0262970076103146
2183.5596	0.0272342392859934
2182.1427	0.0267590143631933
2180.7257	0.0256179786756149
2179.3087	0.0264147209975046
2177.8917	0.0266891879587238
2176.4748	0.0265439521569001
2175.0578	0.025909736102866
2173.6408	0.0260627832585864
2172.2238	0.0262016080424216
2170.8069	0.0274988522651197
2169.3899	0.0275315474408864
2167.9729	0.0274626713254332
2166.5559	0.0277309719900146
2165.139	0.0267741590010808
2163.722	0.0278041825893273
2162.305	0.0278669401727176
2160.888	0.0278369030066757
2159.471	0.0267166522416712
2158.0541	0.0244474802262496
2156.6371	0.0250494657108404
2155.2201	0.0244969800157409
2153.8031	0.0245023802582505
2152.3862	0.0245270465444718
2150.9692	0.0239455875747185
2149.5522	0.023697010967403
2148.1352	0.0237798340607084
2146.7183	0.0240166862968024
2145.3013	0.0247638432226077
2143.8843	0.0256425124971074
2142.4673	0.0249461508030658
2141.0504	0.0245267280355931
2139.6334	0.0246904624446789
2138.2164	0.0241839873161886
2136.7994	0.0242627711366928
2135.3825	0.0249811645250194
2133.9655	0.0247094137689943
2132.5485	0.0251319063920523
2131.1315	0.0258815749187553
2129.7146	0.0253259293401596
2128.2976	0.025192302003404
2126.8806	0.0262506698661817
2125.4636	0.0261145022711598
2124.0467	0.0256007528281105
2122.6297	0.0261711921085479
2121.2127	0.0252202119581343
2119.7957	0.0253081819650429
2118.3788	0.0257579466437365
2116.9618	0.0268576902133133
2115.5448	0.0265196117627006
2114.1278	0.0262239720997854
2112.7108	0.0271767951905597
2111.2939	0.0260857109569137
2109.8769	0.026472673954733
2108.4599	0.026006506153837
2107.0429	0.0254006158803267
2105.626	0.0257205005194272
2104.209	0.0263453761428824
2102.792	0.0257678652814308
2101.375	0.0251902019399245
2099.9581	0.0260969259009654
2098.5411	0.0268609020992378
2097.1241	0.025377034439768
2095.7071	0.0252177875075158
2094.2902	0.0244824531710285
2092.8732	0.0252518337073864
2091.4562	0.025507164275538
2090.0392	0.0255651841566064
2088.6223	0.0261877934165991
2087.2053	0.0256851426312462
2085.7883	0.0260358170374671
2084.3713	0.0259101533019496
2082.9544	0.0257998322139337
2081.5374	0.0264454338987206
2080.1204	0.0258564160683043
2078.7034	0.0260813100748932
2077.2865	0.0256695906659905
2075.8695	0.0261528992861609
2074.4525	0.0260175762312486
2073.0355	0.0252847376269801
2071.6186	0.0257785402571696
2070.2016	0.0248435812636703
2068.7846	0.025314817911057
2067.3676	0.025041149535889
2065.9506	0.0253404630357447
2064.5337	0.0260573379621662
2063.1167	0.0259931996689336
2061.6997	0.02504483114527
2060.2827	0.0248899163585244
2058.8658	0.0256590587128533
2057.4488	0.0254643365017746
2056.0318	0.0260441543607873
2054.6148	0.0266290268937649
2053.1979	0.0271311856749893
2051.7809	0.0268363060950897
2050.3639	0.0263728402308706
2048.9469	0.0265375547666422
2047.53	0.0259436923341987
2046.113	0.0256161965305134
2044.696	0.0245808222918611
2043.279	0.0250778800798308
2041.8621	0.0253793782327583
2040.4451	0.0251200024926055
2039.0281	0.0245041250299484
2037.6111	0.0253939471679569
2036.1942	0.0258514535567088
2034.7772	0.0257167459295586
2033.3602	0.0257064725086259
2031.9432	0.0257376275947528
2030.5263	0.0255219882698163
2029.1093	0.0255047270892818
2027.6923	0.0256226783043566
2026.2753	0.0252114771081649
2024.8584	0.0251116923274269
2023.4414	0.0257402834990152
2022.0244	0.0247109496914236
2020.6074	0.0243402316136973
2019.1904	0.0230832491401021
2017.7735	0.0225845000295783
2016.3565	0.0222423461576642
2014.9395	0.022348186247975
2013.5225	0.0232071946409533
2012.1056	0.0237151961826508
2010.6886	0.0240403702074314
2009.2716	0.023499008322296
2007.8546	0.0228668584122714
2006.4377	0.021982540028039
2005.0207	0.0226466022065592
2003.6037	0.0231071570661223
2002.1867	0.0233572786077733
2000.7698	0.0230237167250773
1999.3528	0.0237837292701253
1997.9358	0.0231294267836461
1996.5188	0.0237890744528153
1995.1019	0.0232021985226157
1993.6849	0.0236210113447427
1992.2679	0.0232314487500018
1990.8509	0.0219657294816279
1989.434	0.0226549350218689
1988.017	0.0224427668189597
1986.6	0.0236485070256873
1985.183	0.0232655821433146
1983.7661	0.0223220408804117
1982.3491	0.0232901721515372
1980.9321	0.0235782370148649
1979.5151	0.023956414578701
1978.0982	0.0246576406274677
1976.6812	0.0244913645889211
1975.2642	0.0244962606609436
1973.8472	0.0225387349537922
1972.4302	0.0226960692571912
1971.0133	0.0232433331147889
1969.5963	0.0217727854630495
1968.1793	0.0225304663287668
1966.7623	0.0219886980202855
1965.3454	0.0226151038029916
1963.9284	0.0223423030218284
1962.5114	0.0220099547343121
1961.0944	0.0219238036026742
1959.6775	0.0217466463630117
1958.2605	0.0228332429892371
1956.8435	0.0232883586664117
1955.4265	0.0218251110419704
1954.0096	0.0222347716690513
1952.5926	0.0227042202248418
1951.1756	0.0228876320753195
1949.7586	0.0227272956372686
1948.3417	0.0234073913013106
1946.9247	0.0227280377170879
1945.5077	0.0233246418418909
1944.0907	0.0225495487819157
1942.6738	0.022611563382492
1941.2568	0.0229100860131101
1939.8398	0.023556358522788
1938.4228	0.0232438715017717
1937.0059	0.0232993280199
1935.5889	0.0234842547705006
1934.1719	0.0237534813206229
1932.7549	0.022960282437019
1931.338	0.0226693667963139
1929.921	0.0238595461981631
1928.504	0.0217997898211963
1927.087	0.0235317553612197
1925.67	0.023239281188834
1924.2531	0.0235145426590196
1922.8361	0.0239095213384286
1921.4191	0.0244680937821437
1920.0021	0.0238699084642192
1918.5852	0.0240884958155134
1917.1682	0.0236549057108697
1915.7512	0.0237813293535638
1914.3342	0.0226187587600941
1912.9173	0.0243677241486838
1911.5003	0.0232676959827019
1910.0833	0.0236809375955137
1908.6663	0.0237271653747156
1907.2494	0.0233039599303313
1905.8324	0.0227518559424211
1904.4154	0.0244765114016656
1902.9984	0.0229934622227607
1901.5815	0.0231581353448203
1900.1645	0.0241155185353236
1898.7475	0.0236214988526574
1897.3305	0.023754773553378
1895.9136	0.0229150703633193
1894.4966	0.0234406789912825
1893.0796	0.0233898837959112
1891.6626	0.0235199108710685
1890.2457	0.0232031123437431
1888.8287	0.0241114948144294
1887.4117	0.0237536818022667
1885.9947	0.0240066188055802
1884.5778	0.0232158941692595
1883.1608	0.0227075681815086
1881.7438	0.0231220285410448
1880.3268	0.0231401682270557
1878.9098	0.022907759243779
1877.4929	0.0226778747401306
1876.0759	0.023320506483602
1874.6589	0.0228487771358719
1873.2419	0.0219239077375562
1871.825	0.023348426383535
1870.408	0.0232532644821766
1868.991	0.0231818585847817
1867.574	0.0229105586284927
1866.1571	0.0233190444304145
1864.7401	0.023087108732576
1863.3231	0.0227247718340063
1861.9061	0.0239268863125046
1860.4892	0.023369773191784
1859.0722	0.0242038096098256
1857.6552	0.0231223385330106
1856.2382	0.0241883079837094
1854.8213	0.0229346576724797
1853.4043	0.0231622808304382
1851.9873	0.0237653464765636
1850.5703	0.0236874101078594
1849.1534	0.023196107141585
1847.7364	0.02338595016774
1846.3194	0.0241074212936439
1844.9024	0.0229275921023697
1843.4855	0.0230111068237032
1842.0685	0.0236111148117857
1840.6515	0.0234889294505579
1839.2345	0.0225793533650076
1837.8176	0.0224347954855014
1836.4006	0.0226350739370564
1834.9836	0.0225003922703808
1833.5666	0.0229409447349264
1832.1496	0.0224807753450976
1830.7327	0.0226917384065034
1829.3157	0.0230121032332436
1827.8987	0.0224681283163716
1826.4817	0.0225077324431983
1825.0648	0.0225253624957498
1823.6478	0.0227676372390926
1822.2308	0.0233889848175559
1820.8138	0.0231381837595926
1819.3969	0.0224331702128047
1817.9799	0.0223996233550823
1816.5629	0.0220775944608931
1815.1459	0.0223697857598756
1813.729	0.0224894792404107
1812.312	0.0223964145332889
1810.895	0.0227513050225865
1809.478	0.0225874252118065
1808.0611	0.0229106745958623
1806.6441	0.0237875806208248
1805.2271	0.0222978841723487
1803.8101	0.0220909017089063
1802.3932	0.0223704948414749
1800.9762	0.0227736509716681
1799.5592	0.0221629508548436
1798.1422	0.0224055752452549
1796.7253	0.0224981316245976
1795.3083	0.0221807112466762
1793.8913	0.0225847302714936
1792.4743	0.0230431754100206
1791.0574	0.0228595128001477
1789.6404	0.0224829468408279
1788.2234	0.0226619613789977
1786.8064	0.022959635456329
1785.3894	0.0229948854088159
1783.9725	0.023008952427229
1782.5555	0.0232407601069863
1781.1385	0.0225485191298324
1779.7215	0.0224288429379637
1778.3046	0.022162222241671
1776.8876	0.0230094704076112
1775.4706	0.0233129176627968
1774.0536	0.022950706142627
1772.6367	0.0227857849851385
1771.2197	0.0235901415084156
1769.8027	0.0227896474780537
1768.3857	0.0223528766806604
1766.9688	0.0226429306592135
1765.5518	0.0223647632599752
1764.1348	0.023697401057596
1762.7178	0.0226754700061314
1761.3009	0.0236162877617623
1759.8839	0.0237700183684327
1758.4669	0.023654028185085
1757.0499	0.0236203610508203
1755.633	0.0241823844886699
1754.216	0.0240094768412291
1752.799	0.0237047821280032
1751.382	0.0225116539482961
1749.9651	0.0236562031688703
1748.5481	0.0241604114757487
1747.1311	0.0241539547606559
1745.7141	0.0243892686871877
1744.2972	0.0237049892771952
1742.8802	0.023969097853512
1741.4632	0.0250369923677886
1740.0462	0.0245814426614369
1738.6292	0.0246762083073542
1737.2123	0.0255228055796332
1735.7953	0.025400972834679
1734.3783	0.0252523086987704
1732.9613	0.0258345995328871
1731.5444	0.0261659615913901
1730.1274	0.0261409626184299
1728.7104	0.0259634382932978
1727.2934	0.0271845701102863
1725.8765	0.0271123249037376
1724.4595	0.0262718056516714
1723.0425	0.0264552548157701
1721.6255	0.0272787345004365
1720.2086	0.0273964229172337
1718.7916	0.0276925173617783
1717.3746	0.0280010566012455
1715.9576	0.0274822544627728
1714.5407	0.0275298602001059
1713.1237	0.0286005363998807
1711.7067	0.0295635907365873
1710.2897	0.0281622594096136
1708.8728	0.0286018597452408
1707.4558	0.028869259863849
1706.0388	0.0289500130240581
1704.6218	0.0292001372649655
1703.2049	0.0296195307665673
1701.7879	0.0294527679101651
1700.3709	0.0298052147305887
1698.9539	0.0304744828375865
1697.537	0.0304740294122773
1696.12	0.0302270461580161
1694.703	0.0304511749843201
1693.286	0.0308085959176871
1691.869	0.0306760590001725
1690.4521	0.0310188877146788
1689.0351	0.0312959965423614
1687.6181	0.0314712154851233
1686.2011	0.0309661114159177
1684.7842	0.0312538508971451
1683.3672	0.0322124164507192
1681.9502	0.0322841989786195
1680.5332	0.0312536507170679
1679.1163	0.0315813154566818
1677.6993	0.0318484886086593
1676.2823	0.0322926690977458
1674.8653	0.0318479334435484
1673.4484	0.0319225975463662
1672.0314	0.0325878513498174
1670.6144	0.0327401488191785
1669.1974	0.0323138069032539
1667.7805	0.0330739382946955
1666.3635	0.0329216960997074
1664.9465	0.0325574733957671
1663.5295	0.0336002122596281
1662.1126	0.0331590222967603
1660.6956	0.0343853756696919
1659.2786	0.0335372155427742
1657.8616	0.0338256310694347
1656.4447	0.0344179972395419
1655.0277	0.0343806296604057
1653.6107	0.0346191985507581
1652.1937	0.0361072579820635
1650.7768	0.0357891846933869
1649.3598	0.0362092410494935
1647.9428	0.0362270123238636
1646.5258	0.0373693705536264
1645.1088	0.0374648076953636
1643.6919	0.038527760509923
1642.2749	0.0375161697753289
1640.8579	0.03865299800389
1639.4409	0.0392471391084548
1638.024	0.0404688049281054
1636.607	0.0406761348319758
1635.19	0.0410470501154896
1633.773	0.043425984478507
1632.3561	0.0418651941884461
1630.9391	0.043535056744334
1629.5221	0.0434277000155467
1628.1051	0.0429860694204319
1626.6882	0.0438586954932594
1625.2712	0.044372829583076
1623.8542	0.0445838476486883
1622.4372	0.0453250509525489
1621.0203	0.045204477983408
1619.6033	0.0454639112615772
1618.1863	0.0461606716970476
1616.7693	0.0458553569994736
1615.3524	0.0463693327663575
1613.9354	0.0460489310481393
1612.5184	0.0465200348330754
1611.1014	0.0470423736492531
1609.6845	0.0478597616520462
1608.2675	0.0489044368983113
1606.8505	0.0496781476770096
1605.4335	0.0497924993259779
1604.0166	0.0505996349689204
1602.5996	0.0501249741465265
1601.1826	0.0505953697022535
1599.7656	0.050495772790137
1598.3486	0.0507567916740462
1596.9317	0.0508151859870514
1595.5147	0.0505044905468269
1594.0977	0.0499089420786207
1592.6807	0.0491500495899078
1591.2638	0.0497053482009294
1589.8468	0.0488495705322255
1588.4298	0.0483198830948087
1587.0128	0.0485751046057281
1585.5959	0.0470178583711373
1584.1789	0.0475339958682163
1582.7619	0.0468357829802674
1581.3449	0.0456530100754305
1579.928	0.0454554509187731
1578.511	0.04509142764599
1577.094	0.044722573976988
1575.677	0.0437561182651739
1574.2601	0.0431821148039476
1572.8431	0.0424658665505409
1571.4261	0.0429033042593961
1570.0091	0.0426082054026727
1568.5922	0.0421919852593377
1567.1752	0.040784703616647
1565.7582	0.0402957740601337
1564.3412	0.0396233465314289
1562.9243	0.0392204472634527
1561.5073	0.0395345524795603
1560.0903	0.0381855481374411
1558.6733	0.0377417838145127
1557.2564	0.0366587034568713
1555.8394	0.0356422946146992
1554.4224	0.0343822724973254
1553.0054	0.0352715925902637
1551.5885	0.0347148156951462
1550.1715	0.0349821956421263
1548.7545	0.0333686739716246
1547.3375	0.0336794405574847
1545.9205	0.032487106941825
1544.5036	0.0318193444784289
1543.0866	0.0328431278536277
1541.6696	0.0326727803518871
1540.2526	0.0324157302862739
1538.8357	0.0318671144809456
1537.4187	0.0320472400435177
1536.0017	0.030949406652366
1534.5847	0.0316066172260123
1533.1678	0.0308104216468838
1531.7508	0.0312265691976641
1530.3338	0.0321465058969307
1528.9168	0.0312977887199839
1527.4999	0.0316151932781301
1526.0829	0.0307233513548413
1524.6659	0.032158698768411
1523.2489	0.0322525203822019
1521.832	0.033771827330379
1520.415	0.0349422837039839
1518.998	0.0359326323555169
1517.581	0.0362581257574892
1516.1641	0.036694138922906
1514.7471	0.0377137090231119
1513.3301	0.0380697232087631
1511.9131	0.0387999716701873
1510.4962	0.0396145360074384
1509.0792	0.0398247675350735
1507.6622	0.0400639806453991
1506.2452	0.0389171369622373
1504.8283	0.0396402545393069
1503.4113	0.0382561561250389
1501.9943	0.0376960041177823
1500.5773	0.03697401805423
1499.1603	0.0361753096071396
1497.7434	0.0347732981894354
1496.3264	0.0339578708693193
1494.9094	0.0341622714581767
1493.4924	0.0333500428634921
1492.0755	0.03236907750149
1490.6585	0.0322591891083661
1489.2415	0.0322600412645885
1487.8245	0.0325838474306568
1486.4076	0.033775164183303
1484.9906	0.0339099614979999
1483.5736	0.0339623451065188
1482.1566	0.034652747076293
1480.7397	0.0358411197457882
1479.3227	0.036087842695526
1477.9057	0.0352558054876139
1476.4887	0.0359900981328383
1475.0718	0.035700554913281
1473.6548	0.0361847771415953
1472.2378	0.0373934790644443
1470.8208	0.0368139679704091
1469.4039	0.038107310654186
1467.9869	0.0394968594661228
1466.5699	0.040077179119742
1465.1529	0.0409132346955593
1463.736	0.0412244162748778
1462.319	0.0422997411380261
1460.902	0.0430383700335846
1459.485	0.044147960002887
1458.0681	0.0448405176028719
1456.6511	0.045006630257411
1455.2341	0.045306044243667
1453.8171	0.0451762691830989
1452.4001	0.0468156282138346
1450.9832	0.0459513182540145
1449.5662	0.045916546764599
1448.1492	0.0461723000471741
1446.7322	0.0464648520233317
1445.3153	0.0462761210102963
1443.8983	0.0467129290127279
1442.4813	0.0459796727358436
1441.0643	0.0460755257905181
1439.6474	0.0465499202738186
1438.2304	0.0461447075098637
1436.8134	0.0473051356427451
1435.3964	0.0469248845298812
1433.9795	0.0475668393531337
1432.5625	0.0477992655530407
1431.1455	0.0488914375976084
1429.7285	0.0496356170962039
1428.3116	0.0499106946818292
1426.8946	0.0507775032102191
1425.4776	0.0504366424199944
1424.0606	0.051222766099608
1422.6437	0.0510479244468274
1421.2267	0.051417625059502
1419.8097	0.0517902359187098
1418.3927	0.0526086563147009
1416.9758	0.0523644266055736
1415.5588	0.0518979185297224
1414.1418	0.0519653180225581
1412.7248	0.0522457743043123
1411.3079	0.0531585176413401
1409.8909	0.0530626713786619
1408.4739	0.0528727381444813
1407.0569	0.0530892826232623
1405.6399	0.0537136027639126
1404.223	0.0536400944216768
1402.806	0.0528128934548915
1401.389	0.0527537061414732
1399.972	0.0529966476974761
1398.5551	0.0529458605394402
1397.1381	0.0536460332259005
1395.7211	0.0531387347398768
1394.3041	0.0544617449447859
1392.8872	0.0535631714724233
1391.4702	0.0550772974389818
1390.0532	0.0550410189269972
1388.6362	0.0561869299886792
1387.2193	0.0560588143782413
1385.8023	0.0567777701642162
1384.3853	0.0564981738478319
1382.9683	0.0570322550140393
1381.5514	0.0574451900934236
1380.1344	0.0566247751002811
1378.7174	0.0568909455374669
1377.3004	0.0561152585506111
1375.8835	0.057052793746752
1374.4665	0.0558885142616031
1373.0495	0.056736244586128
1371.6325	0.0571181291732892
1370.2156	0.0577294139762961
1368.7986	0.0582044734858427
1367.3816	0.0585523453696628
1365.9646	0.0598951696068332
1364.5477	0.060112583214964
1363.1307	0.0598672648383585
1361.7137	0.0602514125196457
1360.2967	0.0594040958993815
1358.8797	0.0602344558701792
1357.4628	0.0593710345659071
1356.0458	0.0588585037870685
1354.6288	0.0581880250224988
1353.2118	0.0587179603999314
1351.7949	0.0572978136501806
1350.3779	0.0569213024686717
1348.9609	0.0570954761305293
1347.5439	0.0574540497548816
1346.127	0.0570026267981237
1344.71	0.0581921255218657
1343.293	0.0569269961081318
1341.876	0.0583362218043288
1340.4591	0.0589642550282747
1339.0421	0.0586909681927444
1337.6251	0.0587076366666449
1336.2081	0.0584919512492302
1334.7912	0.0584288625844837
1333.3742	0.0579075337157662
1331.9572	0.0575694661315051
1330.5402	0.057402383684629
1329.1233	0.0570590313044932
1327.7063	0.0563402398028143
1326.2893	0.0567681506213176
1324.8723	0.0557068168236545
1323.4554	0.0547854377100698
1322.0384	0.0552299242078552
1320.6214	0.054433880793318
1319.2044	0.0542570482178806
1317.7875	0.05350448364753
1316.3705	0.0521974686436157
1314.9535	0.0523796617913954
1313.5365	0.0526201125675832
1312.1195	0.0512972408751105
1310.7026	0.0515253191269576
1309.2856	0.0518901615676801
1307.8686	0.0509183686084679
1306.4516	0.0514091421651057
1305.0347	0.0510497210613345
1303.6177	0.0520667735958871
1302.2007	0.0513211864813283
1300.7837	0.0518518947371979
1299.3668	0.0521411325628582
1297.9498	0.0515019571691223
1296.5328	0.0514202525678347
1295.1158	0.0514500326402716
1293.6989	0.0521775410919652
1292.2819	0.0520844842699742
1290.8649	0.0524395633726908
1289.4479	0.0512552348036383
1288.031	0.0520580248337945
1286.614	0.052810514774693
1285.197	0.051302486726193
1283.78	0.052515390309803
1282.3631	0.0529419899321967
1280.9461	0.0533888192143561
1279.5291	0.0529419027437134
1278.1121	0.0536853811796734
1276.6952	0.0541772962688354
1275.2782	0.0553653013328863
1273.8612	0.0557371974617537
1272.4442	0.0558389255548704
1271.0273	0.0566965273782409
1269.6103	0.0560912366961258
1268.1933	0.0562757405869544
1266.7763	0.0554557838919327
1265.3593	0.0556527950952284
1263.9424	0.0553558846420652
1262.5254	0.0547818680840886
1261.1084	0.0550878834671967
1259.6914	0.0550425404648145
1258.2745	0.0552732275444645
1256.8575	0.0546446218137616
1255.4405	0.0545041827982019
1254.0235	0.0554353937150897
1252.6066	0.0552093972406113
1251.1896	0.054741947483545
1249.7726	0.0548023927115079
1248.3556	0.0542670920488025
1246.9387	0.0535541939827964
1245.5217	0.0535677189177627
1244.1047	0.0542555428484078
1242.6877	0.0544743075148599
1241.2708	0.053902593471851
1239.8538	0.0539696575809775
1238.4368	0.0546253572048174
1237.0198	0.0544884827389954
1235.6029	0.0549103301206991
1234.1859	0.0544388099027855
1232.7689	0.0547650172477171
1231.3519	0.053765158608031
1229.935	0.0535104989978926
1228.518	0.0536768326691877
1227.101	0.05270162605424
1225.684	0.0522043736692646
1224.2671	0.0514696134616153
1222.8501	0.0502453450887275
1221.4331	0.0499216866896002
1220.0161	0.0488813361839218
1218.5991	0.0483722558172518
1217.1822	0.0474291657808276
1215.7652	0.0481884070809712
1214.3482	0.0472794284581757
1212.9312	0.0467343388544026
1211.5143	0.0467467228442249
1210.0973	0.0460928291732278
1208.6803	0.0464701528683707
1207.2633	0.0460060749105042
1205.8464	0.0468126273691892
1204.4294	0.0452948988558003
1203.0124	0.0443659597291148
1201.5954	0.0449251070699156
1200.1785	0.0444755249750293
1198.7615	0.0435998091487989
1197.3445	0.0440045728961824
1195.9275	0.0429919062097159
1194.5106	0.041784452202718
1193.0936	0.0420025854682006
1191.6766	0.0410120147200521
1190.2596	0.0411659023696296
1188.8427	0.0405127176380988
1187.4257	0.0396613844052198
1186.0087	0.0385084862809128
1184.5917	0.0387033109090353
1183.1748	0.0381993488529236
1181.7578	0.0381916940995647
1180.3408	0.0392548957994868
1178.9238	0.0390579685413393
1177.5069	0.0394936743404182
1176.0899	0.0400282280106148
1174.6729	0.0410394411965435
1173.2559	0.0413804520274975
1171.8389	0.0427091687352479
1170.422	0.0441385749819767
1169.005	0.0462245402849328
1167.588	0.0484446620662448
1166.171	0.0505862869929177
1164.7541	0.0534403671232089
1163.3371	0.0560197565421651
1161.9201	0.0579698081857513
1160.5031	0.0607376706400573
1159.0862	0.0639807841090071
1157.6692	0.0674736600029546
1156.2522	0.0697540126632288
1154.8352	0.0722058206005023
1153.4183	0.0741834634947427
1152.0013	0.0762221293819127
1150.5843	0.0777046219616917
1149.1673	0.0784095159392615
1147.7504	0.0787752534679241
1146.3334	0.0786558237201519
1144.9164	0.0786128426081578
1143.4994	0.0780872414484581
1142.0825	0.0768012840944862
1140.6655	0.0751527474015853
1139.2485	0.0740978832759647
1137.8315	0.0740964214045227
1136.4146	0.0726291316679072
1134.9976	0.0715791239676146
1133.5806	0.071403766547102
1132.1636	0.0710456768494509
1130.7467	0.0713201010533229
1129.3297	0.0703449369442901
1127.9127	0.0716527060617729
1126.4957	0.0716338683048379
1125.0787	0.0716366519869199
1123.6618	0.072694924605499
1122.2448	0.0729024965255619
1120.8278	0.0728341517999837
1119.4108	0.0730713430594184
1117.9939	0.0735310883194592
1116.5769	0.0733801255253372
1115.1599	0.0741771347870431
1113.7429	0.0748824432999312
1112.326	0.074494248522975
1110.909	0.0753724976511884
1109.492	0.0755617365354252
1108.075	0.0766595292719054
1106.6581	0.0776369578211011
1105.2411	0.0789641478263839
1103.8241	0.0788535658354995
1102.4071	0.0793737319308492
1100.9902	0.0803239955647416
1099.5732	0.0798865252652532
1098.1562	0.0797627044582046
1096.7392	0.0808474730468862
1095.3223	0.0807535930485543
1093.9053	0.0816681094558423
1092.4883	0.0828128868976195
1091.0713	0.0832189229894705
1089.6544	0.0845435538431306
1088.2374	0.0869188267281662
1086.8204	0.0883832841095716
1085.4034	0.0917300903435255
1083.9865	0.0943707648016543
1082.5695	0.0965965013517019
1081.1525	0.100385084421045
1079.7355	0.101423573914877
1078.3185	0.102694605591742
1076.9016	0.105462874958451
1075.4846	0.104811315231078
1074.0676	0.104181716092953
1072.6506	0.102817307631988
1071.2337	0.101398870652515
1069.8167	0.0991963524711624
1068.3997	0.0976074009637458
1066.9827	0.096049329661951
1065.5658	0.0945833746075247
1064.1488	0.0950617495609228
1062.7318	0.0953629463652391
1061.3148	0.0982711375922235
1059.8979	0.098661334969708
1058.4809	0.0995483513014695
1057.0639	0.101455153128184
1055.6469	0.102414493238626
1054.23	0.106093224749225
1052.813	0.10771370094787
1051.396	0.109786139142766
1049.979	0.111705382448307
1048.5621	0.112940013733271
1047.1451	0.115987521500717
1045.7281	0.118198911850745
1044.3111	0.120017964520382
1042.8942	0.120965013047797
1041.4772	0.124614197194089
1040.0602	0.126155120646764
1038.6432	0.1281242433596
1037.2263	0.130495039096956
1035.8093	0.132163101713842
1034.3923	0.133699610908001
1032.9753	0.136449203234994
1031.5583	0.1383693902022
1030.1414	0.141345508274284
1028.7244	0.143235375628626
1027.3074	0.145371993025685
1025.8904	0.148125937157994
1024.4735	0.150907866791459
1023.0565	0.153569355921259
1021.6395	0.154806715515931
1020.2225	0.156723763733672
1018.8056	0.15874334292758
1017.3886	0.1605638152725
1015.9716	0.160514805578501
1014.5546	0.161081497755684
1013.1377	0.162637586394715
1011.7207	0.163088969512775
1010.3037	0.163258744092089
1008.8867	0.163268521855419
1007.4698	0.162396076995264
1006.0528	0.16334541041813
1004.6358	0.164219647694584
1003.2188	0.164108929802041
1001.8019	0.164884727806674
1000.3849	0.165572250291657
998.9679	0.166460162120753
997.5509	0.16774103658208
996.134	0.168975566596038
994.717	0.1690382438489
993.3	0.170037717923818
991.883	0.17046029093477
990.4661	0.170402085846869
989.0491	0.169883577140907
987.6321	0.1704698132755
986.2151	0.167878139996937
984.7981	0.166897409046638
983.3812	0.164936019758119
981.9642	0.163761539226991
980.5472	0.161253573462856
979.1302	0.159084465183787
977.7133	0.156409615628533
976.2963	0.15326003678564
974.8793	0.150369878988421
973.4623	0.146396082290139
972.0454	0.143416821095608
970.6284	0.141237691519084
969.2114	0.138631179682411
967.7944	0.135060158343688
966.3775	0.131704535713291
964.9605	0.128568446825439
963.5435	0.125734191619392
962.1265	0.122734331508789
960.7096	0.120832139563009
959.2926	0.118408202150971
957.8756	0.115010758744608
956.4586	0.112902419517319
955.0417	0.109791525865563
953.6247	0.108498238737251
952.2077	0.105841564834194
950.7907	0.104125432147774
949.3738	0.102198073520491
947.9568	0.100887490600197
946.5398	0.100704589524588
945.1228	0.0991653901462859
943.7059	0.0994051840141072
942.2889	0.0989229899700104
940.8719	0.0980212469449815
939.4549	0.0989388443667836
938.0379	0.0999032974632998
936.621	0.100251198946175
935.204	0.100374187707533
933.787	0.100412119027381
932.37	0.100967096454626
930.9531	0.0993885807702994
929.5361	0.100604179644647
928.1191	0.100619789777238
926.7021	0.100327999533403
925.2852	0.10006944594644
923.8682	0.100694564900501
922.4512	0.0995366550547848
921.0342	0.0992710037119778
919.6173	0.0989708688592503
918.2003	0.0978917631688802
916.7833	0.097546944587278
915.3663	0.0966929802067932
913.9494	0.0965459725681592
912.5324	0.0967245222737511
911.1154	0.095145450709607
909.6984	0.0949640707204145
908.2815	0.0925340599364714
906.8645	0.0922157827789921
905.4475	0.0907451516820859
904.0305	0.0899961396023275
902.6136	0.0882864952707013
901.1966	0.0883465897938743
899.7796	0.0878547538244914
898.3626	0.0866849630928017
896.9457	0.0865997271462642
895.5287	0.0853579579326094
894.1117	0.0856160062819976
892.6947	0.0852830794449712
891.2777	0.0839143971739012
889.8608	0.0829987991915977
888.4438	0.0828061279245043
887.0268	0.082151952358471
885.6098	0.0815253885068198
884.1929	0.0805620847094348
882.7759	0.0794218838373811
881.3589	0.0785890911608167
879.9419	0.0769738202207542
878.525	0.0775577305624172
877.108	0.0764447975181607
875.691	0.0768091566747698
874.274	0.0770785163217879
872.8571	0.0771984528512875
871.4401	0.077171123186071
870.0231	0.0779680541823569
868.6061	0.0782007550017482
867.1892	0.0799416279866017
865.7722	0.0794412697584636
864.3552	0.0802452153841158
862.9382	0.0803252724930902
861.5213	0.0807569013711182
860.1043	0.0811688246601571
858.6873	0.0811842641879073
857.2703	0.082814432064125
855.8534	0.0817743200639396
854.4364	0.082327777884415
853.0194	0.0816204313543193
851.6024	0.0808868515220693
850.1855	0.0819043215938506
848.7685	0.0810478562957276
847.3515	0.0821425869102892
845.9345	0.0815797226316509
844.5175	0.0814640768968135
843.1006	0.0825296997869044
841.6836	0.0820225413117298
840.2666	0.0812740066040878
838.8496	0.0809350993704674
837.4327	0.0799574693798136
836.0157	0.0789389574572451
834.5987	0.0787967823721551
833.1817	0.0777653506027708
831.7648	0.077957562418232
830.3478	0.0776948758244961
828.9308	0.0766675060957698
827.5138	0.0765920820932739
826.0969	0.0757472904401112
824.6799	0.0756759126257603
823.2629	0.0757950905808974
821.8459	0.0748832622634222
820.429	0.0745633677493767
819.012	0.0742983300390786
817.595	0.0746576808603174
816.178	0.0739499833477461
814.7611	0.0742389677555353
813.3441	0.0737187119173374
811.9271	0.0735047961037081
810.5101	0.0731565681270532
809.0932	0.0731926446719124
807.6762	0.0722780271379314
806.2592	0.0726512496069108
804.8422	0.0716260284979511
803.4253	0.072006342682488
802.0083	0.0721929207313067
800.5913	0.0723585447751929
799.1743	0.0726039863046599
797.7573	0.0722962571099127
796.3404	0.072897904684794
794.9234	0.0726983327802122
793.5064	0.0727395130888101
792.0894	0.0731071373277728
790.6725	0.0735249162550142
789.2555	0.0735517316783767
787.8385	0.0738695327180213
786.4215	0.0737659569300997
785.0046	0.0751776097236022
783.5876	0.0747624501081735
782.1706	0.0756894468651848
780.7536	0.0751459406464986
779.3367	0.0764519220792337
777.9197	0.0766269704620578
776.5027	0.0776577433741264
775.0857	0.07812570176771
773.6688	0.0793402268179734
772.2518	0.0794577601719029
770.8348	0.0815311825634447
769.4178	0.0819361974884975
768.0009	0.0827714192376065
766.5839	0.0842024101122529
765.1669	0.0847237379023495
763.7499	0.0859803517897679
762.333	0.0858841234053823
760.916	0.0866790056266898
759.499	0.0868324530384639
758.082	0.0861667156647448
756.6651	0.0858142214161967
755.2481	0.0848255174592181
753.8311	0.0845356656376486
752.4141	0.085117976336414
750.9971	0.0847589421457216
749.5802	0.0836662991020466
748.1632	0.0820943868827173
746.7462	0.0814323912868372
745.3292	0.0799057112818955
743.9123	0.0795222013539269
742.4953	0.0792498716873882
741.0783	0.0796486844041625
739.6613	0.0784670726195082
738.2444	0.0788125750357791
736.8274	0.0787278373986077
735.4104	0.0783317140240836
733.9934	0.079197396006231
732.5765	0.0792973297686134
731.1595	0.0790127222980637
729.7425	0.0798899051684948
728.3255	0.0797643851204054
726.9086	0.0809404682830637
725.4916	0.0799613405131449
724.0746	0.0810060626390811
722.6576	0.082250757021826
721.2407	0.0825683031900882
719.8237	0.0835118996119586
718.4067	0.0842041460572538
716.9897	0.0849216249587427
715.5728	0.0862243049320744
714.1558	0.0855135478803991
712.7388	0.0880038434758346
711.3218	0.088015553124299
709.9049	0.0895618342129749
708.4879	0.0895330322887105
707.0709	0.0904934553595792
705.6539	0.0906183173065536
704.2369	0.089575895170571
702.82	0.0903402380605462
701.403	0.0912723514435605
699.986	0.0916376402537514
698.569	0.0898860334977454
697.1521	0.0899083284141233
695.7351	0.0902745567208294
694.3181	0.0889044138494067
692.9011	0.089490756294869
691.4842	0.0887342112095156
690.0672	0.0896430345819392
688.6502	0.0893590199974825
687.2332	0.0898788633013478
685.8163	0.0891686652334915
684.3993	0.0891437586111132
682.9823	0.0896805221005739
681.5653	0.0904859671856536
680.1484	0.0899177683481194
678.7314	0.0901588010495198
677.3144	0.0899856255427493
675.8974	0.0911969569946867
674.4805	0.0911165308190586
673.0635	0.0900769409870718
671.6465	0.091496695564633
670.2295	0.0914517123792201
668.8126	0.0918273872786712
667.3956	0.0920938443102878
665.9786	0.0929105994819039
664.5616	0.0927568931887039
663.1447	0.0932830548965836
661.7277	0.0933669928742164
660.3107	0.0936328687661277
658.8937	0.0941739263560582
657.4767	0.0940519729092414
656.0598	0.0940856158971538
654.6428	0.0939850980795022
653.2258	0.0945241554048346
651.8088	0.096232029704337
650.3919	0.0958070713180854
648.9749	0.0961248022615073
647.5579	0.096313638124669
646.1409	0.0963421183087683
644.724	0.0970590208565802
643.307	0.0975471903359495
641.89	0.097384638605356
640.473	0.0974861570496469
639.0561	0.0980801985134546
637.6391	0.0981246640170149
636.2221	0.0984763490453776
634.8051	0.0987683983771643
633.3882	0.098542501345442
631.9712	0.0988658431224308
630.5542	0.0989839279137411
629.1372	0.0997951024577057
627.7203	0.100302777639263
626.3033	0.1016124197904
624.8863	0.102031152458421
623.4693	0.102273935345862
622.0524	0.102894600222543
620.6354	0.103929906333044
619.2184	0.104690260594601
617.8014	0.107420158952066
616.3845	0.107971896880971
614.9675	0.109215214504875
613.5505	0.109734656546229
612.1335	0.110761885788646
610.7165	0.111191408561205
609.2996	0.112666189039337
607.8826	0.112584637839853
606.4656	0.11356125512971
605.0486	0.113879840126553
603.6317	0.114481113811942
602.2147	0.11420723952547
600.7977	0.1141107616192
599.3807	0.11434173166341
597.9638	0.113858295226471
596.5468	0.114314239181279
595.1298	0.114439741299597
593.7128	0.115429032829309
592.2959	0.114622440081268
590.8789	0.11623722600181
589.4619	0.11554242990372
588.0449	0.116860391568923
586.628	0.118528284747999
585.211	0.119757604144732
583.794	0.120883572421017
582.377	0.12137067380789
580.9601	0.122926458807612
579.5431	0.124135662338239
578.1261	0.126340446955528
576.7091	0.127905220523734
575.2922	0.129324265542542
573.8752	0.13083200112865
572.4582	0.13145605973192
571.0412	0.132379308005998
569.6243	0.132020408716121
568.2073	0.131567590882988
566.7903	0.131529683127313
565.3733	0.130349711765946
563.9563	0.130443264077974
562.5394	0.129608779689376
561.1224	0.129636325758304
559.7054	0.129006347186579
558.2884	0.129729600000933
556.8715	0.128276949762494
555.4545	0.128179709446002
554.0375	0.127279774773593
552.6205	0.12734843893581
551.2036	0.126828962028685
549.7866	0.125786555055608
548.3696	0.125788496080664
546.9526	0.126086618302304
545.5357	0.125160129964769
544.1187	0.126248146019063
542.7017	0.12594477868765
541.2847	0.1258956012803
539.8678	0.12702923584921
538.4508	0.128376329235198
537.0338	0.129507442244151
535.6168	0.129464839166887
534.1999	0.130609473332942
532.7829	0.131685295939176
531.3659	0.132611694565917
529.9489	0.133132016979201
528.532	0.134631428146912
527.115	0.135974775074277
525.698	0.136598740778908
524.281	0.137599739202468
522.8641	0.137827501818727
521.4471	0.137695565192215
520.0301	0.139168877228559
518.6131	0.138435020747981
517.1962	0.138441876396547
515.7792	0.138921553033091
514.3622	0.138588311694098
512.9452	0.13861938324684
511.5282	0.137311843311354
510.1113	0.136880815123076
508.6943	0.137670745474822
507.2773	0.13701896711319
505.8603	0.136968253900032
504.4434	0.137000972898301
503.0264	0.136606759259883
501.6094	0.136732005066385
500.1924	0.136743618543081
498.7755	0.137282652514777
497.3585	0.136747500276065
495.9415	0.136145017079516
494.5245	0.136704053646693
493.1076	0.135831373421073
491.6906	0.135626354996123
490.2736	0.135579156862424
488.8566	0.136171511448328
487.4397	0.135539099069911
486.0227	0.13528632903842
484.6057	0.135023560055733
483.1887	0.135170209968239
481.7718	0.135964980120018
480.3548	0.136706976450879
478.9378	0.13685584217194
477.5208	0.136412824333072
476.1039	0.135023697746431
474.6869	0.135427254494475
473.2699	0.135789665784213
471.8529	0.136247299046505
470.436	0.136741002737406
469.019	0.135390345820688
467.602	0.134708965934581
466.185	0.133745044986029
464.768	0.134076179004459
463.3511	0.133680462181042
461.9341	0.13528750605949
460.5171	0.135222242202401
459.1001	0.134991222185776
457.6832	0.13456319340695
456.2662	0.135167172624651
454.8492	0.134559774916863
453.4322	0.133637714488074
452.0153	0.132868918233163
450.5983	0.132291499468279
449.1813	0.133511391423805
447.7643	0.134039313639914
446.3474	0.135031905636101
444.9304	0.136599672300419
443.5134	0.136325524661742
442.0964	0.138245984943928
440.6795	0.138697735074671
439.2625	0.140007931652871
437.8455	0.142421082044715
436.4285	0.144128164500551
435.0116	0.145470124753095
433.5946	0.144973231413778
432.1776	0.14573460860954
430.7606	0.145339901236711
429.3437	0.145389856553764
427.9267	0.145066227406747
426.5097	0.146281688666243
425.0927	0.146527447260927
423.6758	0.14803341747578
422.2588	0.148045145609307
420.8418	0.148614238916448
419.4248	0.14959331344673
418.0078	0.151081692255446
416.5909	0.151501274731643
415.1739	0.152270315137764
413.7569	0.152020609346127
412.3399	0.151526402887893
410.923	0.152495639265562
409.506	0.151169384009582
408.089	0.150050711543329
406.672	0.14937527124371
405.2551	0.150475773340179
403.8381	0.150768334247194
402.4211	0.153319442118815
401.0041	0.153873703541286
