3994.4546	0.0185267392608541
3993.0377	0.0180203420721233
3991.6207	0.0183523272304817
3990.2037	0.0181797624397851
3988.7867	0.0186959636680355
3987.3698	0.0183153738803953
3985.9528	0.0184307752226204
3984.5358	0.0185286710404615
3983.1188	0.0180226817776529
3981.7019	0.0180908414887906
3980.2849	0.0180274199912502
3978.8679	0.0184025075387018
3977.4509	0.0179288356251833
3976.034	0.0181933853984333
3974.617	0.0181815898961914
3973.2	0.0178001764325857
3971.783	0.0179864600457199
3970.3661	0.0179598395399587
3968.9491	0.0184041779313784
3967.5321	0.0183611262546929
3966.1151	0.0180392980214871
3964.6982	0.0183652730092682
3963.2812	0.0173226307828741
3961.8642	0.0176923761582049
3960.4472	0.0185159915868795
3959.0303	0.0178886652054497
3957.6133	0.0176990263216652
3956.1963	0.0175700999562112
3954.7793	0.0177066458027687
3953.3624	0.0181112573040686
3951.9454	0.0185308206630839
3950.5284	0.0182178563300181
3949.1114	0.0180284350161349
3947.6944	0.0183088864872998
3946.2775	0.0182202757980259
3944.8605	0.01769276595581
3943.4435	0.0180806224181273
3942.0265	0.017921351758048
3940.6096	0.0178148502376457
3939.1926	0.0181163885363421
3937.7756	0.0181974462760077
3936.3586	0.0179185395592592
3934.9417	0.0183484830672369
3933.5247	0.0180649525553512
3932.1077	0.0179000294333901
3930.6907	0.0176477370241363
3929.2738	0.0180627709695373
3927.8568	0.0177447545399288
3926.4398	0.0180220042637877
3925.0228	0.0180894472168324
3923.6059	0.0175397507724055
3922.1889	0.0169101747095167
3920.7719	0.0179764353647275
3919.3549	0.0171999046524958
3917.938	0.017841630736644
3916.521	0.0167644767419687
3915.104	0.017300154080262
3913.687	0.0170867507001563
3912.2701	0.0187647444905925
3910.8531	0.0172626146049183
3909.4361	0.0181662300305823
3908.0191	0.0178735918083294
3906.6022	0.0169740745713921
3905.1852	0.017233814123628
3903.7682	0.017763732622454
3902.3512	0.017339796478055
3900.9342	0.0174195763235948
3899.5173	0.0175048291540773
3898.1003	0.0174306654779483
3896.6833	0.0177675429938313
3895.2663	0.0177813830970093
3893.8494	0.017997455861823
3892.4324	0.0177392456371985
3891.0154	0.0177452388836359
3889.5984	0.0171476561371595
3888.1815	0.0178622105148768
3886.7645	0.0172338243553701
3885.3475	0.017139131465571
3883.9305	0.0171645615044611
3882.5136	0.0183048887925763
3881.0966	0.018096276564135
3879.6796	0.0178747314456709
3878.2626	0.018251781830917
3876.8457	0.0176753882459096
3875.4287	0.0175364836743455
3874.0117	0.0182917421431351
3872.5947	0.0176385405369194
3871.1778	0.0170317999795078
3869.7608	0.0172769474843668
3868.3438	0.0177219005806841
3866.9268	0.0173658589118081
3865.5099	0.0177537244899715
3864.0929	0.0177453930863743
3862.6759	0.0175293784456144
3861.2589	0.01741645665012
3859.842	0.0183818712230737
3858.425	0.0171513756540204
3857.008	0.0178745619591662
3855.591	0.0170491437567283
3854.174	0.0177976304787456
3852.7571	0.0178724645901375
3851.3401	0.0181641422930101
3849.9231	0.0175982281202412
3848.5061	0.0174281568443823
3847.0892	0.0184729862995633
3845.6722	0.0172920640942003
3844.2552	0.0166718061220074
3842.8382	0.0175610726433754
3841.4213	0.017486330606686
3840.0043	0.0171425887134598
3838.5873	0.0170182819817223
3837.1703	0.017310593543951
3835.7534	0.0174462969303027
3834.3364	0.0172632449471332
3832.9194	0.0170071305238631
3831.5024	0.0173135228534106
3830.0855	0.0172205645177819
3828.6685	0.0176076505480854
3827.2515	0.0180183798999061
3825.8345	0.0172738931131495
3824.4176	0.0179431421802101
3823.0006	0.0169291117366418
3821.5836	0.0172697156946112
3820.1666	0.0177798187307115
3818.7497	0.0170609417433531
3817.3327	0.0173539841390923
3815.9157	0.0172801664907072
3814.4987	0.0170243058709552
3813.0818	0.0174516483182008
3811.6648	0.0171291528059471
3810.2478	0.0174513949408253
3808.8308	0.0175357473173912
3807.4138	0.0174051220352649
3805.9969	0.0176109974113738
3804.5799	0.0165950752225192
3803.1629	0.0169735967789913
3801.7459	0.0174032726094083
3800.329	0.0177050629269328
3798.912	0.0173296815431637
3797.495	0.016685821493771
3796.078	0.0170073341394687
3794.6611	0.0169344427340932
3793.2441	0.017748494767678
3791.8271	0.0167370630854888
3790.4101	0.0173585411745022
3788.9932	0.016559974640632
3787.5762	0.0172761720707937
3786.1592	0.0170045129191401
3784.7422	0.0168888020586411
3783.3253	0.0168464671070936
3781.9083	0.0169099787860848
3780.4913	0.0176599166234908
3779.0743	0.0174563468931938
3777.6574	0.0174076292167476
3776.2404	0.0173665728101645
3774.8234	0.0168445670006073
3773.4064	0.0164945229250945
3771.9895	0.0169602968636081
3770.5725	0.0159918463004282
3769.1555	0.0162242022321774
3767.7385	0.016772342867307
3766.3216	0.016748518472154
3764.9046	0.0165335105694084
3763.4876	0.0163394716412822
3762.0706	0.0162655747510289
3760.6536	0.0168611658353109
3759.2367	0.0167946705724657
3757.8197	0.0165946449853748
3756.4027	0.0170353538592017
3754.9857	0.016879555113689
3753.5688	0.01641250569455
3752.1518	0.0174026405069698
3750.7348	0.0169861536362002
3749.3178	0.0173612677573301
3747.9009	0.0175301337804291
3746.4839	0.0165895057321408
3745.0669	0.0163794257967707
3743.6499	0.0170877413236819
3742.233	0.016686439399263
3740.816	0.0164665312999016
3739.399	0.0167569805497006
3737.982	0.0167131754333766
3736.5651	0.0173063965940965
3735.1481	0.0164860657459893
3733.7311	0.0170641254247046
3732.3141	0.0161197033738937
3730.8972	0.0167409951464007
3729.4802	0.0166019760015967
3728.0632	0.0164026527413235
3726.6462	0.0156840696799007
3725.2293	0.0159828114056028
3723.8123	0.016473468179128
3722.3953	0.0170810567863973
3720.9783	0.0168289260057961
3719.5614	0.0167243100260736
3718.1444	0.0157030941582627
3716.7274	0.0159317314825284
3715.3104	0.0155542379032316
3713.8935	0.0158837343180565
3712.4765	0.0160217256402558
3711.0595	0.0164236029159335
3709.6425	0.0165150148958258
3708.2255	0.0166722781700445
3706.8086	0.0159960257626725
3705.3916	0.0165716787349913
3703.9746	0.0163897183468777
3702.5576	0.0163354561022345
3701.1407	0.0153546159873124
3699.7237	0.0162658477393863
3698.3067	0.0163109500975685
3696.8897	0.0162187734543861
3695.4728	0.0160693172103991
3694.0558	0.0154567577994214
3692.6388	0.0157642402949543
3691.2218	0.0163880155689219
3689.8049	0.0164937376436156
3688.3879	0.0164285777912196
3686.9709	0.0160268632026098
3685.5539	0.0160799640673699
3684.137	0.0156914973586698
3682.72	0.0161503918491471
3681.303	0.0159653156104108
3679.886	0.0157676927700508
3678.4691	0.0154838742174829
3677.0521	0.0149930501498782
3675.6351	0.0158705639779854
3674.2181	0.015914125218281
3672.8012	0.0166184976761465
3671.3842	0.0162319160101951
3669.9672	0.0157733055372306
3668.5502	0.0162346191381434
3667.1333	0.016615564420846
3665.7163	0.0163071124706879
3664.2993	0.0159019436725981
3662.8823	0.0158239673079157
3661.4653	0.0158334992898267
3660.0484	0.0158496965598422
3658.6314	0.0161913140047581
3657.2144	0.0174178680878381
3655.7974	0.0165001069221872
3654.3805	0.0158565085505571
3652.9635	0.0166443387681909
3651.5465	0.0160415463667688
3650.1295	0.0160418781052067
3648.7126	0.0161401552756911
3647.2956	0.0161485973544301
3645.8786	0.0164591445102245
3644.4616	0.0165418785628974
3643.0447	0.0161945346444087
3641.6277	0.0169053245501186
3640.2107	0.0166832038853881
3638.7937	0.016182459602635
3637.3768	0.0167184876545002
3635.9598	0.0171829623818857
3634.5428	0.0166457754893776
3633.1258	0.0167501428926833
3631.7089	0.0171613927177183
3630.2919	0.0169437597300702
3628.8749	0.0171408749937562
3627.4579	0.0179470923239709
3626.041	0.0169534445044487
3624.624	0.0174214472865697
3623.207	0.01684844038208
3621.79	0.0167376621041434
3620.3731	0.0177433588567281
3618.9561	0.018196919965258
3617.5391	0.0180116631618345
3616.1221	0.0179806270395565
3614.7051	0.0178748988357625
3613.2882	0.0181241127203357
3611.8712	0.0185787175709963
3610.4542	0.0191561080286123
3609.0372	0.0184151655874421
3607.6203	0.0183788055172249
3606.2033	0.0185257302111891
3604.7863	0.0188706681167842
3603.3693	0.0182091705626579
3601.9524	0.0190748545367672
3600.5354	0.0195302756178405
3599.1184	0.0190908811035194
3597.7014	0.0188978172165095
3596.2845	0.0196128458195801
3594.8675	0.0198461815032026
3593.4505	0.0204512398533733
3592.0335	0.0197978411197913
3590.6166	0.0197889811358512
3589.1996	0.0200029888538725
3587.7826	0.020732001010614
3586.3656	0.0204557003853385
3584.9487	0.019997754390863
3583.5317	0.0215564084116241
3582.1147	0.0211719283168391
3580.6977	0.0204519343225177
3579.2808	0.0213098300994326
3577.8638	0.0212282438795569
3576.4468	0.0218893408573503
3575.0298	0.0219743981023191
3573.6129	0.0221704088980843
3572.1959	0.0223530567603983
3570.7789	0.0226969283375114
3569.3619	0.0222553252743424
3567.9449	0.0228172895848737
3566.528	0.0231999645593077
3565.111	0.0242520021628135
3563.694	0.023963317864615
3562.277	0.0238993626663468
3560.8601	0.0240105273306135
3559.4431	0.0241119493741233
3558.0261	0.0247224814184723
3556.6091	0.0246696840782557
3555.1922	0.0247548685612446
3553.7752	0.0241535726946551
3552.3582	0.0246781511685965
3550.9412	0.0244873582364409
3549.5243	0.025271940848506
3548.1073	0.0250602464714017
3546.6903	0.0260340540641585
3545.2733	0.0262238892142066
3543.8564	0.0266785864946191
3542.4394	0.0273868317429791
3541.0224	0.0268845167732177
3539.6054	0.0276044370992778
3538.1885	0.0271626452815738
3536.7715	0.027515112894744
3535.3545	0.0277812898277623
3533.9375	0.0285516641468515
3532.5206	0.0283936020779889
3531.1036	0.028662099580625
3529.6866	0.0281104106588661
3528.2696	0.0290861000955186
3526.8527	0.0294487158359558
3525.4357	0.0298102753427661
3524.0187	0.0293727534325646
3522.6017	0.0300920823324642
3521.1847	0.030574793728981
3519.7678	0.0306628928429674
3518.3508	0.0301414434500033
3516.9338	0.0309454731897878
3515.5168	0.0315553912326952
3514.0999	0.0316167457239659
3512.6829	0.0318155323247758
3511.2659	0.0328994812882327
3509.8489	0.0329827795762445
3508.432	0.0316954379866069
3507.015	0.0329149172759383
3505.598	0.0333370440215784
3504.181	0.0333124148850679
3502.7641	0.033854680170126
3501.3471	0.0334433610143276
3499.9301	0.033755478741021
3498.5131	0.0340356856929363
3497.0962	0.0346219795219131
3495.6792	0.0344073890029035
3494.2622	0.0346249790406057
3492.8452	0.035512990650496
3491.4283	0.035120115756621
3490.0113	0.0357652148895758
3488.5943	0.0361753041618312
3487.1773	0.0365784163577676
3485.7604	0.0368296791463613
3484.3434	0.0364119216848346
3482.9264	0.0369684773067249
3481.5094	0.0375007043470658
3480.0925	0.0372722636276221
3478.6755	0.0376734681149099
3477.2585	0.0373319639475615
3475.8415	0.0385844512685012
3474.4245	0.0385542512279856
3473.0076	0.0385520683511714
3471.5906	0.0389261858475722
3470.1736	0.0393818169127707
3468.7566	0.0394087757249923
3467.3397	0.0395277693694239
3465.9227	0.0398064311804918
3464.5057	0.0398988272962858
3463.0887	0.0401483144314905
3461.6718	0.0399155459847646
3460.2548	0.0403685084290379
3458.8378	0.0401584221155205
3457.4208	0.0410150055156296
3456.0039	0.0408252530542238
3454.5869	0.0423771505410047
3453.1699	0.0428972385731899
3451.7529	0.0418681995528719
3450.336	0.0424744241628364
3448.919	0.0419494714266432
3447.502	0.0428853770400116
3446.085	0.0427055568876818
3444.6681	0.0434956279140413
3443.2511	0.0434820453127199
3441.8341	0.0434199847113406
3440.4171	0.0432530958871948
3439.0002	0.0438006095094626
3437.5832	0.0441106770912075
3436.1662	0.0447909315569947
3434.7492	0.045312316166349
3433.3323	0.0448390260130685
3431.9153	0.0454325195443029
3430.4983	0.0454647736081656
3429.0813	0.0459908137647403
3427.6643	0.0461369825872144
3426.2474	0.0460386488003475
3424.8304	0.0462679441029657
3423.4134	0.046719093970909
3421.9964	0.0470611500763195
3420.5795	0.0461009058686262
3419.1625	0.0470042233762727
3417.7455	0.0480747648528221
3416.3285	0.0475883788421476
3414.9116	0.0477658269201629
3413.4946	0.0481784142788215
3412.0776	0.0480131402752857
3410.6606	0.0479833519833903
3409.2437	0.0485112937211539
3407.8267	0.0486817016160094
3406.4097	0.0483591486384039
3404.9927	0.0495529689304854
3403.5758	0.0491926202132734
3402.1588	0.0495903942568461
3400.7418	0.0491300675383662
3399.3248	0.0496379847240182
3397.9079	0.0496584611407278
3396.4909	0.050298661452917
3395.0739	0.0503522025630141
3393.6569	0.0498903409224967
3392.24	0.0506153819938043
3390.823	0.050287990136143
3389.406	0.0501255793316162
3387.989	0.0508890774807466
3386.5721	0.0513045655313058
3385.1551	0.0511412435812558
3383.7381	0.05174938668042
3382.3211	0.0514339068194602
3380.9041	0.0514523737311819
3379.4872	0.0518546621341327
3378.0702	0.0525085598300964
3376.6532	0.0530765982082911
3375.2362	0.0528665661707434
3373.8193	0.0531770359190509
3372.4023	0.0522274424648182
3370.9853	0.0530839250970998
3369.5683	0.0536173653031705
3368.1514	0.0536202300720271
3366.7344	0.0527242762873584
3365.3174	0.0540131079707845
3363.9004	0.0539491490513259
3362.4835	0.0539739130814638
3361.0665	0.0536389825140172
3359.6495	0.0541460174984142
3358.2325	0.0546120538704274
3356.8156	0.0540668825019978
3355.3986	0.0542879631146075
3353.9816	0.0552782212276814
3352.5646	0.0553857260666262
3351.1477	0.0547661937342585
3349.7307	0.0549188873166179
3348.3137	0.0555197435157156
3346.8967	0.0554750604288912
3345.4798	0.0548723127477123
3344.0628	0.0555292246856234
3342.6458	0.0554751728376818
3341.2288	0.0555555862827721
3339.8119	0.0549813873571977
3338.3949	0.0554700806205307
3336.9779	0.0557151217433236
3335.5609	0.0554028694164195
3334.1439	0.0559385489859611
3332.727	0.0563616930247884
3331.31	0.0567031202898003
3329.893	0.056994618859245
3328.476	0.0564556617963785
3327.0591	0.0571907952630243
3325.6421	0.0564408926843645
3324.2251	0.0561095669137717
3322.8081	0.0563314475795021
3321.3912	0.0571274276322071
3319.9742	0.0564810361313876
3318.5572	0.0574780486690735
3317.1402	0.0571905222935223
3315.7233	0.0571570911823719
3314.3063	0.0574294787535194
3312.8893	0.0570556532658896
3311.4723	0.0574387618838272
3310.0554	0.0565653255926904
3308.6384	0.0561086925550887
3307.2214	0.057100514627937
3305.8044	0.0579463374112281
3304.3875	0.0577294389948622
3302.9705	0.0568824265147087
3301.5535	0.0576367604596022
3300.1365	0.0569139794979685
3298.7196	0.0560793523782153
3297.3026	0.0578500854226214
3295.8856	0.0574423833411955
3294.4686	0.0575161569337025
3293.0517	0.0578494690614489
3291.6347	0.0568127287263773
3290.2177	0.0580825674248301
3288.8007	0.0575015634350068
3287.3837	0.0578084423876552
3285.9668	0.0575263135210429
3284.5498	0.0579386334179604
3283.1328	0.0569616016578516
3281.7158	0.0584402240830759
3280.2989	0.058541055645866
3278.8819	0.0577245767973403
3277.4649	0.0582922442472363
3276.0479	0.0573281625456063
3274.631	0.0571865951424014
3273.214	0.0571473863409323
3271.797	0.0581755062184252
3270.38	0.0575937097024443
3268.9631	0.0573509901760307
3267.5461	0.0578193479213748
3266.1291	0.0574295433887829
3264.7121	0.0571940683565462
3263.2952	0.0575455367891501
3261.8782	0.0580622293647614
3260.4612	0.0578882034254849
3259.0442	0.0574409745751469
3257.6273	0.0574973986926517
3256.2103	0.0577034744682307
3254.7933	0.057311265438085
3253.3763	0.0576088504837213
3251.9594	0.0569687990318997
3250.5424	0.0569256891730485
3249.1254	0.0579759844153752
3247.7084	0.0573844682029171
3246.2915	0.0565339299119281
3244.8745	0.0579467592502277
3243.4575	0.0574787777928333
3242.0405	0.056983082486953
3240.6235	0.057625205051246
3239.2066	0.0566550515872519
3237.7896	0.0565606003567907
3236.3726	0.0574185291538879
3234.9556	0.0565803618449424
3233.5387	0.0574287694705168
3232.1217	0.0577183055075146
3230.7047	0.0572572890395339
3229.2877	0.0574253095107114
3227.8708	0.0570148436039293
3226.4538	0.0562503543672112
3225.0368	0.0568089866345043
3223.6198	0.0569318450181361
3222.2029	0.0566864647136233
3220.7859	0.0565229077690773
3219.3689	0.0560938169793877
3217.9519	0.0567105451656999
3216.535	0.0557695223000678
3215.118	0.0564205957390678
3213.701	0.0554621147573252
3212.284	0.0562013284524972
3210.8671	0.055787075158403
3209.4501	0.0555620209409575
3208.0331	0.0562512205887228
3206.6161	0.0553381303096725
3205.1992	0.0554171048362201
3203.7822	0.056199008465752
3202.3652	0.0555353271185312
3200.9482	0.0556722575395918
3199.5313	0.0549469588357992
3198.1143	0.0548573062958109
3196.6973	0.054849250351469
3195.2803	0.0547705192782268
3193.8633	0.0546120730979442
3192.4464	0.0548986647829985
3191.0294	0.0541999935714159
3189.6124	0.0544680270848541
3188.1954	0.0542603336276133
3186.7785	0.0538013650164868
3185.3615	0.054227908990628
3183.9445	0.0547158441397348
3182.5275	0.0543905375625754
3181.1106	0.0531810483784566
3179.6936	0.0533463408277436
3178.2766	0.0534116672783653
3176.8596	0.0538883932481583
3175.4427	0.0533127597316562
3174.0257	0.0533493737799494
3172.6087	0.0527485805685919
3171.1917	0.0531467050864428
3169.7748	0.0528718656545484
3168.3578	0.0529422953066599
3166.9408	0.0520933131530998
3165.5238	0.0524496423806726
3164.1069	0.0522310400571034
3162.6899	0.0520267893292663
3161.2729	0.0525017650550155
3159.8559	0.0518045991371208
3158.439	0.0514424634366693
3157.022	0.0515728155771163
3155.605	0.0522368297845153
3154.188	0.05089313061268
3152.7711	0.0516876241865126
3151.3541	0.0516974583946029
3149.9371	0.0513620695979725
3148.5201	0.0509678855377817
3147.1031	0.050376057187252
3145.6862	0.0501539540064976
3144.2692	0.0497711169685932
3142.8522	0.0504005487744794
3141.4352	0.0507378467203215
3140.0183	0.050174516012965
3138.6013	0.0500165420701763
3137.1843	0.0490081222809897
3135.7673	0.0492977804497669
3134.3504	0.0492192344062553
3132.9334	0.0488397428733012
3131.5164	0.0494273474399487
3130.0994	0.0486469548163094
3128.6825	0.0483774357374592
3127.2655	0.0481208800684519
3125.8485	0.0491769289983017
3124.4315	0.047849129221989
3123.0146	0.0477946883785276
3121.5976	0.0486413127198614
3120.1806	0.0474878879454994
3118.7636	0.0474133147023107
3117.3467	0.0469474123787471
3115.9297	0.0470471990825273
3114.5127	0.0469814305947415
3113.0957	0.0468887386622825
3111.6788	0.0466459356844265
3110.2618	0.0467314334604752
3108.8448	0.0469251175791503
3107.4278	0.0461633617838625
3106.0109	0.046347851232402
3104.5939	0.0463239284088602
3103.1769	0.0465375303912615
3101.7599	0.044782110313964
3100.3429	0.0461914970216968
3098.926	0.0462157134230175
3097.509	0.0453104482496763
3096.092	0.0459513747720413
3094.675	0.0453146031872504
3093.2581	0.0447700052309751
3091.8411	0.0449531073446597
3090.4241	0.0450015068170863
3089.0071	0.0444556589810227
3087.5902	0.0450430265352648
3086.1732	0.0441855333844747
3084.7562	0.0443216145136505
3083.3392	0.0436090240838611
3081.9223	0.0441850300115368
3080.5053	0.04404322374182
3079.0883	0.0439841922108886
3077.6713	0.0434664263001715
3076.2544	0.0433884531044281
3074.8374	0.0434522858359837
3073.4204	0.043289090749247
3072.0034	0.0434658043657727
3070.5865	0.0429329091195269
3069.1695	0.0431722685550554
3067.7525	0.0426625307130337
3066.3355	0.0425595785270555
3064.9186	0.0427180740606876
3063.5016	0.0427676412482365
3062.0846	0.0428920147579522
3060.6676	0.0417884804151714
3059.2507	0.0429772771324017
3057.8337	0.041818220899908
3056.4167	0.0417224971640251
3054.9997	0.0413247160753414
3053.5827	0.0411094855632759
3052.1658	0.0405144872740283
3050.7488	0.0410547306108795
3049.3318	0.0397853818436318
3047.9148	0.0402908634610522
3046.4979	0.0404986639160397
3045.0809	0.0406997099578199
3043.6639	0.0404365395114834
3042.2469	0.0400292025766418
3040.83	0.0404419634849167
3039.413	0.0393410887422082
3037.996	0.039361440214755
3036.579	0.0398728918735834
3035.1621	0.0400949119232458
3033.7451	0.0395265554449423
3032.3281	0.0399185747280775
3030.9111	0.0395501197234811
3029.4942	0.039346449385713
3028.0772	0.0390299521530548
3026.6602	0.0389650516884
3025.2432	0.0386095035875241
3023.8263	0.0378185440452162
3022.4093	0.0385353527322673
3020.9923	0.0390887217563539
3019.5753	0.0385855208307968
3018.1584	0.038546301419964
3016.7414	0.0383757953540485
3015.3244	0.0386378810984816
3013.9074	0.0376073487760041
3012.4905	0.0380921811185805
3011.0735	0.0372688500818618
3009.6565	0.0374000631697524
3008.2395	0.0373797313862947
3006.8225	0.0367865640195098
3005.4056	0.0369308512461352
3003.9886	0.0376482508649464
3002.5716	0.0365461212825414
3001.1546	0.0366504634085333
2999.7377	0.0370965031862537
2998.3207	0.0380344084694984
2996.9037	0.0372199177757016
2995.4867	0.0372775614120339
2994.0698	0.0364676168967396
2992.6528	0.0370110708606434
2991.2358	0.0367478558472531
2989.8188	0.0371492695806289
2988.4019	0.0371409327279175
2986.9849	0.0370349148894198
2985.5679	0.0367349798398248
2984.1509	0.0366872314098383
2982.734	0.0375968667692726
2981.317	0.0371205756487616
2979.9	0.0374264298442682
2978.483	0.0371231571307424
2977.0661	0.0370560110515004
2975.6491	0.036968155990964
2974.2321	0.0379743312180496
2972.8151	0.0377394586038676
2971.3982	0.0384521232937357
2969.9812	0.0376203723454448
2968.5642	0.0387039763744998
2967.1472	0.0384380168903127
2965.7303	0.0389062165421623
2964.3133	0.0386145682799865
2962.8963	0.0389891963661901
2961.4793	0.0389684697970069
2960.0623	0.039195683888509
2958.6454	0.0399994132057358
2957.2284	0.0395622934337374
2955.8114	0.0396981863933074
2954.3944	0.0401802948256981
2952.9775	0.0408613106234929
2951.5605	0.040710031040504
2950.1435	0.0411019204681503
2948.7265	0.0414471397963197
2947.3096	0.0414293400109727
2945.8926	0.0420237927414436
2944.4756	0.0426390600909044
2943.0586	0.041992754076217
2941.6417	0.0434359590851058
2940.2247	0.0430626081149404
2938.8077	0.04282322478891
2937.3907	0.0428818732114668
2935.9738	0.0433754849100415
2934.5568	0.0441302373833079
2933.1398	0.0446091060168917
2931.7228	0.0446391629525464
2930.3059	0.04457245996073
2928.8889	0.045156895147155
2927.4719	0.0455617077670413
2926.0549	0.0453407400081788
2924.638	0.0453827741584748
2923.221	0.0443150530541871
2921.804	0.0446092422126301
2920.387	0.04542117684059
2918.9701	0.04530378684582
2917.5531	0.0452166864795342
2916.1361	0.045716972068316
2914.7191	0.0449923903888538
2913.3021	0.0450859627328837
2911.8852	0.0459224063932823
2910.4682	0.0444980596975528
2909.0512	0.0442211027565924
2907.6342	0.0442840607178245
2906.2173	0.0439481416627985
2904.8003	0.0445976122625001
2903.3833	0.0436675137306174
2901.9663	0.044260695133199
2900.5494	0.0442104893069919
2899.1324	0.0441189690488977
2897.7154	0.0445253585293184
2896.2984	0.0442478945466514
2894.8815	0.0436133455775691
2893.4645	0.0444425984024194
2892.0475	0.0440519956732244
2890.6305	0.0446818900241687
2889.2136	0.0439233787066191
2887.7966	0.0434373751216788
2886.3796	0.0436403989566273
2884.9626	0.0438911494008342
2883.5457	0.0436594282366438
2882.1287	0.0436865087260275
2880.7117	0.0436949187144411
2879.2947	0.043319435739868
2877.8778	0.043326024353154
2876.4608	0.0433307029483234
2875.0438	0.0427222965848513
2873.6268	0.0432548333925836
2872.2099	0.0425437450763685
2870.7929	0.0423771657245001
2869.3759	0.0418617993253199
2867.9589	0.0415872161077994
2866.5419	0.0419209727826375
2865.125	0.041737788868259
2863.708	0.0418114363118593
2862.291	0.0419975066933134
2860.874	0.0412771797905283
2859.4571	0.0406551220950732
2858.0401	0.0412201607107743
2856.6231	0.0398785008776412
2855.2061	0.0408054533779798
2853.7892	0.0402129293688323
2852.3722	0.04003978321028
2850.9552	0.0391314278588455
2849.5382	0.0402440010912113
2848.1213	0.039774593979613
2846.7043	0.0406343753691672
2845.2873	0.0399338410180629
2843.8703	0.0396275270416346
2842.4534	0.0397943310719313
2841.0364	0.0392700545645325
2839.6194	0.0391190327743264
2838.2024	0.0393142772977724
2836.7855	0.0391153449861758
2835.3685	0.0388474267766366
2833.9515	0.0386216861838385
2832.5345	0.0384895910232818
2831.1176	0.0387129252478529
2829.7006	0.0384946922650006
2828.2836	0.0380429164668146
2826.8666	0.0386759341351603
2825.4497	0.0375159776507089
2824.0327	0.037156809200569
2822.6157	0.0378149541985794
2821.1987	0.0370408542175704
2819.7817	0.036895058005168
2818.3648	0.0373365802059669
2816.9478	0.0371444327466602
2815.5308	0.0365484429420365
2814.1138	0.0370008915984012
2812.6969	0.036716611158856
2811.2799	0.0367822479531799
2809.8629	0.0365068416884952
2808.4459	0.0366748482922412
2807.029	0.036721305530737
2805.612	0.0363050230467492
2804.195	0.0363089785110644
2802.778	0.0361881290032506
2801.3611	0.0356184512085721
2799.9441	0.0357183577091986
2798.5271	0.0364476880725641
2797.1101	0.0357215192905014
2795.6932	0.0356051209029576
2794.2762	0.0361695868669815
2792.8592	0.0351662552979327
2791.4422	0.0348008102776604
2790.0253	0.0363369556058098
2788.6083	0.0354655679085622
2787.1913	0.0354544353928897
2785.7743	0.0354783558173195
2784.3574	0.0356176220269794
2782.9404	0.0348627150461885
2781.5234	0.0356785323740261
2780.1064	0.0352465568961674
2778.6895	0.0349228867200142
2777.2725	0.0355194760492664
2775.8555	0.0353706588871459
2774.4385	0.034994046743895
2773.0215	0.0345667844289718
2771.6046	0.034384161275976
2770.1876	0.0345138305228542
2768.7706	0.0347985653751141
2767.3536	0.0343125877358235
2765.9367	0.0358909031866647
2764.5197	0.0345544134542945
2763.1027	0.0347380299920519
2761.6857	0.0346144937412709
2760.2688	0.0342981498853586
2758.8518	0.034831095166246
2757.4348	0.0358740628934406
2756.0178	0.0347048566049008
2754.6009	0.0344603786487227
2753.1839	0.0344503273856052
2751.7669	0.0345223777936152
2750.3499	0.0343576547990834
2748.933	0.0339088357271288
2747.516	0.0347488064263398
2746.099	0.0339672080352755
2744.682	0.0338409856742196
2743.2651	0.0338063752213554
2741.8481	0.0344100847685207
2740.4311	0.033799911792374
2739.0141	0.0340647063835966
2737.5972	0.0340058099776586
2736.1802	0.0340841311603923
2734.7632	0.0339226688123076
2733.3462	0.0334148101801896
2731.9293	0.0342633538746688
2730.5123	0.0343674536369786
2729.0953	0.0338536790541092
2727.6783	0.0338470481889648
2726.2613	0.0334009176803874
2724.8444	0.0337742844610417
2723.4274	0.0333490121833539
2722.0104	0.0333438766005771
2720.5934	0.0338394889199384
2719.1765	0.0336210700213277
2717.7595	0.0329794350233685
2716.3425	0.0340515040527484
2714.9255	0.0339484102351179
2713.5086	0.0337531995181984
2712.0916	0.0337986343772211
2710.6746	0.0328403152947445
2709.2576	0.0329197741078922
2707.8407	0.0332279924824472
2706.4237	0.0331038732239095
2705.0067	0.0341474194527793
2703.5897	0.0333084379386939
2702.1728	0.0324381355204705
2700.7558	0.0330881437411007
2699.3388	0.0333168785649839
2697.9218	0.0333574392278441
2696.5049	0.0331356345289659
2695.0879	0.0323865649428917
2693.6709	0.0332747350479539
2692.2539	0.0331118397767134
2690.837	0.0326810817633876
2689.42	0.0333034735832093
2688.003	0.0331905892941652
2686.586	0.0325047219993322
2685.1691	0.0327190344745195
2683.7521	0.0327690904167067
2682.3351	0.0324751391149838
2680.9181	0.0328438235531565
2679.5011	0.0336550679068303
2678.0842	0.032902876521808
2676.6672	0.0326379840865529
2675.2502	0.0330469089330504
2673.8332	0.0329299273596956
2672.4163	0.0317350280958043
2670.9993	0.0320797118871693
2669.5823	0.0323991896405901
2668.1653	0.0321749555690087
2666.7484	0.0325053892996565
2665.3314	0.0322475152590718
2663.9144	0.0327823687693086
2662.4974	0.0323612798202554
2661.0805	0.0327837067670824
2659.6635	0.0324650679839267
2658.2465	0.0332045282251751
2656.8295	0.0327379843377394
2655.4126	0.03256394900406
2653.9956	0.032327883008681
2652.5786	0.0324619653086436
2651.1616	0.0322497016437404
2649.7447	0.0322519732197257
2648.3277	0.0323255514158814
2646.9107	0.032020700079413
2645.4937	0.0321669619360149
2644.0768	0.0320854744745998
2642.6598	0.0317003577611109
2641.2428	0.0316334661815388
2639.8258	0.0313467788120734
2638.4089	0.0325635788586644
2636.9919	0.0317069765800286
2635.5749	0.0313591238798553
2634.1579	0.031773339329872
2632.741	0.0322289365224383
2631.324	0.0316844938993501
2629.907	0.0322446777579892
2628.49	0.0315737164957499
2627.073	0.0312117803915377
2625.6561	0.0304536977502701
2624.2391	0.0315571584397157
2622.8221	0.0308707861613824
2621.4051	0.0310031699752486
2619.9882	0.0317030364711819
2618.5712	0.0308381043529449
2617.1542	0.031656000499359
2615.7372	0.0312922000236634
2614.3203	0.029968828731942
2612.9033	0.0321254804194117
2611.4863	0.0308263958805411
2610.0693	0.0308754947338556
2608.6524	0.030717642451884
2607.2354	0.0306375516166327
2605.8184	0.0307064293176956
2604.4014	0.0300519980108004
2602.9845	0.0310017941364639
2601.5675	0.0299465528880198
2600.1505	0.0304274576541318
2598.7335	0.0309991283372948
2597.3166	0.030661961805489
2595.8996	0.0297129992024288
2594.4826	0.030060089164082
2593.0656	0.0299766593083839
2591.6487	0.0299708355828841
2590.2317	0.0298161568914678
2588.8147	0.0303056886160145
2587.3977	0.0299953967172401
2585.9808	0.0300473320680725
2584.5638	0.0300318109181717
2583.1468	0.0306737071580261
2581.7298	0.0312614017179807
2580.3128	0.0304617284403949
2578.8959	0.0299481939253377
2577.4789	0.0299315068664147
2576.0619	0.0289913424584369
2574.6449	0.029930360231122
2573.228	0.0296708745168613
2571.811	0.0297135425086772
2570.394	0.0296416525016153
2568.977	0.0290799014162752
2567.5601	0.0291662182604591
2566.1431	0.0295424173167165
2564.7261	0.029686510401371
2563.3091	0.0295294833868271
2561.8922	0.0297818245025822
2560.4752	0.0290025874845117
2559.0582	0.0294135162979493
2557.6412	0.0294546568411838
2556.2243	0.0288282752247077
2554.8073	0.0285924884061578
2553.3903	0.0290864583414625
2551.9733	0.0293696680594857
2550.5564	0.0295356688286649
2549.1394	0.0284904593002955
2547.7224	0.0301422633150784
2546.3054	0.0294367206468985
2544.8885	0.028492573982705
2543.4715	0.0299099146786699
2542.0545	0.0296811601473648
2540.6375	0.028915731484144
2539.2206	0.0295545410104288
2537.8036	0.0289062151049423
2536.3866	0.0284431832650673
2534.9696	0.0290067756658113
2533.5526	0.028929813055144
2532.1357	0.0288536148458465
2530.7187	0.0288005126245367
2529.3017	0.029192092615982
2527.8847	0.0289679521314405
2526.4678	0.0283254894379972
2525.0508	0.0288188293610053
2523.6338	0.028672779753701
2522.2168	0.0283090630104191
2520.7999	0.0288358825795016
2519.3829	0.0283962246157852
2517.9659	0.028373774749734
2516.5489	0.0289043246739446
2515.132	0.0289606215006937
2513.715	0.029064363775232
2512.298	0.0284229197750351
2510.881	0.0283263515115002
2509.4641	0.0276957465628377
2508.0471	0.0278749541242343
2506.6301	0.0282225181745534
2505.2131	0.0283810816739098
2503.7962	0.0277387681249518
2502.3792	0.0283974475369371
2500.9622	0.0280341489112795
2499.5452	0.028015185332703
2498.1283	0.0282032275126901
2496.7113	0.0280708006756706
2495.2943	0.0279230110207257
2493.8773	0.0284499132069873
2492.4604	0.0274225856378805
2491.0434	0.027703608662465
2489.6264	0.0281731919049099
2488.2094	0.0281066114917095
2486.7924	0.0284838811316488
2485.3755	0.029093983373545
2483.9585	0.0277544806339367
2482.5415	0.0278531035660134
2481.1245	0.0284466214587526
2479.7076	0.0277798664306488
2478.2906	0.0278834688242479
2476.8736	0.0276928369160687
2475.4566	0.0281027902705628
2474.0397	0.0282315417301223
2472.6227	0.0275747056597057
2471.2057	0.0279583788316024
2469.7887	0.0279700129493071
2468.3718	0.0273869268691294
2466.9548	0.0278914295707373
2465.5378	0.0278582541954327
2464.1208	0.027972011509849
2462.7039	0.0270945915358776
2461.2869	0.0280053838350791
2459.8699	0.0281057701656721
2458.4529	0.0282298255546263
2457.036	0.0281854402241609
2455.619	0.0276338866466402
2454.202	0.0272143816622259
2452.785	0.0273637089751002
2451.3681	0.0274626257277326
2449.9511	0.0280792737379196
2448.5341	0.0268267541620601
2447.1171	0.0278516274889504
2445.7002	0.0282366507235382
2444.2832	0.0275920081385761
2442.8662	0.0277987755606975
2441.4492	0.0273394612809027
2440.0322	0.0263580968565116
2438.6153	0.0272648465266476
2437.1983	0.0271250656083839
2435.7813	0.0272850100444139
2434.3643	0.0272741909647069
2432.9474	0.0276368396088298
2431.5304	0.0275780293002078
2430.1134	0.0270587895182254
2428.6964	0.0268905148587071
2427.2795	0.0274504444162806
2425.8625	0.0269336635338253
2424.4455	0.0268333784464312
2423.0285	0.0274504010499868
2421.6116	0.0268583108319944
2420.1946	0.0269859936028901
2418.7776	0.0269289078657096
2417.3606	0.0270482831932584
2415.9437	0.0264224360407436
2414.5267	0.0264010531986677
2413.1097	0.0259528203663391
2411.6927	0.027163046651184
2410.2758	0.0268950541826833
2408.8588	0.0267652213321645
2407.4418	0.0265983783590997
2406.0248	0.0270661772345154
2404.6079	0.0266872605142792
2403.1909	0.0263751465132553
2401.7739	0.025751643355206
2400.3569	0.0263697722425126
2398.94	0.0264890951195782
2397.523	0.0267432325487177
2396.106	0.0270092954359224
2394.689	0.026849389451254
2393.272	0.0264054871249754
2391.8551	0.0272999720097267
2390.4381	0.0265639450236187
2389.0211	0.0253363413831731
2387.6041	0.0262850248498919
2386.1872	0.0263336509492975
2384.7702	0.0260710010610839
2383.3532	0.0265349549811689
2381.9362	0.0270432704981126
2380.5193	0.0266856835182348
2379.1023	0.0269004032220077
2377.6853	0.026411019134216
2376.2683	0.0260286746509054
2374.8514	0.0273786385556909
2373.4344	0.0261730731023277
2372.0174	0.0258888507797528
2370.6004	0.0254794588383963
2369.1835	0.0255491002955358
2367.7665	0.0255115145259002
2366.3495	0.0255650111669233
2364.9325	0.0257246885231011
2363.5156	0.0269440156868273
2362.0986	0.0266316677208849
2360.6816	0.0273164624962258
2359.2646	0.0273090660561174
2357.8477	0.0268597729482662
2356.4307	0.0269016455260761
2355.0137	0.0262061819846212
2353.5967	0.0258391490694214
2352.1798	0.0260444607128196
2350.7628	0.0264962079997782
2349.3458	0.0260619409178946
2347.9288	0.027055438747377
2346.5118	0.0255768824180381
2345.0949	0.0265856363513037
2343.6779	0.0261387475775943
2342.2609	0.0260293399199907
2340.8439	0.0267192049553275
2339.427	0.0263626512193851
2338.01	0.0257923837855448
2336.593	0.0261335605836801
2335.176	0.02584468655719
2333.7591	0.0257608918648749
2332.3421	0.0263158071659951
2330.9251	0.0261960803863693
2329.5081	0.0263332815263791
2328.0912	0.026253959489087
2326.6742	0.0271762004628096
2325.2572	0.0269855503970547
2323.8402	0.0274524456132332
2322.4233	0.0269298905545111
2321.0063	0.0261771985055505
2319.5893	0.0268591392274245
2318.1723	0.0269825627591885
2316.7554	0.0261090362469781
2315.3384	0.026522257185576
2313.9214	0.0261452806549134
2312.5044	0.0261432272176422
2311.0875	0.0259002585914091
2309.6705	0.0260327659944902
2308.2535	0.0255815117343444
2306.8365	0.0265784814748042
2305.4196	0.0260153201370396
2304.0026	0.0255224570645535
2302.5856	0.0257584421477451
2301.1686	0.0259150334224693
2299.7516	0.0254092302605229
2298.3347	0.0257339307853439
2296.9177	0.0255083784651073
2295.5007	0.0261437517410981
2294.0837	0.02540008882858
2292.6668	0.0259372591004797
2291.2498	0.0256490141885607
2289.8328	0.0265147280212237
2288.4158	0.0253580722950806
2286.9989	0.0261276554071778
2285.5819	0.0261209736350028
2284.1649	0.0261496382764662
2282.7479	0.026137610378582
2281.331	0.0261484002080252
2279.914	0.024932501476606
2278.497	0.0249628322541712
2277.08	0.0255029025354565
2275.6631	0.0253372552703743
2274.2461	0.0259628552635525
2272.8291	0.0259639324668491
2271.4121	0.0261162306290858
2269.9952	0.0248453037896269
2268.5782	0.0262305628735277
2267.1612	0.0248920446961875
2265.7442	0.024435051662753
2264.3273	0.0250873107066007
2262.9103	0.0244530120378999
2261.4933	0.0251619572725573
2260.0763	0.0243245211367728
2258.6594	0.0247451146636342
2257.2424	0.0254335362125727
2255.8254	0.0253732802925274
2254.4084	0.0250650918797573
2252.9914	0.0243105874061969
2251.5745	0.0244672115091156
2250.1575	0.0248884526705809
2248.7405	0.0251791390183862
2247.3235	0.0247909963793388
2245.9066	0.0251212157927651
2244.4896	0.0248709544569458
2243.0726	0.0251751693625167
2241.6556	0.024516000667464
2240.2387	0.024020258049585
2238.8217	0.0248455392707769
2237.4047	0.0239235954906028
2235.9877	0.0245193957948983
2234.5708	0.0246186133570604
2233.1538	0.0243840569140886
2231.7368	0.0244569713900073
2230.3198	0.0243402441493807
2228.9029	0.0253705951486763
2227.4859	0.0254111093203928
2226.0689	0.0250309823138328
2224.6519	0.0244979503999788
2223.235	0.0247463564521468
2221.818	0.0250874289811508
2220.401	0.0243018655057404
2218.984	0.0246470014282038
2217.5671	0.0242551070778545
2216.1501	0.0247243371317893
2214.7331	0.0249351029936895
2213.3161	0.0244154078336888
2211.8992	0.0246797652596361
2210.4822	0.023997547460716
2209.0652	0.0236544801020969
2207.6482	0.0244049486305397
2206.2312	0.0242773838260603
2204.8143	0.0252188900389834
2203.3973	0.0245631235640744
2201.9803	0.0252628602931356
2200.5633	0.0247763539001865
2199.1464	0.0239692039122848
2197.7294	0.0241181978493088
2196.3124	0.025643766345207
2194.8954	0.0254047978534439
2193.4785	0.0254793335598752
2192.0615	0.025613475383055
2190.6445	0.0256595240961779
2189.2275	0.0253854957630338
2187.8106	0.0252751205440451
2186.3936	0.0245911936967523
2184.9766	0.0244543089681437
2183.5596	0.0244808064148531
2182.1427	0.0247991325018566
2180.7257	0.0248314070132631
2179.3087	0.0241086959393418
2177.8917	0.0243806380521612
2176.4748	0.0243250950519914
2175.0578	0.0242996558044872
2173.6408	0.0236660491129673
2172.2238	0.0238656194954496
2170.8069	0.0248939728083199
2169.3899	0.0249435271638628
2167.9729	0.0251486779710601
2166.5559	0.0258381794088056
2165.139	0.0253723688905537
2163.722	0.0261241844063621
2162.305	0.025606449126928
2160.888	0.0245632315347226
2159.471	0.0234957634257697
2158.0541	0.0213996712702113
2156.6371	0.0212737101678043
2155.2201	0.0216038222631992
2153.8031	0.0216273777592069
2152.3862	0.0221379344833354
2150.9692	0.0222526891372948
2149.5522	0.0225014792346637
2148.1352	0.022808497564792
2146.7183	0.0229613021225349
2145.3013	0.0228036418638528
2143.8843	0.0223181067915532
2142.4673	0.0224979227409424
2141.0504	0.0225413104606445
2139.6334	0.0229614222827417
2138.2164	0.0227798787704592
2136.7994	0.0233370192090785
2135.3825	0.0238348041378604
2133.9655	0.0235780016328712
2132.5485	0.0241867411201728
2131.1315	0.0236502827155266
2129.7146	0.0239522195405711
2128.2976	0.0237022776933903
2126.8806	0.0237589203904027
2125.4636	0.0236715815810531
2124.0467	0.0244067480027447
2122.6297	0.0238832971993871
2121.2127	0.0238452117967437
2119.7957	0.0234236056337124
2118.3788	0.0243198692634035
2116.9618	0.0230719661453626
2115.5448	0.0238201570455852
2114.1278	0.0238469743335856
2112.7108	0.0242303941130418
2111.2939	0.0242161824379203
2109.8769	0.0241234539480898
2108.4599	0.0241444104851036
2107.0429	0.024579353775017
2105.626	0.0243954537317872
2104.209	0.0241388660412551
2102.792	0.0226611697829722
2101.375	0.0239106377549673
2099.9581	0.0240440515268341
2098.5411	0.0239820317464281
2097.1241	0.0238865003189178
2095.7071	0.0232481549824608
2094.2902	0.023191236675894
2092.8732	0.0232032486029075
2091.4562	0.0230305825337783
2090.0392	0.0237043485844136
2088.6223	0.0236019091467274
2087.2053	0.0236706317964253
2085.7883	0.0238345331003088
2084.3713	0.0239841494094326
2082.9544	0.0243730271650919
2081.5374	0.024128168722874
2080.1204	0.0242942096127461
2078.7034	0.0238117627135717
2077.2865	0.0237790124310533
2075.8695	0.023749881781636
2074.4525	0.0244689952447011
2073.0355	0.0236023927780333
2071.6186	0.0244232525453517
2070.2016	0.0241502509760498
2068.7846	0.0229505578567867
2067.3676	0.0236991333884985
2065.9506	0.0237030101003274
2064.5337	0.0234391192914475
2063.1167	0.023097649900316
2061.6997	0.0235477107359839
2060.2827	0.0242057182190049
2058.8658	0.0235296810117159
2057.4488	0.0227687240545907
2056.0318	0.0238269523162975
2054.6148	0.0241719765022639
2053.1979	0.0233758052640847
2051.7809	0.0235572123656545
2050.3639	0.023086738087243
2048.9469	0.0232868954139608
2047.53	0.0225800038883431
2046.113	0.023220169213292
2044.696	0.0229401858603272
2043.279	0.0221746820798957
2041.8621	0.0228912893730191
2040.4451	0.0231798154923346
2039.0281	0.0234579425365442
2037.6111	0.0221490545126343
2036.1942	0.0223343177726331
2034.7772	0.0225450808154391
2033.3602	0.022827358067333
2031.9432	0.0215455655665448
2030.5263	0.0227123201608453
2029.1093	0.0216725057461133
2027.6923	0.0219901822793342
2026.2753	0.0218353105105284
2024.8584	0.0222384101889312
2023.4414	0.0210854474036617
2022.0244	0.0214147408938419
2020.6074	0.0209086288819548
2019.1904	0.0207159219537973
2017.7735	0.0211292633157597
2016.3565	0.0209959946792055
2014.9395	0.0210597723841476
2013.5225	0.0215396877855137
2012.1056	0.0216636540601374
2010.6886	0.0216450982783478
2009.2716	0.0216523550245987
2007.8546	0.0206282406966896
2006.4377	0.0219697543462302
2005.0207	0.02097119052024
2003.6037	0.021818725000983
2002.1867	0.0221017826558381
2000.7698	0.0216564184785829
1999.3528	0.0214624503340356
1997.9358	0.0213264491480366
1996.5188	0.0211429113264046
1995.1019	0.0212838856458213
1993.6849	0.0209772766936532
1992.2679	0.0211951730260621
1990.8509	0.0218261374853624
1989.434	0.0217050851840268
1988.017	0.0223900835003421
1986.6	0.0217837584549297
1985.183	0.0223814140641701
1983.7661	0.022719836339675
1982.3491	0.0215491853464004
1980.9321	0.0223593825835208
1979.5151	0.0220132314923231
1978.0982	0.0210389325477405
1976.6812	0.0208360631174912
1975.2642	0.0202844639387964
1973.8472	0.0200704968967091
1972.4302	0.0202225467472104
1971.0133	0.0209048917601812
1969.5963	0.0207779273771614
1968.1793	0.020249289127528
1966.7623	0.0203927484725704
1965.3454	0.0209007769565075
1963.9284	0.0207924297714872
1962.5114	0.0205681097960904
1961.0944	0.0215420870346264
1959.6775	0.0207678927708188
1958.2605	0.0214718787606752
1956.8435	0.0206909209893544
1955.4265	0.0212289079697555
1954.0096	0.0209101207305872
1952.5926	0.0203812774502354
1951.1756	0.0208520264742362
1949.7586	0.0209094622088697
1948.3417	0.0205748279304109
1946.9247	0.0210305328460182
1945.5077	0.0207025356258517
1944.0907	0.0211993864313816
1942.6738	0.0204807850920125
1941.2568	0.0205625808703366
1939.8398	0.0211921393762707
1938.4228	0.0219864448558522
1937.0059	0.0222640074649763
1935.5889	0.0219293261396136
1934.1719	0.0214512898204371
1932.7549	0.0217402028834729
1931.338	0.0215417215015077
1929.921	0.021378908805627
1928.504	0.0213354143672876
1927.087	0.0211851981725928
1925.67	0.020813007957171
1924.2531	0.0222370043372668
1922.8361	0.0218817477735903
1921.4191	0.02240685177039
1920.0021	0.0220767666496558
1918.5852	0.0217672480079164
1917.1682	0.0220994134329754
1915.7512	0.0208843691465355
1914.3342	0.020916240569546
1912.9173	0.0217229096241561
1911.5003	0.0213184536628033
1910.0833	0.0212643710610577
1908.6663	0.0218684534049205
1907.2494	0.0222409512846348
1905.8324	0.0215209173793074
1904.4154	0.0216330496363317
1902.9984	0.0216265334473296
1901.5815	0.0218070134985287
1900.1645	0.0219864656046487
1898.7475	0.0213138304780355
1897.3305	0.0220810741699251
1895.9136	0.021914942010179
1894.4966	0.021324513148553
1893.0796	0.0216856529192609
1891.6626	0.0216390348304852
1890.2457	0.0227944244866727
1888.8287	0.0216030574133295
1887.4117	0.02199050644524
1885.9947	0.0211075599656557
1884.5778	0.0216409300109227
1883.1608	0.0223909479306814
1881.7438	0.0218098169426626
1880.3268	0.0217001243767174
1878.9098	0.021553212619667
1877.4929	0.0213784320067761
1876.0759	0.0214759577539057
1874.6589	0.0210414780673151
1873.2419	0.0213724586360985
1871.825	0.0218780021971603
1870.408	0.0220365665936747
1868.991	0.0207932458368766
1867.574	0.0214944390741213
1866.1571	0.0209629629877446
1864.7401	0.0212514327295457
1863.3231	0.0218210557076471
1861.9061	0.0215567680304312
1860.4892	0.0216632439063975
1859.0722	0.02148158126575
1857.6552	0.0210267683047197
1856.2382	0.0215374142682139
1854.8213	0.0221845757835884
1853.4043	0.02095779804586
1851.9873	0.0215762143936777
1850.5703	0.0211407564523682
1849.1534	0.0212986812874945
1847.7364	0.0211967310853935
1846.3194	0.020838582117851
1844.9024	0.0222843051786863
1843.4855	0.0211232644884178
1842.0685	0.0210469192786751
1840.6515	0.0213611218264809
1839.2345	0.0217661123717501
1837.8176	0.0210266819866067
1836.4006	0.021295005331366
1834.9836	0.0215203308125004
1833.5666	0.0213623490065335
1832.1496	0.0210485670839669
1830.7327	0.0207455921640919
1829.3157	0.0212153387485522
1827.8987	0.0209370335516109
1826.4817	0.0213963790750668
1825.0648	0.0216063560991409
1823.6478	0.0206082709751723
1822.2308	0.0213046128873577
1820.8138	0.0213909382420371
1819.3969	0.019904428337825
1817.9799	0.020907734431295
1816.5629	0.0219985707563133
1815.1459	0.0207613502388474
1813.729	0.0215773939348707
1812.312	0.0208912743408381
1810.895	0.0205410381927674
1809.478	0.0208067424076728
1808.0611	0.021149807972915
1806.6441	0.0209366019646133
1805.2271	0.0216071719128691
1803.8101	0.020882221933932
1802.3932	0.0213628505230511
1800.9762	0.0204810511739916
1799.5592	0.0209349248660927
1798.1422	0.0208541641296307
1796.7253	0.0215050603159089
1795.3083	0.020647084915079
1793.8913	0.02137500588515
1792.4743	0.0211427428701538
1791.0574	0.0215945722355591
1789.6404	0.0214175493042987
1788.2234	0.0211330743728451
1786.8064	0.0211897780198495
1785.3894	0.02123735337905
1783.9725	0.0212359024384051
1782.5555	0.0211411332102311
1781.1385	0.021523550439865
1779.7215	0.0209453070776073
1778.3046	0.0213847060201508
1776.8876	0.0207715608922802
1775.4706	0.0218312873246119
1774.0536	0.0210622855209474
1772.6367	0.0207183056964485
1771.2197	0.0216370064294909
1769.8027	0.0206587436812847
1768.3857	0.0218154234407107
1766.9688	0.0210912290218785
1765.5518	0.0210779490740958
1764.1348	0.0214646045018014
1762.7178	0.022030112309127
1761.3009	0.0216555004903325
1759.8839	0.0217846656936788
1758.4669	0.0220685331475934
1757.0499	0.0210516904777277
1755.633	0.0211664942463103
1754.216	0.0212898272352935
1752.799	0.0218063031802899
1751.382	0.0215634403570902
1749.9651	0.0218776956210131
1748.5481	0.0218971325094421
1747.1311	0.0222032126943237
1745.7141	0.022235478028619
1744.2972	0.0228742824891928
1742.8802	0.0228043348635745
1741.4632	0.0232151219589927
1740.0462	0.0222679432593193
1738.6292	0.0226723448882336
1737.2123	0.0227006864379682
1735.7953	0.0239167318629505
1734.3783	0.0239575191858089
1732.9613	0.0239707334726423
1731.5444	0.0244858486439034
1730.1274	0.0247568102793411
1728.7104	0.0246551035140017
1727.2934	0.0246350410526233
1725.8765	0.0249347726865858
1724.4595	0.024792319962245
1723.0425	0.0241306452826884
1721.6255	0.0257052355381717
1720.2086	0.0255658483664583
1718.7916	0.025900536858952
1717.3746	0.0261000684444508
1715.9576	0.0256443618609974
1714.5407	0.0265594119203116
1713.1237	0.026739134345216
1711.7067	0.0264015238333934
1710.2897	0.026076474795667
1708.8728	0.0273463795614623
1707.4558	0.0273367822933342
1706.0388	0.0275914230141747
1704.6218	0.0273271585826872
1703.2049	0.0275843516151464
1701.7879	0.0281602230498443
1700.3709	0.0283392844386334
1698.9539	0.0279709850791175
1697.537	0.028626139127151
1696.12	0.0285053508892001
1694.703	0.0284277974451776
1693.286	0.0280691679906783
1691.869	0.0283596303569325
1690.4521	0.0290635560624052
1689.0351	0.0293000010380424
1687.6181	0.0286198581025003
1686.2011	0.0299699984943257
1684.7842	0.0290227667497143
1683.3672	0.0287427433682698
1681.9502	0.0291333067173558
1680.5332	0.0288562508791451
1679.1163	0.02910860995058
1677.6993	0.0298912613845865
1676.2823	0.0298971948230431
1674.8653	0.0296450419197127
1673.4484	0.0300308687558136
1672.0314	0.0314394230337111
1670.6144	0.0304722691421553
1669.1974	0.0306081295465038
1667.7805	0.0309678849414795
1666.3635	0.0311391398500751
1664.9465	0.0315983719830493
1663.5295	0.0316330702113134
1662.1126	0.0316092580733417
1660.6956	0.032164013185337
1659.2786	0.032155267996868
1657.8616	0.032463968343742
1656.4447	0.0317886861250227
1655.0277	0.0323858530317518
1653.6107	0.0325357401964664
1652.1937	0.0333713150114369
1650.7768	0.0339951106561711
1649.3598	0.0337130379400321
1647.9428	0.0343027939880807
1646.5258	0.0344559983809456
1645.1088	0.0353489214671363
1643.6919	0.0352020312158724
1642.2749	0.0363135710876279
1640.8579	0.0360370022233547
1639.4409	0.0369078428087741
1638.024	0.037529029969287
1636.607	0.038152958867223
1635.19	0.0390379882548517
1633.773	0.0395681702679111
1632.3561	0.0397841844933223
1630.9391	0.0403453698192641
1629.5221	0.0401982197221027
1628.1051	0.0409600337962727
1626.6882	0.0411263243936106
1625.2712	0.0416120806790445
1623.8542	0.0416983570602593
1622.4372	0.0423706485437412
1621.0203	0.0422068280785564
1619.6033	0.0427411851655078
1618.1863	0.0428688594527388
1616.7693	0.0432758616090383
1615.3524	0.0436131516115873
1613.9354	0.0443109156842792
1612.5184	0.0449676177004312
1611.1014	0.0447856957103199
1609.6845	0.0452218768232131
1608.2675	0.0465237624373123
1606.8505	0.0454470684973374
1605.4335	0.0471084438901444
1604.0166	0.0475364300873806
1602.5996	0.0484885743640016
1601.1826	0.0479799345083353
1599.7656	0.0483530747216845
1598.3486	0.0480543296158346
1596.9317	0.0485050708624101
1595.5147	0.04776004203281
1594.0977	0.0474930893776733
1592.6807	0.0471503932812962
1591.2638	0.0473872807616414
1589.8468	0.0470998044380352
1588.4298	0.0467411525641533
1587.0128	0.0458715838675383
1585.5959	0.0452723733606874
1584.1789	0.0441192232750518
1582.7619	0.0444781731466038
1581.3449	0.043899112450812
1579.928	0.0426056470120201
1578.511	0.0427704879123625
1577.094	0.0414398613064826
1575.677	0.0416134106317387
1574.2601	0.0409014847630682
1572.8431	0.0409114123581369
1571.4261	0.0395952912655253
1570.0091	0.0404828889544817
1568.5922	0.0392864066598596
1567.1752	0.0396992461255648
1565.7582	0.0387177736435525
1564.3412	0.0379410486092503
1562.9243	0.0373256656549694
1561.5073	0.0368014732019869
1560.0903	0.0356931801542518
1558.6733	0.0350363848763269
1557.2564	0.033782292207418
1555.8394	0.0340821727908482
1554.4224	0.0332283086708369
1553.0054	0.0325649584462814
1551.5885	0.0333976355949379
1550.1715	0.0323443032050217
1548.7545	0.0315509733011694
1547.3375	0.0309778094392407
1545.9205	0.0307964650390976
1544.5036	0.0313903873229525
1543.0866	0.030570861151536
1541.6696	0.0300167077474887
1540.2526	0.0299520679143518
1538.8357	0.0296339336978048
1537.4187	0.0298684486198771
1536.0017	0.0298389268357826
1534.5847	0.0295145034373072
1533.1678	0.0297078629987684
1531.7508	0.0299204356128441
1530.3338	0.0294055926112059
1528.9168	0.0294103925040872
1527.4999	0.0296130495675681
1526.0829	0.0306504578510991
1524.6659	0.0297992904673514
1523.2489	0.0310019459282691
1521.832	0.0320966568582056
1520.415	0.0323295759548492
1518.998	0.0334878274127128
1517.581	0.0343555088523384
1516.1641	0.0351963386054581
1514.7471	0.0356143710570785
1513.3301	0.0371064303731911
1511.9131	0.0373227014885152
1510.4962	0.0366084868431698
1509.0792	0.0367927820382139
1507.6622	0.0370976343054638
1506.2452	0.0376075352235829
1504.8283	0.0371563399331202
1503.4113	0.0359855137849829
1501.9943	0.0361191641903337
1500.5773	0.0347082190527303
1499.1603	0.0336919966273052
1497.7434	0.0332446758890933
1496.3264	0.0321617990585117
1494.9094	0.0315423403960835
1493.4924	0.0309974710387587
1492.0755	0.030921499342845
1490.6585	0.0308928654937397
1489.2415	0.0303553042152939
1487.8245	0.0311804428147993
1486.4076	0.0308376929410442
1484.9906	0.0317762985127214
1483.5736	0.0319217338283573
1482.1566	0.0319593795348028
1480.7397	0.032627491050663
1479.3227	0.0325379497110151
1477.9057	0.0327282312975087
1476.4887	0.0332806503406829
1475.0718	0.0324421206873348
1473.6548	0.0338120155129161
1472.2378	0.0343562247024132
1470.8208	0.0355166701388508
1469.4039	0.0356959520442182
1467.9869	0.0363448117214189
1466.5699	0.0370643880054173
1465.1529	0.0374178406951287
1463.736	0.0388142226054766
1462.319	0.0398711741049592
1460.902	0.0395687954648011
1459.485	0.0409080388767152
1458.0681	0.0414381187912832
1456.6511	0.0417492381321041
1455.2341	0.0413855296467016
1453.8171	0.0421231282411768
1452.4001	0.0422703107318857
1450.9832	0.0430523613713416
1449.5662	0.0423932092756763
1448.1492	0.0431674907351769
1446.7322	0.0422531555988569
1445.3153	0.0426060669104375
1443.8983	0.0434574133019415
1442.4813	0.0431501448701171
1441.0643	0.0425456778372426
1439.6474	0.0432482778033942
1438.2304	0.0425200496022093
1436.8134	0.043730396908487
1435.3964	0.0439501010593519
1433.9795	0.0439850566450087
1432.5625	0.0440158689596214
1431.1455	0.0445648587143201
1429.7285	0.045593770414544
1428.3116	0.0459124481560647
1426.8946	0.0467702715558843
1425.4776	0.0468592315152168
1424.0606	0.0474530457868272
1422.6437	0.0475468497898415
1421.2267	0.0477902031770387
1419.8097	0.0481762544128303
1418.3927	0.048101909079246
1416.9758	0.0492868979044873
1415.5588	0.0484737877526759
1414.1418	0.0478787875144905
1412.7248	0.048765621728826
1411.3079	0.0491380769298011
1409.8909	0.0497167030179308
1408.4739	0.0488284885297411
1407.0569	0.0487726936159037
1405.6399	0.0487857720948776
1404.223	0.0487384006487182
1402.806	0.0492986231727603
1401.389	0.0497476251823254
1399.972	0.0493241618057975
1398.5551	0.0491091496244041
1397.1381	0.0500885962110065
1395.7211	0.0496744712858166
1394.3041	0.0498851078163061
1392.8872	0.0509245151202342
1391.4702	0.0506782050321724
1390.0532	0.0512544230124556
1388.6362	0.0515575174602399
1387.2193	0.0525334671545477
1385.8023	0.0524834597416343
1384.3853	0.0538457817542347
1382.9683	0.0533034997360435
1381.5514	0.0529157615026256
1380.1344	0.0523645763187381
1378.7174	0.0529974806192564
1377.3004	0.052330873099896
1375.8835	0.0525995283488032
1374.4665	0.0526211628101173
1373.0495	0.0529065547076299
1371.6325	0.0537617667780505
1370.2156	0.0531541819530379
1368.7986	0.0541047630972814
1367.3816	0.0545405692740145
1365.9646	0.0553335682006333
1364.5477	0.0552253397008402
1363.1307	0.0549138853774819
1361.7137	0.0558766524390472
1360.2967	0.0560487220859611
1358.8797	0.0549564229172734
1357.4628	0.0554675092742283
1356.0458	0.0546540228708568
1354.6288	0.0533487779388369
1353.2118	0.0531439265007831
1351.7949	0.0531461194269886
1350.3779	0.052561206691891
1348.9609	0.052654087412949
1347.5439	0.0526926358428904
1346.127	0.0526627728129437
1344.71	0.0527063336218327
1343.293	0.0530399180269984
1341.876	0.0525475189172752
1340.4591	0.0543453735110541
1339.0421	0.0535531352211075
1337.6251	0.0539742743844915
1336.2081	0.0539774186800123
1334.7912	0.0533436011883211
1333.3742	0.0534165235110127
1331.9572	0.0540717620636762
1330.5402	0.0537333759834211
1329.1233	0.0531631877957752
1327.7063	0.0529624146595909
1326.2893	0.0522488092532788
1324.8723	0.0515296458644108
1323.4554	0.0513220059727067
1322.0384	0.0507361990033379
1320.6214	0.0502261352490416
1319.2044	0.0495849960942737
1317.7875	0.0501641531245491
1316.3705	0.0486051443190148
1314.9535	0.0487457570256373
1313.5365	0.0485403062046043
1312.1195	0.0483260325909537
1310.7026	0.0477109200314465
1309.2856	0.0468018316661869
1307.8686	0.0478554343892033
1306.4516	0.0477981710132641
1305.0347	0.0478511728431808
1303.6177	0.0466321464557111
1302.2007	0.0474628306653767
1300.7837	0.0480041294933434
1299.3668	0.0477630120826571
1297.9498	0.0479976333292397
1296.5328	0.0473073227164707
1295.1158	0.0483392613395322
1293.6989	0.0473782114537695
1292.2819	0.0476422667751387
1290.8649	0.0474965419698806
1289.4479	0.0476053175149374
1288.031	0.0479514653249345
1286.614	0.0481120791620432
1285.197	0.047659366188784
1283.78	0.0484815642963854
1282.3631	0.0483310114696105
1280.9461	0.0495388983616031
1279.5291	0.0497700844281091
1278.1121	0.0500206191876207
1276.6952	0.0509606368496958
1275.2782	0.0517034635525893
1273.8612	0.0514860932478817
1272.4442	0.0521578475058172
1271.0273	0.0520457794378865
1269.6103	0.0519107394768298
1268.1933	0.0528473721875604
1266.7763	0.051669793402713
1265.3593	0.0524957538513373
1263.9424	0.0519398653051361
1262.5254	0.052189837112926
1261.1084	0.0509076472583374
1259.6914	0.050937982226448
1258.2745	0.0518250346868281
1256.8575	0.051446483284861
1255.4405	0.0516937513283301
1254.0235	0.0520744443428201
1252.6066	0.0507261797625733
1251.1896	0.051331112051565
1249.7726	0.0518264748182113
1248.3556	0.05101348433854
1246.9387	0.0503862395869998
1245.5217	0.0502056954670685
1244.1047	0.05017268853698
1242.6877	0.0502306326108109
1241.2708	0.0505137298612624
1239.8538	0.0507200783513808
1238.4368	0.0503645232809917
1237.0198	0.0498814615861738
1235.6029	0.0509352044281127
1234.1859	0.0510960679445987
1232.7689	0.05155541229958
1231.3519	0.0506223983065933
1229.935	0.0498256978610005
1228.518	0.0493802857013121
1227.101	0.0489803131130869
1225.684	0.0490073821337854
1224.2671	0.0477729258286353
1222.8501	0.0471744315210417
1221.4331	0.0462520254828263
1220.0161	0.0448973063227858
1218.5991	0.0464206160013739
1217.1822	0.0448410485717442
1215.7652	0.0447044181460867
1214.3482	0.0438754706279934
1212.9312	0.0443150016555673
1211.5143	0.044951488462192
1210.0973	0.0442259451151632
1208.6803	0.0429132980999927
1207.2633	0.0434339989141028
1205.8464	0.042645157319779
1204.4294	0.0419110641180449
1203.0124	0.0414846632800844
1201.5954	0.0419218062478929
1200.1785	0.0406943754027027
1198.7615	0.0414470588607302
1197.3445	0.0399605861172205
1195.9275	0.0403435467026158
1194.5106	0.0391120566874657
1193.0936	0.0392386323875379
1191.6766	0.0392102995370659
1190.2596	0.0380561187095551
1188.8427	0.0368119589903917
1187.4257	0.0369050208267924
1186.0087	0.0363210095465234
1184.5917	0.0360211251464116
1183.1748	0.0359519481431145
1181.7578	0.0361825893426672
1180.3408	0.0365046662611506
1178.9238	0.03608961293061
1177.5069	0.0370721205219674
1176.0899	0.037730163232086
1174.6729	0.0374728921281292
1173.2559	0.0384438323334342
1171.8389	0.0401331342888202
1170.422	0.0403362547991866
1169.005	0.0425395299093119
1167.588	0.0430782729196371
1166.171	0.0461532774475795
1164.7541	0.0481779215834506
1163.3371	0.0500859956913894
1161.9201	0.053910213263625
1160.5031	0.056341044788827
1159.0862	0.0594655077623901
1157.6692	0.0610893978193401
1156.2522	0.0643470953099917
1154.8352	0.0655713000448327
1153.4183	0.0677757893018056
1152.0013	0.0686903057136258
1150.5843	0.0704437127044336
1149.1673	0.070774725866733
1147.7504	0.0712852071582396
1146.3334	0.0718552158060215
1144.9164	0.0712342738311792
1143.4994	0.0708437146942986
1142.0825	0.0698083545215913
1140.6655	0.0687025736966648
1139.2485	0.0682343253993383
1137.8315	0.0674576151079523
1136.4146	0.0662082707025539
1134.9976	0.0654695544888136
1133.5806	0.0645578016812793
1132.1636	0.0647358105264065
1130.7467	0.0644670101850866
1129.3297	0.0656492369531173
1127.9127	0.065340436175621
1126.4957	0.0650595616013128
1125.0787	0.0653117025539979
1123.6618	0.0668175849780872
1122.2448	0.0666357483487155
1120.8278	0.0668424351407917
1119.4108	0.0670798790197552
1117.9939	0.0671003170765292
1116.5769	0.0669506654790354
1115.1599	0.068032566546987
1113.7429	0.0681862639083158
1112.326	0.0682615046290827
1110.909	0.0689178633067136
1109.492	0.0696857770749172
1108.075	0.0696126027298794
1106.6581	0.0703605962651132
1105.2411	0.0714151833079975
1103.8241	0.0720904986076337
1102.4071	0.0722867596556659
1100.9902	0.0733597070802874
1099.5732	0.0742074504900927
1098.1562	0.0738026499922454
1096.7392	0.0740711001723556
1095.3223	0.0742840739006884
1093.9053	0.0743361038654486
1092.4883	0.0747751018572189
1091.0713	0.0757036660473638
1089.6544	0.0773784430800638
1088.2374	0.0787305958710244
1086.8204	0.0811255593351258
1085.4034	0.0827806807877324
1083.9865	0.0851849160169541
1082.5695	0.0883953430953943
1081.1525	0.091068240690427
1079.7355	0.0930149793965235
1078.3185	0.0951974937262684
1076.9016	0.0954238915601209
1075.4846	0.0957607154254481
1074.0676	0.0950635577801795
1072.6506	0.0940445459147304
1071.2337	0.0918146258724992
1069.8167	0.0903841040377467
1068.3997	0.0881194471024545
1066.9827	0.087458723270127
1065.5658	0.0868895797491742
1064.1488	0.0871158939029729
1062.7318	0.0875658503887808
1061.3148	0.0885653878467162
1059.8979	0.0900191857936439
1058.4809	0.0909101819714643
1057.0639	0.0924466680547389
1055.6469	0.0939226138024503
1054.23	0.096249617365805
1052.813	0.0984806969104809
1051.396	0.0997197937475846
1049.979	0.101781624262567
1048.5621	0.103686769476697
1047.1451	0.105308226311348
1045.7281	0.107438920518487
1044.3111	0.109547670777739
1042.8942	0.111341635117771
1041.4772	0.112455099740656
1040.0602	0.114632894063911
1038.6432	0.116594316616317
1037.2263	0.117711658355018
1035.8093	0.120673137636183
1034.3923	0.12247142593501
1032.9753	0.124150628537994
1031.5583	0.125861321370388
1030.1414	0.127777618864431
1028.7244	0.13043053197303
1027.3074	0.131452910184208
1025.8904	0.13452642863219
1024.4735	0.136276245422375
1023.0565	0.138651013433144
1021.6395	0.139944959467866
1020.2225	0.142427158726506
1018.8056	0.143148670629636
1017.3886	0.144670619809576
1015.9716	0.146031366864903
1014.5546	0.146439414899455
1013.1377	0.146430398742067
1011.7207	0.147760627072605
1010.3037	0.147026286921055
1008.8867	0.147419559773741
1007.4698	0.148393597882717
1006.0528	0.148276710366671
1004.6358	0.148330965955428
1003.2188	0.148809256150986
1001.8019	0.149091500535953
1000.3849	0.149936019460713
998.9679	0.151398491173662
997.5509	0.152093394817911
996.134	0.152449031102332
994.717	0.153473310446358
993.3	0.154160524026404
991.883	0.154471876821306
990.4661	0.154107332133855
989.0491	0.15376769139742
987.6321	0.152761304120379
986.2151	0.152505101634733
984.7981	0.151615483084938
983.3812	0.149699413012673
981.9642	0.147956114347125
980.5472	0.146008446612465
979.1302	0.14387937990063
977.7133	0.140718290083502
976.2963	0.138549142368526
974.8793	0.135703294212685
973.4623	0.133396393138476
972.0454	0.130152345949869
970.6284	0.126908792411745
969.2114	0.124529958900186
967.7944	0.12163349544287
966.3775	0.119376004239588
964.9605	0.116936641429764
963.5435	0.113739748106989
962.1265	0.112521865544009
960.7096	0.108869667774853
959.2926	0.106134618017793
957.8756	0.104211965864324
956.4586	0.101999220186912
955.0417	0.100260720704619
953.6247	0.0980332255658537
952.2077	0.0959998823829304
950.7907	0.0940095818925883
949.3738	0.0929317666118984
947.9568	0.0913030519490675
946.5398	0.0907804427538372
945.1228	0.089389859453236
943.7059	0.0903400506454616
942.2889	0.0896857095662011
940.8719	0.0896355710356273
939.4549	0.0895269257966735
938.0379	0.0905209923158187
936.621	0.090584777482729
935.204	0.0908262675663783
933.787	0.0908963410729064
932.37	0.0902181744235603
930.9531	0.0907895398537941
929.5361	0.0904629655254437
928.1191	0.0909619369630624
926.7021	0.0910031090060728
925.2852	0.0909337265775066
923.8682	0.0902737177554218
922.4512	0.0893469000910174
921.0342	0.0891598526705684
919.6173	0.0888884629184514
918.2003	0.0885045729167715
916.7833	0.0887161540462817
915.3663	0.0881603780585
913.9494	0.0873710887448681
912.5324	0.0869442430073586
911.1154	0.0852142358882035
909.6984	0.0851924941349902
908.2815	0.0836204799790818
906.8645	0.0832347779556244
905.4475	0.0820866576268293
904.0305	0.0816528078947657
902.6136	0.0812757956149904
901.1966	0.0803949060202217
899.7796	0.0784818619764023
898.3626	0.0787100505385724
896.9457	0.0788696235446485
895.5287	0.0780487222431076
894.1117	0.0770407482971941
892.6947	0.0777697649008734
891.2777	0.0764513450616369
889.8608	0.0758592741169159
888.4438	0.0753986402639064
887.0268	0.0746503886524432
885.6098	0.0735259080465775
884.1929	0.0723899288714086
882.7759	0.072126671919402
881.3589	0.0718303987843639
879.9419	0.0712818468616626
878.525	0.0708203319862745
877.108	0.0702053830305009
875.691	0.0701928914992353
874.274	0.0703537505482297
872.8571	0.0699047119210584
871.4401	0.0706726714679246
870.0231	0.07069498953678
868.6061	0.071146112353385
867.1892	0.0721942091904457
865.7722	0.0722092437215929
864.3552	0.0723862517090683
862.9382	0.0735190005462352
861.5213	0.0728395007558904
860.1043	0.0735820002622473
858.6873	0.0736780196521965
857.2703	0.0744671969985975
855.8534	0.0748269742792749
854.4364	0.0743626907476499
853.0194	0.0741937756932117
851.6024	0.0739273075147025
850.1855	0.0739019422199714
848.7685	0.074026251320631
847.3515	0.0745185858240767
845.9345	0.0740479135397032
844.5175	0.0742495696292473
843.1006	0.0742243315343166
841.6836	0.0736974326660371
840.2666	0.0735459581652451
838.8496	0.0725171928370689
837.4327	0.0723183669495121
836.0157	0.0721802450945818
834.5987	0.0718807872443718
833.1817	0.0710478490688748
831.7648	0.070494471707864
830.3478	0.070778622895982
828.9308	0.0696093906483656
827.5138	0.0692436997072284
826.0969	0.0693788113262559
824.6799	0.0691346938786646
823.2629	0.0687561132480221
821.8459	0.0686619868264487
820.429	0.0683339562479802
819.012	0.0682539748077158
817.595	0.0677262792647037
816.178	0.0677752659495581
814.7611	0.0672185387549815
813.3441	0.0676807091246816
811.9271	0.0672604257690344
810.5101	0.0668836688239833
809.0932	0.0667030954323975
807.6762	0.0664785194531704
806.2592	0.0661881280241625
804.8422	0.0654858532958755
803.4253	0.0661245413460958
802.0083	0.0660382930677499
800.5913	0.0657888223110838
799.1743	0.0656374972817098
797.7573	0.065549067053628
796.3404	0.0659077942934888
794.9234	0.0658321267370252
793.5064	0.0654767768550588
792.0894	0.0664353874221575
790.6725	0.0662741522698688
789.2555	0.0669407566954153
787.8385	0.066358159294627
786.4215	0.0675974464428154
785.0046	0.0677422005462979
783.5876	0.0684418233679182
782.1706	0.0684353293419365
780.7536	0.0686968623460271
779.3367	0.0689700810613288
777.9197	0.0693712282792698
776.5027	0.0695990993251694
775.0857	0.0708292018640819
773.6688	0.0721789920566446
772.2518	0.0727233390041702
770.8348	0.0734741400520803
769.4178	0.0750234229975495
768.0009	0.0755149625865235
766.5839	0.0759117606913681
765.1669	0.0763686581898312
763.7499	0.0770383422429578
762.333	0.0772415679159895
760.916	0.0781931412747457
759.499	0.0779405295865549
758.082	0.0778695265124238
756.6651	0.0779705207475311
755.2481	0.0771583890845011
753.8311	0.0774303906612571
752.4141	0.0766702582223421
750.9971	0.076060502697103
749.5802	0.0754452440391722
748.1632	0.0741595796186324
746.7462	0.0734067197477396
745.3292	0.0730024639112985
743.9123	0.0729943888357177
742.4953	0.0719259317161745
741.0783	0.0710029509775454
739.6613	0.0714637228960044
738.2444	0.0715104916496362
736.8274	0.0710846645540587
735.4104	0.071449874043655
733.9934	0.0710573495385635
732.5765	0.0714575718824144
731.1595	0.0719632829324215
729.7425	0.0720810034830337
728.3255	0.0728070948638461
726.9086	0.0727276356441557
725.4916	0.0728928846210954
724.0746	0.0736197443262852
722.6576	0.0736431957946721
721.2407	0.0744446327916898
719.8237	0.0748012674247692
718.4067	0.0760589329571324
716.9897	0.0772868561168728
715.5728	0.0774952931817706
714.1558	0.0780219742918801
712.7388	0.0784902747036322
711.3218	0.079582540107862
709.9049	0.0810273110704133
708.4879	0.0811836743885398
707.0709	0.0814701152919048
705.6539	0.0823039443764753
704.2369	0.0822622808241893
702.82	0.0823517749674458
701.403	0.0819270623936449
699.986	0.0826658438118258
698.569	0.0816461345041826
697.1521	0.0818901427546907
695.7351	0.0816335863216231
694.3181	0.0818836719360519
692.9011	0.0805761394577948
691.4842	0.0809299008817328
690.0672	0.0810011783476069
688.6502	0.0818280261839851
687.2332	0.0800350096472778
685.8163	0.0812298955859229
684.3993	0.0806377266080932
682.9823	0.0813518300244044
681.5653	0.081326695896587
680.1484	0.0815806065018939
678.7314	0.0818109830858266
677.3144	0.0812617852034362
675.8974	0.0820957219120549
674.4805	0.0819070262013609
673.0635	0.0818883577066119
671.6465	0.0821075090432409
670.2295	0.0826222704930479
668.8126	0.0827339778231715
667.3956	0.083968028687106
665.9786	0.0837946500735591
664.5616	0.0850358912480347
663.1447	0.0846219862587315
661.7277	0.0840431910182143
660.3107	0.0845466456609699
658.8937	0.0849511186466996
657.4767	0.0855492580290785
656.0598	0.0849839067947405
654.6428	0.0860672799891003
653.2258	0.0860375683090237
651.8088	0.0863117917900877
650.3919	0.0867225499930965
648.9749	0.0874220416347981
647.5579	0.0864183011581351
646.1409	0.0872473057106339
644.724	0.0870874497573637
643.307	0.0876128117538604
641.89	0.0874289502406881
640.473	0.0880060670107588
639.0561	0.0878034110980964
637.6391	0.0883828745908385
636.2221	0.0880566307921125
634.8051	0.0887154961648187
633.3882	0.088696914147557
631.9712	0.0890144037280766
630.5542	0.0897391380500273
629.1372	0.0895971611524901
627.7203	0.0906491121373436
626.3033	0.0908141313758279
624.8863	0.0912567850970738
623.4693	0.0918848689804658
622.0524	0.0930308071248971
620.6354	0.0944852231047802
619.2184	0.0949971961936313
617.8014	0.0955469938425038
616.3845	0.0961824762629451
614.9675	0.0973872510799333
613.5505	0.0983789410573935
612.1335	0.0993084013210251
610.7165	0.0999187859251487
609.2996	0.100743872851289
607.8826	0.102635410241576
606.4656	0.102523541540774
605.0486	0.102410647778401
603.6317	0.101949062129006
602.2147	0.101812784576001
600.7977	0.10291903722023
599.3807	0.103415117456823
597.9638	0.103421971723133
596.5468	0.102863739060067
595.1298	0.103015694472475
593.7128	0.103450243624273
592.2959	0.103644260894174
590.8789	0.104568257300891
589.4619	0.104106660181085
588.0449	0.104494575746826
586.628	0.105638366976785
585.211	0.107687273749051
583.794	0.107940910543853
582.377	0.109384277053831
580.9601	0.111491330761996
579.5431	0.11307390820052
578.1261	0.114988986233891
576.7091	0.115485834239447
575.2922	0.116649553900098
573.8752	0.117971613708589
572.4582	0.117501271790414
571.0412	0.11766413680001
569.6243	0.118215825338597
568.2073	0.118443015229415
566.7903	0.118072752153463
565.3733	0.117264272085672
563.9563	0.11641998552251
562.5394	0.116457127293712
561.1224	0.115066094938443
559.7054	0.11514662052467
558.2884	0.114588868353438
556.8715	0.115188384906947
555.4545	0.115204702728257
554.0375	0.114806074161774
552.6205	0.113696319867377
551.2036	0.113035066789223
549.7866	0.113503108490938
548.3696	0.113145849538948
546.9526	0.111888217993903
545.5357	0.111568806791434
544.1187	0.112002761669765
542.7017	0.112096507630869
541.2847	0.112346272515585
539.8678	0.113554487887468
538.4508	0.113594684618139
537.0338	0.115161382661597
535.6168	0.116490042954372
534.1999	0.116607627228105
532.7829	0.11775316870846
531.3659	0.119186314474275
529.9489	0.120772673541888
528.532	0.121484832736041
527.115	0.121208096551342
525.698	0.122014361180883
524.281	0.122948408218731
522.8641	0.123864075288649
521.4471	0.124091743530339
520.0301	0.124260589568547
518.6131	0.124436115324815
517.1962	0.123350904502274
515.7792	0.123551255099617
514.3622	0.12351710316326
512.9452	0.123937313426884
511.5282	0.12343249735142
510.1113	0.123451987212875
508.6943	0.123048515465654
507.2773	0.122481147851498
505.8603	0.122681131102249
504.4434	0.122405123370053
503.0264	0.12207334003339
501.6094	0.122064279816405
500.1924	0.12154163308539
498.7755	0.121915517781369
497.3585	0.122723390109055
495.9415	0.121873770705554
494.5245	0.122053718971576
493.1076	0.121470978958973
491.6906	0.120962830596782
490.2736	0.121264012267813
488.8566	0.121503566729143
487.4397	0.121543811900684
486.0227	0.121806922466478
484.6057	0.122092240424756
483.1887	0.122218986527832
481.7718	0.122176982820608
480.3548	0.122230092846135
478.9378	0.121475056822044
477.5208	0.122322252117185
476.1039	0.121156486443989
474.6869	0.122285511111708
473.2699	0.121013909735368
471.8529	0.120834873012119
470.436	0.121237446449372
469.019	0.120969457495069
467.602	0.119957764837222
466.185	0.120536996725763
464.768	0.121750383271433
463.3511	0.121441167775588
461.9341	0.120533610980787
460.5171	0.12051501551462
459.1001	0.119768835628492
457.6832	0.119563875291472
456.2662	0.119077532986549
454.8492	0.119462802883294
453.4322	0.120914797410002
452.0153	0.12084244656596
450.5983	0.120471454607622
449.1813	0.120466434373832
447.7643	0.120243644060576
446.3474	0.120690036348648
444.9304	0.12169350916427
443.5134	0.123369545996445
442.0964	0.126089260203004
440.6795	0.127650342847256
439.2625	0.12750486807984
437.8455	0.128958748627609
436.4285	0.128621387843348
435.0116	0.130102958641996
433.5946	0.130388725717564
432.1776	0.130954998416845
430.7606	0.132197465203361
429.3437	0.131644659599078
427.9267	0.131995640835134
426.5097	0.131863396776291
425.0927	0.132900365917294
423.6758	0.132822633886562
422.2588	0.133656527545781
420.8418	0.134020009197722
419.4248	0.133200720511028
418.0078	0.133251471083556
416.5909	0.132102024976988
415.1739	0.131859954189549
413.7569	0.131144189547036
412.3399	0.131232368652314
410.923	0.131711951039797
409.506	0.133947824306847
408.089	0.134096175096003
406.672	0.134666531987843
405.2551	0.134587226584258
403.8381	0.135174333923343
402.4211	0.134958829680366
401.0041	0.136772693971806
