3994.4546	0.0139698315311641
3993.0377	0.0140059525119151
3991.6207	0.0134061129323682
3990.2037	0.0138108688894214
3988.7867	0.0131379198446625
3987.3698	0.0135298696309057
3985.9528	0.0137118751622018
3984.5358	0.013180752257588
3983.1188	0.0131531661144454
3981.7019	0.0137901273591504
3980.2849	0.0133518226946015
3978.8679	0.0138213938434136
3977.4509	0.0135685263827201
3976.034	0.0137958747751279
3974.617	0.0132292269607274
3973.2	0.0143866689426953
3971.783	0.0144613048959909
3970.3661	0.013673125839173
3968.9491	0.0136559646153245
3967.5321	0.0137931168897507
3966.1151	0.0137086571398012
3964.6982	0.0142387566912209
3963.2812	0.013749952460472
3961.8642	0.0136268739054452
3960.4472	0.0141248978812267
3959.0303	0.0130045248178732
3957.6133	0.0134893368748087
3956.1963	0.012960428079327
3954.7793	0.0137655235145753
3953.3624	0.0131426915561009
3951.9454	0.0128559910884917
3950.5284	0.0137589335684082
3949.1114	0.0132040000168924
3947.6944	0.0132079008513144
3946.2775	0.0131249844724416
3944.8605	0.0136754533234683
3943.4435	0.0136131009713641
3942.0265	0.0136833847336725
3940.6096	0.0133841031686986
3939.1926	0.0131363511426451
3937.7756	0.0131663383349495
3936.3586	0.0135618398093085
3934.9417	0.0132248926473636
3933.5247	0.013752038159961
3932.1077	0.013350565171855
3930.6907	0.0136606054964406
3929.2738	0.0132382299325742
3927.8568	0.0134602541082045
3926.4398	0.0137415545512085
3925.0228	0.0133607587919553
3923.6059	0.0133794405850905
3922.1889	0.0139993569278413
3920.7719	0.0132783878332379
3919.3549	0.0131994952509451
3917.938	0.0134779664799621
3916.521	0.0133652288380459
3915.104	0.013209280873782
3913.687	0.0142803718954544
3912.2701	0.0138679437668962
3910.8531	0.0138676738653766
3909.4361	0.013739859445038
3908.0191	0.0133627367403658
3906.6022	0.0136450452149727
3905.1852	0.0138371121262363
3903.7682	0.0138209662885442
3902.3512	0.0129925025013291
3900.9342	0.0127545035552483
3899.5173	0.0131291829178773
3898.1003	0.0138954673407479
3896.6833	0.0138164471717735
3895.2663	0.0135472449140082
3893.8494	0.0126579020590816
3892.4324	0.0133980105542187
3891.0154	0.0135266680755742
3889.5984	0.0133284476844922
3888.1815	0.0128076581263071
3886.7645	0.0137335227540001
3885.3475	0.0130226332175384
3883.9305	0.0135596763475716
3882.5136	0.0133006530363167
3881.0966	0.0130279800460467
3879.6796	0.0131286970054332
3878.2626	0.013080739087829
3876.8457	0.0134004510679763
3875.4287	0.0131164824286531
3874.0117	0.0128321954223241
3872.5947	0.0130901672349616
3871.1778	0.0127052668133251
3869.7608	0.012793767435165
3868.3438	0.0132285845209505
3866.9268	0.0136204007017285
3865.5099	0.0139237944133027
3864.0929	0.0137968830569552
3862.6759	0.0130681054353755
3861.2589	0.0131748724058759
3859.842	0.0129343305788444
3858.425	0.012727914535652
3857.008	0.0121161140900553
3855.591	0.0123421195174913
3854.174	0.0125751425739409
3852.7571	0.0128449580307364
3851.3401	0.0131712535771846
3849.9231	0.0134222519189373
3848.5061	0.0125367288629715
3847.0892	0.0129908030924453
3845.6722	0.012606042818529
3844.2552	0.0129767452868158
3842.8382	0.0131548140894659
3841.4213	0.0130011630714573
3840.0043	0.013051596252326
3838.5873	0.0126032248343383
3837.1703	0.0128345649187233
3835.7534	0.0128182311358324
3834.3364	0.0130150318771769
3832.9194	0.0132515614646164
3831.5024	0.0128237725519617
3830.0855	0.0128866448005168
3828.6685	0.0127926288670486
3827.2515	0.0131757986504438
3825.8345	0.0132407009012603
3824.4176	0.0127619190514414
3823.0006	0.0130543720104624
3821.5836	0.0128617500283454
3820.1666	0.0130092223949378
3818.7497	0.0128658909362381
3817.3327	0.0129991063632311
3815.9157	0.0135196058023062
3814.4987	0.013338173725343
3813.0818	0.0133072504066471
3811.6648	0.0130322151476931
3810.2478	0.0128205755038068
3808.8308	0.012675416239415
3807.4138	0.013119797029052
3805.9969	0.0130632332054597
3804.5799	0.0124312035902139
3803.1629	0.0131869190334517
3801.7459	0.0125852003759248
3800.329	0.0124401831585038
3798.912	0.01304159538346
3797.495	0.0134000741710631
3796.078	0.0131710634900249
3794.6611	0.0131250923093031
3793.2441	0.0126170269076039
3791.8271	0.0124119859918995
3790.4101	0.012755820471688
3788.9932	0.0128760550008271
3787.5762	0.0125448484303087
3786.1592	0.0129335985446163
3784.7422	0.0121340591163293
3783.3253	0.012476504472982
3781.9083	0.0128370348019741
3780.4913	0.0121652607738022
3779.0743	0.01303728886146
3777.6574	0.0125028405552747
3776.2404	0.0126353509852674
3774.8234	0.0127439344702158
3773.4064	0.012829713915391
3771.9895	0.0118672883522875
3770.5725	0.0116435555699866
3769.1555	0.0123302091709316
3767.7385	0.0122729424585186
3766.3216	0.0117071550601515
3764.9046	0.0130000055837149
3763.4876	0.0125074366301443
3762.0706	0.0122561767827788
3760.6536	0.0130918013426706
3759.2367	0.0126569371132412
3757.8197	0.0129547868539285
3756.4027	0.0127625293393698
3754.9857	0.0121652580926516
3753.5688	0.0123385563692114
3752.1518	0.0132595173677232
3750.7348	0.0133976168303665
3749.3178	0.0130991317945689
3747.9009	0.0127873392134179
3746.4839	0.012517113344058
3745.0669	0.0123787453663441
3743.6499	0.0118337753556892
3742.233	0.0119718298023056
3740.816	0.0122463344175023
3739.399	0.0119753631304328
3737.982	0.0117915881810353
3736.5651	0.0126255552664471
3735.1481	0.0120095826537588
3733.7311	0.0123723520994355
3732.3141	0.0122888437656565
3730.8972	0.0122230109159278
3729.4802	0.0120101383728678
3728.0632	0.0116383426005109
3726.6462	0.0121446041895756
3725.2293	0.0115895527815538
3723.8123	0.0124809536289113
3722.3953	0.0119902331844414
3720.9783	0.0122997290696225
3719.5614	0.0123929449842943
3718.1444	0.0122447244135167
3716.7274	0.0122219524682562
3715.3104	0.0116936530663334
3713.8935	0.0116730184521955
3712.4765	0.011680668516127
3711.0595	0.0118277523272199
3709.6425	0.0115406245025372
3708.2255	0.0122588657965639
3706.8086	0.0120378032056073
3705.3916	0.0118980404816074
3703.9746	0.0116048485623336
3702.5576	0.0121280481908985
3701.1407	0.0114851790766864
3699.7237	0.0117367747733392
3698.3067	0.0119128224390181
3696.8897	0.0119397388894618
3695.4728	0.0117036103818869
3694.0558	0.011648266171187
3692.6388	0.012080589118682
3691.2218	0.0117526532887114
3689.8049	0.0120589302778267
3688.3879	0.0116934715925103
3686.9709	0.0114521487069952
3685.5539	0.0122106019200003
3684.137	0.0120192268720599
3682.72	0.0113942183979441
3681.303	0.0115919238772889
3679.886	0.0114765152858571
3678.4691	0.011213554869702
3677.0521	0.0110479992546596
3675.6351	0.011540575926137
3674.2181	0.0116271063449482
3672.8012	0.0118934722968623
3671.3842	0.0121554381619514
3669.9672	0.0119732318108099
3668.5502	0.01200549726075
3667.1333	0.0116617828837435
3665.7163	0.012100095040142
3664.2993	0.0121577015614421
3662.8823	0.0113057984929873
3661.4653	0.011980168158771
3660.0484	0.0116784219697444
3658.6314	0.0120218155806692
3657.2144	0.0122073684774578
3655.7974	0.0114949277181826
3654.3805	0.0117927776435188
3652.9635	0.0119487699175878
3651.5465	0.011294389395334
3650.1295	0.0117235085449398
3648.7126	0.0119159358837193
3647.2956	0.0122309888416008
3645.8786	0.0121455406805816
3644.4616	0.0124214995499162
3643.0447	0.0121360136521936
3641.6277	0.0128144572503679
3640.2107	0.0124130118449919
3638.7937	0.0125857184174131
3637.3768	0.0132346406612432
3635.9598	0.012162602614487
3634.5428	0.0127279394477542
3633.1258	0.0125811786683157
3631.7089	0.0128488496513232
3630.2919	0.0121179915113758
3628.8749	0.0123443833504156
3627.4579	0.0129409680579571
3626.041	0.0135835477388979
3624.624	0.0124533609364373
3623.207	0.0132375994071518
3621.79	0.0128878790734172
3620.3731	0.0131563322552855
3618.9561	0.0133981957209869
3617.5391	0.0131107543346481
3616.1221	0.0136482714475769
3614.7051	0.0135743432677732
3613.2882	0.0136338117985637
3611.8712	0.0137771803692831
3610.4542	0.0131808474437448
3609.0372	0.0133696138180213
3607.6203	0.0133256176226651
3606.2033	0.0142789952178741
3604.7863	0.0134972957656952
3603.3693	0.0140860558398281
3601.9524	0.0135028759021403
3600.5354	0.0142898245767452
3599.1184	0.013981570707132
3597.7014	0.0141365466872416
3596.2845	0.0146571245370331
3594.8675	0.0148486580701086
3593.4505	0.0147915659363858
3592.0335	0.0150663101907331
3590.6166	0.0150417819270282
3589.1996	0.0149443392918584
3587.7826	0.0151048607513496
3586.3656	0.0149339073575336
3584.9487	0.014924439513265
3583.5317	0.0155122737852635
3582.1147	0.0155040218119082
3580.6977	0.0158024339368503
3579.2808	0.0161496537124711
3577.8638	0.0154477903612013
3576.4468	0.016338296928675
3575.0298	0.0169044455734653
3573.6129	0.0160694233512801
3572.1959	0.0165162313551777
3570.7789	0.016578817887771
3569.3619	0.0166507776072465
3567.9449	0.016382793549329
3566.528	0.0175319605355481
3565.111	0.0178744218097391
3563.694	0.0179164051811067
3562.277	0.017785997270206
3560.8601	0.0182682952817721
3559.4431	0.0182201005508356
3558.0261	0.0187764292890936
3556.6091	0.0187720477064783
3555.1922	0.0185711872062293
3553.7752	0.0185368871714071
3552.3582	0.0184123347529765
3550.9412	0.0192745104068924
3549.5243	0.019497892232233
3548.1073	0.0194764482791434
3546.6903	0.0199713079971923
3545.2733	0.0198258352651891
3543.8564	0.0201527455620175
3542.4394	0.0200033083611872
3541.0224	0.0210398151455998
3539.6054	0.0212215862375553
3538.1885	0.0213956945219458
3536.7715	0.0214843923586427
3535.3545	0.021522978783902
3533.9375	0.0217220043816397
3532.5206	0.0220254103192341
3531.1036	0.0225652725018239
3529.6866	0.0223703520232405
3528.2696	0.0225746207224688
3526.8527	0.022040453630121
3525.4357	0.0232480429371365
3524.0187	0.0228540310627962
3522.6017	0.0231704852586757
3521.1847	0.0237762975690731
3519.7678	0.0234014910566081
3518.3508	0.0230753757434386
3516.9338	0.0236202972080788
3515.5168	0.0240967953755239
3514.0999	0.0243710273725982
3512.6829	0.024018406750847
3511.2659	0.0249118198438989
3509.8489	0.0249769724402872
3508.432	0.0247581720316208
3507.015	0.0250920363095317
3505.598	0.0249075031199125
3504.181	0.0255227344303475
3502.7641	0.0257039639010062
3501.3471	0.0263391054309599
3499.9301	0.0258724573191735
3498.5131	0.0269529614445969
3497.0962	0.0265880923692586
3495.6792	0.0262514895464018
3494.2622	0.0271887426552921
3492.8452	0.0269668593147728
3491.4283	0.0276000821513996
3490.0113	0.0277260129743829
3488.5943	0.0280492017096426
3487.1773	0.0273426877620966
3485.7604	0.0279889974518086
3484.3434	0.0280126063118321
3482.9264	0.0281014522086278
3481.5094	0.0286809346785017
3480.0925	0.029261162426415
3478.6755	0.0290205014389046
3477.2585	0.0292261412439033
3475.8415	0.0297038522031945
3474.4245	0.0300134959435881
3473.0076	0.0297317640642185
3471.5906	0.0294538020320829
3470.1736	0.0299320072835974
3468.7566	0.0304860617968895
3467.3397	0.0309485156422958
3465.9227	0.0303950993931712
3464.5057	0.0307144717407154
3463.0887	0.0312331050404731
3461.6718	0.0309135503563165
3460.2548	0.0314119151533653
3458.8378	0.0311753835622958
3457.4208	0.0319253131742803
3456.0039	0.0317866851521698
3454.5869	0.0319507408698945
3453.1699	0.0329390047243666
3451.7529	0.0327612177099553
3450.336	0.0328399215746142
3448.919	0.0333589995445762
3447.502	0.0326638824441629
3446.085	0.0334611049545068
3444.6681	0.0335265840754069
3443.2511	0.0336001985076191
3441.8341	0.0338224722362119
3440.4171	0.0340629306459759
3439.0002	0.0338175949592893
3437.5832	0.0345886569880902
3436.1662	0.0346279552280236
3434.7492	0.0344296987629957
3433.3323	0.0345105705033538
3431.9153	0.0347994899233442
3430.4983	0.0349742691371256
3429.0813	0.0348406290814875
3427.6643	0.0353539049653041
3426.2474	0.0356447485564104
3424.8304	0.0356329614282602
3423.4134	0.035754018631142
3421.9964	0.0361089765517242
3420.5795	0.0365912441786525
3419.1625	0.0361956313185419
3417.7455	0.035659727208731
3416.3285	0.0366576535373499
3414.9116	0.0371269272629161
3413.4946	0.0372229884244298
3412.0776	0.0369430382498963
3410.6606	0.0372543761458041
3409.2437	0.0375052789831059
3407.8267	0.0375176424771496
3406.4097	0.0377406134409155
3404.9927	0.0382094232612596
3403.5758	0.0383130808003623
3402.1588	0.0383294972756874
3400.7418	0.0379972233985696
3399.3248	0.0386514742991665
3397.9079	0.0381909373071659
3396.4909	0.0390799226199444
3395.0739	0.0392825510158679
3393.6569	0.0388640565618549
3392.24	0.0388971839511531
3390.823	0.0399292014567519
3389.406	0.0388335311217303
3387.989	0.0394510583772755
3386.5721	0.0392020307564949
3385.1551	0.0400553895898036
3383.7381	0.0403903666719395
3382.3211	0.0403309931363773
3380.9041	0.0404820376282723
3379.4872	0.0406901300477483
3378.0702	0.0398796603870633
3376.6532	0.0402200398512972
3375.2362	0.0410814711600703
3373.8193	0.0411936884746866
3372.4023	0.0405085280276689
3370.9853	0.0405538990896354
3369.5683	0.0410425094157395
3368.1514	0.0414708348337401
3366.7344	0.040933839039497
3365.3174	0.041206077362216
3363.9004	0.0420125959575504
3362.4835	0.0412915564701958
3361.0665	0.0418217531254243
3359.6495	0.0417516415720864
3358.2325	0.0419270375231512
3356.8156	0.042156036851337
3355.3986	0.0421526184750124
3353.9816	0.041931641979245
3352.5646	0.0426341053774837
3351.1477	0.0427664607605472
3349.7307	0.043142472923171
3348.3137	0.0428839956358838
3346.8967	0.0421471033495235
3345.4798	0.0423533783813137
3344.0628	0.042350284468142
3342.6458	0.0421360187562288
3341.2288	0.0425428625322467
3339.8119	0.0430582517677743
3338.3949	0.0431398357688208
3336.9779	0.0433064912296341
3335.5609	0.0429190878860738
3334.1439	0.0428696412246085
3332.727	0.0434855406048034
3331.31	0.0431756117014901
3329.893	0.0427708391821127
3328.476	0.043895426027114
3327.0591	0.0436684324879721
3325.6421	0.043722098623039
3324.2251	0.0439601508651539
3322.8081	0.0435107357892274
3321.3912	0.0435024473979683
3319.9742	0.0442368812553304
3318.5572	0.0432831059827485
3317.1402	0.0446181951888643
3315.7233	0.0443932825505925
3314.3063	0.0444849997164609
3312.8893	0.0445690355764103
3311.4723	0.0444305972215486
3310.0554	0.0439296693309928
3308.6384	0.0439445616755677
3307.2214	0.0437792716544086
3305.8044	0.0438972412092351
3304.3875	0.0437624439393175
3302.9705	0.0443413642618291
3301.5535	0.0438104230931236
3300.1365	0.04408429667072
3298.7196	0.0441445420333309
3297.3026	0.0440776254099065
3295.8856	0.0440046328419571
3294.4686	0.0445535130329175
3293.0517	0.0442352278285838
3291.6347	0.0442784928303251
3290.2177	0.0440447841131807
3288.8007	0.0440422698517238
3287.3837	0.0447275523349122
3285.9668	0.0448536421247137
3284.5498	0.0446125438393058
3283.1328	0.0444194696758662
3281.7158	0.0451224090832476
3280.2989	0.0442849892052995
3278.8819	0.0446093515961309
3277.4649	0.0445338602013717
3276.0479	0.0444875334644199
3274.631	0.044459352311518
3273.214	0.0440825918456429
3271.797	0.0444404742739283
3270.38	0.0442090952347588
3268.9631	0.0440971878521293
3267.5461	0.0445210745580882
3266.1291	0.0448311894560404
3264.7121	0.0446706498072228
3263.2952	0.0440531687243473
3261.8782	0.0438309535434108
3260.4612	0.044669661496093
3259.0442	0.0442824910114289
3257.6273	0.0448898658198377
3256.2103	0.0449657271079221
3254.7933	0.0446160648220246
3253.3763	0.0444735728540651
3251.9594	0.0449683343917939
3250.5424	0.0446780290088328
3249.1254	0.0449301837231786
3247.7084	0.0445613701874229
3246.2915	0.0444484312798668
3244.8745	0.0446418527543182
3243.4575	0.0445340768792407
3242.0405	0.0443712576746153
3240.6235	0.0449733849620338
3239.2066	0.0442359596351301
3237.7896	0.0441272595732967
3236.3726	0.0436770790510956
3234.9556	0.0438410097790416
3233.5387	0.0440271847190479
3232.1217	0.0436795724977219
3230.7047	0.0442935200124371
3229.2877	0.0441616264651083
3227.8708	0.0440302279413044
3226.4538	0.0436093147106617
3225.0368	0.0435965374706841
3223.6198	0.0431416287869641
3222.2029	0.0440181384154514
3220.7859	0.0432301948932583
3219.3689	0.0438435952200767
3217.9519	0.0436698604590103
3216.535	0.0435709500408667
3215.118	0.0429935936718923
3213.701	0.0432394839068963
3212.284	0.0427427393552748
3210.8671	0.0433685671770145
3209.4501	0.0428565880953453
3208.0331	0.04293273197442
3206.6161	0.0428787039433162
3205.1992	0.043216757280015
3203.7822	0.0424712084194411
3202.3652	0.0424376883560268
3200.9482	0.0430530036251785
3199.5313	0.0421723939842931
3198.1143	0.042151687903263
3196.6973	0.0424081132094751
3195.2803	0.0416921766159015
3193.8633	0.0417966274996437
3192.4464	0.0419022183680299
3191.0294	0.0419182451179947
3189.6124	0.0413124047124283
3188.1954	0.0417659326946699
3186.7785	0.0414445324460012
3185.3615	0.0412689339020031
3183.9445	0.0415319128439371
3182.5275	0.0411527490206992
3181.1106	0.0414541581648082
3179.6936	0.0415620857992979
3178.2766	0.0411159469045228
3176.8596	0.0416453308151122
3175.4427	0.0409598361781602
3174.0257	0.0410392590053342
3172.6087	0.0401565689318244
3171.1917	0.0404561044982031
3169.7748	0.0407833179999013
3168.3578	0.0402449609476342
3166.9408	0.04015531320531
3165.5238	0.0404374624614933
3164.1069	0.0403683884173712
3162.6899	0.0399212862376536
3161.2729	0.040295466049274
3159.8559	0.0402004612126272
3158.439	0.0394409144476928
3157.022	0.0391991155026632
3155.605	0.0393535401999423
3154.188	0.0398225869597624
3152.7711	0.0390574458806104
3151.3541	0.0397283327778258
3149.9371	0.0395840293228276
3148.5201	0.0390997809937168
3147.1031	0.038295643362113
3145.6862	0.0389316149233293
3144.2692	0.0386231345946492
3142.8522	0.0386561645764222
3141.4352	0.0388467938203355
3140.0183	0.0377103293124651
3138.6013	0.0383469967569017
3137.1843	0.0381621622727399
3135.7673	0.0377562492912216
3134.3504	0.0381476381128158
3132.9334	0.0377246371677608
3131.5164	0.0378557438364766
3130.0994	0.0379829989780367
3128.6825	0.0374975004928581
3127.2655	0.0373045418763087
3125.8485	0.0366434782983873
3124.4315	0.0368185797974654
3123.0146	0.0366422759170645
3121.5976	0.0370113071389551
3120.1806	0.0368024166802169
3118.7636	0.0360341005497889
3117.3467	0.0364214383947708
3115.9297	0.0365153064678635
3114.5127	0.0368600904589407
3113.0957	0.0360435611822517
3111.6788	0.0358935599521351
3110.2618	0.0355264305328729
3108.8448	0.035484241980748
3107.4278	0.035647772529248
3106.0109	0.0353017035250201
3104.5939	0.03647354472507
3103.1769	0.0356495307174857
3101.7599	0.0358022674353796
3100.3429	0.0354135880910167
3098.926	0.0347775864316369
3097.509	0.0341494310322703
3096.092	0.0336641159179588
3094.675	0.0343179731256862
3093.2581	0.0344869795759416
3091.8411	0.0350130267049299
3090.4241	0.0339196096278169
3089.0071	0.0346401674127309
3087.5902	0.0341781322637849
3086.1732	0.0337205553250793
3084.7562	0.0336070826989444
3083.3392	0.033958164034641
3081.9223	0.0337828480411801
3080.5053	0.0337224560964582
3079.0883	0.033029922835104
3077.6713	0.0327713902991542
3076.2544	0.0334479126065138
3074.8374	0.0333940718926908
3073.4204	0.0329838674538139
3072.0034	0.0330316570901218
3070.5865	0.0324770692020503
3069.1695	0.0320967358190107
3067.7525	0.0324388633786915
3066.3355	0.0324371987887038
3064.9186	0.0323999415718057
3063.5016	0.0324941731221338
3062.0846	0.0318459761682012
3060.6676	0.0323050612894036
3059.2507	0.0314913891703305
3057.8337	0.0318680738962798
3056.4167	0.0316164103517064
3054.9997	0.0315392497048314
3053.5827	0.0319292864998013
3052.1658	0.0311784409381145
3050.7488	0.0311810947754076
3049.3318	0.0309636783747511
3047.9148	0.0315523047309328
3046.4979	0.0309607526405464
3045.0809	0.0313990268852457
3043.6639	0.0311754023975449
3042.2469	0.0305095909105017
3040.83	0.0306908386199357
3039.413	0.0307244213118674
3037.996	0.029972890357747
3036.579	0.0300385772447144
3035.1621	0.0298480377082844
3033.7451	0.0298019500867943
3032.3281	0.0296970618342926
3030.9111	0.0299957477798517
3029.4942	0.0293017099635764
3028.0772	0.029815796295908
3026.6602	0.0301059717891567
3025.2432	0.0295814958610845
3023.8263	0.0295209089877873
3022.4093	0.0300615735470964
3020.9923	0.029472362520467
3019.5753	0.0294872938313259
3018.1584	0.0293052800611149
3016.7414	0.0298397659122452
3015.3244	0.0293547666418582
3013.9074	0.029474877424786
3012.4905	0.0288095947933165
3011.0735	0.0287970578191136
3009.6565	0.0283799633616214
3008.2395	0.0286099862761915
3006.8225	0.0282701342738327
3005.4056	0.0284249986986769
3003.9886	0.0281454793426394
3002.5716	0.0283238064128019
3001.1546	0.028127856345676
2999.7377	0.0283032426219674
2998.3207	0.0278084864257597
2996.9037	0.0279770391097838
2995.4867	0.0279784653456544
2994.0698	0.0283691117826885
2992.6528	0.0284163464954164
2991.2358	0.0282537881416422
2989.8188	0.0279555997611967
2988.4019	0.0280310497661345
2986.9849	0.0284235875606881
2985.5679	0.0281385496345692
2984.1509	0.0280609402113477
2982.734	0.0286556242277039
2981.317	0.0282444315865739
2979.9	0.0281187189331803
2978.483	0.0284749598198305
2977.0661	0.028491889789768
2975.6491	0.028554934184201
2974.2321	0.028806141956851
2972.8151	0.0289059212117839
2971.3982	0.0290785825630335
2969.9812	0.0291797265348672
2968.5642	0.0298281569658998
2967.1472	0.0293921584844189
2965.7303	0.0294759216636847
2964.3133	0.0296284087767218
2962.8963	0.0297919166269884
2961.4793	0.0295911731750713
2960.0623	0.0295768792087753
2958.6454	0.0297574582691047
2957.2284	0.0301776376369504
2955.8114	0.0306257445026175
2954.3944	0.0303092239334815
2952.9775	0.0307908095739886
2951.5605	0.0310441460651772
2950.1435	0.031089516846688
2948.7265	0.0320116489260288
2947.3096	0.0313222262743042
2945.8926	0.0325405310988407
2944.4756	0.0320474100112305
2943.0586	0.0326333800588837
2941.6417	0.0328580319886365
2940.2247	0.0328855376040248
2938.8077	0.0322296365972942
2937.3907	0.0334205795439744
2935.9738	0.0332648249853319
2934.5568	0.0340915270155156
2933.1398	0.033213552130156
2931.7228	0.0335677557440305
2930.3059	0.034174834948128
2928.8889	0.0343761698083616
2927.4719	0.0334182552395829
2926.0549	0.0336456600788812
2924.638	0.0346419504950251
2923.221	0.0347609824393163
2921.804	0.033725144877149
2920.387	0.034024546896343
2918.9701	0.0336579063843712
2917.5531	0.0335923364893346
2916.1361	0.0341373921872522
2914.7191	0.0337991112461377
2913.3021	0.0340877867628993
2911.8852	0.0345362645343761
2910.4682	0.0344327783460794
2909.0512	0.033874232153846
2907.6342	0.03401369274042
2906.2173	0.0340615464354085
2904.8003	0.0335277342715069
2903.3833	0.0343127756962199
2901.9663	0.0341496839679756
2900.5494	0.0342086079677686
2899.1324	0.0337399294199693
2897.7154	0.0336842355113581
2896.2984	0.0338407746164407
2894.8815	0.0334899248499097
2893.4645	0.0341962622773129
2892.0475	0.0334530583313592
2890.6305	0.033445678119335
2889.2136	0.0333798967298234
2887.7966	0.0334121874854144
2886.3796	0.0331868410583412
2884.9626	0.0335072944336996
2883.5457	0.0335936614113989
2882.1287	0.0331723659690568
2880.7117	0.0334198344184222
2879.2947	0.0327571283206327
2877.8778	0.0335598773428063
2876.4608	0.033318559033952
2875.0438	0.0330296293428756
2873.6268	0.0327340401358213
2872.2099	0.0326622092817843
2870.7929	0.0326554457324246
2869.3759	0.0318838492748231
2867.9589	0.0314153053117532
2866.5419	0.0321926098148882
2865.125	0.0318725562434158
2863.708	0.0316342177073539
2862.291	0.0316718111808172
2860.874	0.0306602383879742
2859.4571	0.0310104883014533
2858.0401	0.0308593583233039
2856.6231	0.0308858145677098
2855.2061	0.030852985133374
2853.7892	0.0314129524871743
2852.3722	0.0309494760757082
2850.9552	0.0307952159378759
2849.5382	0.0301729630227929
2848.1213	0.0305565631699355
2846.7043	0.0307000686901673
2845.2873	0.0303025915287333
2843.8703	0.0294920585353218
2842.4534	0.0304715081372256
2841.0364	0.0303725183913577
2839.6194	0.0304266174294493
2838.2024	0.0296100851104313
2836.7855	0.0300222874881083
2835.3685	0.0298491586924305
2833.9515	0.0297526968839892
2832.5345	0.0294090074511004
2831.1176	0.0297059261021357
2829.7006	0.0293637398179025
2828.2836	0.0296859955068307
2826.8666	0.0292064601006265
2825.4497	0.0291162464595926
2824.0327	0.0293033718740724
2822.6157	0.0289648444406637
2821.1987	0.0288367821118234
2819.7817	0.0281759583593162
2818.3648	0.0283566758512994
2816.9478	0.027946297539855
2815.5308	0.028625099072671
2814.1138	0.0287253952967356
2812.6969	0.0277057985842121
2811.2799	0.027697329530582
2809.8629	0.0281607404634388
2808.4459	0.0281473716720195
2807.029	0.0280686758594318
2805.612	0.027771830653277
2804.195	0.0277918586377074
2802.778	0.0273438774685389
2801.3611	0.0274639293608975
2799.9441	0.0282225999661113
2798.5271	0.0272830115008082
2797.1101	0.0277756589781148
2795.6932	0.0276353402656039
2794.2762	0.0271703868981775
2792.8592	0.0271603128111056
2791.4422	0.0273267418923565
2790.0253	0.0269246086274726
2788.6083	0.0269264928706019
2787.1913	0.026683996399465
2785.7743	0.0264312982192589
2784.3574	0.0267479945854626
2782.9404	0.0267616440521107
2781.5234	0.0272088018829926
2780.1064	0.0268821920684803
2778.6895	0.0262440462566475
2777.2725	0.0262505387215101
2775.8555	0.026323876247891
2774.4385	0.0266830219121935
2773.0215	0.0265718378070974
2771.6046	0.0265997741940264
2770.1876	0.026348819551427
2768.7706	0.0262684410590252
2767.3536	0.0264089463252247
2765.9367	0.0268494362287859
2764.5197	0.0270736764072465
2763.1027	0.0269538013200778
2761.6857	0.026309868410299
2760.2688	0.0263492975448393
2758.8518	0.0269990239823272
2757.4348	0.02689011388444
2756.0178	0.0264885834708477
2754.6009	0.0264740497499726
2753.1839	0.0260737053097169
2751.7669	0.0265324680489243
2750.3499	0.0265762489748637
2748.933	0.0264147068060657
2747.516	0.0266664151479924
2746.099	0.0255833618905355
2744.682	0.0259666989450494
2743.2651	0.0257086161915302
2741.8481	0.025621987576023
2740.4311	0.026154531520217
2739.0141	0.0259482905776799
2737.5972	0.0257601643476463
2736.1802	0.026001532588625
2734.7632	0.0262109612598748
2733.3462	0.0261732532818883
2731.9293	0.0263264867792709
2730.5123	0.0259555106283585
2729.0953	0.0262740250010261
2727.6783	0.0257114795425365
2726.2613	0.0260238869105952
2724.8444	0.0255947973566183
2723.4274	0.0259215431456503
2722.0104	0.0254159140587227
2720.5934	0.0258745404365494
2719.1765	0.0256683444154453
2717.7595	0.0255639810203373
2716.3425	0.0258008368293319
2714.9255	0.0256161983059012
2713.5086	0.0256230834326499
2712.0916	0.025559720389191
2710.6746	0.0259412363168432
2709.2576	0.0258395465840971
2707.8407	0.025108859997333
2706.4237	0.0256759219988827
2705.0067	0.0255584966871326
2703.5897	0.025395743446101
2702.1728	0.0257852299613803
2700.7558	0.0254676597247737
2699.3388	0.0256477925093617
2697.9218	0.0263243494446016
2696.5049	0.0251461086069222
2695.0879	0.0255113469380758
2693.6709	0.0255585904897539
2692.2539	0.025022804742562
2690.837	0.0254075065132448
2689.42	0.0250741930479375
2688.003	0.0243091572558477
2686.586	0.0259491453299167
2685.1691	0.025320412429825
2683.7521	0.0256205119456565
2682.3351	0.0254017514494884
2680.9181	0.0246741448761218
2679.5011	0.0245939513560895
2678.0842	0.0249262807105572
2676.6672	0.025204411715252
2675.2502	0.0249000675770962
2673.8332	0.0245016325333627
2672.4163	0.0249263778714213
2670.9993	0.0243241683487858
2669.5823	0.0252529569756932
2668.1653	0.0243436259911835
2666.7484	0.025212541408633
2665.3314	0.0248239565981313
2663.9144	0.0247639969801274
2662.4974	0.0250906594347684
2661.0805	0.0248167508916464
2659.6635	0.0242639132579367
2658.2465	0.0253200899724083
2656.8295	0.0250413407706869
2655.4126	0.0250116233224968
2653.9956	0.0247658687324419
2652.5786	0.0244870271326506
2651.1616	0.0247056680701884
2649.7447	0.0246208961283362
2648.3277	0.0246790897273392
2646.9107	0.0245989094629938
2645.4937	0.0241522291490085
2644.0768	0.0242674628201472
2642.6598	0.0247584800203707
2641.2428	0.0241360088984612
2639.8258	0.0244709361382399
2638.4089	0.0243583744300187
2636.9919	0.0236729452788646
2635.5749	0.0241465142964534
2634.1579	0.0238858297662854
2632.741	0.0241749313270629
2631.324	0.0243067313534605
2629.907	0.0241931189123083
2628.49	0.0236380922654563
2627.073	0.0238685305811659
2625.6561	0.023673350589749
2624.2391	0.0234474844392954
2622.8221	0.0239638994976202
2621.4051	0.0238302792446173
2619.9882	0.0232233897295795
2618.5712	0.0231728200993734
2617.1542	0.0240024097909107
2615.7372	0.0229795314812925
2614.3203	0.0233680217153984
2612.9033	0.0235841192907568
2611.4863	0.023655809089214
2610.0693	0.0238255474450207
2608.6524	0.0236299613093353
2607.2354	0.0230060343299076
2605.8184	0.0229731293113999
2604.4014	0.0228432624259773
2602.9845	0.0232619954372068
2601.5675	0.0234073760998684
2600.1505	0.0229099732864904
2598.7335	0.023387750326771
2597.3166	0.0224568560892553
2595.8996	0.0232961788903638
2594.4826	0.0232724983911674
2593.0656	0.0227144766210049
2591.6487	0.0229244359932701
2590.2317	0.0233595949333943
2588.8147	0.0232713627526773
2587.3977	0.0230092344647268
2585.9808	0.0226593530894988
2584.5638	0.0224140345691259
2583.1468	0.0227312299975677
2581.7298	0.0228106936572196
2580.3128	0.0220809307900798
2578.8959	0.023399609308797
2577.4789	0.0224551004697011
2576.0619	0.0222882368967508
2574.6449	0.022587740207928
2573.228	0.0224290276401582
2571.811	0.0228710893511971
2570.394	0.0224321219908496
2568.977	0.0221828950757021
2567.5601	0.0219928866450931
2566.1431	0.0227367542183488
2564.7261	0.0223040472397601
2563.3091	0.0221312424299393
2561.8922	0.0218322952378973
2560.4752	0.0227096198916259
2559.0582	0.0227216815707332
2557.6412	0.0220350501344997
2556.2243	0.0226413702067969
2554.8073	0.0222041397901645
2553.3903	0.0225831797340651
2551.9733	0.0219202391164302
2550.5564	0.0220105069870359
2549.1394	0.0221649787371383
2547.7224	0.021563705645722
2546.3054	0.0213448482731939
2544.8885	0.021723686746393
2543.4715	0.0221045419813465
2542.0545	0.0213212524936472
2540.6375	0.0221731233879717
2539.2206	0.0216202982098308
2537.8036	0.022691465530968
2536.3866	0.0216211709689786
2534.9696	0.0217393651392644
2533.5526	0.022147243480368
2532.1357	0.0217676235963312
2530.7187	0.0220667940431039
2529.3017	0.0223066334704251
2527.8847	0.0215819263418842
2526.4678	0.0218989752665421
2525.0508	0.0219989541442013
2523.6338	0.0225017580055645
2522.2168	0.0223237648766207
2520.7999	0.0218268129273851
2519.3829	0.0214798050740812
2517.9659	0.0219584814075626
2516.5489	0.0214007311337107
2515.132	0.0215440607553709
2513.715	0.0221513291183834
2512.298	0.0219076825571379
2510.881	0.0215620036043178
2509.4641	0.0218637570681591
2508.0471	0.0215913588520512
2506.6301	0.0215275337288642
2505.2131	0.0216491333014934
2503.7962	0.0211150425889275
2502.3792	0.0212419313438361
2500.9622	0.0212804903365509
2499.5452	0.0216368093261105
2498.1283	0.0216141977433298
2496.7113	0.0214272666588285
2495.2943	0.0214293686747736
2493.8773	0.0209900462298462
2492.4604	0.0216252040117976
2491.0434	0.021477865069725
2489.6264	0.021499164884876
2488.2094	0.0214416381253681
2486.7924	0.0213912382771413
2485.3755	0.0210624591939052
2483.9585	0.0218044381490056
2482.5415	0.0217585606288128
2481.1245	0.0213643861090628
2479.7076	0.020737465221647
2478.2906	0.0208242196876637
2476.8736	0.021346275525711
2475.4566	0.0206601538298063
2474.0397	0.0210581572059651
2472.6227	0.021381223021837
2471.2057	0.0208120340103053
2469.7887	0.0207431085160515
2468.3718	0.020842920212375
2466.9548	0.0214244634306771
2465.5378	0.0210237975872102
2464.1208	0.0213886669103329
2462.7039	0.0217472575739185
2461.2869	0.0213791468770467
2459.8699	0.0204612900346231
2458.4529	0.0209601449103707
2457.036	0.0208339358886267
2455.619	0.0213850046007904
2454.202	0.0205939219448945
2452.785	0.0206437112908887
2451.3681	0.0209199448355848
2449.9511	0.0212689668842188
2448.5341	0.0210835881008094
2447.1171	0.0206649170110377
2445.7002	0.0210075923378754
2444.2832	0.0214964857815455
2442.8662	0.0204099143808347
2441.4492	0.0206116731339471
2440.0322	0.0202449866610521
2438.6153	0.0202627706595372
2437.1983	0.020266602518986
2435.7813	0.0200257559168582
2434.3643	0.0211643419723976
2432.9474	0.0202562057858086
2431.5304	0.0206844399504904
2430.1134	0.0200369747553266
2428.6964	0.0199495168884786
2427.2795	0.0200460093322926
2425.8625	0.0203553394381491
2424.4455	0.0205307243420322
2423.0285	0.0204413465014638
2421.6116	0.0212183683917869
2420.1946	0.0198392389946956
2418.7776	0.020533509101866
2417.3606	0.0201244960848646
2415.9437	0.020145340412272
2414.5267	0.0196227140652626
2413.1097	0.0202215022914726
2411.6927	0.0203452474422394
2410.2758	0.0193867028564028
2408.8588	0.0203944609257765
2407.4418	0.0199269346938678
2406.0248	0.0196086360093734
2404.6079	0.0203003894811457
2403.1909	0.0202116533953284
2401.7739	0.0205232438198278
2400.3569	0.0205531093269162
2398.94	0.0204478742921785
2397.523	0.0200571622594697
2396.106	0.0195974071414397
2394.689	0.0202045506594095
2393.272	0.0201142957790696
2391.8551	0.0199580189886386
2390.4381	0.019934987818036
2389.0211	0.0200305508655805
2387.6041	0.0201393006990054
2386.1872	0.0199950550558404
2384.7702	0.0196051123810314
2383.3532	0.0197685100971992
2381.9362	0.0196267791323043
2380.5193	0.0196989198956222
2379.1023	0.0193742128978283
2377.6853	0.0197996714538902
2376.2683	0.020152461915263
2374.8514	0.0198394617118578
2373.4344	0.0193862041252771
2372.0174	0.0200477597757595
2370.6004	0.01966153756215
2369.1835	0.0194103788840939
2367.7665	0.0196232898782078
2366.3495	0.0192406598287841
2364.9325	0.0194365040640233
2363.5156	0.0192892498889392
2362.0986	0.0196349085432676
2360.6816	0.0197775517584352
2359.2646	0.0200385000234613
2357.8477	0.0194270311347901
2356.4307	0.0187760101120673
2355.0137	0.0203658517535882
2353.5967	0.0201784069163077
2352.1798	0.0198166493376708
2350.7628	0.0194454309283409
2349.3458	0.0196651887239051
2347.9288	0.0189010815194618
2346.5118	0.01921540076122
2345.0949	0.0188692190268102
2343.6779	0.0193062459889542
2342.2609	0.0193736719277091
2340.8439	0.0193940543336732
2339.427	0.0191453042375542
2338.01	0.0189944432965083
2336.593	0.0193691809157895
2335.176	0.0194673653053044
2333.7591	0.0192886190492575
2332.3421	0.0201738865790168
2330.9251	0.0201107397202104
2329.5081	0.0206031307205471
2328.0912	0.0197700007487613
2326.6742	0.0203722594187809
2325.2572	0.0203943900624416
2323.8402	0.0200164257559025
2322.4233	0.019958557297016
2321.0063	0.0195436554686518
2319.5893	0.0198101813456128
2318.1723	0.0195535336105108
2316.7554	0.0195747089651849
2315.3384	0.0198823076048051
2313.9214	0.0198164204496003
2312.5044	0.0197486074862452
2311.0875	0.0195467873518287
2309.6705	0.0201332770422286
2308.2535	0.0196349138780227
2306.8365	0.0195062320484991
2305.4196	0.0194605163098855
2304.0026	0.0196629698384972
2302.5856	0.019810835202752
2301.1686	0.0196165564983347
2299.7516	0.0197033545839671
2298.3347	0.0190170706761981
2296.9177	0.0196022826646342
2295.5007	0.0195044615266747
2294.0837	0.0195529544598776
2292.6668	0.0194413189101107
2291.2498	0.0197797517964378
2289.8328	0.0195400289076837
2288.4158	0.0195674105648616
2286.9989	0.0197406629115792
2285.5819	0.0194053236044057
2284.1649	0.0196773800064066
2282.7479	0.0194874209945388
2281.331	0.0199325530315029
2279.914	0.0195726224640137
2278.497	0.0190791684860616
2277.08	0.0185624348893493
2275.6631	0.0190258161659317
2274.2461	0.0191561067107125
2272.8291	0.0193664358117935
2271.4121	0.0193376029721039
2269.9952	0.0193598221988281
2268.5782	0.0187417778009102
2267.1612	0.0186769319405522
2265.7442	0.0185965674172547
2264.3273	0.0189051843352299
2262.9103	0.0186379163366043
2261.4933	0.019103397504077
2260.0763	0.018690464218357
2258.6594	0.0185081288162227
2257.2424	0.0189576601187705
2255.8254	0.0197103666840209
2254.4084	0.0189867162629783
2252.9914	0.0191854337775181
2251.5745	0.0188405676075429
2250.1575	0.0189263406656908
2248.7405	0.0187169565256293
2247.3235	0.0193829600426746
2245.9066	0.0188321525342936
2244.4896	0.0192826902517351
2243.0726	0.0190479175276525
2241.6556	0.0186306565640276
2240.2387	0.0190184406407198
2238.8217	0.0184761534620913
2237.4047	0.0190212247034657
2235.9877	0.0187091635637161
2234.5708	0.0186978611881339
2233.1538	0.0183531771856011
2231.7368	0.0187728342094932
2230.3198	0.0184518923371507
2228.9029	0.0185650901691373
2227.4859	0.0184625961596157
2226.0689	0.0185860727870944
2224.6519	0.0182297640932798
2223.235	0.0185162179594848
2221.818	0.0187650571925496
2220.401	0.018845691434561
2218.984	0.0183663309077696
2217.5671	0.0184996611161049
2216.1501	0.0184934229425022
2214.7331	0.0182391847765407
2213.3161	0.0181506028663923
2211.8992	0.0186471418802215
2210.4822	0.0184892928785652
2209.0652	0.0177755945571474
2207.6482	0.0190922045618055
2206.2312	0.0192411172684207
2204.8143	0.0188405498326115
2203.3973	0.0192695332848195
2201.9803	0.0184884552411919
2200.5633	0.0187189719051358
2199.1464	0.0182190224628578
2197.7294	0.0176213716084899
2196.3124	0.018077834887099
2194.8954	0.0193455843711075
2193.4785	0.0190233081685293
2192.0615	0.0193060781642622
2190.6445	0.0189338055008136
2189.2275	0.0190314841143236
2187.8106	0.0188955399635249
2186.3936	0.0188469487753575
2184.9766	0.0186970576849165
2183.5596	0.0183565694687544
2182.1427	0.0187871423215613
2180.7257	0.0183768607826482
2179.3087	0.0184674044252237
2177.8917	0.0187236728904628
2176.4748	0.0186497891340812
2175.0578	0.0185608067831471
2173.6408	0.0183490087406981
2172.2238	0.0181529595726483
2170.8069	0.0185302851421572
2169.3899	0.0188003774189898
2167.9729	0.0199518152507501
2166.5559	0.019365139682171
2165.139	0.0195028890883256
2163.722	0.0194525338563309
2162.305	0.018898802041761
2160.888	0.0180770294435972
2159.471	0.0173396341896021
2158.0541	0.0163784647691635
2156.6371	0.0163901485938016
2155.2201	0.0167786683242171
2153.8031	0.0163950126810072
2152.3862	0.016946920834521
2150.9692	0.0173115673864653
2149.5522	0.0170564508454636
2148.1352	0.0176221825988429
2146.7183	0.0172641236191804
2145.3013	0.0168980004174308
2143.8843	0.0176681432596319
2142.4673	0.0174379149906621
2141.0504	0.0176350384074444
2139.6334	0.0179747955137032
2138.2164	0.0174598194038253
2136.7994	0.0173247489032212
2135.3825	0.0171220157356489
2133.9655	0.0162960100116703
2132.5485	0.0172206899508995
2131.1315	0.0175859931175155
2129.7146	0.0176098328908854
2128.2976	0.0172255471273545
2126.8806	0.0181089894293579
2125.4636	0.0177319123220922
2124.0467	0.0177460372806666
2122.6297	0.0177079098598741
2121.2127	0.0179936480948614
2119.7957	0.0175180781606683
2118.3788	0.0180319430491894
2116.9618	0.0182588393533476
2115.5448	0.0182706621711141
2114.1278	0.0181184036979955
2112.7108	0.0181998919340843
2111.2939	0.0180402776054948
2109.8769	0.0178120215831036
2108.4599	0.01798990008262
2107.0429	0.0180120082172561
2105.626	0.0174550099405582
2104.209	0.018542574216008
2102.792	0.0181654605999893
2101.375	0.018575642199565
2099.9581	0.0177823161136571
2098.5411	0.0170546519102337
2097.1241	0.0171926011883761
2095.7071	0.0172872706095265
2094.2902	0.0171860004230109
2092.8732	0.0179295099995044
2091.4562	0.0173834016911197
2090.0392	0.0180010647385397
2088.6223	0.0179774377645734
2087.2053	0.0181541758357265
2085.7883	0.0183695664351323
2084.3713	0.0178008557898759
2082.9544	0.0176889160058134
2081.5374	0.0170292562709175
2080.1204	0.0173483327495927
2078.7034	0.0171426642870511
2077.2865	0.0173775370615554
2075.8695	0.0172568093096061
2074.4525	0.0182194482293532
2073.0355	0.0176157132000349
2071.6186	0.0174477113917035
2070.2016	0.0179735331900211
2068.7846	0.0179541467809771
2067.3676	0.0175754444070172
2065.9506	0.0184026168275694
2064.5337	0.0173992222874648
2063.1167	0.0181396689405761
2061.6997	0.0179835648582563
2060.2827	0.0175553783980873
2058.8658	0.0178297371548402
2057.4488	0.0175830515876967
2056.0318	0.0178326031353339
2054.6148	0.0173622235898083
2053.1979	0.0170633584777407
2051.7809	0.0176206354099683
2050.3639	0.0176474482787711
2048.9469	0.0172583507832586
2047.53	0.0169283584928608
2046.113	0.0167099837124428
2044.696	0.0169128842126149
2043.279	0.0173688711954145
2041.8621	0.0172700632373114
2040.4451	0.0170441608794034
2039.0281	0.0165918530851941
2037.6111	0.0160582813461107
2036.1942	0.016077539381075
2034.7772	0.0162864504252335
2033.3602	0.0160647079481369
2031.9432	0.0168390724229801
2030.5263	0.0164715556413236
2029.1093	0.0168561809715191
2027.6923	0.0164798546031386
2026.2753	0.015981009247784
2024.8584	0.0160040913040197
2023.4414	0.0158935226991359
2022.0244	0.0165870007745995
2020.6074	0.0162249554313365
2019.1904	0.0163250993226436
2017.7735	0.0161169290484224
2016.3565	0.0168231935738171
2014.9395	0.0159442203841051
2013.5225	0.0153372300170032
2012.1056	0.0161205369060004
2010.6886	0.0158753138896229
2009.2716	0.0158185555914119
2007.8546	0.01548217691137
2006.4377	0.0160956661434676
2005.0207	0.0156586004301093
2003.6037	0.0158581656365983
2002.1867	0.0162186227022038
2000.7698	0.0161532814196038
1999.3528	0.016458696849751
1997.9358	0.0152345108169808
1996.5188	0.015712743070878
1995.1019	0.0159200329107844
1993.6849	0.0158241973637322
1992.2679	0.0159124656292648
1990.8509	0.0160110592150595
1989.434	0.0167127818388168
1988.017	0.0163830080999224
1986.6	0.0160170143116241
1985.183	0.0167666314534606
1983.7661	0.0167265162894315
1982.3491	0.0163342379005099
1980.9321	0.0168351092694841
1979.5151	0.0165573702624873
1978.0982	0.0165440716254298
1976.6812	0.0159831414246112
1975.2642	0.0153989166716077
1973.8472	0.0153450117409448
1972.4302	0.0154571619007479
1971.0133	0.0152411444340446
1969.5963	0.0149056225621915
1968.1793	0.0146759140809536
1966.7623	0.0155079562741945
1965.3454	0.0155103376812382
1963.9284	0.0154557245012441
1962.5114	0.0159573257413922
1961.0944	0.0156667260757975
1959.6775	0.0154363353703506
1958.2605	0.0163478174646674
1956.8435	0.0155119189334933
1955.4265	0.0159099032869888
1954.0096	0.0162855111227985
1952.5926	0.0161355825640987
1951.1756	0.0158951956157937
1949.7586	0.0162781788961136
1948.3417	0.0165007865312911
1946.9247	0.0160287346984023
1945.5077	0.0158871575393806
1944.0907	0.0164168374327463
1942.6738	0.0168271341442272
1941.2568	0.016518747884847
1939.8398	0.0167499229781859
1938.4228	0.0172426441444824
1937.0059	0.0166750965115998
1935.5889	0.0169776693957313
1934.1719	0.0161799032472071
1932.7549	0.0164455594170428
1931.338	0.0156149585305987
1929.921	0.0163226874540327
1928.504	0.0153637905634161
1927.087	0.0166913983518443
1925.67	0.0173986467322277
1924.2531	0.0163801601831901
1922.8361	0.016586590275741
1921.4191	0.0164313023517747
1920.0021	0.0167607415159198
1918.5852	0.0167247000574021
1917.1682	0.0167009681736528
1915.7512	0.0166987860489806
1914.3342	0.0164246993859156
1912.9173	0.0166306129839132
1911.5003	0.016975138939531
1910.0833	0.016977524622542
1908.6663	0.0168070534905429
1907.2494	0.0164509778958157
1905.8324	0.0168404367652691
1904.4154	0.0164871442313752
1902.9984	0.0169243340908884
1901.5815	0.0167861769532997
1900.1645	0.0163186338766227
1898.7475	0.0168360830910312
1897.3305	0.0166824479874021
1895.9136	0.0169600990657791
1894.4966	0.0168182939780615
1893.0796	0.0167985785671673
1891.6626	0.0164227480503284
1890.2457	0.0164637301703346
1888.8287	0.0168674753684775
1887.4117	0.0166547267346773
1885.9947	0.0165238836047801
1884.5778	0.0164884867013807
1883.1608	0.0163834268020402
1881.7438	0.0161845218107699
1880.3268	0.0164263986075753
1878.9098	0.016619379012771
1877.4929	0.0160005177479163
1876.0759	0.0162329544703613
1874.6589	0.0159964600401404
1873.2419	0.0158900944981078
1871.825	0.0164803175684577
1870.408	0.0166174139663893
1868.991	0.016455075599987
1867.574	0.0164569025158546
1866.1571	0.016380304067702
1864.7401	0.0165723251686459
1863.3231	0.016282129240141
1861.9061	0.0169224093766021
1860.4892	0.016520790235421
1859.0722	0.0168284755136706
1857.6552	0.0162958746419131
1856.2382	0.0161751454790729
1854.8213	0.0161993972570351
1853.4043	0.0162185039344717
1851.9873	0.0173803837810269
1850.5703	0.0159679826795358
1849.1534	0.0157748266241623
1847.7364	0.0167086301885117
1846.3194	0.0167116914190472
1844.9024	0.0166564464191978
1843.4855	0.0162398951333389
1842.0685	0.0162863259857285
1840.6515	0.0163881801521179
1839.2345	0.0162113385195727
1837.8176	0.0165663430666069
1836.4006	0.016028910960689
1834.9836	0.0164053671392339
1833.5666	0.0161834719471773
1832.1496	0.0167127041606528
1830.7327	0.0162884200353357
1829.3157	0.0161252565681712
1827.8987	0.0155699558373533
1826.4817	0.0156233806802672
1825.0648	0.0160556564879367
1823.6478	0.0163852533644689
1822.2308	0.0158360398952758
1820.8138	0.0160390345247429
1819.3969	0.0158414386123355
1817.9799	0.0160681162394012
1816.5629	0.0159066828536027
1815.1459	0.015638193094838
1813.729	0.015908233186758
1812.312	0.0161037170599941
1810.895	0.0161828779248103
1809.478	0.0159800267544504
1808.0611	0.0159877191788901
1806.6441	0.0154001380678893
1805.2271	0.0165216327803428
1803.8101	0.0157027183299145
1802.3932	0.0164776172072315
1800.9762	0.0162502202869841
1799.5592	0.0160496793894854
1798.1422	0.0163698930286561
1796.7253	0.0160988488779479
1795.3083	0.0161643305494454
1793.8913	0.0159622582285669
1792.4743	0.0155557343847867
1791.0574	0.0162987858802548
1789.6404	0.0160525823591076
1788.2234	0.0165507426438242
1786.8064	0.0165194349063581
1785.3894	0.0158923598077784
1783.9725	0.0163699844800418
1782.5555	0.0157832398964971
1781.1385	0.0159832693091141
1779.7215	0.0166160306960953
1778.3046	0.0159123062032256
1776.8876	0.0163318704698704
1775.4706	0.016047520014108
1774.0536	0.0163709077501662
1772.6367	0.016447494594059
1771.2197	0.0161740636561506
1769.8027	0.0161156312495989
1768.3857	0.0161788123158562
1766.9688	0.0158515951713793
1765.5518	0.0158306677865484
1764.1348	0.0167498730067506
1762.7178	0.0160900133264234
1761.3009	0.0164942845730431
1759.8839	0.0169173655093022
1758.4669	0.0167643876678928
1757.0499	0.0162291713875665
1755.633	0.016690418653574
1754.216	0.0162572427137242
1752.799	0.0167000201525025
1751.382	0.0174240792704989
1749.9651	0.016926915922628
1748.5481	0.0164745887821424
1747.1311	0.0167391811190821
1745.7141	0.0174337701687739
1744.2972	0.0171245364479389
1742.8802	0.0167734864671094
1741.4632	0.0174238583413971
1740.0462	0.0177492371158945
1738.6292	0.0175903306791677
1737.2123	0.0182135054589151
1735.7953	0.018038390314426
1734.3783	0.0178614037165226
1732.9613	0.018650132725844
1731.5444	0.0183678450781068
1730.1274	0.0186944737434327
1728.7104	0.0190090709830616
1727.2934	0.0188620090812741
1725.8765	0.0193001614567515
1724.4595	0.019207454225782
1723.0425	0.0192528716742064
1721.6255	0.0194026285116852
1720.2086	0.01893374843962
1718.7916	0.0197203589068967
1717.3746	0.0192965133062444
1715.9576	0.0201092331534516
1714.5407	0.0207551923244388
1713.1237	0.0210091258176621
1711.7067	0.0204949311287787
1710.2897	0.0205994780021218
1708.8728	0.020317389476821
1707.4558	0.0202842041399059
1706.0388	0.0208675768192272
1704.6218	0.020798646616007
1703.2049	0.0209326526421904
1701.7879	0.0212529460022915
1700.3709	0.0208634563799329
1698.9539	0.0215191419802449
1697.537	0.0213010124097926
1696.12	0.022001278452693
1694.703	0.0217184538075249
1693.286	0.0217610015974225
1691.869	0.0217483051005543
1690.4521	0.0216543692173646
1689.0351	0.0216857433950863
1687.6181	0.0221149287007561
1686.2011	0.0224221615418597
1684.7842	0.0223609197411574
1683.3672	0.022116176514039
1681.9502	0.0227367272503006
1680.5332	0.0227774921308569
1679.1163	0.0229816771329079
1677.6993	0.0221330817764055
1676.2823	0.0233233936682727
1674.8653	0.0234413712991814
1673.4484	0.0225023715867709
1672.0314	0.0232908653418768
1670.6144	0.0232895990082836
1669.1974	0.0231093134420514
1667.7805	0.023451029088673
1666.3635	0.0240288736142504
1664.9465	0.0239173192993474
1663.5295	0.0235713938843356
1662.1126	0.0239915471130081
1660.6956	0.0244000779921875
1659.2786	0.0240510376099986
1657.8616	0.0245159087318945
1656.4447	0.0240204723016107
1655.0277	0.0247021721489992
1653.6107	0.0254134021474259
1652.1937	0.0251582258098787
1650.7768	0.0252287405870265
1649.3598	0.0259662060260077
1647.9428	0.0266333077090522
1646.5258	0.0267395198881232
1645.1088	0.0271539324178097
1643.6919	0.0273743057773281
1642.2749	0.0281185260198676
1640.8579	0.0284256393144243
1639.4409	0.0283870412922589
1638.024	0.0282334886274955
1636.607	0.029032596838914
1635.19	0.030006527282632
1633.773	0.0300424344754984
1632.3561	0.0306565622266733
1630.9391	0.0312934590402507
1629.5221	0.0306587606107632
1628.1051	0.0310323164223122
1626.6882	0.0309521527853968
1625.2712	0.0314167894714933
1623.8542	0.0324183308896448
1622.4372	0.0326194135743434
1621.0203	0.0322777300135987
1619.6033	0.0322996043856366
1618.1863	0.0321064228683848
1616.7693	0.0329389845994345
1615.3524	0.0335974143482974
1613.9354	0.0336644931540192
1612.5184	0.0338229395561114
1611.1014	0.0335686111376484
1609.6845	0.0343479496536632
1608.2675	0.0345558077251218
1606.8505	0.0358375047325034
1605.4335	0.0355619856211362
1604.0166	0.0360056181004246
1602.5996	0.0359616361478108
1601.1826	0.0361942471337947
1599.7656	0.0362643842456409
1598.3486	0.0366126848870801
1596.9317	0.0365554279893666
1595.5147	0.0359283940307787
1594.0977	0.0360738784493084
1592.6807	0.0355835794003689
1591.2638	0.0351953356204515
1589.8468	0.0357886823401082
1588.4298	0.0355276923598703
1587.0128	0.0346501544342545
1585.5959	0.0342102297341745
1584.1789	0.0342928548290379
1582.7619	0.0332444773741316
1581.3449	0.033112239075399
1579.928	0.0324144090550623
1578.511	0.0323848133743476
1577.094	0.031819180477674
1575.677	0.0313702489216058
1574.2601	0.031327167203576
1572.8431	0.0305729805253831
1571.4261	0.0305077950863478
1570.0091	0.0304581430099631
1568.5922	0.0302088019603017
1567.1752	0.0298016086637706
1565.7582	0.0296097556427395
1564.3412	0.0291735719039513
1562.9243	0.0281162193639125
1561.5073	0.0275980183174828
1560.0903	0.027072212224055
1558.6733	0.0272541135471691
1557.2564	0.0263522958068529
1555.8394	0.0257477522020742
1554.4224	0.0254888656295553
1553.0054	0.0250222012765682
1551.5885	0.0251213047301371
1550.1715	0.0250128502445714
1548.7545	0.0243050864994079
1547.3375	0.0240042959753532
1545.9205	0.023797175549167
1544.5036	0.0227144238360439
1543.0866	0.0229604894215704
1541.6696	0.023008968177582
1540.2526	0.0234606593892113
1538.8357	0.0229180079422186
1537.4187	0.0230862464490173
1536.0017	0.0226282192828441
1534.5847	0.022948529555076
1533.1678	0.0230107574559399
1531.7508	0.0223780284606984
1530.3338	0.0224959644212826
1528.9168	0.0224225024884777
1527.4999	0.0224039597936437
1526.0829	0.0233366452704994
1524.6659	0.0236085758254795
1523.2489	0.0239125116419104
1521.832	0.0240334095719526
1520.415	0.0254039491466962
1518.998	0.025508353858992
1517.581	0.0264979414990389
1516.1641	0.0262049667305672
1514.7471	0.0276430257685523
1513.3301	0.0273311777083234
1511.9131	0.0283278288886031
1510.4962	0.0277644474048496
1509.0792	0.0283849727233094
1507.6622	0.0283128194149451
1506.2452	0.0289877538803869
1504.8283	0.0279504210108284
1503.4113	0.0280229994453403
1501.9943	0.0273560535362615
1500.5773	0.0263564861036432
1499.1603	0.0258154088973624
1497.7434	0.0255621874328163
1496.3264	0.0247592684528037
1494.9094	0.0240463057384107
1493.4924	0.0235829966600329
1492.0755	0.0231970590598487
1490.6585	0.0237499401490328
1489.2415	0.0236468735250445
1487.8245	0.0237289184810664
1486.4076	0.0241210095019746
1484.9906	0.0242810658353512
1483.5736	0.0243493151722142
1482.1566	0.0254488422392532
1480.7397	0.0247834455501043
1479.3227	0.0252825326994811
1477.9057	0.0252999591143892
1476.4887	0.0261577598685167
1475.0718	0.0257434231390415
1473.6548	0.0262487099646348
1472.2378	0.0266396947153902
1470.8208	0.0270734383148407
1469.4039	0.0269233327216065
1467.9869	0.0280623577758586
1466.5699	0.0287016136578887
1465.1529	0.0286456977654797
1463.736	0.0299407388573791
1462.319	0.0305450243275541
1460.902	0.0307978639687025
1459.485	0.0306274941225103
1458.0681	0.0309964276617653
1456.6511	0.0323159065652669
1455.2341	0.0323595109399078
1453.8171	0.0327937399538438
1452.4001	0.0327721845442059
1450.9832	0.0329338623236292
1449.5662	0.0334613542424235
1448.1492	0.0332036433800918
1446.7322	0.0336975712677946
1445.3153	0.0333086476662725
1443.8983	0.0334019009899807
1442.4813	0.0331779775722206
1441.0643	0.0326937771903521
1439.6474	0.0326524601730707
1438.2304	0.0335667977060849
1436.8134	0.034239883540583
1435.3964	0.0341158304084298
1433.9795	0.0342811761500698
1432.5625	0.0342170998067325
1431.1455	0.0348389852382995
1429.7285	0.0345587776502553
1428.3116	0.0352624058363185
1426.8946	0.0356097948210845
1425.4776	0.03587876480559
1424.0606	0.0362225150114825
1422.6437	0.0363523632970369
1421.2267	0.0358599377551908
1419.8097	0.0370296381608964
1418.3927	0.0369311021344435
1416.9758	0.0375870602985829
1415.5588	0.0372747350790043
1414.1418	0.0374074831963249
1412.7248	0.0382120826407925
1411.3079	0.0377256031911822
1409.8909	0.0381856790941427
1408.4739	0.0380305514044251
1407.0569	0.0375643712848621
1405.6399	0.0376652692027613
1404.223	0.0377487324914205
1402.806	0.037393108670297
1401.389	0.0382158272426672
1399.972	0.0382142077299062
1398.5551	0.03832237242885
1397.1381	0.0383583661597408
1395.7211	0.0386545351328506
1394.3041	0.03906453416864
1392.8872	0.0387494556836197
1391.4702	0.0394274021109071
1390.0532	0.0391701130929105
1388.6362	0.0399881538749447
1387.2193	0.0407069124326508
1385.8023	0.0411262349422859
1384.3853	0.0412795939803773
1382.9683	0.0409883146279999
1381.5514	0.0411473166903736
1380.1344	0.0405426067049634
1378.7174	0.0407954584586752
1377.3004	0.0406738896325584
1375.8835	0.0402059381621075
1374.4665	0.040039930828605
1373.0495	0.0406286176161693
1371.6325	0.0411084489125451
1370.2156	0.0411747883049209
1368.7986	0.0419469107247504
1367.3816	0.042597522130631
1365.9646	0.0421566627798662
1364.5477	0.0433759591119338
1363.1307	0.0430775357990741
1361.7137	0.0435056884913881
1360.2967	0.0431103522297201
1358.8797	0.0432936462652503
1357.4628	0.0426304188508499
1356.0458	0.0420221882455774
1354.6288	0.0414170903304351
1353.2118	0.0413569621891267
1351.7949	0.0412377606005054
1350.3779	0.0399568442331429
1348.9609	0.0413356024673417
1347.5439	0.0411507614978911
1346.127	0.0405789798563104
1344.71	0.0408549145125441
1343.293	0.0410318275643456
1341.876	0.0413341795025989
1340.4591	0.0422370392820417
1339.0421	0.0419263481774587
1337.6251	0.0413498993712184
1336.2081	0.0411723682405161
1334.7912	0.0423447620985712
1333.3742	0.0414451513264891
1331.9572	0.0412462608292372
1330.5402	0.0417965806512108
1329.1233	0.0405764885571194
1327.7063	0.0412099640754354
1326.2893	0.0403687323688669
1324.8723	0.0398389960924502
1323.4554	0.0399471151631577
1322.0384	0.0394382208179245
1320.6214	0.0388164497231423
1319.2044	0.0386221745032072
1317.7875	0.0384439998514689
1316.3705	0.0384914691502744
1314.9535	0.0379059957287036
1313.5365	0.0368763664644412
1312.1195	0.0370478727729245
1310.7026	0.0372150231041709
1309.2856	0.03764293729197
1307.8686	0.0371506815633464
1306.4516	0.0370762229824962
1305.0347	0.0371793161628914
1303.6177	0.0371795181965158
1302.2007	0.0368868477960455
1300.7837	0.0378284950064259
1299.3668	0.036904141833387
1297.9498	0.0371705677005925
1296.5328	0.0372394238969076
1295.1158	0.0372945676829859
1293.6989	0.0373531698767142
1292.2819	0.0368094424184359
1290.8649	0.0374274689989769
1289.4479	0.0372570786608131
1288.031	0.037194319606871
1286.614	0.0375013583408975
1285.197	0.0372960275532685
1283.78	0.0371000820310054
1282.3631	0.03742261547977
1280.9461	0.0378575813035446
1279.5291	0.0382376128060235
1278.1121	0.0384978466660192
1276.6952	0.0394468171919633
1275.2782	0.0398408805968189
1273.8612	0.0393658387861431
1272.4442	0.0403824255280137
1271.0273	0.0400372778676232
1269.6103	0.0403557501607333
1268.1933	0.0405895823917585
1266.7763	0.0405593192630253
1265.3593	0.0397014102051207
1263.9424	0.0394273525730551
1262.5254	0.0394693352553417
1261.1084	0.0391327072461995
1259.6914	0.0395812167745966
1258.2745	0.0391680948189142
1256.8575	0.0396514811713655
1255.4405	0.0399204454112728
1254.0235	0.0394059191056516
1252.6066	0.0396919523025672
1251.1896	0.0391545443857746
1249.7726	0.0393625187949558
1248.3556	0.0394982806269943
1246.9387	0.0388527080553881
1245.5217	0.0390573171161461
1244.1047	0.0381375496016261
1242.6877	0.0384173237907696
1241.2708	0.0386035484217598
1239.8538	0.0387587637935615
1238.4368	0.0392053308579864
1237.0198	0.0393554916082774
1235.6029	0.0398817137681438
1234.1859	0.03958043558946
1232.7689	0.0393346962302348
1231.3519	0.03910322171515
1229.935	0.0390137822094181
1228.518	0.0383714602240581
1227.101	0.0382245073897224
1225.684	0.0371824190485768
1224.2671	0.0364240042360769
1222.8501	0.0358656942874025
1221.4331	0.0350105551042762
1220.0161	0.0349519198081614
1218.5991	0.0348462051431126
1217.1822	0.0342312590468392
1215.7652	0.0344347098389952
1214.3482	0.0338239357508124
1212.9312	0.0337356138058539
1211.5143	0.0341030144658602
1210.0973	0.0333575080074037
1208.6803	0.0329076390554324
1207.2633	0.0325645117560173
1205.8464	0.0326278098124587
1204.4294	0.0323169065073987
1203.0124	0.032068685605118
1201.5954	0.0318764888670584
1200.1785	0.031815553475886
1198.7615	0.0312055740494088
1197.3445	0.030587315824706
1195.9275	0.0301424796843987
1194.5106	0.0298776239961398
1193.0936	0.0300304481201472
1191.6766	0.0292111694372829
1190.2596	0.0284161265409394
1188.8427	0.0280986439562134
1187.4257	0.027893668894311
1186.0087	0.0276602864429318
1184.5917	0.0278745468752398
1183.1748	0.0273644632759565
1181.7578	0.0275514584691191
1180.3408	0.0276356472887059
1178.9238	0.0282116070341925
1177.5069	0.028055273305955
1176.0899	0.0287194636121757
1174.6729	0.0289293438758209
1173.2559	0.0291641585410489
1171.8389	0.0301874794987046
1170.422	0.0311326111226032
1169.005	0.0325296705845377
1167.588	0.0341779398533051
1166.171	0.0353468687664461
1164.7541	0.0371363537697971
1163.3371	0.0392043530408565
1161.9201	0.0417978749695386
1160.5031	0.0435997414208262
1159.0862	0.0457804788625939
1157.6692	0.0482655945645932
1156.2522	0.0495058209555502
1154.8352	0.0506358941072656
1153.4183	0.052673272990186
1152.0013	0.0542189764143211
1150.5843	0.0550051800078994
1149.1673	0.0560383374435255
1147.7504	0.0560182921900464
1146.3334	0.0564047722186481
1144.9164	0.055769680470127
1143.4994	0.0553676719778591
1142.0825	0.0550585235445441
1140.6655	0.0536514468518821
1139.2485	0.0523759321817898
1137.8315	0.0524335675462459
1136.4146	0.0516580995495295
1134.9976	0.0507188238499342
1133.5806	0.0507608418006349
1132.1636	0.0499625113957498
1130.7467	0.0505534378222076
1129.3297	0.0502569223489944
1127.9127	0.0512030539284746
1126.4957	0.0507822757252026
1125.0787	0.0507480790976513
1123.6618	0.0514408825087171
1122.2448	0.0519983669693207
1120.8278	0.0517019770752489
1119.4108	0.0521526449420675
1117.9939	0.0529943467688278
1116.5769	0.0520598880690023
1115.1599	0.0529228149315791
1113.7429	0.0526816534816388
1112.326	0.0533781521104674
1110.909	0.0538777414120982
1109.492	0.0539025551649197
1108.075	0.0548000506797709
1106.6581	0.0549273244062621
1105.2411	0.0554400868722313
1103.8241	0.0563738504918772
1102.4071	0.0568142764627707
1100.9902	0.0572497241700731
1099.5732	0.0575508830610281
1098.1562	0.0569442233854935
1096.7392	0.0578673900648251
1095.3223	0.0572850972850964
1093.9053	0.0583839828550867
1092.4883	0.0588971427531801
1091.0713	0.0587467866859148
1089.6544	0.0597719132886929
1088.2374	0.0615122327930744
1086.8204	0.0627867170649159
1085.4034	0.0650151401508479
1083.9865	0.0668038420572997
1082.5695	0.0694614267444043
1081.1525	0.0707079054462363
1079.7355	0.0718810351232889
1078.3185	0.074207162037638
1076.9016	0.0743365982745342
1075.4846	0.0748013546430913
1074.0676	0.0746726040487101
1072.6506	0.0730782416558489
1071.2337	0.0719133033015441
1069.8167	0.0702521127308591
1068.3997	0.069243658912186
1066.9827	0.0682214012303334
1065.5658	0.0684534317405495
1064.1488	0.0677247609308888
1062.7318	0.0679484342565318
1061.3148	0.0686138535417077
1059.8979	0.0700482955845353
1058.4809	0.0706690924881049
1057.0639	0.0720390936786523
1055.6469	0.0729394966732135
1054.23	0.0751721113057153
1052.813	0.0761853515953608
1051.396	0.0780408744220919
1049.979	0.079473308838641
1048.5621	0.0801101910788714
1047.1451	0.0827553143386737
1045.7281	0.083868537061402
1044.3111	0.0846280212608071
1042.8942	0.0871343943960717
1041.4772	0.0882399025868914
1040.0602	0.0898228303471622
1038.6432	0.0913449934203375
1037.2263	0.0922801881907969
1035.8093	0.0934981854641893
1034.3923	0.0956245409128637
1032.9753	0.0968898775408956
1031.5583	0.0985078263034051
1030.1414	0.100040712609719
1028.7244	0.102081789815917
1027.3074	0.103553914488406
1025.8904	0.104363274373733
1024.4735	0.106126241825719
1023.0565	0.107694663893253
1021.6395	0.109928743220417
1020.2225	0.111414818085503
1018.8056	0.111911379677526
1017.3886	0.113564560224742
1015.9716	0.113410294465576
1014.5546	0.114674871224223
1013.1377	0.114771333834222
1011.7207	0.114498785340327
1010.3037	0.114701042504935
1008.8867	0.114753858898645
1007.4698	0.114768659909604
1006.0528	0.115610254698818
1004.6358	0.115325904416627
1003.2188	0.116102186098875
1001.8019	0.116563804640897
1000.3849	0.11708107109745
998.9679	0.117428212846771
997.5509	0.118715473766668
996.134	0.119012434341747
994.717	0.120081141320784
993.3	0.120093097313256
991.883	0.120059532232467
990.4661	0.120300447309512
989.0491	0.119627614350716
987.6321	0.119584339459455
986.2151	0.119542777056224
984.7981	0.117346652172505
983.3812	0.116805163544873
981.9642	0.115141754176159
980.5472	0.11350050854203
979.1302	0.112036251848772
977.7133	0.110053242324338
976.2963	0.108365268883908
974.8793	0.105969987781993
973.4623	0.103567900757843
972.0454	0.101963224716675
970.6284	0.0995025413888094
969.2114	0.0972834663357157
967.7944	0.0947922529020548
966.3775	0.0925844403631216
964.9605	0.0904312296131885
963.5435	0.088558632567354
962.1265	0.0868404079815281
960.7096	0.084623956870535
959.2926	0.0832529736785975
957.8756	0.0815226731632978
956.4586	0.0801237039751218
955.0417	0.0780784290734404
953.6247	0.0768920095846332
952.2077	0.0750961500388898
950.7907	0.073441622862873
949.3738	0.0728854325144033
947.9568	0.0720465474221348
946.5398	0.0706301059256612
945.1228	0.0705539560956488
943.7059	0.0705662363531331
942.2889	0.0705907175175253
940.8719	0.0702377197180412
939.4549	0.070756561081324
938.0379	0.0706600723430473
936.621	0.071175046994025
935.204	0.0709556787853565
933.787	0.0721203855597318
932.37	0.0718212520436502
930.9531	0.0712217282413757
929.5361	0.0716445615575246
928.1191	0.0716542897526123
926.7021	0.071321498144218
925.2852	0.0707348249192317
923.8682	0.0707977825414285
922.4512	0.0705287588678342
921.0342	0.0699392771703332
919.6173	0.0702867125073584
918.2003	0.0701112459636286
916.7833	0.0693680949436873
915.3663	0.0688507318797004
913.9494	0.0681679948560881
912.5324	0.0680022598855776
911.1154	0.0672704907326502
909.6984	0.0667249378308331
908.2815	0.0656562072675263
906.8645	0.0656608605364848
905.4475	0.0647760637929257
904.0305	0.0640107857279418
902.6136	0.0629934451593082
901.1966	0.0628298464466955
899.7796	0.062348721318824
898.3626	0.0619105932534799
896.9457	0.0617540367260775
895.5287	0.0613113005412967
894.1117	0.0605409475548142
892.6947	0.0605758914347147
891.2777	0.0594582209906478
889.8608	0.0603061974431312
888.4438	0.0594549648414246
887.0268	0.0591490847194746
885.6098	0.0580183430252601
884.1929	0.0573983667949895
882.7759	0.0570766015500476
881.3589	0.0561617220149227
879.9419	0.0563109058271803
878.525	0.055238842137977
877.108	0.0555719722426967
875.691	0.05492064633273
874.274	0.0547942743586059
872.8571	0.0552786940717857
871.4401	0.0557396055766201
870.0231	0.0558887110134009
868.6061	0.0562393466456379
867.1892	0.0560927515540188
865.7722	0.0568597043595235
864.3552	0.0568276553259465
862.9382	0.0572853302679811
861.5213	0.0580277941718542
860.1043	0.0579455941787505
858.6873	0.0583544141840675
857.2703	0.0583209443555878
855.8534	0.0583827345069761
854.4364	0.0585277053761181
853.0194	0.0583160405679745
851.6024	0.0587678827476996
850.1855	0.0581935431812677
848.7685	0.0585040977225736
847.3515	0.0585381217459558
845.9345	0.0589352842058384
844.5175	0.0586254851446314
843.1006	0.0583421214054822
841.6836	0.0580218470051851
840.2666	0.057875395108203
838.8496	0.0579204636758045
837.4327	0.0576016557234195
836.0157	0.056464332779147
834.5987	0.0564806186024957
833.1817	0.0556466069305846
831.7648	0.0554076382567711
830.3478	0.0546428775865269
828.9308	0.0543316754462413
827.5138	0.0550669156479164
826.0969	0.0539211609648661
824.6799	0.0539931544291375
823.2629	0.0538731505820652
821.8459	0.0536951251558161
820.429	0.0537784474394818
819.012	0.053497969107023
817.595	0.0530389238651944
816.178	0.0534914449862861
814.7611	0.0528766883766096
813.3441	0.0524432242045072
811.9271	0.0523941945559838
810.5101	0.0526133000158427
809.0932	0.0526930097782344
807.6762	0.0524300059298782
806.2592	0.0520649539365802
804.8422	0.052243464905695
803.4253	0.0514282618025349
802.0083	0.0521185034217634
800.5913	0.0514994179405852
799.1743	0.0518491730716136
797.7573	0.0516433793901595
796.3404	0.052049044421119
794.9234	0.0524728692786271
793.5064	0.0524542444329631
792.0894	0.0521933122569616
790.6725	0.0531318950596278
789.2555	0.0530007422338785
787.8385	0.0531636502978074
786.4215	0.0533291473952639
785.0046	0.0539195366447717
783.5876	0.0539971976672424
782.1706	0.0547005666755649
780.7536	0.0544713550236478
779.3367	0.0549316880531527
777.9197	0.055372719300944
776.5027	0.0563520816032057
775.0857	0.0561040640968936
773.6688	0.0563577778049866
772.2518	0.0572069535153736
770.8348	0.0584368662193604
769.4178	0.0593881530948208
768.0009	0.0598193219430179
766.5839	0.0603390838900632
765.1669	0.0606154176377951
763.7499	0.0616601169540025
762.333	0.0614883991453681
760.916	0.0625805206648195
759.499	0.0620241884721834
758.082	0.0622511992670285
756.6651	0.0622058371145959
755.2481	0.0617142338754242
753.8311	0.0613826014948079
752.4141	0.0598959350775021
750.9971	0.0597767366193037
749.5802	0.059038388142387
748.1632	0.058349515580149
746.7462	0.0589571885008439
745.3292	0.0579486079302653
743.9123	0.0573771047432519
742.4953	0.0576440557912997
741.0783	0.056779849553764
739.6613	0.0564242994917733
738.2444	0.0563882235524173
736.8274	0.0566947640291455
735.4104	0.056635333973165
733.9934	0.0561670716304364
732.5765	0.0563825588188832
731.1595	0.0562060795614705
729.7425	0.0563775721776061
728.3255	0.0574351450326621
726.9086	0.0572164368024693
725.4916	0.0579698819751368
724.0746	0.058067234913154
722.6576	0.0580342094390599
721.2407	0.0593036905086704
719.8237	0.0596976209915714
718.4067	0.0600046442310695
716.9897	0.0602801796152239
715.5728	0.0614914540386797
714.1558	0.0619717983357182
712.7388	0.06270274021386
711.3218	0.0632924427103775
709.9049	0.063877969818636
708.4879	0.0647021779885335
707.0709	0.064359748513193
705.6539	0.0645330045472547
704.2369	0.0647845076361551
702.82	0.0656056784535468
701.403	0.0646213422763173
699.986	0.0646919505198559
698.569	0.0654474439353034
697.1521	0.0649314716181333
695.7351	0.064556634720385
694.3181	0.0641417432399724
692.9011	0.0642662523057964
691.4842	0.0642437409774167
690.0672	0.064274862470848
688.6502	0.0645511972505115
687.2332	0.0642747101663894
685.8163	0.0645950222911923
684.3993	0.0640198806248072
682.9823	0.0647596389381996
681.5653	0.0650151081708742
680.1484	0.0648826896358073
678.7314	0.0646164741187008
677.3144	0.0645147640113304
675.8974	0.064496591256203
674.4805	0.0643090783461756
673.0635	0.0648646096376773
671.6465	0.0649572097349614
670.2295	0.065770828668251
668.8126	0.0661915943289354
667.3956	0.0670657111239237
665.9786	0.0668910176062419
664.5616	0.0671956340754024
663.1447	0.0670464539605063
661.7277	0.0672583641319431
660.3107	0.0668869063181119
658.8937	0.0666395751756998
657.4767	0.0671266539204317
656.0598	0.0670508033378194
654.6428	0.0673159379961066
653.2258	0.0684161874665451
651.8088	0.0689916135412325
650.3919	0.0685963340503651
648.9749	0.0686969716704393
647.5579	0.0688246910378479
646.1409	0.0689128196275359
644.724	0.0696224956509906
643.307	0.0688796369321789
641.89	0.0694011932950635
640.473	0.0691513030170096
639.0561	0.0691184893214112
637.6391	0.0691847081405525
636.2221	0.0689980728601309
634.8051	0.0691594937605637
633.3882	0.0700830162987626
631.9712	0.0707820346362338
630.5542	0.0712639093955966
629.1372	0.071681027896183
627.7203	0.0714803387213632
626.3033	0.0718048769182
624.8863	0.0723381157760154
623.4693	0.0735826371961681
622.0524	0.0734069664372107
620.6354	0.0742307925103063
619.2184	0.0752667789998658
617.8014	0.075847522544554
616.3845	0.0763729320128308
614.9675	0.0776103978261339
613.5505	0.0788356027209836
612.1335	0.0792061456731229
610.7165	0.0800787021905223
609.2996	0.0799917238465132
607.8826	0.0804042421494903
606.4656	0.0810627507036509
605.0486	0.0814978599800684
603.6317	0.0811890840689016
602.2147	0.0825345854110355
600.7977	0.0821647862011796
599.3807	0.0820993804866972
597.9638	0.0825248845235875
596.5468	0.0814860983610118
595.1298	0.0818178266634675
593.7128	0.0817168898110824
592.2959	0.0816994750165289
590.8789	0.0823564104130978
589.4619	0.08274091029761
588.0449	0.0837862257557222
586.628	0.0843380727060413
585.211	0.0850289201301038
583.794	0.0861949158706656
582.377	0.0867631522895474
580.9601	0.088158566828537
579.5431	0.0900423844538615
578.1261	0.0904734679957232
576.7091	0.0915523509571767
575.2922	0.0918958384122275
573.8752	0.0929046207517457
572.4582	0.0931510410418028
571.0412	0.0935433653081549
569.6243	0.0930354826596035
568.2073	0.0932772280720711
566.7903	0.0929458472644577
565.3733	0.0932425385067845
563.9563	0.0920685285455483
562.5394	0.0925509653906426
561.1224	0.092144173813168
559.7054	0.0919032558015967
558.2884	0.0913334572429797
556.8715	0.091206365157697
555.4545	0.090881268521223
554.0375	0.0910975888646432
552.6205	0.0904710633735198
551.2036	0.0909085335836394
549.7866	0.0903681223106352
548.3696	0.089964783544659
546.9526	0.0898979111024202
545.5357	0.0893653838827116
544.1187	0.0894672809771035
542.7017	0.0892418151536078
541.2847	0.0906864332087652
539.8678	0.0902502479526253
538.4508	0.0915254587780488
537.0338	0.0916776651904334
535.6168	0.0924429569350053
534.1999	0.0929535264650296
532.7829	0.0938842684609527
531.3659	0.0943263252292489
529.9489	0.0946451706095881
528.532	0.0956582744718981
527.115	0.096822998248708
525.698	0.0969807685112891
524.281	0.0980380287931832
522.8641	0.0980377569929031
521.4471	0.098872114242971
520.0301	0.0981323969620976
518.6131	0.0979516216194965
517.1962	0.0979336850717084
515.7792	0.0977332972199101
514.3622	0.0980771224063708
512.9452	0.0977512819772434
511.5282	0.0979936550354414
510.1113	0.0976602189804922
508.6943	0.0984880528298588
507.2773	0.0971046302848254
505.8603	0.0972607849157384
504.4434	0.0972810399669021
503.0264	0.0969254448814784
501.6094	0.0959639115156741
500.1924	0.0962286657637042
498.7755	0.0961719113408076
497.3585	0.0970176049173528
495.9415	0.0973417419406627
494.5245	0.097050125942009
493.1076	0.0967867229242965
491.6906	0.0965728039510795
490.2736	0.0971712252447969
488.8566	0.0963352648983199
487.4397	0.0966832723484466
486.0227	0.0967388234167089
484.6057	0.0975238979114622
483.1887	0.097976978743481
481.7718	0.0987316867162724
480.3548	0.0980727433448558
478.9378	0.0973814942848927
477.5208	0.0970380707323808
476.1039	0.0975501367942686
474.6869	0.0984409146847109
473.2699	0.0979754420705722
471.8529	0.0987501325383625
470.436	0.0972612125565918
469.019	0.097136225885379
467.602	0.0964364475067662
466.185	0.0957639882427533
464.768	0.0960502395038301
463.3511	0.0959472136595294
461.9341	0.0959753534547878
460.5171	0.0965177683804675
459.1001	0.0960610347187239
457.6832	0.0955336002639078
456.2662	0.0946473035216275
454.8492	0.095837172189135
453.4322	0.0962253376054006
452.0153	0.0960857862122141
450.5983	0.0958734690927272
449.1813	0.0955751977943206
447.7643	0.0967849736602371
446.3474	0.0981205353837757
444.9304	0.0995748250322254
443.5134	0.100955691095684
442.0964	0.101472919498594
440.6795	0.102224711617668
439.2625	0.10265803433087
437.8455	0.101970107986387
436.4285	0.101492911184683
435.0116	0.101062788589076
433.5946	0.101401112004707
432.1776	0.10268499521552
430.7606	0.103474051025949
429.3437	0.104349455940516
427.9267	0.104298049407531
426.5097	0.1045209896634
425.0927	0.105938327739337
423.6758	0.105526644784079
422.2588	0.105459688502511
420.8418	0.105343295790141
419.4248	0.105577957069213
418.0078	0.105484850726489
416.5909	0.10494933957858
415.1739	0.106308656308001
413.7569	0.105731313000867
412.3399	0.105980466091999
410.923	0.106252681571857
409.506	0.107326563239795
408.089	0.107734565709872
406.672	0.108961687535485
405.2551	0.110309233068447
403.8381	0.110544130765136
402.4211	0.111418824729346
401.0041	0.111242792940023
