3994.4546	0.0149173761557896
3993.0377	0.0143354352837232
3991.6207	0.0143893099297598
3990.2037	0.0141515844318775
3988.7867	0.0142964808284152
3987.3698	0.0140817481764871
3985.9528	0.0144498142490212
3984.5358	0.0139359271551223
3983.1188	0.0146207830095259
3981.7019	0.0141696886530081
3980.2849	0.0143174839592937
3978.8679	0.0146454822553613
3977.4509	0.0144083559159698
3976.034	0.0141783989929905
3974.617	0.0149198407291882
3973.2	0.0144985748448478
3971.783	0.014656121123596
3970.3661	0.0143108674184268
3968.9491	0.0138616156273971
3967.5321	0.0145547603090962
3966.1151	0.0150028258494459
3964.6982	0.0145340511308782
3963.2812	0.014580569530935
3961.8642	0.0149252638606651
3960.4472	0.0146369920381555
3959.0303	0.0138307050468539
3957.6133	0.0133263691013628
3956.1963	0.0140926433861319
3954.7793	0.0138511497801694
3953.3624	0.0141156978435579
3951.9454	0.0143220291892364
3950.5284	0.0139559599254353
3949.1114	0.0143487274606392
3947.6944	0.0142137574522927
3946.2775	0.014523601172726
3944.8605	0.0143083540983941
3943.4435	0.014723904116337
3942.0265	0.0147838651799413
3940.6096	0.0140252063824268
3939.1926	0.0142797284422693
3937.7756	0.0140487455291839
3936.3586	0.0139854210378381
3934.9417	0.0146786217001181
3933.5247	0.0141440643520694
3932.1077	0.0140131575655547
3930.6907	0.0144890341129482
3929.2738	0.0145409923493775
3927.8568	0.0140230732430575
3926.4398	0.0140272083079143
3925.0228	0.0145288456590133
3923.6059	0.014940190211044
3922.1889	0.0139872520372632
3920.7719	0.0140512537172245
3919.3549	0.0145527694556532
3917.938	0.014415658850797
3916.521	0.0144606209577791
3915.104	0.0146056955662651
3913.687	0.0142137108371361
3912.2701	0.015236545990267
3910.8531	0.0143365572643794
3909.4361	0.0144084033730322
3908.0191	0.0140608449802323
3906.6022	0.0142839320055497
3905.1852	0.0145274354374888
3903.7682	0.0140663697032669
3902.3512	0.013999238935042
3900.9342	0.0140209196652571
3899.5173	0.0141437589434447
3898.1003	0.0146588884703841
3896.6833	0.0140149550703417
3895.2663	0.0149166554488731
3893.8494	0.0138142218802018
3892.4324	0.0133819672713138
3891.0154	0.013750684533946
3889.5984	0.0138872751256059
3888.1815	0.0140790245116878
3886.7645	0.0141374386672225
3885.3475	0.0139189894513499
3883.9305	0.0140853754005445
3882.5136	0.0142154601764196
3881.0966	0.0140226607617871
3879.6796	0.0147206686633564
3878.2626	0.0139365713048701
3876.8457	0.0140007372376175
3875.4287	0.0131744742150485
3874.0117	0.0134903676387636
3872.5947	0.0143407476785996
3871.1778	0.0138940713102699
3869.7608	0.0138528630507853
3868.3438	0.0145738591905369
3866.9268	0.0136793886602765
3865.5099	0.0141968051622301
3864.0929	0.014192869716234
3862.6759	0.0140699366026536
3861.2589	0.0140823532859021
3859.842	0.0134792764056347
3858.425	0.0139420851801469
3857.008	0.0137295647150652
3855.591	0.0132421617102448
3854.174	0.012877781492367
3852.7571	0.0145245116423338
3851.3401	0.013993013922388
3849.9231	0.0136590359284678
3848.5061	0.0139330746331359
3847.0892	0.0138181170330082
3845.6722	0.0133982879541055
3844.2552	0.0137691338613689
3842.8382	0.0137104127981039
3841.4213	0.0136592950610822
3840.0043	0.0134894089023411
3838.5873	0.0130789760153253
3837.1703	0.0129167450234658
3835.7534	0.013469499093168
3834.3364	0.0135478707835875
3832.9194	0.01399556807998
3831.5024	0.0141088682178811
3830.0855	0.0141718504801016
3828.6685	0.0137814541369541
3827.2515	0.0140453884786817
3825.8345	0.0137629823814666
3824.4176	0.0136091598328485
3823.0006	0.013619267481569
3821.5836	0.013462480781171
3820.1666	0.0133873152332027
3818.7497	0.0139849880446153
3817.3327	0.0138384098723311
3815.9157	0.0137525699580817
3814.4987	0.0136489979287486
3813.0818	0.0134967681620625
3811.6648	0.0139586412677216
3810.2478	0.0134374571900748
3808.8308	0.0133713904166175
3807.4138	0.0136881334686893
3805.9969	0.0136160209192194
3804.5799	0.0136349443814461
3803.1629	0.0134789466380472
3801.7459	0.0130319427714425
3800.329	0.0126647737132052
3798.912	0.0136296441648204
3797.495	0.0135399988505347
3796.078	0.0132813507017845
3794.6611	0.0137071508874005
3793.2441	0.0137477199528145
3791.8271	0.0129364469479845
3790.4101	0.01319908290259
3788.9932	0.0133581629128517
3787.5762	0.0130243241651835
3786.1592	0.0137838547640467
3784.7422	0.0133243924810589
3783.3253	0.013102166855924
3781.9083	0.0132433813521391
3780.4913	0.0126814705981807
3779.0743	0.0137779648701228
3777.6574	0.0132681506328156
3776.2404	0.013634883198831
3774.8234	0.0131296570591089
3773.4064	0.0127914198284109
3771.9895	0.012803375476284
3770.5725	0.0121093312923797
3769.1555	0.0120660337860854
3767.7385	0.0127316781604554
3766.3216	0.0135420435373344
3764.9046	0.0130559199390978
3763.4876	0.0132910345554275
3762.0706	0.013006602517334
3760.6536	0.013053758416519
3759.2367	0.0132642931483443
3757.8197	0.0129194252136739
3756.4027	0.0138170349163515
3754.9857	0.0125122629401344
3753.5688	0.0136538453837983
3752.1518	0.0132033022070357
3750.7348	0.0136026457338666
3749.3178	0.0138660068771341
3747.9009	0.0141345519504913
3746.4839	0.0130153537811492
3745.0669	0.0130709412608183
3743.6499	0.0135097508535641
3742.233	0.0127097078190529
3740.816	0.0131511943370981
3739.399	0.012550150257907
3737.982	0.0123166820868347
3736.5651	0.0129971749709629
3735.1481	0.0123506558338429
3733.7311	0.0125720114615798
3732.3141	0.0126406662535569
3730.8972	0.0129159859781795
3729.4802	0.0128331150070323
3728.0632	0.012836914039763
3726.6462	0.0127885205315301
3725.2293	0.0120372899991567
3723.8123	0.0131969749659716
3722.3953	0.0128354774225524
3720.9783	0.0129507374506183
3719.5614	0.012560600821598
3718.1444	0.0126593093182779
3716.7274	0.0126628350431015
3715.3104	0.0124929900374323
3713.8935	0.0120782958791652
3712.4765	0.0129019113499921
3711.0595	0.012108022640647
3709.6425	0.0126136065854408
3708.2255	0.0126755119570698
3706.8086	0.0125165497487946
3705.3916	0.0121580301410677
3703.9746	0.0122272109337703
3702.5576	0.0120579013343312
3701.1407	0.0122013579755531
3699.7237	0.0122312147343982
3698.3067	0.0130076679549934
3696.8897	0.0125448085665332
3695.4728	0.0127404934632933
3694.0558	0.0129325509957497
3692.6388	0.0120916992631257
3691.2218	0.0119337228662459
3689.8049	0.0127583155409875
3688.3879	0.012932617878507
3686.9709	0.0130110126965864
3685.5539	0.0124007212823208
3684.137	0.0126459099350993
3682.72	0.0121513423289486
3681.303	0.0125655292402679
3679.886	0.0120702834569542
3678.4691	0.0125754202244271
3677.0521	0.0124594496136998
3675.6351	0.0124142602533166
3674.2181	0.0123355674108222
3672.8012	0.0126677940505939
3671.3842	0.0126230725672538
3669.9672	0.0125058116066933
3668.5502	0.012892290520215
3667.1333	0.0128955816230442
3665.7163	0.0123690000991841
3664.2993	0.0123103452560692
3662.8823	0.0124788177224916
3661.4653	0.0122092353839582
3660.0484	0.0121167849612919
3658.6314	0.0126159356676609
3657.2144	0.0127728416727308
3655.7974	0.01237697134847
3654.3805	0.0120084739974014
3652.9635	0.0124892069715211
3651.5465	0.0125862184816195
3650.1295	0.0125529995048793
3648.7126	0.0131465885436001
3647.2956	0.0131219901799389
3645.8786	0.0129277667660105
3644.4616	0.0129643509864453
3643.0447	0.0131547783674167
3641.6277	0.0126286834792225
3640.2107	0.0128913007895508
3638.7937	0.0129931075274875
3637.3768	0.0136497890142819
3635.9598	0.0133461902969111
3634.5428	0.0130582578461259
3633.1258	0.0127726269894039
3631.7089	0.0134021572523945
3630.2919	0.0137977040470085
3628.8749	0.0139085607807928
3627.4579	0.0139467574314774
3626.041	0.0133567023099464
3624.624	0.0134155961849839
3623.207	0.0133111174199494
3621.79	0.0139450932848921
3620.3731	0.0135426869917073
3618.9561	0.0139964765185111
3617.5391	0.0144602837543607
3616.1221	0.0140400897450029
3614.7051	0.0147556454940558
3613.2882	0.0145524570557826
3611.8712	0.014492177152109
3610.4542	0.014315585383444
3609.0372	0.0148805842619115
3607.6203	0.0145156826301967
3606.2033	0.0147567689219011
3604.7863	0.0145896522696942
3603.3693	0.0150752199886528
3601.9524	0.0150092879748984
3600.5354	0.0145782520089473
3599.1184	0.0151201941999215
3597.7014	0.0153975960320091
3596.2845	0.0154310229160847
3594.8675	0.0157621109603169
3593.4505	0.0160433445689882
3592.0335	0.0158135862635545
3590.6166	0.0160297417870616
3589.1996	0.0153627442271358
3587.7826	0.015676985273296
3586.3656	0.0157651252317644
3584.9487	0.0165224510108746
3583.5317	0.0160690455125525
3582.1147	0.0167545404534522
3580.6977	0.0171349615288296
3579.2808	0.0171555962291155
3577.8638	0.0171158616905707
3576.4468	0.0168485742350463
3575.0298	0.0174272410997421
3573.6129	0.017253854838567
3572.1959	0.0179001264100282
3570.7789	0.0179086480144057
3569.3619	0.0179545833979031
3567.9449	0.0174075928783839
3566.528	0.0182835976290433
3565.111	0.0189331901083235
3563.694	0.0194318662273565
3562.277	0.0191170648480538
3560.8601	0.0195839697576637
3559.4431	0.0187723094397527
3558.0261	0.0199494554557652
3556.6091	0.0195699333094104
3555.1922	0.0202520356850226
3553.7752	0.0197919447359875
3552.3582	0.0200537834004026
3550.9412	0.0203200365740098
3549.5243	0.0208557972493934
3548.1073	0.0205176625718803
3546.6903	0.0213336592545163
3545.2733	0.021509899658559
3543.8564	0.021134600086033
3542.4394	0.0218432406797565
3541.0224	0.0210760501724143
3539.6054	0.0219815806965421
3538.1885	0.0221073124480503
3536.7715	0.0225097337812571
3535.3545	0.0225354774265609
3533.9375	0.0227994510184169
3532.5206	0.0223472347686822
3531.1036	0.0232637115681958
3529.6866	0.0234912529240462
3528.2696	0.0230117224403762
3526.8527	0.0237808439547563
3525.4357	0.0238512874334652
3524.0187	0.0246861782420656
3522.6017	0.024185466289226
3521.1847	0.0244913259920652
3519.7678	0.0249916206716641
3518.3508	0.02459286359521
3516.9338	0.025235842147084
3515.5168	0.0253708659906386
3514.0999	0.0253817686770916
3512.6829	0.0255763555895345
3511.2659	0.0259517878456211
3509.8489	0.0267109220399882
3508.432	0.0264787528560993
3507.015	0.0269799778740901
3505.598	0.0267357932924576
3504.181	0.0265462006574912
3502.7641	0.0278220180436785
3501.3471	0.0276753935929637
3499.9301	0.0277750334578125
3498.5131	0.0274171992823943
3497.0962	0.0279359748335537
3495.6792	0.0281064529685646
3494.2622	0.0287484413541548
3492.8452	0.0290585137698858
3491.4283	0.0296547426263018
3490.0113	0.0291931522167304
3488.5943	0.0294530440749012
3487.1773	0.0294268596563591
3485.7604	0.0306938663319579
3484.3434	0.0300200881180792
3482.9264	0.029356283939661
3481.5094	0.029828656455178
3480.0925	0.0307934876871911
3478.6755	0.0304813948250117
3477.2585	0.0305801269351215
3475.8415	0.0306083942801918
3474.4245	0.0312849891632352
3473.0076	0.031370009543558
3471.5906	0.0322645836985181
3470.1736	0.032279565757678
3468.7566	0.0323539324265687
3467.3397	0.0326833531705189
3465.9227	0.0326732786067942
3464.5057	0.0328471038437329
3463.0887	0.0327522215277575
3461.6718	0.0332750112508204
3460.2548	0.0325922751959769
3458.8378	0.033533283143937
3457.4208	0.0338781857044174
3456.0039	0.0343950337347945
3454.5869	0.0338082992596465
3453.1699	0.0346687014426583
3451.7529	0.0345075579658538
3450.336	0.0346730812501644
3448.919	0.0350154665163305
3447.502	0.0349669747494178
3446.085	0.0347273575458039
3444.6681	0.0352338553692462
3443.2511	0.0352926039443289
3441.8341	0.0353837340024059
3440.4171	0.0353209996107993
3439.0002	0.0360174332987847
3437.5832	0.0362752619267295
3436.1662	0.0362530996694098
3434.7492	0.0369943517663818
3433.3323	0.0369867085494335
3431.9153	0.0375898009437974
3430.4983	0.0369115092187383
3429.0813	0.0372509548435279
3427.6643	0.0371028194553229
3426.2474	0.0374365030299278
3424.8304	0.0373206762129906
3423.4134	0.0380711475269038
3421.9964	0.0378955712605777
3420.5795	0.0380526031363103
3419.1625	0.0382762837705316
3417.7455	0.0385468644206676
3416.3285	0.0388749745266374
3414.9116	0.0397691356894609
3413.4946	0.0394240084966488
3412.0776	0.0395824730092335
3410.6606	0.0393334464780643
3409.2437	0.0398382828946885
3407.8267	0.0401839217629856
3406.4097	0.0397254166980095
3404.9927	0.0402195816618136
3403.5758	0.0398509630002741
3402.1588	0.0410594438501638
3400.7418	0.0405473920414158
3399.3248	0.0408976223750875
3397.9079	0.0408735699955386
3396.4909	0.0414612089743299
3395.0739	0.0405456192649808
3393.6569	0.0413180491397102
3392.24	0.0417403878817944
3390.823	0.0420450520782518
3389.406	0.041942234197698
3387.989	0.041530053980821
3386.5721	0.0415204179335739
3385.1551	0.0418151123522792
3383.7381	0.0422492579309014
3382.3211	0.0423386480780913
3380.9041	0.0425773519637127
3379.4872	0.0424297845094194
3378.0702	0.0431211628802872
3376.6532	0.0432005300629762
3375.2362	0.0429077788640283
3373.8193	0.0430571177373329
3372.4023	0.0436240422821182
3370.9853	0.043447319106313
3369.5683	0.0435203803354985
3368.1514	0.0436303555728027
3366.7344	0.0436968958145094
3365.3174	0.0436603304688316
3363.9004	0.0441740816033327
3362.4835	0.0443189205329385
3361.0665	0.0443029160056047
3359.6495	0.0445559199608173
3358.2325	0.044401615775298
3356.8156	0.0443678602415381
3355.3986	0.0445821734084019
3353.9816	0.0451635159364538
3352.5646	0.0447268833600797
3351.1477	0.0450623633227873
3349.7307	0.0452891985788653
3348.3137	0.0444126511888434
3346.8967	0.0439801686538002
3345.4798	0.0451868065794536
3344.0628	0.0448483326094856
3342.6458	0.0455776810932251
3341.2288	0.0451104365791197
3339.8119	0.0458057875309262
3338.3949	0.0452922009083146
3336.9779	0.0459079103936019
3335.5609	0.0458802848021903
3334.1439	0.0461385045200905
3332.727	0.0458399681120005
3331.31	0.045887954334271
3329.893	0.0455591359920668
3328.476	0.0460237248747339
3327.0591	0.0460246309389396
3325.6421	0.0462104168164591
3324.2251	0.0464085682256691
3322.8081	0.0466230441403664
3321.3912	0.0465029350237293
3319.9742	0.0463886568390331
3318.5572	0.0462966921385877
3317.1402	0.0465490408895007
3315.7233	0.0465076151960809
3314.3063	0.0471232945573642
3312.8893	0.046869796068327
3311.4723	0.0470360932617704
3310.0554	0.0464799515843413
3308.6384	0.0458965094351935
3307.2214	0.0469997397588833
3305.8044	0.0468974046542118
3304.3875	0.0468835234196413
3302.9705	0.0470115000352254
3301.5535	0.0469124110526625
3300.1365	0.0468274660120991
3298.7196	0.0471576904276828
3297.3026	0.0471330661741204
3295.8856	0.0472578332043131
3294.4686	0.0467443987305353
3293.0517	0.0466998648305517
3291.6347	0.0467289644057583
3290.2177	0.0476045473343697
3288.8007	0.0468915759121453
3287.3837	0.0466571315682744
3285.9668	0.0466333023944698
3284.5498	0.0469435205217723
3283.1328	0.0468944700180824
3281.7158	0.0474805113238004
3280.2989	0.0464406506328724
3278.8819	0.0476555744470645
3277.4649	0.0472082282629808
3276.0479	0.0470943740970317
3274.631	0.0469039700737082
3273.214	0.0469260055805366
3271.797	0.0477975392952521
3270.38	0.047266005058721
3268.9631	0.0471215938056317
3267.5461	0.0472706835103744
3266.1291	0.0467267442412266
3264.7121	0.0471134024722889
3263.2952	0.0475901551518133
3261.8782	0.0469170697984069
3260.4612	0.0467465232376392
3259.0442	0.0468993329260136
3257.6273	0.046642903553367
3256.2103	0.0471151555589403
3254.7933	0.0470793762622258
3253.3763	0.0474198785415421
3251.9594	0.0469371893522643
3250.5424	0.0470187320550114
3249.1254	0.0471364663388594
3247.7084	0.0469983549494265
3246.2915	0.0471357206733254
3244.8745	0.0470816918194644
3243.4575	0.0466823258746245
3242.0405	0.0470480575601538
3240.6235	0.0468720525157869
3239.2066	0.0471649838578913
3237.7896	0.0473519005561278
3236.3726	0.0469819806914359
3234.9556	0.0468875101998859
3233.5387	0.0473355255027606
3232.1217	0.0464174209423578
3230.7047	0.0466600447494487
3229.2877	0.0463589399954747
3227.8708	0.0464686583895906
3226.4538	0.0465271994459899
3225.0368	0.0465181939788809
3223.6198	0.0465583733634626
3222.2029	0.0467085408690169
3220.7859	0.0459011818561163
3219.3689	0.0463674881130726
3217.9519	0.0463932380651161
3216.535	0.0463629391640742
3215.118	0.0462695330801508
3213.701	0.0459920716351072
3212.284	0.0460836090322047
3210.8671	0.045854255036415
3209.4501	0.046023883608161
3208.0331	0.0460686506422422
3206.6161	0.0460898414445479
3205.1992	0.0457071049878727
3203.7822	0.0448505772949616
3202.3652	0.0453648461099784
3200.9482	0.0449424051817289
3199.5313	0.0448722050120966
3198.1143	0.0451695334470806
3196.6973	0.0452480173301366
3195.2803	0.0445609364850611
3193.8633	0.0449144121507829
3192.4464	0.0450297244823692
3191.0294	0.0446292185165934
3189.6124	0.0443286219099886
3188.1954	0.0446974511773334
3186.7785	0.0434106571163654
3185.3615	0.0438585525538888
3183.9445	0.0445111803087707
3182.5275	0.0435330691290704
3181.1106	0.0438202234980057
3179.6936	0.0440504732953171
3178.2766	0.0438885126393307
3176.8596	0.043659631866373
3175.4427	0.0438968638253884
3174.0257	0.0435252963340008
3172.6087	0.0429235905201208
3171.1917	0.043849170563554
3169.7748	0.0428404460627004
3168.3578	0.0429213937553843
3166.9408	0.0425608502071568
3165.5238	0.0431084359790296
3164.1069	0.0428668791093945
3162.6899	0.0429596840193782
3161.2729	0.0428028669580786
3159.8559	0.0426376475787392
3158.439	0.0425553216284739
3157.022	0.041709065929068
3155.605	0.0414157670402869
3154.188	0.0421322437414061
3152.7711	0.0412273259300003
3151.3541	0.0418290078374396
3149.9371	0.0415274187831238
3148.5201	0.0410606460273872
3147.1031	0.0416894027707098
3145.6862	0.0415980323682543
3144.2692	0.0406987927589307
3142.8522	0.0409264689132471
3141.4352	0.0405516066976678
3140.0183	0.0405105091891497
3138.6013	0.0403211116368207
3137.1843	0.0408697234649657
3135.7673	0.0404107254626048
3134.3504	0.0406393005396008
3132.9334	0.0401709193590488
3131.5164	0.0404251169143413
3130.0994	0.0401426292290837
3128.6825	0.0399549908239264
3127.2655	0.0393088358077744
3125.8485	0.0397133654111301
3124.4315	0.0388906595870956
3123.0146	0.0393929766171454
3121.5976	0.0389288855136556
3120.1806	0.0384153892458467
3118.7636	0.0386667247670008
3117.3467	0.0388008960805319
3115.9297	0.03857905598337
3114.5127	0.0389170235881872
3113.0957	0.038281421398722
3111.6788	0.0383558641387424
3110.2618	0.0383234279379838
3108.8448	0.0375093798327893
3107.4278	0.037881903208569
3106.0109	0.0383033901094117
3104.5939	0.0382439333389274
3103.1769	0.0372521317103117
3101.7599	0.0377496870892795
3100.3429	0.0375793313754607
3098.926	0.0375243668257357
3097.509	0.0367990676514403
3096.092	0.0367542374858833
3094.675	0.0371422625192307
3093.2581	0.0366273926378817
3091.8411	0.0370085439219898
3090.4241	0.0362267298814738
3089.0071	0.0364540586462596
3087.5902	0.0352752012896233
3086.1732	0.0354973896741588
3084.7562	0.0357050485253953
3083.3392	0.035498009314872
3081.9223	0.0361755051302862
3080.5053	0.0362769990624894
3079.0883	0.0361234756413213
3077.6713	0.0356072166598926
3076.2544	0.0358537251458087
3074.8374	0.0349819471272427
3073.4204	0.0352912213858497
3072.0034	0.0350789978387501
3070.5865	0.0344823454340383
3069.1695	0.0346757449734657
3067.7525	0.034466172033629
3066.3355	0.0352552067710873
3064.9186	0.0349073912266536
3063.5016	0.034672385413
3062.0846	0.0342194930124675
3060.6676	0.033296694523531
3059.2507	0.0344392244393394
3057.8337	0.0335380366454158
3056.4167	0.0340150670435602
3054.9997	0.0340668878570814
3053.5827	0.0332722080200259
3052.1658	0.0334549930154077
3050.7488	0.0334622272107265
3049.3318	0.0325527094158309
3047.9148	0.0332495196226061
3046.4979	0.0332038315023371
3045.0809	0.0330307135125557
3043.6639	0.0330051280345282
3042.2469	0.0328209413793925
3040.83	0.0323853817884853
3039.413	0.0315521256380799
3037.996	0.0320373992018626
3036.579	0.0322183923342422
3035.1621	0.0319155689941731
3033.7451	0.0318319951945325
3032.3281	0.0318230029164932
3030.9111	0.0317622534064711
3029.4942	0.0318268233069244
3028.0772	0.0311952035099445
3026.6602	0.0316062480190205
3025.2432	0.0311788102257324
3023.8263	0.0315192646013108
3022.4093	0.0309208020621656
3020.9923	0.0305295500393828
3019.5753	0.030880492939538
3018.1584	0.0307639837913907
3016.7414	0.0307834542523828
3015.3244	0.0306218707127334
3013.9074	0.0304592992040671
3012.4905	0.030657149363223
3011.0735	0.0305972773933907
3009.6565	0.0305281665484291
3008.2395	0.0307024324231118
3006.8225	0.0306009097906595
3005.4056	0.03050118300956
3003.9886	0.0302820789684864
3002.5716	0.0297304898743824
3001.1546	0.0296968782379326
2999.7377	0.0295176372454275
2998.3207	0.0303254253212225
2996.9037	0.0294539430915945
2995.4867	0.030583009735481
2994.0698	0.0298828823145243
2992.6528	0.0299719216493768
2991.2358	0.0300086150771603
2989.8188	0.0299979637600628
2988.4019	0.0297343236508062
2986.9849	0.029669232511366
2985.5679	0.0298584556513983
2984.1509	0.0297502506762089
2982.734	0.0300332825441674
2981.317	0.030062653317781
2979.9	0.0307307135682902
2978.483	0.0305327146253719
2977.0661	0.0300682928561695
2975.6491	0.0303332700363718
2974.2321	0.0305964055413761
2972.8151	0.03093669010308
2971.3982	0.0308962898317716
2969.9812	0.0311714128480218
2968.5642	0.0310104802916394
2967.1472	0.031404668146491
2965.7303	0.0310645410862278
2964.3133	0.0314156217167149
2962.8963	0.0316341415624587
2961.4793	0.0306688008819457
2960.0623	0.0322244937685409
2958.6454	0.0320164304366489
2957.2284	0.0317887078700349
2955.8114	0.032232104570279
2954.3944	0.0321565229061988
2952.9775	0.0325889150913292
2951.5605	0.0328617333188097
2950.1435	0.0324568335997248
2948.7265	0.0331108853063963
2947.3096	0.0336224482748826
2945.8926	0.0338445946840694
2944.4756	0.0344191461532636
2943.0586	0.0346346440206618
2941.6417	0.0347420064703596
2940.2247	0.0344919305204107
2938.8077	0.0351181958284285
2937.3907	0.0354318639959481
2935.9738	0.0355756469407037
2934.5568	0.0361259592290452
2933.1398	0.0362602514927598
2931.7228	0.0356291986762677
2930.3059	0.0360077869328934
2928.8889	0.0359221844918422
2927.4719	0.0360650589602662
2926.0549	0.0360322149281214
2924.638	0.0357379727086142
2923.221	0.0363101550238206
2921.804	0.0359747211829288
2920.387	0.0358889133981018
2918.9701	0.0363603293088609
2917.5531	0.0365217881868664
2916.1361	0.0364249143108256
2914.7191	0.0368199490809648
2913.3021	0.0363613561577145
2911.8852	0.0366971253436573
2910.4682	0.0365903356017766
2909.0512	0.0358628114608397
2907.6342	0.0358178641132475
2906.2173	0.0354570702592866
2904.8003	0.0363456001245263
2903.3833	0.0354116518353695
2901.9663	0.0358124969910445
2900.5494	0.0360721276069874
2899.1324	0.035598482953116
2897.7154	0.0359298478186501
2896.2984	0.0361680341393324
2894.8815	0.036549848903013
2893.4645	0.0353569012114172
2892.0475	0.0359483407581916
2890.6305	0.0358396552804188
2889.2136	0.0362981911219898
2887.7966	0.0353450680033158
2886.3796	0.0358862174120317
2884.9626	0.0356935680172803
2883.5457	0.0357343305150357
2882.1287	0.0352253426754177
2880.7117	0.0352380613188294
2879.2947	0.0343840155017148
2877.8778	0.034900297829993
2876.4608	0.0356504691021141
2875.0438	0.0355493693401027
2873.6268	0.0344742143238036
2872.2099	0.0347891152876798
2870.7929	0.0341783037900141
2869.3759	0.0341138443428783
2867.9589	0.0341562333670544
2866.5419	0.0341889068186606
2865.125	0.0337998747895045
2863.708	0.0333624282409999
2862.291	0.0332733946325304
2860.874	0.0342310313460026
2859.4571	0.0329022376054881
2858.0401	0.0328125780424613
2856.6231	0.0330637925712824
2855.2061	0.033471002835429
2853.7892	0.0332704833742207
2852.3722	0.0330492290956776
2850.9552	0.0329563157046479
2849.5382	0.0329988123892216
2848.1213	0.0324689574179859
2846.7043	0.0324530510013737
2845.2873	0.0318084762856196
2843.8703	0.0318679357108322
2842.4534	0.0317374145510618
2841.0364	0.0321051678224259
2839.6194	0.0314719162458853
2838.2024	0.03127342692951
2836.7855	0.031334659610057
2835.3685	0.03135189422968
2833.9515	0.0310165096608801
2832.5345	0.0306100399956014
2831.1176	0.0307176879215361
2829.7006	0.0311492792033065
2828.2836	0.0302708601934549
2826.8666	0.0311460853401598
2825.4497	0.0303081695322439
2824.0327	0.0305701687917076
2822.6157	0.0299345560885446
2821.1987	0.0303769508949842
2819.7817	0.030688129922993
2818.3648	0.0303434700033435
2816.9478	0.0300235515942183
2815.5308	0.0299244580378647
2814.1138	0.0297389717275596
2812.6969	0.0300336345337008
2811.2799	0.0299108669404702
2809.8629	0.0297076759883079
2808.4459	0.029974655086713
2807.029	0.029416607314425
2805.612	0.0299718739431225
2804.195	0.0292738034465867
2802.778	0.0295591497584196
2801.3611	0.0295935048727998
2799.9441	0.0290466282145048
2798.5271	0.0294148445793372
2797.1101	0.0292598200902806
2795.6932	0.0291593923018627
2794.2762	0.0291823842844908
2792.8592	0.0282746082725908
2791.4422	0.0284690751414072
2790.0253	0.0288926244575579
2788.6083	0.0283975656197397
2787.1913	0.0288477126806123
2785.7743	0.0283958765369785
2784.3574	0.0291096036822541
2782.9404	0.027987058935513
2781.5234	0.0281778514897259
2780.1064	0.0288583285004982
2778.6895	0.0285007747342139
2777.2725	0.0284406844093723
2775.8555	0.0277292771601571
2774.4385	0.0283053153372831
2773.0215	0.0284175744592692
2771.6046	0.0282970395423393
2770.1876	0.0283167049829843
2768.7706	0.0282863742893394
2767.3536	0.028261644676477
2765.9367	0.0282971199655496
2764.5197	0.0279897330281474
2763.1027	0.0279731282371385
2761.6857	0.0283348571413901
2760.2688	0.0283490533090865
2758.8518	0.0279166161962579
2757.4348	0.0282728474680626
2756.0178	0.0280929419165945
2754.6009	0.0286617334552926
2753.1839	0.0277139238501383
2751.7669	0.0278300187739881
2750.3499	0.0281598884744955
2748.933	0.0277661328677654
2747.516	0.0277309079962862
2746.099	0.0278190041995848
2744.682	0.0280442813111228
2743.2651	0.0274117785880172
2741.8481	0.0277511450196554
2740.4311	0.027255038955681
2739.0141	0.0281035274423396
2737.5972	0.0278167108876605
2736.1802	0.0276788140597312
2734.7632	0.0272953587225691
2733.3462	0.0280089665266933
2731.9293	0.0277995182098619
2730.5123	0.027544687529085
2729.0953	0.0279462195297727
2727.6783	0.0266704691737692
2726.2613	0.0276437295012649
2724.8444	0.027751833845444
2723.4274	0.0277355767482885
2722.0104	0.0278053338973612
2720.5934	0.0275015982335796
2719.1765	0.0271916460146419
2717.7595	0.0272212425058193
2716.3425	0.0279941669892461
2714.9255	0.0268167209595103
2713.5086	0.0274353800715615
2712.0916	0.0274485064248056
2710.6746	0.0263868745091135
2709.2576	0.0270775408847499
2707.8407	0.027051204592684
2706.4237	0.0271032414464044
2705.0067	0.0268679746552681
2703.5897	0.0268364958026959
2702.1728	0.0273048978413987
2700.7558	0.0275289603038019
2699.3388	0.0275849875133747
2697.9218	0.0266624782098988
2696.5049	0.0274302648489627
2695.0879	0.0269226338987548
2693.6709	0.0270802496532621
2692.2539	0.0268079428077164
2690.837	0.0266316389102602
2689.42	0.0263589031581659
2688.003	0.0268784434675533
2686.586	0.0267717357780543
2685.1691	0.0261803189868058
2683.7521	0.026611621584684
2682.3351	0.0273181007812755
2680.9181	0.0271216649487344
2679.5011	0.0267436257020265
2678.0842	0.0261682384611805
2676.6672	0.0265656179622648
2675.2502	0.0267341057133807
2673.8332	0.0262352403959443
2672.4163	0.026511602047115
2670.9993	0.0262191790912409
2669.5823	0.0265230481024401
2668.1653	0.0257324764956764
2666.7484	0.0259804592708471
2665.3314	0.0260068248731942
2663.9144	0.0264214515338393
2662.4974	0.0264008661872011
2661.0805	0.0270378255847017
2659.6635	0.0264287152751017
2658.2465	0.0267187294246139
2656.8295	0.0265313112755845
2655.4126	0.0256312084818232
2653.9956	0.0257036791972357
2652.5786	0.026204729448539
2651.1616	0.0258898789652262
2649.7447	0.0257035612491177
2648.3277	0.025929860812884
2646.9107	0.0257320689998667
2645.4937	0.0257733738426215
2644.0768	0.0260396387161282
2642.6598	0.0254791492911636
2641.2428	0.025859392643414
2639.8258	0.0256813781571766
2638.4089	0.0261469231882059
2636.9919	0.0253327971856389
2635.5749	0.0254717581734431
2634.1579	0.0250842545909677
2632.741	0.0257086580350897
2631.324	0.0255347920092924
2629.907	0.0252897015266755
2628.49	0.0252859712848029
2627.073	0.0248570103765898
2625.6561	0.025503936458597
2624.2391	0.0249866696208359
2622.8221	0.02467639897236
2621.4051	0.0243516529567782
2619.9882	0.0242815707214404
2618.5712	0.0251735603847595
2617.1542	0.0249429781364205
2615.7372	0.0244675267301573
2614.3203	0.0253858502016053
2612.9033	0.0255672657886186
2611.4863	0.0252395524644256
2610.0693	0.0244655082126026
2608.6524	0.024536827134406
2607.2354	0.0241589950406765
2605.8184	0.0245699870069008
2604.4014	0.0249028843561917
2602.9845	0.0249861825942627
2601.5675	0.0251601704946458
2600.1505	0.0251640033686351
2598.7335	0.0246553899381397
2597.3166	0.0246328141155481
2595.8996	0.0244027342451394
2594.4826	0.0246120909498905
2593.0656	0.0249115453661771
2591.6487	0.0240439878780048
2590.2317	0.0245397259784708
2588.8147	0.0240851657416752
2587.3977	0.0245407146536457
2585.9808	0.0243486967127449
2584.5638	0.0240290045200166
2583.1468	0.0240578638213913
2581.7298	0.0238488182280967
2580.3128	0.024485629378369
2578.8959	0.0242634599671788
2577.4789	0.0235282638202448
2576.0619	0.0242306212826315
2574.6449	0.0234498784627829
2573.228	0.0247002958138192
2571.811	0.0241497024058229
2570.394	0.0240784109446598
2568.977	0.0241833659855098
2567.5601	0.0240041862056708
2566.1431	0.0232977305266015
2564.7261	0.0241166347682597
2563.3091	0.0234762738803491
2561.8922	0.0235983729902043
2560.4752	0.0238203592236492
2559.0582	0.0235600041143866
2557.6412	0.0231048629553313
2556.2243	0.0229899400261561
2554.8073	0.023590449202445
2553.3903	0.0238433014690392
2551.9733	0.023565438670722
2550.5564	0.0232628765559251
2549.1394	0.0235629267255432
2547.7224	0.0236658233707154
2546.3054	0.0232468075795801
2544.8885	0.0234463632587683
2543.4715	0.0235363118570063
2542.0545	0.0233128612744995
2540.6375	0.0235729926259966
2539.2206	0.0231393512827648
2537.8036	0.0234394949243693
2536.3866	0.0233297745086846
2534.9696	0.0235799251951527
2533.5526	0.0232612804924306
2532.1357	0.0233601786787938
2530.7187	0.0227760721988108
2529.3017	0.0231539255741441
2527.8847	0.0234834312468175
2526.4678	0.0230384757228776
2525.0508	0.0233221005925492
2523.6338	0.0226466196373886
2522.2168	0.023423626161425
2520.7999	0.022582850593672
2519.3829	0.0226071604733488
2517.9659	0.0230071830201263
2516.5489	0.0229388190542017
2515.132	0.0231105388859872
2513.715	0.0230385679939328
2512.298	0.0233501033171258
2510.881	0.0229711865873346
2509.4641	0.0235065545654678
2508.0471	0.0232715303939323
2506.6301	0.0230540826413351
2505.2131	0.0229157771442315
2503.7962	0.0224735082774979
2502.3792	0.0223434131039981
2500.9622	0.0225356585284378
2499.5452	0.022776961787103
2498.1283	0.0225986102114196
2496.7113	0.0230628444571904
2495.2943	0.0221693428080278
2493.8773	0.0227506283247109
2492.4604	0.022642737879448
2491.0434	0.0232376101806765
2489.6264	0.0229385534733496
2488.2094	0.0223691174758351
2486.7924	0.0223280403258044
2485.3755	0.0216806095845358
2483.9585	0.0228101235619341
2482.5415	0.0223391823822265
2481.1245	0.0225625932556282
2479.7076	0.0220797106702313
2478.2906	0.0223120090046997
2476.8736	0.0225627665422756
2475.4566	0.0228217223928426
2474.0397	0.0224789552685052
2472.6227	0.0226675367125461
2471.2057	0.022003674135566
2469.7887	0.022068046505389
2468.3718	0.0226089436265706
2466.9548	0.0220264383054122
2465.5378	0.0228284048912464
2464.1208	0.0220198934988952
2462.7039	0.0228120151872251
2461.2869	0.022621476584952
2459.8699	0.0220480812390942
2458.4529	0.0224868682838384
2457.036	0.0225602283259006
2455.619	0.0216233123011051
2454.202	0.0221375231102082
2452.785	0.0224536365199757
2451.3681	0.0217112467246895
2449.9511	0.022231936684266
2448.5341	0.0221549569759814
2447.1171	0.0217686363613567
2445.7002	0.0219047079674113
2444.2832	0.0219181407087942
2442.8662	0.0218247729994848
2441.4492	0.0218843959636627
2440.0322	0.0213165181806873
2438.6153	0.0218944252595723
2437.1983	0.0217377878190062
2435.7813	0.0219409919909794
2434.3643	0.0211747464375688
2432.9474	0.0217301911481434
2431.5304	0.0217941282878878
2430.1134	0.0214018454396401
2428.6964	0.0217757829090991
2427.2795	0.0214436247319907
2425.8625	0.0218967853845308
2424.4455	0.0218373436261614
2423.0285	0.021066029836917
2421.6116	0.0215143023914897
2420.1946	0.021740225797921
2418.7776	0.0214827827229668
2417.3606	0.0210579828912518
2415.9437	0.0212716826417889
2414.5267	0.0214460110397645
2413.1097	0.0211910131457325
2411.6927	0.0217706144519406
2410.2758	0.0213949795079591
2408.8588	0.0214040595332366
2407.4418	0.0213641616766713
2406.0248	0.0211345147891134
2404.6079	0.0214744926596598
2403.1909	0.0215058492368525
2401.7739	0.0213074906034343
2400.3569	0.0207932648437624
2398.94	0.021010446560742
2397.523	0.0215624458142391
2396.106	0.0211836572836533
2394.689	0.021635102275088
2393.272	0.0209306670809673
2391.8551	0.0210386854852923
2390.4381	0.0213668074926346
2389.0211	0.0215283441751008
2387.6041	0.0212902381061189
2386.1872	0.0209131228108201
2384.7702	0.0212333096155663
2383.3532	0.0214011414770123
2381.9362	0.0214471736603476
2380.5193	0.0216995957963955
2379.1023	0.0212688472092018
2377.6853	0.02077263906035
2376.2683	0.0200865544535047
2374.8514	0.0213904148130813
2373.4344	0.0211959412073708
2372.0174	0.0204078690246473
2370.6004	0.0211362946717617
2369.1835	0.0209273903839227
2367.7665	0.0205084640423581
2366.3495	0.0209353327052872
2364.9325	0.020882592701542
2363.5156	0.0205976928715883
2362.0986	0.021071554170308
2360.6816	0.0212269680379837
2359.2646	0.0208300656298723
2357.8477	0.0204228914873707
2356.4307	0.0208653821591302
2355.0137	0.0209797091401055
2353.5967	0.0211384912655607
2352.1798	0.0207040109574687
2350.7628	0.021042994061824
2349.3458	0.0208632864912472
2347.9288	0.0204799039322207
2346.5118	0.0206272193242853
2345.0949	0.0208773971084274
2343.6779	0.0210341453958381
2342.2609	0.0200566448149383
2340.8439	0.0207064817003043
2339.427	0.0203160386720082
2338.01	0.0207908973120353
2336.593	0.0209058534585647
2335.176	0.0203464560869367
2333.7591	0.020576141747035
2332.3421	0.0201899065244008
2330.9251	0.021216234935625
2329.5081	0.0210366014507425
2328.0912	0.0212993209524301
2326.6742	0.0205103208569141
2325.2572	0.020950112404478
2323.8402	0.0211547434211554
2322.4233	0.0206012705625635
2321.0063	0.02089892998016
2319.5893	0.0213098850237592
2318.1723	0.0210588769609016
2316.7554	0.0207166966602234
2315.3384	0.0208318749292367
2313.9214	0.0209445733011512
2312.5044	0.0209342973629752
2311.0875	0.0214656548494294
2309.6705	0.020319926773619
2308.2535	0.0204942670657594
2306.8365	0.0207519342993915
2305.4196	0.020904031037351
2304.0026	0.0209901074891511
2302.5856	0.0211921940099168
2301.1686	0.021346471150598
2299.7516	0.0210536193467193
2298.3347	0.0208865004007231
2296.9177	0.0207676010810256
2295.5007	0.0209758623295301
2294.0837	0.0199772485133108
2292.6668	0.0205015278142032
2291.2498	0.0202384876870123
2289.8328	0.0200571474026449
2288.4158	0.0206834227350222
2286.9989	0.0210625537402306
2285.5819	0.0202771634353044
2284.1649	0.021336217471218
2282.7479	0.0209981931665486
2281.331	0.0205278415161539
2279.914	0.020405518396035
2278.497	0.0198228696347359
2277.08	0.0203829687400863
2275.6631	0.0201637374539632
2274.2461	0.0206335784839617
2272.8291	0.0200183337358508
2271.4121	0.0204347781955687
2269.9952	0.0206608846981943
2268.5782	0.0204292362001798
2267.1612	0.0204796561481308
2265.7442	0.0196666616738649
2264.3273	0.0199988249599459
2262.9103	0.0204841817259805
2261.4933	0.0199342367087288
2260.0763	0.0201490861783431
2258.6594	0.0197819718265823
2257.2424	0.0195531872581431
2255.8254	0.0200483023740902
2254.4084	0.0205027678308095
2252.9914	0.0194655689917867
2251.5745	0.0197306105172422
2250.1575	0.0200361406803569
2248.7405	0.0195626069079131
2247.3235	0.0201344668961741
2245.9066	0.0201023829240271
2244.4896	0.0202404168704294
2243.0726	0.0196234093079223
2241.6556	0.019542208988323
2240.2387	0.019549919016615
2238.8217	0.0196487148933884
2237.4047	0.0194856460110775
2235.9877	0.019532305400933
2234.5708	0.0193218670164763
2233.1538	0.0200100932324883
2231.7368	0.0199690604178273
2230.3198	0.0189291303063118
2228.9029	0.0196740666048186
2227.4859	0.0194301381007139
2226.0689	0.0197963316472107
2224.6519	0.0197277419553059
2223.235	0.0201218862075616
2221.818	0.0196092489558553
2220.401	0.0199765198884027
2218.984	0.0197917123155193
2217.5671	0.019809568558351
2216.1501	0.0196560089529966
2214.7331	0.0193980582218312
2213.3161	0.0195239690712024
2211.8992	0.0195745239895432
2210.4822	0.0195425916363996
2209.0652	0.0195622887786792
2207.6482	0.0198210211262555
2206.2312	0.0202644471379812
2204.8143	0.0196447651693844
2203.3973	0.0200761601850864
2201.9803	0.019281245688464
2200.5633	0.0193467718957593
2199.1464	0.0195373666120618
2197.7294	0.0190218172981059
2196.3124	0.0201313089859898
2194.8954	0.0203104293527681
2193.4785	0.0199799260124298
2192.0615	0.0201240976729277
2190.6445	0.0203898931033098
2189.2275	0.0198702748968635
2187.8106	0.0202413503941152
2186.3936	0.0205262705876045
2184.9766	0.0197111397718507
2183.5596	0.0191558893199265
2182.1427	0.0189571375418618
2180.7257	0.0192025666700317
2179.3087	0.0195116528563798
2177.8917	0.019672718637783
2176.4748	0.0191280202431283
2175.0578	0.0196355697323159
2173.6408	0.0189881862246177
2172.2238	0.0191801806704077
2170.8069	0.019736525350705
2169.3899	0.0199938735827503
2167.9729	0.0201320337441316
2166.5559	0.0203447410203997
2165.139	0.020345805816529
2163.722	0.0198294064245319
2162.305	0.0192271695971181
2160.888	0.0190331323329108
2159.471	0.0183848800848255
2158.0541	0.0181715979462114
2156.6371	0.0177391689255096
2155.2201	0.018108254059882
2153.8031	0.0175742002840649
2152.3862	0.0181533401059772
2150.9692	0.0180013808415905
2149.5522	0.0187302352298683
2148.1352	0.0184404778344811
2146.7183	0.0187638156615558
2145.3013	0.0187577876585355
2143.8843	0.0183500014267592
2142.4673	0.0181701098908516
2141.0504	0.0179744003011293
2139.6334	0.0182004652927776
2138.2164	0.0178597722476336
2136.7994	0.0186368324705063
2135.3825	0.0179230748819052
2133.9655	0.0177513171397548
2132.5485	0.0178176683006847
2131.1315	0.0185982373176359
2129.7146	0.0185094094328809
2128.2976	0.0184226233137256
2126.8806	0.0188451002942593
2125.4636	0.0184236852571321
2124.0467	0.0184342448247456
2122.6297	0.0192534052716369
2121.2127	0.0188878140691308
2119.7957	0.0195271733553428
2118.3788	0.0192826422861984
2116.9618	0.01872219115487
2115.5448	0.0186473445280523
2114.1278	0.0194877085287876
2112.7108	0.0197547052373826
2111.2939	0.0193021226860906
2109.8769	0.0192277427185514
2108.4599	0.0191668274077805
2107.0429	0.0194872529814153
2105.626	0.019256000201254
2104.209	0.0185246801487839
2102.792	0.0190511976513746
2101.375	0.0189564598196762
2099.9581	0.0187503078198852
2098.5411	0.0187682877387088
2097.1241	0.0185152567375226
2095.7071	0.0187470975569285
2094.2902	0.018008774302856
2092.8732	0.0188214237835002
2091.4562	0.0178502056674843
2090.0392	0.0191347782705408
2088.6223	0.0191705543921438
2087.2053	0.0186905842060747
2085.7883	0.019052201622643
2084.3713	0.0189959368814357
2082.9544	0.018835019233457
2081.5374	0.0185268155733425
2080.1204	0.0184720141993249
2078.7034	0.0189584997281092
2077.2865	0.0185664243148097
2075.8695	0.0188291620166783
2074.4525	0.0187281861716277
2073.0355	0.0193971368237466
2071.6186	0.0189046594768241
2070.2016	0.0191111748620122
2068.7846	0.0177415142952134
2067.3676	0.0183796101558031
2065.9506	0.0187845330679838
2064.5337	0.0186253164473101
2063.1167	0.019064701291956
2061.6997	0.0187522611301765
2060.2827	0.0186134361781104
2058.8658	0.0184329643616301
2057.4488	0.0193703939677608
2056.0318	0.0190116786991018
2054.6148	0.018368186688085
2053.1979	0.0183230158723722
2051.7809	0.0180545172423108
2050.3639	0.0181578068083775
2048.9469	0.0185480800287618
2047.53	0.018476605051058
2046.113	0.0178149541675109
2044.696	0.0180314478922216
2043.279	0.0186869238232625
2041.8621	0.0183794938471016
2040.4451	0.0180962174478298
2039.0281	0.0176572675105344
2037.6111	0.0174467808780068
2036.1942	0.0174919164743505
2034.7772	0.0171083266583955
2033.3602	0.0172175430758233
2031.9432	0.0179677328251061
2030.5263	0.0174428621592665
2029.1093	0.0176465813441722
2027.6923	0.0175102883341749
2026.2753	0.0167628826634668
2024.8584	0.0168309237472633
2023.4414	0.0161931620797059
2022.0244	0.0164724701761543
2020.6074	0.0169873169615645
2019.1904	0.0173122822836665
2017.7735	0.0171210182180858
2016.3565	0.0171666738858376
2014.9395	0.0167624885317834
2013.5225	0.0172815824431971
2012.1056	0.0169491246823282
2010.6886	0.0164124267236361
2009.2716	0.0172451510121759
2007.8546	0.0157940053153744
2006.4377	0.0168326906372532
2005.0207	0.0167278754211154
2003.6037	0.0164643374290174
2002.1867	0.0170057269045844
2000.7698	0.0175289117307662
1999.3528	0.0170221134437269
1997.9358	0.0173459396054329
1996.5188	0.0168466601634577
1995.1019	0.0166273190012217
1993.6849	0.0169539013394946
1992.2679	0.0166926774504405
1990.8509	0.0165710824498007
1989.434	0.01769173560559
1988.017	0.0173816040256322
1986.6	0.0173374336182709
1985.183	0.0176575790373182
1983.7661	0.0177321574332505
1982.3491	0.0171807006200668
1980.9321	0.0181591908676083
1979.5151	0.0175525748190942
1978.0982	0.0169783063300363
1976.6812	0.0171966009514805
1975.2642	0.0168412527536055
1973.8472	0.0168384539296458
1972.4302	0.0161623778335265
1971.0133	0.0156634216521295
1969.5963	0.0158258202506609
1968.1793	0.0155856445917421
1966.7623	0.0155213186032023
1965.3454	0.0166834445431382
1963.9284	0.0166111287112551
1962.5114	0.0173248942211288
1961.0944	0.0163947983019619
1959.6775	0.0165658169244944
1958.2605	0.0168450000192976
1956.8435	0.017013157115587
1955.4265	0.0168291649319669
1954.0096	0.0166935342478765
1952.5926	0.017220291830096
1951.1756	0.0164594535277706
1949.7586	0.0176914845918326
1948.3417	0.0167996133988715
1946.9247	0.0169392019367678
1945.5077	0.0164710930256569
1944.0907	0.0169694107112444
1942.6738	0.0171803842536399
1941.2568	0.0182577786564776
1939.8398	0.0174190248932017
1938.4228	0.0177101493732598
1937.0059	0.0180705029178429
1935.5889	0.0169284111414502
1934.1719	0.0171440790135993
1932.7549	0.0173179050392975
1931.338	0.0172111924541941
1929.921	0.0167346418440895
1928.504	0.0170633021190617
1927.087	0.0180289064362412
1925.67	0.0173983699545736
1924.2531	0.0182074047155004
1922.8361	0.0170908350768368
1921.4191	0.0180259849705095
1920.0021	0.0170414306564359
1918.5852	0.0179392904978312
1917.1682	0.0174053025115084
1915.7512	0.0184845742959393
1914.3342	0.0177736161075374
1912.9173	0.0173507380309717
1911.5003	0.0174346420613927
1910.0833	0.0176587721334507
1908.6663	0.0173124012650849
1907.2494	0.0179863728394609
1905.8324	0.0178619754524766
1904.4154	0.0173207684169747
1902.9984	0.0181796132873289
1901.5815	0.0175083544109606
1900.1645	0.0177809029761445
1898.7475	0.0178314404960255
1897.3305	0.017803172316457
1895.9136	0.0175071381205313
1894.4966	0.0173120399833702
1893.0796	0.0174691292210659
1891.6626	0.017455176370695
1890.2457	0.0174868065184084
1888.8287	0.0176754594080022
1887.4117	0.0172041542907881
1885.9947	0.0174863578911468
1884.5778	0.0177169555072106
1883.1608	0.0177093528002041
1881.7438	0.0177106476243494
1880.3268	0.0174677535033932
1878.9098	0.0177598299819113
1877.4929	0.0171295912322229
1876.0759	0.0172585799994841
1874.6589	0.0172596861594717
1873.2419	0.0173079402260042
1871.825	0.0176179142258272
1870.408	0.0171873072927069
1868.991	0.0175667794178574
1867.574	0.017207747067607
1866.1571	0.0173901539072977
1864.7401	0.0176348453410301
1863.3231	0.0176937825188813
1861.9061	0.0180020069058299
1860.4892	0.0179177995929038
1859.0722	0.0173520971338075
1857.6552	0.0166031324278585
1856.2382	0.017186284879652
1854.8213	0.0174768731113986
1853.4043	0.0170800158944516
1851.9873	0.0173518232666518
1850.5703	0.0169641235412534
1849.1534	0.0170484006816272
1847.7364	0.0179300584648564
1846.3194	0.0168592836283009
1844.9024	0.0168603969954583
1843.4855	0.0172247499085704
1842.0685	0.0181941765559225
1840.6515	0.0172508033202498
1839.2345	0.0170294556106716
1837.8176	0.0169220753056783
1836.4006	0.0173836788469664
1834.9836	0.0171415953226975
1833.5666	0.0171625032008768
1832.1496	0.0173164060875341
1830.7327	0.0172098728645457
1829.3157	0.0171626345955965
1827.8987	0.0179325203763221
1826.4817	0.017318209025114
1825.0648	0.0167178109799182
1823.6478	0.0163096037907194
1822.2308	0.0168376898752336
1820.8138	0.0170580812243647
1819.3969	0.0170040021746699
1817.9799	0.0164926967655286
1816.5629	0.0163124649537364
1815.1459	0.0167242172107604
1813.729	0.0167533115300989
1812.312	0.0170816369249545
1810.895	0.0171087338210981
1809.478	0.0166141627363579
1808.0611	0.0168369745581596
1806.6441	0.0170738981135668
1805.2271	0.016598137961964
1803.8101	0.0168290184052682
1802.3932	0.017306048041708
1800.9762	0.0168324987350955
1799.5592	0.0171113536285295
1798.1422	0.0172382370571802
1796.7253	0.0169480048715934
1795.3083	0.0167196720899584
1793.8913	0.01718902498578
1792.4743	0.0168593537009665
1791.0574	0.0168481487421488
1789.6404	0.0168709575458501
1788.2234	0.0173816220432538
1786.8064	0.0170718425222074
1785.3894	0.0165896865264209
1783.9725	0.01719224638086
1782.5555	0.0175022197530992
1781.1385	0.0162747496307756
1779.7215	0.0175125332241963
1778.3046	0.017261877828168
1776.8876	0.0169556614795548
1775.4706	0.0172704223221892
1774.0536	0.0170215922969537
1772.6367	0.0173430102438264
1771.2197	0.0169019226470074
1769.8027	0.0175892038406689
1768.3857	0.0164444294383707
1766.9688	0.0173008854240041
1765.5518	0.0171912033252263
1764.1348	0.0174193672646414
1762.7178	0.0172272659521628
1761.3009	0.0176001859092085
1759.8839	0.0175075033241753
1758.4669	0.017528748170017
1757.0499	0.0183111407205735
1755.633	0.0179432776763045
1754.216	0.0175910070929291
1752.799	0.0183897196998704
1751.382	0.0178206963192185
1749.9651	0.0176827545978778
1748.5481	0.0178981895663263
1747.1311	0.0179252502144697
1745.7141	0.0174420237440067
1744.2972	0.0179633422142514
1742.8802	0.0182536894566629
1741.4632	0.0188272498108098
1740.0462	0.0186214182199139
1738.6292	0.0189952696019116
1737.2123	0.0192462664591158
1735.7953	0.0193157750507515
1734.3783	0.0196280274150233
1732.9613	0.0196121159051727
1731.5444	0.019475124702958
1730.1274	0.0198083951751681
1728.7104	0.0202512954407197
1727.2934	0.0199381025260751
1725.8765	0.0197443447278623
1724.4595	0.0197927681720446
1723.0425	0.020616929618375
1721.6255	0.0204674302394326
1720.2086	0.0204404322798544
1718.7916	0.0203629519749071
1717.3746	0.0205748218814931
1715.9576	0.0210125861440672
1714.5407	0.0214816795250277
1713.1237	0.0212988080406171
1711.7067	0.0217673105210179
1710.2897	0.0221452749678944
1708.8728	0.0216094338187408
1707.4558	0.0215900195980812
1706.0388	0.0222294069205052
1704.6218	0.0224194967167833
1703.2049	0.022117964442416
1701.7879	0.0219823591654122
1700.3709	0.0222658972051116
1698.9539	0.0226976387205625
1697.537	0.0231136803933282
1696.12	0.0235548197999122
1694.703	0.0236121066487614
1693.286	0.023093482644519
1691.869	0.023688676519234
1690.4521	0.0233542893666103
1689.0351	0.0233592971823822
1687.6181	0.0235661415509729
1686.2011	0.0242606128932088
1684.7842	0.0235866554019973
1683.3672	0.0238063355885839
1681.9502	0.0241507790324005
1680.5332	0.0239371639202401
1679.1163	0.0243672271174599
1677.6993	0.0244353572848153
1676.2823	0.0240118361737245
1674.8653	0.024253221679488
1673.4484	0.024743091746128
1672.0314	0.0238382882861804
1670.6144	0.0249493810744591
1669.1974	0.024521329939021
1667.7805	0.0244988761906589
1666.3635	0.0253743842676223
1664.9465	0.0255044336368362
1663.5295	0.0258037216109526
1662.1126	0.025639023459126
1660.6956	0.0261987537075505
1659.2786	0.0258543638170798
1657.8616	0.0259859295624755
1656.4447	0.0259358805401362
1655.0277	0.0261192579218832
1653.6107	0.0265090611820898
1652.1937	0.0264375069844082
1650.7768	0.0273175264327161
1649.3598	0.0269445105207176
1647.9428	0.0267580684393999
1646.5258	0.028553251492624
1645.1088	0.0289554009099726
1643.6919	0.0292300671392794
1642.2749	0.0289197787050894
1640.8579	0.0305871526171511
1639.4409	0.0300465953386016
1638.024	0.0303565309593489
1636.607	0.0302846894667721
1635.19	0.0313346413229608
1633.773	0.0324064799540976
1632.3561	0.0326696395973092
1630.9391	0.0325658664381383
1629.5221	0.0327857100739299
1628.1051	0.0330257202493931
1626.6882	0.0330735296970825
1625.2712	0.0340034739444532
1623.8542	0.0337768702228793
1622.4372	0.0341383320402473
1621.0203	0.0343293271412663
1619.6033	0.0347337030632632
1618.1863	0.0353185266721698
1616.7693	0.0351285478930766
1615.3524	0.0353030468802357
1613.9354	0.035451161619219
1612.5184	0.0358278120485338
1611.1014	0.0364243306195381
1609.6845	0.0365150337458212
1608.2675	0.0369313845566602
1606.8505	0.036898177024764
1605.4335	0.0378503332198467
1604.0166	0.0380435604166423
1602.5996	0.0389090775119967
1601.1826	0.0385998397172028
1599.7656	0.0391705951728865
1598.3486	0.0384513060437041
1596.9317	0.0385382106631601
1595.5147	0.0382401480755417
1594.0977	0.0386463202648984
1592.6807	0.0384350123929233
1591.2638	0.0383723409268583
1589.8468	0.0378212382051933
1588.4298	0.0367326346121256
1587.0128	0.0370470181264047
1585.5959	0.0366273363346988
1584.1789	0.036414567207802
1582.7619	0.0356429475122144
1581.3449	0.0356586633715724
1579.928	0.0347306262190013
1578.511	0.0349224715956397
1577.094	0.0336684156392265
1575.677	0.0343462135085806
1574.2601	0.0331447504998285
1572.8431	0.0327183157084629
1571.4261	0.0328781720223957
1570.0091	0.0317438789343697
1568.5922	0.0319043707662173
1567.1752	0.0314152268744366
1565.7582	0.0314367532209768
1564.3412	0.030706728833978
1562.9243	0.0306986118916817
1561.5073	0.0295686783260345
1560.0903	0.0294322785877273
1558.6733	0.0282230659320733
1557.2564	0.0278834871069267
1555.8394	0.0272359580398725
1554.4224	0.0269420696564911
1553.0054	0.0270643236403343
1551.5885	0.0267868144174675
1550.1715	0.0262347294439081
1548.7545	0.02562587234142
1547.3375	0.0252563185053094
1545.9205	0.0243157622744052
1544.5036	0.0247766145626413
1543.0866	0.0247820063174279
1541.6696	0.0246829656753403
1540.2526	0.0244693985124752
1538.8357	0.0242923311906221
1537.4187	0.0242973626506103
1536.0017	0.0239705846290265
1534.5847	0.0233905377059731
1533.1678	0.0236918103827023
1531.7508	0.0244945021833876
1530.3338	0.024370544037282
1528.9168	0.02451851169685
1527.4999	0.0243401076863964
1526.0829	0.0250711174586162
1524.6659	0.0250708244650146
1523.2489	0.0250237153112836
1521.832	0.0259926405306076
1520.415	0.0265504250332031
1518.998	0.0274246584182561
1517.581	0.0281868674850118
1516.1641	0.0285308822764878
1514.7471	0.0287756144718766
1513.3301	0.0292345909143438
1511.9131	0.0304301703504099
1510.4962	0.0294079034771693
1509.0792	0.0302437917410818
1507.6622	0.0298982345421723
1506.2452	0.0300630110505609
1504.8283	0.0304243536831068
1503.4113	0.0296914861373433
1501.9943	0.0290623598834102
1500.5773	0.0281638232978959
1499.1603	0.0274758818286009
1497.7434	0.0268956327320931
1496.3264	0.026463501749655
1494.9094	0.0253000235075514
1493.4924	0.0261092758097703
1492.0755	0.0245838559597081
1490.6585	0.024713315306171
1489.2415	0.0244736674409662
1487.8245	0.025568926700877
1486.4076	0.0256049696293841
1484.9906	0.0258857412566933
1483.5736	0.0259496016658114
1482.1566	0.0261553496330562
1480.7397	0.0269558739891162
1479.3227	0.0270787863595978
1477.9057	0.0266460707747782
1476.4887	0.0269380412160299
1475.0718	0.0270968437752515
1473.6548	0.0271217946497538
1472.2378	0.0284321008879932
1470.8208	0.0279838868526389
1469.4039	0.0290878545855754
1467.9869	0.0298947205425701
1466.5699	0.0309190641708624
1465.1529	0.0312534518120929
1463.736	0.0320172999368944
1462.319	0.0319399694729846
1460.902	0.0322609751338703
1459.485	0.0325184197332168
1458.0681	0.0331965171366421
1456.6511	0.0340761892317701
1455.2341	0.0349576338496433
1453.8171	0.0353711216684176
1452.4001	0.0347848491109342
1450.9832	0.0351357553969702
1449.5662	0.0351636698801037
1448.1492	0.0349738871889451
1446.7322	0.0357859026046341
1445.3153	0.0349836911495981
1443.8983	0.035610953899603
1442.4813	0.0357493275412867
1441.0643	0.0356314061038598
1439.6474	0.0352111273465616
1438.2304	0.0354744456164226
1436.8134	0.0355449912049777
1435.3964	0.0356094364945999
1433.9795	0.0368829859988201
1432.5625	0.0363865611676165
1431.1455	0.0376316822542083
1429.7285	0.0377621316414545
1428.3116	0.0378057620886671
1426.8946	0.0385534054833628
1425.4776	0.0386291598593738
1424.0606	0.0385987403748932
1422.6437	0.0392629968764956
1421.2267	0.038656612215712
1419.8097	0.0391447890783301
1418.3927	0.0398785735431892
1416.9758	0.0406397751543092
1415.5588	0.0397510960053
1414.1418	0.0400716214505287
1412.7248	0.03977081346451
1411.3079	0.0405030905566734
1409.8909	0.0396466476572279
1408.4739	0.0400710403205088
1407.0569	0.0405654755183393
1405.6399	0.0400652714112625
1404.223	0.0403606629284616
1402.806	0.04100756116373
1401.389	0.0403826897227301
1399.972	0.0404537146382906
1398.5551	0.0405198698776954
1397.1381	0.0409929047246294
1395.7211	0.0405371959955851
1394.3041	0.0415038111813144
1392.8872	0.0413568918347752
1391.4702	0.041956845450706
1390.0532	0.042211984961429
1388.6362	0.0425173143921357
1387.2193	0.0429789688579351
1385.8023	0.0438603080157056
1384.3853	0.0433867890420395
1382.9683	0.0438058173827319
1381.5514	0.0438345056285112
1380.1344	0.0432203825665966
1378.7174	0.0428867836196359
1377.3004	0.0434787188021773
1375.8835	0.0429186373769862
1374.4665	0.0431908930533947
1373.0495	0.0436833578047632
1371.6325	0.0435889261080003
1370.2156	0.0441616313475048
1368.7986	0.0443328690010445
1367.3816	0.0452536914374421
1365.9646	0.0454716729845196
1364.5477	0.0457688093208693
1363.1307	0.0459647943477535
1361.7137	0.0464503552484493
1360.2967	0.045860350686686
1358.8797	0.0456161944338124
1357.4628	0.0451888399722408
1356.0458	0.0449454919214792
1354.6288	0.0449554195986483
1353.2118	0.0437835591753742
1351.7949	0.0433964128183296
1350.3779	0.0436995621107207
1348.9609	0.0438709792795855
1347.5439	0.0432893379808799
1346.127	0.043425717278207
1344.71	0.044350801190479
1343.293	0.0437864690793099
1341.876	0.044625107672886
1340.4591	0.0446079949573878
1339.0421	0.0439876211346435
1337.6251	0.0445865881848717
1336.2081	0.0441413242146257
1334.7912	0.0441311281229964
1333.3742	0.0445733289328585
1331.9572	0.0441639355557601
1330.5402	0.0442109681731072
1329.1233	0.0443026966498366
1327.7063	0.0436631940995813
1326.2893	0.0429488121461068
1324.8723	0.0429036136211573
1323.4554	0.0414321242701875
1322.0384	0.0418898575799447
1320.6214	0.0405978908944072
1319.2044	0.0405911691355785
1317.7875	0.040377326276609
1316.3705	0.0402704376866792
1314.9535	0.0401456717531052
1313.5365	0.0396890538525446
1312.1195	0.0398044903989373
1310.7026	0.0392949863337357
1309.2856	0.0395199158422674
1307.8686	0.039524092978158
1306.4516	0.0393424338610989
1305.0347	0.0387673662574163
1303.6177	0.0394465616124568
1302.2007	0.0390164680982394
1300.7837	0.0394704517035944
1299.3668	0.0397499032432852
1297.9498	0.0401620968286874
1296.5328	0.0396894417946382
1295.1158	0.039814858385065
1293.6989	0.0399093065366726
1292.2819	0.0395854855611118
1290.8649	0.039837074925302
1289.4479	0.0394975533531281
1288.031	0.0399028889734265
1286.614	0.0388856310576006
1285.197	0.0396270186032586
1283.78	0.0401280506575032
1282.3631	0.0402128944703777
1280.9461	0.0407779491647543
1279.5291	0.0406203635895507
1278.1121	0.041271634600046
1276.6952	0.0410083397933392
1275.2782	0.0419506267960822
1273.8612	0.0429137350131821
1272.4442	0.0428517398487389
1271.0273	0.0422917936348693
1269.6103	0.0430126657164872
1268.1933	0.0432484975304585
1266.7763	0.0427127275678688
1265.3593	0.0428103506335671
1263.9424	0.0425975205747902
1262.5254	0.0422496541276331
1261.1084	0.0421621180238215
1259.6914	0.0422335633230589
1258.2745	0.042638352248572
1256.8575	0.0425964593030384
1255.4405	0.0424984090083772
1254.0235	0.0421699981697684
1252.6066	0.0424864506308679
1251.1896	0.0422022964620421
1249.7726	0.0422373097213157
1248.3556	0.0416124331523117
1246.9387	0.0418933179087498
1245.5217	0.0412706513140107
1244.1047	0.0412966680932135
1242.6877	0.0408964859009472
1241.2708	0.0411405904606299
1239.8538	0.0413079057723208
1238.4368	0.0413763384165532
1237.0198	0.042038241037755
1235.6029	0.0414618506067837
1234.1859	0.041568376108034
1232.7689	0.0420665702283888
1231.3519	0.0417985080499211
1229.935	0.0416424352585849
1228.518	0.0409059559646177
1227.101	0.0400987159752553
1225.684	0.0399937435429069
1224.2671	0.0390174516082323
1222.8501	0.0387405946363119
1221.4331	0.0383589588711513
1220.0161	0.0378807508534596
1218.5991	0.037573907874403
1217.1822	0.0364704340753746
1215.7652	0.0356786585087772
1214.3482	0.0360477691731479
1212.9312	0.0357988119975196
1211.5143	0.0359142397195526
1210.0973	0.0356092544118801
1208.6803	0.0359527194618922
1207.2633	0.0351817292253232
1205.8464	0.0345114064692554
1204.4294	0.0347307257688213
1203.0124	0.0347384162898431
1201.5954	0.0338464743254251
1200.1785	0.033368932756633
1198.7615	0.0335642799662477
1197.3445	0.032674832544059
1195.9275	0.0329687728191572
1194.5106	0.0321462036386256
1193.0936	0.0315693840321291
1191.6766	0.0309943937867857
1190.2596	0.0307559623597728
1188.8427	0.0307460309102406
1187.4257	0.0303964161254877
1186.0087	0.0297136264479495
1184.5917	0.0290004493153444
1183.1748	0.0290718456649551
1181.7578	0.0290442559092708
1180.3408	0.0295396075254085
1178.9238	0.0293336486288378
1177.5069	0.0302460700770635
1176.0899	0.0297929548058097
1174.6729	0.0304430284241565
1173.2559	0.0314203784900145
1171.8389	0.0329305340194429
1170.422	0.0332711621916332
1169.005	0.0347836861376478
1167.588	0.0368872795422862
1166.171	0.0377929965325201
1164.7541	0.0402763172840647
1163.3371	0.0415883683504924
1161.9201	0.0440403375338248
1160.5031	0.0461376465291197
1159.0862	0.0486209215085123
1157.6692	0.0513174870678738
1156.2522	0.052980956861832
1154.8352	0.054446795057032
1153.4183	0.0557016481458472
1152.0013	0.0567732742528652
1150.5843	0.0576658985480841
1149.1673	0.059111721197559
1147.7504	0.0596356140995282
1146.3334	0.0599361801638156
1144.9164	0.0595157840633653
1143.4994	0.0581961986905691
1142.0825	0.0579824492869178
1140.6655	0.0573453103529386
1139.2485	0.056050354838624
1137.8315	0.05570052270262
1136.4146	0.0546996823879359
1134.9976	0.0539855856941079
1133.5806	0.0540097495508696
1132.1636	0.053424337155375
1130.7467	0.0525409974438072
1129.3297	0.0538573341464449
1127.9127	0.0537951176430679
1126.4957	0.0541702893639406
1125.0787	0.0550496629491855
1123.6618	0.0551570430749835
1122.2448	0.0552098325084458
1120.8278	0.0556368926480182
1119.4108	0.0552122078798834
1117.9939	0.0559439360007626
1116.5769	0.0559148895644674
1115.1599	0.0558747491580772
1113.7429	0.0563861786688234
1112.326	0.0564584556311361
1110.909	0.0564494771262072
1109.492	0.0573639659192811
1108.075	0.0575638321349633
1106.6581	0.0581494579413819
1105.2411	0.0589580245024866
1103.8241	0.0595862398720669
1102.4071	0.0603077509005665
1100.9902	0.0607081484541428
1099.5732	0.0612073604876431
1098.1562	0.0612538841625643
1096.7392	0.0611455637176251
1095.3223	0.0617154088556496
1093.9053	0.0615265215138932
1092.4883	0.0623604327032987
1091.0713	0.0632614293657544
1089.6544	0.0643021910961677
1088.2374	0.0658449725562204
1086.8204	0.0677579858305915
1085.4034	0.0696943881457607
1083.9865	0.0713343869635961
1082.5695	0.0734234365955341
1081.1525	0.0757360356924445
1079.7355	0.0760614944225599
1078.3185	0.0783780966626384
1076.9016	0.0788526364066491
1075.4846	0.0792502976512918
1074.0676	0.0786949844141402
1072.6506	0.0771799388790393
1071.2337	0.0760473476826086
1069.8167	0.0745468714252483
1068.3997	0.0733041859795902
1066.9827	0.0720081346731045
1065.5658	0.0721251648096614
1064.1488	0.0724440705352881
1062.7318	0.0720269340588929
1061.3148	0.0734013785053888
1059.8979	0.07418214417497
1058.4809	0.0758584727234569
1057.0639	0.0765837288405003
1055.6469	0.0779688990736703
1054.23	0.0792339744394963
1052.813	0.0816804397347203
1051.396	0.083041819286435
1049.979	0.0845197066154969
1048.5621	0.0857617407473526
1047.1451	0.0871332996773791
1045.7281	0.0887834446893738
1044.3111	0.0907990613569719
1042.8942	0.0918556062693041
1041.4772	0.0930348127952643
1040.0602	0.0948766391965313
1038.6432	0.0962253764591884
1037.2263	0.0980408340186154
1035.8093	0.0999266941041944
1034.3923	0.101312210844877
1032.9753	0.102964224854162
1031.5583	0.104406691954425
1030.1414	0.105734765657595
1028.7244	0.107481663861212
1027.3074	0.109508477149914
1025.8904	0.111354039994181
1024.4735	0.113400098679849
1023.0565	0.114922787327986
1021.6395	0.116430128155481
1020.2225	0.118060196345759
1018.8056	0.119292081253507
1017.3886	0.120148371774673
1015.9716	0.12049574126631
1014.5546	0.121110310253476
1013.1377	0.121181561106677
1011.7207	0.121245184213937
1010.3037	0.121347301360941
1008.8867	0.122293168661089
1007.4698	0.121850788673884
1006.0528	0.121840121574242
1004.6358	0.122780519912246
1003.2188	0.123291733420971
1001.8019	0.123991674813616
1000.3849	0.124367198941304
998.9679	0.124950064248697
997.5509	0.125845326454707
996.134	0.126389957794349
994.717	0.127185848829036
993.3	0.12741938032159
991.883	0.127402626917466
990.4661	0.126908618167269
989.0491	0.127652936738
987.6321	0.126743347663832
986.2151	0.125526633581823
984.7981	0.125145499730003
983.3812	0.123911005717133
981.9642	0.121688437780492
980.5472	0.12082917011756
979.1302	0.118535176955476
977.7133	0.116112701306026
976.2963	0.114818717912743
974.8793	0.112397134039365
973.4623	0.110906496998647
972.0454	0.107841415049352
970.6284	0.104783463819823
969.2114	0.102983088320378
967.7944	0.101151847903924
966.3775	0.0986472563978875
964.9605	0.0960786359541449
963.5435	0.0935103768706647
962.1265	0.0925148119420248
960.7096	0.0898222567542063
959.2926	0.0881640961821879
957.8756	0.0868996925765447
956.4586	0.0840885631816532
955.0417	0.0828266824045518
953.6247	0.08136635809805
952.2077	0.0798316593489996
950.7907	0.0774391423321291
949.3738	0.0770969951667987
947.9568	0.0755436670295291
946.5398	0.0750912406394218
945.1228	0.0747020766724666
943.7059	0.0745525655489118
942.2889	0.074215276327966
940.8719	0.0745583581172536
939.4549	0.0747725274176454
938.0379	0.07503081473572
936.621	0.07506986174189
935.204	0.0752730790778315
933.787	0.0755276612887904
932.37	0.0754287382270381
930.9531	0.0758525957911065
929.5361	0.0755583451853601
928.1191	0.0761556942911084
926.7021	0.0762775480201371
925.2852	0.075251692516074
923.8682	0.0747229311129957
922.4512	0.0747629461199236
921.0342	0.0744463065095113
919.6173	0.0741176971229064
918.2003	0.0742033121216685
916.7833	0.0732466045772084
915.3663	0.0738480855700879
913.9494	0.0722640766351623
912.5324	0.0722118773015226
911.1154	0.0713937767120712
909.6984	0.0705671442450464
908.2815	0.0695482885746667
906.8645	0.0686575262944586
905.4475	0.0685649790859069
904.0305	0.0679509224403232
902.6136	0.0676455937090263
901.1966	0.0667468570846196
899.7796	0.0659008958163543
898.3626	0.0659248414756622
896.9457	0.0647152799218787
895.5287	0.0646707663312202
894.1117	0.0638004781409874
892.6947	0.0644200328560628
891.2777	0.063477398470551
889.8608	0.0629515668839278
888.4438	0.0626697985183341
887.0268	0.0621291692135783
885.6098	0.0614163993245568
884.1929	0.0605456734353121
882.7759	0.0603795149154793
881.3589	0.0592662608491614
879.9419	0.0588027564770204
878.525	0.0588139917316988
877.108	0.0587407824351279
875.691	0.058391764911534
874.274	0.0583840140937002
872.8571	0.0585985409001157
871.4401	0.0591890445582155
870.0231	0.0591917102777058
868.6061	0.0597752449879407
867.1892	0.0596045076052347
865.7722	0.0601087815584196
864.3552	0.0603878784605102
862.9382	0.0607867562064312
861.5213	0.0617216775441718
860.1043	0.0617241866594799
858.6873	0.0613108816055977
857.2703	0.0616339107241724
855.8534	0.0618963626476853
854.4364	0.0617986431244289
853.0194	0.0620095776264198
851.6024	0.062056712145332
850.1855	0.0623570219837929
848.7685	0.0622383584706531
847.3515	0.0619648789436501
845.9345	0.0620349104160547
844.5175	0.0622723858856881
843.1006	0.0611540785664856
841.6836	0.0612672499305297
840.2666	0.0612109538103708
838.8496	0.06066213479089
837.4327	0.0605652274761068
836.0157	0.0603887648572545
834.5987	0.0592829543814756
833.1817	0.0587876170419111
831.7648	0.0585813640948623
830.3478	0.0583796146685118
828.9308	0.0574784930037953
827.5138	0.0578925727111527
826.0969	0.0572695959730699
824.6799	0.0569364702051911
823.2629	0.0572100909404405
821.8459	0.0565498281936487
820.429	0.056551892345522
819.012	0.0567471344820782
817.595	0.0563325374482362
816.178	0.0561159908685401
814.7611	0.0558848603897229
813.3441	0.0562704626661547
811.9271	0.0556375922559628
810.5101	0.0556525684514765
809.0932	0.0562359937568646
807.6762	0.0560261485006669
806.2592	0.0549916812560467
804.8422	0.0554388565975466
803.4253	0.0545698198738544
802.0083	0.0549980196680122
800.5913	0.0545616008823266
799.1743	0.0546211636985912
797.7573	0.0549709152083175
796.3404	0.0552327985799386
794.9234	0.0549000510051183
793.5064	0.0555244812160799
792.0894	0.0553486197140647
790.6725	0.0557507101401486
789.2555	0.0559465168833854
787.8385	0.0563043809015901
786.4215	0.0565725522882499
785.0046	0.0574779634805551
783.5876	0.0570928445813303
782.1706	0.0580074105215447
780.7536	0.0581353000389379
779.3367	0.0586803076412344
777.9197	0.0579300555949132
776.5027	0.0582910363723556
775.0857	0.0598229972389203
773.6688	0.0596213952808102
772.2518	0.0614094126265929
770.8348	0.0618421357514104
769.4178	0.0625751177631506
768.0009	0.0632558002295693
766.5839	0.0638696549535224
765.1669	0.0646103309262308
763.7499	0.0649199756491111
762.333	0.0657873460666801
760.916	0.0656418788202697
759.499	0.0661804891175807
758.082	0.0657770330944306
756.6651	0.06508528444249
755.2481	0.0649954882783118
753.8311	0.0644698786682368
752.4141	0.0638810344551791
750.9971	0.0636793355240693
749.5802	0.0621093862455808
748.1632	0.0619729867601773
746.7462	0.0621307001953697
745.3292	0.0609168166774258
743.9123	0.0606256265654315
742.4953	0.0607070868140918
741.0783	0.060155579279487
739.6613	0.0597854757732582
738.2444	0.0597440756149912
736.8274	0.0594523842722474
735.4104	0.0601154541816116
733.9934	0.0595744336544251
732.5765	0.0596937391434206
731.1595	0.0601703857630135
729.7425	0.0606420569779098
728.3255	0.0608522799864449
726.9086	0.0604287916239655
725.4916	0.0608766489118951
724.0746	0.0617007809186574
722.6576	0.0623178124278155
721.2407	0.0622352228983819
719.8237	0.0626122692193232
718.4067	0.0635090013112877
716.9897	0.0642161754270427
715.5728	0.064854031534193
714.1558	0.0657003592821172
712.7388	0.0667606760572096
711.3218	0.0675610896306419
709.9049	0.0672200802118636
708.4879	0.0679788574129112
707.0709	0.0690469701037132
705.6539	0.069017211760066
704.2369	0.0685032021051896
702.82	0.0686181945246609
701.403	0.0687765700092965
699.986	0.0684698309559166
698.569	0.0687330171353
697.1521	0.0686713244782113
695.7351	0.0685959559623812
694.3181	0.0683169297322518
692.9011	0.0679051635820993
691.4842	0.0674736484168014
690.0672	0.0681722766431632
688.6502	0.0684040670447088
687.2332	0.0678587541077955
685.8163	0.0674866587172728
684.3993	0.0683422388234914
682.9823	0.0686381435201784
681.5653	0.0684598218012724
680.1484	0.068393441895601
678.7314	0.0684225325509553
677.3144	0.0694907198146925
675.8974	0.0686012391149814
674.4805	0.0687596262189176
673.0635	0.0682021707276607
671.6465	0.0687659265225259
670.2295	0.0689390657437008
668.8126	0.0701615286628849
667.3956	0.0704067305056062
665.9786	0.0712593117864594
664.5616	0.0711709652392675
663.1447	0.0706682051495054
661.7277	0.0708113877360364
660.3107	0.0708740391917022
658.8937	0.0714085342859704
657.4767	0.0710882785571942
656.0598	0.0708393898949847
654.6428	0.0713977876335884
653.2258	0.0719338743267936
651.8088	0.0724655649233798
650.3919	0.0719708110149019
648.9749	0.0726060690111879
647.5579	0.072639430816328
646.1409	0.0731425946575019
644.724	0.0730604146628625
643.307	0.0733084664347761
641.89	0.0739636614285881
640.473	0.0729867414840674
639.0561	0.0741528658932671
637.6391	0.073605717234412
636.2221	0.0737640596997293
634.8051	0.0738840580428081
633.3882	0.0742890233281771
631.9712	0.0751098930358992
630.5542	0.0752666584968518
629.1372	0.0751222943523547
627.7203	0.0760898515796642
626.3033	0.0760859598883898
624.8863	0.0775096798609175
623.4693	0.0772888667875519
622.0524	0.0777231096314473
620.6354	0.0788602255237153
619.2184	0.0794931056769248
617.8014	0.0801591267600104
616.3845	0.0813323464675057
614.9675	0.0826503719097506
613.5505	0.0832850591862458
612.1335	0.0835948348591959
610.7165	0.0844936538587831
609.2996	0.0851062462039692
607.8826	0.084982392362618
606.4656	0.0863467759203526
605.0486	0.0863332651940112
603.6317	0.0866394565308215
602.2147	0.0866212257746211
600.7977	0.0870452689293611
599.3807	0.0869349475479587
597.9638	0.0872768782322801
596.5468	0.0865790221325375
595.1298	0.0867555222833292
593.7128	0.0866110207365388
592.2959	0.0872890310415148
590.8789	0.08744778697462
589.4619	0.087838845807665
588.0449	0.0873095151358529
586.628	0.0894800244517037
585.211	0.0900888328462357
583.794	0.0915125437499467
582.377	0.0928914034488817
580.9601	0.0933400187363769
579.5431	0.0944810465030606
578.1261	0.0955835879485031
576.7091	0.0968171478049888
575.2922	0.0975418490746729
573.8752	0.0976961786139216
572.4582	0.0985783599499235
571.0412	0.0985781427569716
569.6243	0.0990418792741635
568.2073	0.0982147682720973
566.7903	0.0988372776657994
565.3733	0.0983151607502867
563.9563	0.0988407811458279
562.5394	0.0983834471724444
561.1224	0.0981756120663562
559.7054	0.096449692445667
558.2884	0.0964881955489644
556.8715	0.0960538273779898
555.4545	0.0962275136602904
554.0375	0.0957194948331167
552.6205	0.0959925942414264
551.2036	0.0963873776035982
549.7866	0.0956215785840787
548.3696	0.0951553040257458
546.9526	0.0949236005627164
545.5357	0.094169317285884
544.1187	0.094990612944925
542.7017	0.0950477807176025
541.2847	0.0956080142961374
539.8678	0.0963228790501607
538.4508	0.0967291389806392
537.0338	0.096962504119365
535.6168	0.0975170100728658
534.1999	0.0988798096113819
532.7829	0.0997916226990368
531.3659	0.099359859007033
529.9489	0.100883781032553
528.532	0.101550746034309
527.115	0.102427295724401
525.698	0.102700425616502
524.281	0.103716100772211
522.8641	0.103804319557541
521.4471	0.104058969662551
520.0301	0.104509637017505
518.6131	0.103557322637169
517.1962	0.103875697259299
515.7792	0.103358611231285
514.3622	0.103839954581901
512.9452	0.103731782094214
511.5282	0.103515373136526
510.1113	0.103851811336277
508.6943	0.103407793075917
507.2773	0.103125070277752
505.8603	0.102361379056414
504.4434	0.10287741523747
503.0264	0.102538788742026
501.6094	0.102292098398059
500.1924	0.102354918941776
498.7755	0.102409838630075
497.3585	0.103144583377849
495.9415	0.102229996595753
494.5245	0.102402681163921
493.1076	0.102480530961057
491.6906	0.102097862991186
490.2736	0.101987641725073
488.8566	0.102110317987783
487.4397	0.102189952955137
486.0227	0.102661169871744
484.6057	0.103557435098925
483.1887	0.104257837620953
481.7718	0.103421341012241
480.3548	0.103459507147246
478.9378	0.104276409514717
477.5208	0.103597047044903
476.1039	0.103395557261754
474.6869	0.103670271919369
473.2699	0.103754647105601
471.8529	0.103072286281076
470.436	0.103536782969743
469.019	0.102700760055863
467.602	0.102025354929261
466.185	0.101899156444734
464.768	0.101208896034193
463.3511	0.101796253187236
461.9341	0.101241694495323
460.5171	0.101139411834216
459.1001	0.101424452969087
457.6832	0.10042570499994
456.2662	0.100915822294848
454.8492	0.101694753208398
453.4322	0.102052397898324
452.0153	0.101902149059941
450.5983	0.101173315990157
449.1813	0.101715471077035
447.7643	0.102268471010254
446.3474	0.104124940887308
444.9304	0.104222280775284
443.5134	0.106936645186472
442.0964	0.107282330536086
440.6795	0.107494793638208
439.2625	0.108058018468101
437.8455	0.107231585890982
436.4285	0.107220315248497
435.0116	0.106176367766065
433.5946	0.107038944025231
432.1776	0.107289253162781
430.7606	0.109584193824871
429.3437	0.110270463550852
427.9267	0.111093988403493
426.5097	0.111019149521278
425.0927	0.111432930226869
423.6758	0.111159898014213
422.2588	0.110782608007296
420.8418	0.110737584514962
419.4248	0.110985453005825
418.0078	0.111119111964751
416.5909	0.111458823887394
415.1739	0.111140598219375
413.7569	0.11142755111501
412.3399	0.11180751980045
410.923	0.112509012298062
409.506	0.113513036722254
408.089	0.114145968437947
406.672	0.115016142108357
405.2551	0.11607146713237
403.8381	0.115791361778669
402.4211	0.116696522746014
401.0041	0.11648580862462
