3994.4546	0.0176348604666463
3993.0377	0.0175081609997607
3991.6207	0.0169898141561007
3990.2037	0.0185075993348985
3988.7867	0.0172407201669232
3987.3698	0.018202019699637
3985.9528	0.0174032877782457
3984.5358	0.0174342715560531
3983.1188	0.017376047255
3981.7019	0.0174037302530097
3980.2849	0.0174191410486763
3978.8679	0.0173246325598473
3977.4509	0.0184068846127265
3976.034	0.0172401838967123
3974.617	0.0170377492737119
3973.2	0.0173307591234806
3971.783	0.0181982112207135
3970.3661	0.0181329895624991
3968.9491	0.0179761742527693
3967.5321	0.017060706887986
3966.1151	0.0171834245548197
3964.6982	0.0165029336983993
3963.2812	0.0173472381259898
3961.8642	0.0170588775171735
3960.4472	0.017184328524326
3959.0303	0.0173757177533577
3957.6133	0.0170086697526472
3956.1963	0.0174189289749803
3954.7793	0.0177220353295543
3953.3624	0.0176697372216551
3951.9454	0.017095374322413
3950.5284	0.0175996692872969
3949.1114	0.0172695475877518
3947.6944	0.0175854184670181
3946.2775	0.0173370682902784
3944.8605	0.0171885185057688
3943.4435	0.0176116149724375
3942.0265	0.0172238830362248
3940.6096	0.0171389210694724
3939.1926	0.0170883861502837
3937.7756	0.0170720592927922
3936.3586	0.0169274441264599
3934.9417	0.0169936118922202
3933.5247	0.016541447029765
3932.1077	0.016692240804118
3930.6907	0.0176555251695967
3929.2738	0.0175298241334571
3927.8568	0.0170815286988354
3926.4398	0.0180286894642022
3925.0228	0.0170048011669028
3923.6059	0.0169782890391301
3922.1889	0.0168122877426108
3920.7719	0.0167810596542626
3919.3549	0.0171527978093122
3917.938	0.0163225297010473
3916.521	0.0174672887307303
3915.104	0.0175898825204967
3913.687	0.0173455056145675
3912.2701	0.0165484326651126
3910.8531	0.017055222446541
3909.4361	0.0175307424306054
3908.0191	0.0170974288812126
3906.6022	0.017470258124997
3905.1852	0.0173529384208148
3903.7682	0.0173952931507498
3902.3512	0.01643321915389
3900.9342	0.0171773395245403
3899.5173	0.0171650735821483
3898.1003	0.0173716371129911
3896.6833	0.0170997423030494
3895.2663	0.0175436152775284
3893.8494	0.0174558111977495
3892.4324	0.0157271938667917
3891.0154	0.0167135661285297
3889.5984	0.016606975920567
3888.1815	0.0171190502764712
3886.7645	0.0167364726498223
3885.3475	0.0174053566688827
3883.9305	0.0161607697526348
3882.5136	0.0172043408898691
3881.0966	0.016709237187811
3879.6796	0.0171656774262312
3878.2626	0.0173776195724257
3876.8457	0.0162471059949725
3875.4287	0.0164812796186735
3874.0117	0.0164817253529736
3872.5947	0.0160607814376529
3871.1778	0.0170638727091047
3869.7608	0.0174600344247463
3868.3438	0.0165321277790926
3866.9268	0.0169417610444057
3865.5099	0.0172305756412831
3864.0929	0.0173435183390892
3862.6759	0.0170417740230986
3861.2589	0.0169223302898274
3859.842	0.0169788658486649
3858.425	0.0163651386078485
3857.008	0.0156094896841545
3855.591	0.0159559325336206
3854.174	0.016177162120398
3852.7571	0.016426713720295
3851.3401	0.0172706304920124
3849.9231	0.017105826795116
3848.5061	0.0159748221923628
3847.0892	0.0166159007286667
3845.6722	0.0164433636743391
3844.2552	0.0161903189350388
3842.8382	0.016552050732655
3841.4213	0.0155221965223613
3840.0043	0.0165067721213199
3838.5873	0.0162187530875488
3837.1703	0.0161737850024386
3835.7534	0.016467718066577
3834.3364	0.0165607188553964
3832.9194	0.0170777871275461
3831.5024	0.0165173551287597
3830.0855	0.0167301203994184
3828.6685	0.0164530800820351
3827.2515	0.0166835238616237
3825.8345	0.0168439749826144
3824.4176	0.0166024899175737
3823.0006	0.0155645291728567
3821.5836	0.0166791091080585
3820.1666	0.0157025032475739
3818.7497	0.016543600690598
3817.3327	0.0162154434592919
3815.9157	0.017154576362797
3814.4987	0.017326228645104
3813.0818	0.0163061166441532
3811.6648	0.016962571289073
3810.2478	0.0161650821622223
3808.8308	0.0163944157875928
3807.4138	0.0160302689866654
3805.9969	0.0162346002315089
3804.5799	0.0164166497294031
3803.1629	0.016776222048728
3801.7459	0.0163960865045112
3800.329	0.0164174910981105
3798.912	0.0170048497998345
3797.495	0.016309762747017
3796.078	0.0166447630476373
3794.6611	0.0165221638318586
3793.2441	0.0160565723447463
3791.8271	0.0160743017602896
3790.4101	0.0168357251800033
3788.9932	0.0163631418793883
3787.5762	0.0163911797725273
3786.1592	0.0156364509656858
3784.7422	0.0154128549647809
3783.3253	0.0163074927244772
3781.9083	0.0158741406677936
3780.4913	0.0159088868628702
3779.0743	0.0167022396500673
3777.6574	0.016564395277446
3776.2404	0.0169077909432072
3774.8234	0.0157770958398146
3773.4064	0.0158762710293759
3771.9895	0.0162792942364022
3770.5725	0.015659743681313
3769.1555	0.0160135542419209
3767.7385	0.0155925060900419
3766.3216	0.0164400982586342
3764.9046	0.0159843063746439
3763.4876	0.0152368448812127
3762.0706	0.0158438885553098
3760.6536	0.0160247326485492
3759.2367	0.0158532741842692
3757.8197	0.0152585404555695
3756.4027	0.0159545068366718
3754.9857	0.0158862531676439
3753.5688	0.0155083245300222
3752.1518	0.0156296612240306
3750.7348	0.0158002930743367
3749.3178	0.0168137958292543
3747.9009	0.0159345265149162
3746.4839	0.0158500320858274
3745.0669	0.0157877312888312
3743.6499	0.0156459454010303
3742.233	0.0170219386238565
3740.816	0.016104086490578
3739.399	0.0162330991382591
3737.982	0.0151869875199748
3736.5651	0.0149745070234128
3735.1481	0.0150229182465127
3733.7311	0.0157949184769477
3732.3141	0.0152058852744567
3730.8972	0.015337766342819
3729.4802	0.0155095061907597
3728.0632	0.0155433933385182
3726.6462	0.0150963866089898
3725.2293	0.0149547173382033
3723.8123	0.0155632689477677
3722.3953	0.0159039101034079
3720.9783	0.0154987898591748
3719.5614	0.0157813867358286
3718.1444	0.0149259420376114
3716.7274	0.0145471545049338
3715.3104	0.0154539414570519
3713.8935	0.0149717759811601
3712.4765	0.0150753917510304
3711.0595	0.0155387665933195
3709.6425	0.0165604562644831
3708.2255	0.0151691427668784
3706.8086	0.0156308825267768
3705.3916	0.0162719825122265
3703.9746	0.0146663215397877
3702.5576	0.0159080767229583
3701.1407	0.0158582401116346
3699.7237	0.0154002064679759
3698.3067	0.0150189603459949
3696.8897	0.0154389775620324
3695.4728	0.0155965294394795
3694.0558	0.0147454234327457
3692.6388	0.0149500285561833
3691.2218	0.0148507534693372
3689.8049	0.0150345073056981
3688.3879	0.0150520502928985
3686.9709	0.0149720447222315
3685.5539	0.0155990967326125
3684.137	0.015412004615625
3682.72	0.0148164337130731
3681.303	0.0143025410322984
3679.886	0.0151276893001249
3678.4691	0.0146268859973293
3677.0521	0.0147516134738898
3675.6351	0.0152463359142824
3674.2181	0.0150959536476229
3672.8012	0.0162624306223864
3671.3842	0.01566167774156
3669.9672	0.0159493746783856
3668.5502	0.0155663299908324
3667.1333	0.015420544387933
3665.7163	0.0154083452296515
3664.2993	0.0153204802030125
3662.8823	0.0154085478635992
3661.4653	0.0155862870225756
3660.0484	0.0157036361648976
3658.6314	0.0136211752821587
3657.2144	0.0159264688933066
3655.7974	0.0144542034459242
3654.3805	0.0146820294278041
3652.9635	0.0146770919493543
3651.5465	0.0145052948088129
3650.1295	0.0150451335899956
3648.7126	0.0154159327376133
3647.2956	0.0152418778884753
3645.8786	0.0161450954190519
3644.4616	0.0161649402574383
3643.0447	0.0154510583867773
3641.6277	0.0162583089857552
3640.2107	0.0159831667020706
3638.7937	0.0156228735273413
3637.3768	0.0154293339424587
3635.9598	0.0154758060601125
3634.5428	0.0162821598478568
3633.1258	0.0154778322448713
3631.7089	0.0156118496902876
3630.2919	0.0161893489279694
3628.8749	0.0163937368547231
3627.4579	0.0159465160301413
3626.041	0.0161768607554074
3624.624	0.0173877213662522
3623.207	0.0166283662899955
3621.79	0.016442158663359
3620.3731	0.0167464601160229
3618.9561	0.0173097591005678
3617.5391	0.0175685795900668
3616.1221	0.0172097244553863
3614.7051	0.0174470504080942
3613.2882	0.0172105550064162
3611.8712	0.0170577921709024
3610.4542	0.0175487591162988
3609.0372	0.0175404030440371
3607.6203	0.0170676010124186
3606.2033	0.0176692722872034
3604.7863	0.0187004317296464
3603.3693	0.0180379442912815
3601.9524	0.0173373510433392
3600.5354	0.0180519702885737
3599.1184	0.0181735903815247
3597.7014	0.0182476976105445
3596.2845	0.0189944368829015
3594.8675	0.0186064832282316
3593.4505	0.0194337662659677
3592.0335	0.0191379526666755
3590.6166	0.019007769438037
3589.1996	0.018678367641302
3587.7826	0.0189846956215566
3586.3656	0.0195464170053082
3584.9487	0.0201030354478858
3583.5317	0.0206699641848379
3582.1147	0.0200818548409258
3580.6977	0.0195788486333324
3579.2808	0.0205764948487199
3577.8638	0.0206105592072495
3576.4468	0.0204911385128713
3575.0298	0.0203434122610693
3573.6129	0.0217684659271674
3572.1959	0.0213338807367855
3570.7789	0.0210205793695873
3569.3619	0.0219386888305501
3567.9449	0.0223223876887699
3566.528	0.0227193986412291
3565.111	0.0229686282172937
3563.694	0.0233627134621548
3562.277	0.0241878782683737
3560.8601	0.0231475852031726
3559.4431	0.0237198367095836
3558.0261	0.0240085220759594
3556.6091	0.0242512515441884
3555.1922	0.0243111631227981
3553.7752	0.0241186050757639
3552.3582	0.0246362206050065
3550.9412	0.0244769495672611
3549.5243	0.0250636251716731
3548.1073	0.0244039046424522
3546.6903	0.0248188277492218
3545.2733	0.0258335644270161
3543.8564	0.026563734655821
3542.4394	0.026495263266322
3541.0224	0.0270332031364543
3539.6054	0.0262105791487171
3538.1885	0.0269725041471903
3536.7715	0.0272325729590758
3535.3545	0.0274388262255138
3533.9375	0.0278378054690087
3532.5206	0.0278236383602226
3531.1036	0.028050973515596
3529.6866	0.0287079410028819
3528.2696	0.0281345691231716
3526.8527	0.0287451093900881
3525.4357	0.0300097052356229
3524.0187	0.0302653058680938
3522.6017	0.0301666077433398
3521.1847	0.0303239520982805
3519.7678	0.0302090679018497
3518.3508	0.0298590838719032
3516.9338	0.0305772492216178
3515.5168	0.030762649752269
3514.0999	0.0309912769972771
3512.6829	0.0319475481854329
3511.2659	0.0323245713938835
3509.8489	0.0319096571538569
3508.432	0.0326633493218531
3507.015	0.0322193928425865
3505.598	0.0324408952864752
3504.181	0.0326561836477397
3502.7641	0.0336957363719802
3501.3471	0.0337655306802847
3499.9301	0.0343920648917794
3498.5131	0.033052487211778
3497.0962	0.0341411316513332
3495.6792	0.0348355084864174
3494.2622	0.0349112954753103
3492.8452	0.035439567985833
3491.4283	0.0356836828224463
3490.0113	0.0353077296173042
3488.5943	0.0356124903285705
3487.1773	0.0359180084261536
3485.7604	0.0361375650042002
3484.3434	0.0362759358542062
3482.9264	0.0372349260068538
3481.5094	0.0364484986401993
3480.0925	0.0373909835387268
3478.6755	0.0377365856617659
3477.2585	0.0382940945719838
3475.8415	0.0370457800398696
3474.4245	0.0373849210405952
3473.0076	0.0385041471933326
3471.5906	0.0383089839610973
3470.1736	0.0383845994621262
3468.7566	0.0395062867913569
3467.3397	0.039389190583853
3465.9227	0.0405363027483281
3464.5057	0.0405924154470514
3463.0887	0.0404041579281308
3461.6718	0.0406844517984306
3460.2548	0.0399980393388548
3458.8378	0.0405323060468407
3457.4208	0.0411795858587044
3456.0039	0.041066466848484
3454.5869	0.0412580565983448
3453.1699	0.0421479257763165
3451.7529	0.0422619460522859
3450.336	0.0423593856482555
3448.919	0.0424272273704986
3447.502	0.0434737049831167
3446.085	0.0425340299014191
3444.6681	0.0432157628927862
3443.2511	0.0433497405651722
3441.8341	0.0443532010859087
3440.4171	0.044201952966213
3439.0002	0.0439617857180603
3437.5832	0.0436079208178965
3436.1662	0.0443696196316803
3434.7492	0.0449465605436171
3433.3323	0.0443302961789058
3431.9153	0.0455493424761242
3430.4983	0.0452466577706403
3429.0813	0.045993868667884
3427.6643	0.0453726074441187
3426.2474	0.0459992368282714
3424.8304	0.0462473907174659
3423.4134	0.0457088794039186
3421.9964	0.0469086239695831
3420.5795	0.0470639398906731
3419.1625	0.047012930416456
3417.7455	0.0473048761322079
3416.3285	0.0474823156323268
3414.9116	0.0476641621511167
3413.4946	0.0483995724867678
3412.0776	0.047889258095636
3410.6606	0.0481238117703724
3409.2437	0.048767881976214
3407.8267	0.0488213400481472
3406.4097	0.0487446475423124
3404.9927	0.0483183622982073
3403.5758	0.0494075026938304
3402.1588	0.0495107981708328
3400.7418	0.0495068063891929
3399.3248	0.0500491017640401
3397.9079	0.0505899336795942
3396.4909	0.0500269099946164
3395.0739	0.0491661446746639
3393.6569	0.0509107315695068
3392.24	0.05029023594861
3390.823	0.0500092212343115
3389.406	0.0509932907457067
3387.989	0.05099737172598
3386.5721	0.0511520617205911
3385.1551	0.0520967007867974
3383.7381	0.0513648258993932
3382.3211	0.0514769604651641
3380.9041	0.0525315063775082
3379.4872	0.0517570677080554
3378.0702	0.0522736735546354
3376.6532	0.0521557600475092
3375.2362	0.0524012621286114
3373.8193	0.0525910377496191
3372.4023	0.0526123110499145
3370.9853	0.05297848541452
3369.5683	0.0530943126968201
3368.1514	0.0530351428279587
3366.7344	0.0536672285737465
3365.3174	0.0530855871049287
3363.9004	0.053768032560115
3362.4835	0.0530397528052414
3361.0665	0.0534719863776612
3359.6495	0.0541422065338769
3358.2325	0.0531790245365881
3356.8156	0.0543678327080374
3355.3986	0.0552268884325979
3353.9816	0.0547847077639474
3352.5646	0.0547623714326063
3351.1477	0.0553294698543453
3349.7307	0.0546040604858392
3348.3137	0.0548942742806319
3346.8967	0.0546716042368558
3345.4798	0.0553891430750464
3344.0628	0.0554570585762476
3342.6458	0.0550675004094245
3341.2288	0.0555153577910559
3339.8119	0.0556938823423342
3338.3949	0.0554282785739763
3336.9779	0.0558131842352145
3335.5609	0.0560883657121755
3334.1439	0.0561758159094936
3332.727	0.0558495894306592
3331.31	0.0554654952169592
3329.893	0.0565914977641673
3328.476	0.0567940423305629
3327.0591	0.0563172518300939
3325.6421	0.0565687402484191
3324.2251	0.0570686539677679
3322.8081	0.0565035522645095
3321.3912	0.0564926525306322
3319.9742	0.0564482957046946
3318.5572	0.0569262485520549
3317.1402	0.0568073244529312
3315.7233	0.0571366163241909
3314.3063	0.0562743907526791
3312.8893	0.0565113752024572
3311.4723	0.0564974835056914
3310.0554	0.0563009218963112
3308.6384	0.0565822471797109
3307.2214	0.0568882139303799
3305.8044	0.0571890936622565
3304.3875	0.0579996406401451
3302.9705	0.0573875619849715
3301.5535	0.0566393288064025
3300.1365	0.057518961379009
3298.7196	0.0573025310600454
3297.3026	0.0568331378629367
3295.8856	0.0573654176544579
3294.4686	0.0577842001350551
3293.0517	0.0567954455665603
3291.6347	0.0565892157264505
3290.2177	0.0568642542218408
3288.8007	0.0575700606258556
3287.3837	0.0569100495658966
3285.9668	0.0578640244984658
3284.5498	0.0578464303250471
3283.1328	0.0570385156591895
3281.7158	0.0575287052718741
3280.2989	0.0576613506195843
3278.8819	0.0571146479673006
3277.4649	0.0571022465850144
3276.0479	0.0571402947095175
3274.631	0.0573399677321069
3273.214	0.0576550845486904
3271.797	0.0571218262796821
3270.38	0.0569480174231219
3268.9631	0.0573617193334267
3267.5461	0.057289781843217
3266.1291	0.0575980864573166
3264.7121	0.0577075361130565
3263.2952	0.0570795844410464
3261.8782	0.0572403498329132
3260.4612	0.05762014930027
3259.0442	0.057300991785904
3257.6273	0.0572500400229323
3256.2103	0.0576995212997523
3254.7933	0.0575809253744317
3253.3763	0.0572108655998192
3251.9594	0.0574685633461296
3250.5424	0.0567299584925352
3249.1254	0.0579535445184213
3247.7084	0.0567662311831633
3246.2915	0.0563019338951516
3244.8745	0.05635919029223
3243.4575	0.0567477888853659
3242.0405	0.0573087896929574
3240.6235	0.0571246618462383
3239.2066	0.0570418401420318
3237.7896	0.0572872515930945
3236.3726	0.0572199135931334
3234.9556	0.0566599713986389
3233.5387	0.0561734853268782
3232.1217	0.0569514507012399
3230.7047	0.0565315938461415
3229.2877	0.0567041340500173
3227.8708	0.0570446823912752
3226.4538	0.0570031556226661
3225.0368	0.0564927829248671
3223.6198	0.0565745800244709
3222.2029	0.0565481326767599
3220.7859	0.0565088618138326
3219.3689	0.0557649651814928
3217.9519	0.0562285410972572
3216.535	0.0554801543829613
3215.118	0.0554133780290192
3213.701	0.056163403408225
3212.284	0.056126752162387
3210.8671	0.0566585871002145
3209.4501	0.0554321270742349
3208.0331	0.055689127357265
3206.6161	0.0546286549088789
3205.1992	0.0551216844587616
3203.7822	0.0548486983279465
3202.3652	0.0556747815678931
3200.9482	0.0543144463883127
3199.5313	0.0549724169570922
3198.1143	0.0536751496406388
3196.6973	0.0546373863484617
3195.2803	0.0549385159866989
3193.8633	0.0539392913266477
3192.4464	0.0549204932026165
3191.0294	0.0533512679132372
3189.6124	0.0530835504911037
3188.1954	0.053738909896725
3186.7785	0.0532612782236029
3185.3615	0.0543859047123721
3183.9445	0.0537979736223224
3182.5275	0.0540670872919584
3181.1106	0.0537171445469758
3179.6936	0.0532492671887061
3178.2766	0.0540411663378908
3176.8596	0.0538196784557762
3175.4427	0.0537654494963509
3174.0257	0.0532581962771673
3172.6087	0.0532721470962416
3171.1917	0.0526963748146067
3169.7748	0.0516084189324916
3168.3578	0.0528069902717102
3166.9408	0.0526998270342158
3165.5238	0.0522212632339334
3164.1069	0.0517036290130098
3162.6899	0.0523148873521186
3161.2729	0.0510104679049196
3159.8559	0.0518106056717753
3158.439	0.0511168581646512
3157.022	0.0515042960158247
3155.605	0.0512637290254659
3154.188	0.0507864851615725
3152.7711	0.0509645142065901
3151.3541	0.0500367075389953
3149.9371	0.0509809729054051
3148.5201	0.0495874596027652
3147.1031	0.0501357007636457
3145.6862	0.0501672822375738
3144.2692	0.0502308218876171
3142.8522	0.0493325273080705
3141.4352	0.0496898835893661
3140.0183	0.0489939387767082
3138.6013	0.0485457341044726
3137.1843	0.0491715054810794
3135.7673	0.0496081216585908
3134.3504	0.0490112601462114
3132.9334	0.0482024220825802
3131.5164	0.0494984195743045
3130.0994	0.0485497026628685
3128.6825	0.0485674396771431
3127.2655	0.0477614915079262
3125.8485	0.048038849808342
3124.4315	0.0482374223454558
3123.0146	0.0474700446360408
3121.5976	0.0477183654345916
3120.1806	0.0467303306567654
3118.7636	0.0469983383104838
3117.3467	0.0477178529976457
3115.9297	0.0475752987536057
3114.5127	0.0469178311965498
3113.0957	0.0465969798055918
3111.6788	0.0462669279629355
3110.2618	0.0459008147892579
3108.8448	0.0454285810331328
3107.4278	0.0463355696583463
3106.0109	0.0457049026129024
3104.5939	0.0447988669799991
3103.1769	0.0460300758335508
3101.7599	0.045387863377593
3100.3429	0.0450300921232513
3098.926	0.045721226838518
3097.509	0.0450116257047925
3096.092	0.0444907089263426
3094.675	0.0445121639573412
3093.2581	0.0446833323425753
3091.8411	0.0441455130999474
3090.4241	0.044655395031773
3089.0071	0.0445939947785923
3087.5902	0.0435526421536785
3086.1732	0.0429593051895517
3084.7562	0.0440150217639607
3083.3392	0.0425319302528622
3081.9223	0.0438490720589706
3080.5053	0.0429313959122947
3079.0883	0.0441439695845683
3077.6713	0.0432680373747229
3076.2544	0.0431273223265026
3074.8374	0.0429366443007993
3073.4204	0.0428962084278453
3072.0034	0.0423746384345053
3070.5865	0.0428609311070087
3069.1695	0.0418890407321222
3067.7525	0.0425604896855466
3066.3355	0.0420627473996901
3064.9186	0.0410233957113047
3063.5016	0.0415791624481093
3062.0846	0.041594071501825
3060.6676	0.0417815103123503
3059.2507	0.0413882069424279
3057.8337	0.0409797014955556
3056.4167	0.0404366836984251
3054.9997	0.0404623478408929
3053.5827	0.0402160541185917
3052.1658	0.0402813069446004
3050.7488	0.039688691619665
3049.3318	0.0400060084731569
3047.9148	0.0395130810298444
3046.4979	0.0395168688316748
3045.0809	0.0396358062123555
3043.6639	0.0401465765722247
3042.2469	0.0387422190272822
3040.83	0.0395791737300077
3039.413	0.0395872489098915
3037.996	0.0383675110428268
3036.579	0.0390476231872371
3035.1621	0.0379645638520637
3033.7451	0.0387211894742362
3032.3281	0.0381959875719767
3030.9111	0.0387589926989054
3029.4942	0.0378388563951104
3028.0772	0.0383976241366911
3026.6602	0.0381287785644893
3025.2432	0.0379015347496842
3023.8263	0.0380372595523659
3022.4093	0.0381371285229774
3020.9923	0.0381269057364851
3019.5753	0.0376793058050092
3018.1584	0.0381227021526212
3016.7414	0.0371627647057146
3015.3244	0.0376416567691645
3013.9074	0.037569797728147
3012.4905	0.0372172035312066
3011.0735	0.0365382697471759
3009.6565	0.037295176012024
3008.2395	0.0372860255078692
3006.8225	0.0373977840130789
3005.4056	0.0371511060205527
3003.9886	0.036594837453404
3002.5716	0.0376020695756156
3001.1546	0.0368777735107695
2999.7377	0.0363373770102176
2998.3207	0.0372114128379505
2996.9037	0.0366511756281941
2995.4867	0.0372231702974292
2994.0698	0.0362910019225028
2992.6528	0.0371508956591858
2991.2358	0.0361037124064508
2989.8188	0.0369309279329704
2988.4019	0.0366818112589512
2986.9849	0.0359155798849006
2985.5679	0.0359792648118484
2984.1509	0.0359351983950671
2982.734	0.036052419246122
2981.317	0.0362727360635171
2979.9	0.0362954650221202
2978.483	0.0370918664221591
2977.0661	0.0370868373292518
2975.6491	0.0368507709752404
2974.2321	0.0375992892022821
2972.8151	0.0374497412011937
2971.3982	0.0378043822678461
2969.9812	0.0377167203793362
2968.5642	0.037737171026131
2967.1472	0.0377773785777242
2965.7303	0.0371963930651763
2964.3133	0.037670659318598
2962.8963	0.0383621350339155
2961.4793	0.0381748046918646
2960.0623	0.0382377828735625
2958.6454	0.0390640674142456
2957.2284	0.0389103826512144
2955.8114	0.0390580414920487
2954.3944	0.0401760225838606
2952.9775	0.039122322537797
2951.5605	0.0398092509240693
2950.1435	0.0405291670170484
2948.7265	0.0408580101456435
2947.3096	0.0408983681525909
2945.8926	0.0410028636315201
2944.4756	0.0418253700413918
2943.0586	0.0414189229665417
2941.6417	0.0421693488898636
2940.2247	0.0420430816918098
2938.8077	0.0424660635844922
2937.3907	0.0428716985278098
2935.9738	0.0428594445039552
2934.5568	0.0438184162733573
2933.1398	0.0434778261491199
2931.7228	0.0438697450670384
2930.3059	0.0436011607075019
2928.8889	0.0433457829175155
2927.4719	0.044164020926675
2926.0549	0.0449372107991607
2924.638	0.0441939990721744
2923.221	0.0440101163984387
2921.804	0.0447775507972415
2920.387	0.0448472170254972
2918.9701	0.0442770953767812
2917.5531	0.0447798508473189
2916.1361	0.0441272079382575
2914.7191	0.0443164012389639
2913.3021	0.0438261394493241
2911.8852	0.0448533540326972
2910.4682	0.0443857232892154
2909.0512	0.0442005970291185
2907.6342	0.044203357091069
2906.2173	0.0442609786875304
2904.8003	0.0438000552637291
2903.3833	0.0438352533229487
2901.9663	0.0444723577175707
2900.5494	0.0440501770988566
2899.1324	0.043463753060157
2897.7154	0.0443402680766021
2896.2984	0.0434812449614512
2894.8815	0.0443340300369009
2893.4645	0.0438906103523333
2892.0475	0.0426661804603706
2890.6305	0.0430496630260588
2889.2136	0.0429531049871535
2887.7966	0.0436444347600887
2886.3796	0.0432821239578938
2884.9626	0.0438950539036133
2883.5457	0.0431586644232182
2882.1287	0.0439923449511109
2880.7117	0.0428846946066482
2879.2947	0.0426569515651762
2877.8778	0.0428746881679853
2876.4608	0.0425494963530036
2875.0438	0.0427035746667952
2873.6268	0.042046429972497
2872.2099	0.0425297973773419
2870.7929	0.0417723948108251
2869.3759	0.0419041738749383
2867.9589	0.041135200196424
2866.5419	0.0416547352895573
2865.125	0.0412676919313228
2863.708	0.0400960197836649
2862.291	0.0400868842655198
2860.874	0.03987057899479
2859.4571	0.0409607949835895
2858.0401	0.0404675215459645
2856.6231	0.0394495547454536
2855.2061	0.0398310741924104
2853.7892	0.0392976226360326
2852.3722	0.0391124693849943
2850.9552	0.0389572238660541
2849.5382	0.0391733687370714
2848.1213	0.0392942416948161
2846.7043	0.039161465575892
2845.2873	0.0388390504942629
2843.8703	0.0388941125640941
2842.4534	0.0381999970233778
2841.0364	0.0380841894666008
2839.6194	0.0387051558832033
2838.2024	0.0381070536008728
2836.7855	0.0379736194003742
2835.3685	0.0380102574567429
2833.9515	0.03796651330185
2832.5345	0.0373083547119423
2831.1176	0.0375980711132187
2829.7006	0.037304702868711
2828.2836	0.0377702200458133
2826.8666	0.0370965342326092
2825.4497	0.0379525429508429
2824.0327	0.0365880521180929
2822.6157	0.0364053030577469
2821.1987	0.0368576506026554
2819.7817	0.0368632265465616
2818.3648	0.0365167482716296
2816.9478	0.0359156437820562
2815.5308	0.0365395220466832
2814.1138	0.0362949397511441
2812.6969	0.0364015947459684
2811.2799	0.035974352886775
2809.8629	0.0361648921730299
2808.4459	0.0360427892459329
2807.029	0.0361562121542551
2805.612	0.0354967421365265
2804.195	0.0358542830565666
2802.778	0.0358570129735633
2801.3611	0.0355411012016624
2799.9441	0.0360841446996048
2798.5271	0.0358218119152734
2797.1101	0.0350820625878661
2795.6932	0.0355991045049176
2794.2762	0.0346460938679295
2792.8592	0.0346044554963632
2791.4422	0.0346158119571237
2790.0253	0.0346578160344726
2788.6083	0.0357338885321173
2787.1913	0.0350495221424231
2785.7743	0.035061190138414
2784.3574	0.0346852395908993
2782.9404	0.0344808134060114
2781.5234	0.035092459299139
2780.1064	0.0344223885937868
2778.6895	0.0338986284185097
2777.2725	0.0340405003320853
2775.8555	0.0344758110036055
2774.4385	0.034142264041116
2773.0215	0.0338517841436285
2771.6046	0.0345839992437707
2770.1876	0.034506397849244
2768.7706	0.0345365643592043
2767.3536	0.0348175620697139
2765.9367	0.0341459287047279
2764.5197	0.0338104317219122
2763.1027	0.0340726312937036
2761.6857	0.0340034493520546
2760.2688	0.0344762201278395
2758.8518	0.0338922815096504
2757.4348	0.0341207616583585
2756.0178	0.0336455291652291
2754.6009	0.0343090763772976
2753.1839	0.0337187920120511
2751.7669	0.0342025961523818
2750.3499	0.0339445769239893
2748.933	0.0342746615167307
2747.516	0.0332848490867676
2746.099	0.0334981647022144
2744.682	0.0333134491862571
2743.2651	0.0332988191412139
2741.8481	0.0341860054120511
2740.4311	0.0330491255751165
2739.0141	0.0330238256854762
2737.5972	0.0340059768115237
2736.1802	0.034195341503046
2734.7632	0.033082651367154
2733.3462	0.033473683013835
2731.9293	0.033772448727396
2730.5123	0.0341644252049646
2729.0953	0.0332713479811205
2727.6783	0.0329788754160791
2726.2613	0.0333848287066109
2724.8444	0.0332256865652704
2723.4274	0.0324178542165289
2722.0104	0.0335374362242943
2720.5934	0.0330561290121158
2719.1765	0.0327314050010003
2717.7595	0.0342149248638176
2716.3425	0.0337238089065562
2714.9255	0.0328979532582293
2713.5086	0.0330382514336845
2712.0916	0.0329207230276272
2710.6746	0.0324852984284886
2709.2576	0.0328210712909841
2707.8407	0.0320407414572614
2706.4237	0.0329435634849881
2705.0067	0.0330232870955901
2703.5897	0.0321240193556225
2702.1728	0.0323583151561446
2700.7558	0.033074737261044
2699.3388	0.0318706616193684
2697.9218	0.0337537430572264
2696.5049	0.0322864020079742
2695.0879	0.0322671511775049
2693.6709	0.0326434056559458
2692.2539	0.0322070428688722
2690.837	0.0331567122484812
2689.42	0.0334737542679244
2688.003	0.0325812360072288
2686.586	0.0319636194512958
2685.1691	0.0324209848732352
2683.7521	0.0323878166496986
2682.3351	0.0325882266718445
2680.9181	0.0328057525469404
2679.5011	0.0324052931237355
2678.0842	0.032598426675245
2676.6672	0.032489643479843
2675.2502	0.0323356055123183
2673.8332	0.0317404272826426
2672.4163	0.0325505339392621
2670.9993	0.0310922745165477
2669.5823	0.031396051330447
2668.1653	0.032210308728298
2666.7484	0.0311887681210881
2665.3314	0.0317306215142509
2663.9144	0.032551262266986
2662.4974	0.0323657556475037
2661.0805	0.0320943358316749
2659.6635	0.032351068876991
2658.2465	0.0315344522045489
2656.8295	0.0321728339980654
2655.4126	0.0316286888046166
2653.9956	0.0320493226743093
2652.5786	0.0308228122908713
2651.1616	0.0311852418040466
2649.7447	0.0314971131833945
2648.3277	0.0316179596458118
2646.9107	0.0316143365609526
2645.4937	0.0309168296724611
2644.0768	0.0313476741659057
2642.6598	0.0315051425631489
2641.2428	0.0317867689636306
2639.8258	0.0311709625186558
2638.4089	0.031152361412036
2636.9919	0.0314147882334859
2635.5749	0.0307794584167828
2634.1579	0.0314244803195049
2632.741	0.030613537789078
2631.324	0.0313459392631878
2629.907	0.0312381464720933
2628.49	0.0312925081470012
2627.073	0.0305512670941114
2625.6561	0.0311591290629059
2624.2391	0.0306913785143669
2622.8221	0.0311502904392496
2621.4051	0.0301894594408946
2619.9882	0.0296525263819688
2618.5712	0.0302477819797515
2617.1542	0.0301561431261428
2615.7372	0.0297078160977666
2614.3203	0.0304051244655194
2612.9033	0.0302953266163042
2611.4863	0.0300910590821391
2610.0693	0.0293425939597994
2608.6524	0.0304807480044502
2607.2354	0.0299271596473657
2605.8184	0.0296864907272593
2604.4014	0.0294707843320107
2602.9845	0.0293152942899013
2601.5675	0.0298391055873274
2600.1505	0.0296759264296101
2598.7335	0.0301754269295079
2597.3166	0.0299631600371889
2595.8996	0.0297149966045957
2594.4826	0.0296226633132805
2593.0656	0.029506841389836
2591.6487	0.0297764518734179
2590.2317	0.0297708710825232
2588.8147	0.0306636079393418
2587.3977	0.0290782273086399
2585.9808	0.0287738767814565
2584.5638	0.0291148996383155
2583.1468	0.0294629369139251
2581.7298	0.0289211876187088
2580.3128	0.0296928686825611
2578.8959	0.029368618606988
2577.4789	0.0292475978287371
2576.0619	0.0291585424017683
2574.6449	0.0293850519079507
2573.228	0.0284297993112185
2571.811	0.028730281837835
2570.394	0.0286382008244161
2568.977	0.0290188344856373
2567.5601	0.0294225783934351
2566.1431	0.0288169161828873
2564.7261	0.0286273825437297
2563.3091	0.0286921798316389
2561.8922	0.0288519858107194
2560.4752	0.0276853926467042
2559.0582	0.0282612462288969
2557.6412	0.0294511050592686
2556.2243	0.0286766605475901
2554.8073	0.0292666330287822
2553.3903	0.0284159215904736
2551.9733	0.0281420232097392
2550.5564	0.0284517236434923
2549.1394	0.0279636458549554
2547.7224	0.0286353892242969
2546.3054	0.0284791428126643
2544.8885	0.0283408839344226
2543.4715	0.0280881771732646
2542.0545	0.0279483519585347
2540.6375	0.0280957173425695
2539.2206	0.0286275302144667
2537.8036	0.0279350766523339
2536.3866	0.0276314024885146
2534.9696	0.027618399900096
2533.5526	0.0277083447450065
2532.1357	0.0280343288867897
2530.7187	0.0281410849558753
2529.3017	0.028165420375396
2527.8847	0.0277853405487213
2526.4678	0.0286888485162441
2525.0508	0.0282857997547349
2523.6338	0.0278384819936389
2522.2168	0.0277884894790448
2520.7999	0.0276136011659571
2519.3829	0.0285992793048449
2517.9659	0.0279481423986877
2516.5489	0.0277465941052424
2515.132	0.0277812086786523
2513.715	0.0281356906592088
2512.298	0.0283680795675797
2510.881	0.0277197971512399
2509.4641	0.0282270659985295
2508.0471	0.0279723101845014
2506.6301	0.027545071185461
2505.2131	0.0273487838161384
2503.7962	0.0270830797656965
2502.3792	0.0281693590816203
2500.9622	0.0276946635450982
2499.5452	0.0277235354385045
2498.1283	0.0275906478214964
2496.7113	0.0279759259076854
2495.2943	0.0278778832588536
2493.8773	0.0275603441976661
2492.4604	0.0265829579867535
2491.0434	0.0272270368092893
2489.6264	0.0273906448586265
2488.2094	0.0264426957396094
2486.7924	0.027478108772036
2485.3755	0.0273032034279378
2483.9585	0.0270810216805936
2482.5415	0.0266833056479591
2481.1245	0.0273975249019537
2479.7076	0.0281950539398484
2478.2906	0.0275241598361893
2476.8736	0.0271979463865847
2475.4566	0.0270090178739557
2474.0397	0.0272988424854777
2472.6227	0.026486927444795
2471.2057	0.0258662493864948
2469.7887	0.027313070512206
2468.3718	0.027447179750405
2466.9548	0.0269668249554553
2465.5378	0.0270802631367036
2464.1208	0.0268434680814216
2462.7039	0.0272178048418487
2461.2869	0.0274308976444976
2459.8699	0.0266596968939888
2458.4529	0.0260833227055244
2457.036	0.0273755716856816
2455.619	0.0272293778788106
2454.202	0.0267001832167131
2452.785	0.0269138715803392
2451.3681	0.0267189555503493
2449.9511	0.0267329664314827
2448.5341	0.0268299930526706
2447.1171	0.0272143488596253
2445.7002	0.0269002815215307
2444.2832	0.026914223143779
2442.8662	0.0272737097892395
2441.4492	0.0263403669239991
2440.0322	0.0269114193108004
2438.6153	0.0266987496583724
2437.1983	0.0254678020046845
2435.7813	0.0263147103286463
2434.3643	0.0266646064430077
2432.9474	0.0266662847368147
2431.5304	0.0265319314229957
2430.1134	0.0262431126158589
2428.6964	0.0256288829730957
2427.2795	0.0263832744962945
2425.8625	0.0262886455214744
2424.4455	0.0260554237739843
2423.0285	0.0261978451719712
2421.6116	0.0258693259648317
2420.1946	0.0261746828856177
2418.7776	0.0265344455958899
2417.3606	0.0254017241465997
2415.9437	0.0258205322152909
2414.5267	0.0260039693996891
2413.1097	0.0266555964725866
2411.6927	0.0263471825511441
2410.2758	0.0259822687875636
2408.8588	0.0255450214210933
2407.4418	0.0261333961461657
2406.0248	0.0257806309500714
2404.6079	0.0256254442486947
2403.1909	0.0259192462324731
2401.7739	0.0256372543850388
2400.3569	0.0263739970067372
2398.94	0.0258243439692963
2397.523	0.0256798476656133
2396.106	0.0260226127882365
2394.689	0.0256613169538841
2393.272	0.0248917052114248
2391.8551	0.0261132294121218
2390.4381	0.0258543423936478
2389.0211	0.0259127514315025
2387.6041	0.0265914715459681
2386.1872	0.0254673883956326
2384.7702	0.0251865749109414
2383.3532	0.0251766191794899
2381.9362	0.0259783461828317
2380.5193	0.0254315229239336
2379.1023	0.0254715711196864
2377.6853	0.0252134541325143
2376.2683	0.0258554033845046
2374.8514	0.0249614187096889
2373.4344	0.025547088092128
2372.0174	0.0251292296517635
2370.6004	0.0248571791549471
2369.1835	0.024837362565984
2367.7665	0.0249116251814388
2366.3495	0.024321901465558
2364.9325	0.0250874730953367
2363.5156	0.0252726497949354
2362.0986	0.0257933873115537
2360.6816	0.0262887763601609
2359.2646	0.0251816469770358
2357.8477	0.0256962538306863
2356.4307	0.025364338813935
2355.0137	0.0253840258263951
2353.5967	0.0252570161725327
2352.1798	0.0255582611772324
2350.7628	0.0259877488212736
2349.3458	0.0250387303189777
2347.9288	0.0253609597680992
2346.5118	0.0251369016879704
2345.0949	0.025318601283187
2343.6779	0.0253128566258616
2342.2609	0.0243764654027608
2340.8439	0.0249356565938388
2339.427	0.0248959002614173
2338.01	0.024231390480981
2336.593	0.0250632365655612
2335.176	0.0243822846875255
2333.7591	0.0254688760938338
2332.3421	0.02582251271614
2330.9251	0.0260415042404643
2329.5081	0.0253964460997641
2328.0912	0.025721336357721
2326.6742	0.0257580904009244
2325.2572	0.0252561562764719
2323.8402	0.0258835903006223
2322.4233	0.0252238808766211
2321.0063	0.0245773912994891
2319.5893	0.025120095603898
2318.1723	0.0252941677309411
2316.7554	0.0252927357505163
2315.3384	0.0255540785902609
2313.9214	0.0251160690704047
2312.5044	0.0254510775628207
2311.0875	0.0253043768213537
2309.6705	0.0252960113240927
2308.2535	0.0250808296614646
2306.8365	0.0250172945622222
2305.4196	0.025184204403044
2304.0026	0.0249820661113007
2302.5856	0.0248461498056485
2301.1686	0.0250702012965494
2299.7516	0.0257269877017764
2298.3347	0.0256698370561786
2296.9177	0.0251723765342669
2295.5007	0.0246505684115829
2294.0837	0.0255477423975802
2292.6668	0.0245662668247519
2291.2498	0.0261310953852631
2289.8328	0.0251386507388209
2288.4158	0.0246287636149618
2286.9989	0.0252344070771318
2285.5819	0.0251722014765931
2284.1649	0.0254298200448682
2282.7479	0.0247825811077573
2281.331	0.025467199437138
2279.914	0.024555809859988
2278.497	0.0247224856121062
2277.08	0.0247857321384766
2275.6631	0.0242159080393252
2274.2461	0.0253046371237396
2272.8291	0.0240028136774313
2271.4121	0.02532895244708
2269.9952	0.0241570211641159
2268.5782	0.0241715636437984
2267.1612	0.025053111026126
2265.7442	0.0246348570152515
2264.3273	0.0243369747452462
2262.9103	0.0248461145334378
2261.4933	0.0243642792581274
2260.0763	0.0241843621015354
2258.6594	0.0247407942368228
2257.2424	0.0249320763953229
2255.8254	0.0250846123569468
2254.4084	0.0241986094682108
2252.9914	0.0241868542294696
2251.5745	0.0237062184016419
2250.1575	0.0232204259252707
2248.7405	0.0243529647753948
2247.3235	0.0245340165930465
2245.9066	0.0243138053144264
2244.4896	0.0245746700251607
2243.0726	0.0244722886644929
2241.6556	0.0241714619999268
2240.2387	0.0250252813506577
2238.8217	0.0235351163389771
2237.4047	0.0237530700551355
2235.9877	0.0236268815698972
2234.5708	0.0242751232444582
2233.1538	0.0239347247819006
2231.7368	0.0240974858809049
2230.3198	0.0235886044536079
2228.9029	0.0235771810067735
2227.4859	0.0235207659896646
2226.0689	0.0241694804095433
2224.6519	0.0242455123500231
2223.235	0.0232779232575449
2221.818	0.0240846161563924
2220.401	0.0236319872191708
2218.984	0.0236115929939572
2217.5671	0.024215605385094
2216.1501	0.0247346856928806
2214.7331	0.0233418101380724
2213.3161	0.0236883372124014
2211.8992	0.0235626453254097
2210.4822	0.0233279900457749
2209.0652	0.0237691544870613
2207.6482	0.0245205382751098
2206.2312	0.0237736666648071
2204.8143	0.0243706472086241
2203.3973	0.025024806012347
2201.9803	0.0238598404601098
2200.5633	0.024759271675063
2199.1464	0.0232959950057416
2197.7294	0.0235019027217382
2196.3124	0.0237648435028473
2194.8954	0.0245627412081541
2193.4785	0.0242942049177619
2192.0615	0.0242566124243313
2190.6445	0.0249601219088401
2189.2275	0.0241543193524483
2187.8106	0.0242403136793009
2186.3936	0.02434418114814
2184.9766	0.0244722371891639
2183.5596	0.02352483112046
2182.1427	0.0243079145436963
2180.7257	0.0231839373018259
2179.3087	0.0234506965892096
2177.8917	0.02351383180811
2176.4748	0.0232595475152674
2175.0578	0.0234836272227191
2173.6408	0.0231690542171138
2172.2238	0.0231366082416482
2170.8069	0.0236481579055438
2169.3899	0.0236040601835326
2167.9729	0.0229256207606115
2166.5559	0.0251362977304725
2165.139	0.0257169707401447
2163.722	0.0241711649086707
2162.305	0.0245732655019624
2160.888	0.0232861702312841
2159.471	0.0216861482909612
2158.0541	0.0211478009077024
2156.6371	0.0206457048204925
2155.2201	0.0217258542367468
2153.8031	0.0218748869152598
2152.3862	0.0226678594786587
2150.9692	0.0223867582334981
2149.5522	0.0225085211673286
2148.1352	0.0227208791192167
2146.7183	0.0221736884673841
2145.3013	0.0223772390153588
2143.8843	0.0223903243238852
2142.4673	0.0222041074937854
2141.0504	0.0231469181704975
2139.6334	0.0224630938216565
2138.2164	0.0222605897851024
2136.7994	0.0225350037914977
2135.3825	0.0215815392925655
2133.9655	0.0220468724669902
2132.5485	0.0221912477547154
2131.1315	0.0219946849084045
2129.7146	0.0223709943316077
2128.2976	0.0225799929761226
2126.8806	0.0224083729713143
2125.4636	0.0228017741621867
2124.0467	0.0235319855918906
2122.6297	0.022828016729905
2121.2127	0.023912950635129
2119.7957	0.0233407347754558
2118.3788	0.0227136506380869
2116.9618	0.0236093854396671
2115.5448	0.0233069780141547
2114.1278	0.0233213043599056
2112.7108	0.0240873425037671
2111.2939	0.0231384626196638
2109.8769	0.0235933609276079
2108.4599	0.0228602964449811
2107.0429	0.0239824423553694
2105.626	0.0227325597031518
2104.209	0.0231933635140999
2102.792	0.0229443063736519
2101.375	0.0236442156918106
2099.9581	0.0230475697887905
2098.5411	0.0230754574217101
2097.1241	0.0225655952498786
2095.7071	0.0217286577594087
2094.2902	0.0219939417108169
2092.8732	0.0223606903279196
2091.4562	0.0229254940962463
2090.0392	0.0230574576303189
2088.6223	0.0232221469376392
2087.2053	0.0231511534118137
2085.7883	0.0236084766368531
2084.3713	0.0227194708288625
2082.9544	0.0228550418573082
2081.5374	0.0224849535159755
2080.1204	0.0226460899542732
2078.7034	0.0218953786635895
2077.2865	0.0221893052793492
2075.8695	0.0233094097793228
2074.4525	0.0224292280261928
2073.0355	0.023152196667236
2071.6186	0.0226796178432939
2070.2016	0.022881762199789
2068.7846	0.023489753491234
2067.3676	0.0217245947538384
2065.9506	0.0229856663957281
2064.5337	0.0236160196182011
2063.1167	0.023479550119146
2061.6997	0.0228289241993787
2060.2827	0.0234806367994056
2058.8658	0.0230479089114936
2057.4488	0.0225892492624008
2056.0318	0.02212837243384
2054.6148	0.0221579464250319
2053.1979	0.0220965031103476
2051.7809	0.0215258147623569
2050.3639	0.0225917823154863
2048.9469	0.0223410048281358
2047.53	0.022589813102963
2046.113	0.0216952079973283
2044.696	0.0226549227778308
2043.279	0.02247499139339
2041.8621	0.0225261643782051
2040.4451	0.0214462896125217
2039.0281	0.0207107698109917
2037.6111	0.020418237796929
2036.1942	0.0209584121424418
2034.7772	0.0216418803128927
2033.3602	0.020819672797798
2031.9432	0.0210725155957312
2030.5263	0.0217395290807802
2029.1093	0.02178354612056
2027.6923	0.0212894481270093
2026.2753	0.0209533311462153
2024.8584	0.020845857383757
2023.4414	0.0206709018172583
2022.0244	0.0207342438770735
2020.6074	0.0218361251394223
2019.1904	0.0209651774759486
2017.7735	0.0213736402025171
2016.3565	0.0207162577364745
2014.9395	0.0198064412188835
2013.5225	0.0199304293417556
2012.1056	0.0209603355879557
2010.6886	0.0206153337786719
2009.2716	0.0201395638174342
2007.8546	0.0197733440802348
2006.4377	0.0208219987317389
2005.0207	0.0204058444716485
2003.6037	0.0205314124012617
2002.1867	0.0193412137860572
2000.7698	0.0214916299946999
1999.3528	0.0208073308397281
1997.9358	0.0198692286710045
1996.5188	0.0197095840140722
1995.1019	0.019781694137453
1993.6849	0.020452281911913
1992.2679	0.0204146439999711
1990.8509	0.0207000993087287
1989.434	0.020796759924347
1988.017	0.021484791526129
1986.6	0.0210632537063071
1985.183	0.0205075105593127
1983.7661	0.0211002557739966
1982.3491	0.0220996750351026
1980.9321	0.0214364449701519
1979.5151	0.0221360037216627
1978.0982	0.0211631168570096
1976.6812	0.0203165193231237
1975.2642	0.0204491588503809
1973.8472	0.0202152224321558
1972.4302	0.0197458142701306
1971.0133	0.0195450123665088
1969.5963	0.0189338275434388
1968.1793	0.0199188876356146
1966.7623	0.0196155703266609
1965.3454	0.0211308437681398
1963.9284	0.0205690057379935
1962.5114	0.0196930842393285
1961.0944	0.0206913120643509
1959.6775	0.0195165456596744
1958.2605	0.0195867207259437
1956.8435	0.0199003829050418
1955.4265	0.0207476042600551
1954.0096	0.02064077826924
1952.5926	0.0199490673362589
1951.1756	0.0200966718126668
1949.7586	0.0210557916896419
1948.3417	0.020689219108741
1946.9247	0.0203981872066523
1945.5077	0.0202101790264824
1944.0907	0.0205989035383459
1942.6738	0.0215832557310481
1941.2568	0.0211017665755351
1939.8398	0.0216306467008994
1938.4228	0.0206361819395005
1937.0059	0.0222768639815316
1935.5889	0.0206783607508382
1934.1719	0.0202796126194198
1932.7549	0.0201686600001331
1931.338	0.0205444696287897
1929.921	0.0205675481960632
1928.504	0.0204876172261112
1927.087	0.0208440462434655
1925.67	0.0211245375452869
1924.2531	0.0212394521658533
1922.8361	0.0219213547369404
1921.4191	0.0217553014637235
1920.0021	0.0214867557855621
1918.5852	0.0210068615480558
1917.1682	0.0212651895417729
1915.7512	0.020914236709972
1914.3342	0.0211837829339672
1912.9173	0.0216292304691683
1911.5003	0.0211593711453896
1910.0833	0.0213495430170063
1908.6663	0.0211967466766167
1907.2494	0.021363851371392
1905.8324	0.0204295457556399
1904.4154	0.0220693885980518
1902.9984	0.0212237367254826
1901.5815	0.0213790212123097
1900.1645	0.0218026539966437
1898.7475	0.0218842666935706
1897.3305	0.0215441226547926
1895.9136	0.0220272631747696
1894.4966	0.0214904472465133
1893.0796	0.0209367729782646
1891.6626	0.0214031487701194
1890.2457	0.021267706302778
1888.8287	0.0215023744300318
1887.4117	0.021011927357918
1885.9947	0.0215275207866555
1884.5778	0.0221017397697831
1883.1608	0.021565497096068
1881.7438	0.0205833790021468
1880.3268	0.0215344589872445
1878.9098	0.0212484609526463
1877.4929	0.0212792315708742
1876.0759	0.0205576884833229
1874.6589	0.0213669207967614
1873.2419	0.0207729652265371
1871.825	0.0204611380552296
1870.408	0.0207247746231972
1868.991	0.0211854276261057
1867.574	0.0212977094371503
1866.1571	0.021392264091922
1864.7401	0.0202709582220317
1863.3231	0.0211208684465204
1861.9061	0.0211354848776704
1860.4892	0.0204710807325682
1859.0722	0.0212676262068437
1857.6552	0.021387025355546
1856.2382	0.0208877190149226
1854.8213	0.0207065843336975
1853.4043	0.0204595059800367
1851.9873	0.0215732682861658
1850.5703	0.0205002816640388
1849.1534	0.0209079854159534
1847.7364	0.0203818283109774
1846.3194	0.0211291061255279
1844.9024	0.0213725658495631
1843.4855	0.0205779442491728
1842.0685	0.020619971973031
1840.6515	0.0208050521910467
1839.2345	0.0215373955601702
1837.8176	0.0201704428444901
1836.4006	0.0202276032620415
1834.9836	0.0207010980169035
1833.5666	0.0210642181241608
1832.1496	0.0212144133654371
1830.7327	0.0208411905942339
1829.3157	0.0207889482770708
1827.8987	0.0202891705749496
1826.4817	0.020845312826455
1825.0648	0.0202019010383023
1823.6478	0.0207558298300108
1822.2308	0.0198138610555536
1820.8138	0.0203327123919779
1819.3969	0.0201628950358788
1817.9799	0.0206282973519242
1816.5629	0.0205872404526099
1815.1459	0.0203495734905803
1813.729	0.019870669976191
1812.312	0.0211684025085707
1810.895	0.0208395381262638
1809.478	0.0201276634074728
1808.0611	0.0197975493191101
1806.6441	0.0208326403762962
1805.2271	0.0203257097292024
1803.8101	0.0211119648949749
1802.3932	0.0208806895135972
1800.9762	0.0212171684674663
1799.5592	0.0205124313562704
1798.1422	0.0207787096408285
1796.7253	0.0207801103025027
1795.3083	0.0209094836763472
1793.8913	0.0202688702413486
1792.4743	0.0201856067077865
1791.0574	0.0209475510633354
1789.6404	0.0202064510292179
1788.2234	0.0213857429515102
1786.8064	0.020907095794941
1785.3894	0.0205285301171262
1783.9725	0.020876311127562
1782.5555	0.0207853904508185
1781.1385	0.0218432089211531
1779.7215	0.02080948481873
1778.3046	0.0214359226449446
1776.8876	0.0204822661008258
1775.4706	0.0208317999606715
1774.0536	0.0203236647779867
1772.6367	0.0203447503674842
1771.2197	0.0214390352451555
1769.8027	0.020603071397545
1768.3857	0.0208631923948684
1766.9688	0.0217681894421127
1765.5518	0.0205650486838615
1764.1348	0.0217944403018634
1762.7178	0.0210249877629383
1761.3009	0.0207010845998706
1759.8839	0.0208084511504879
1758.4669	0.0212214532214422
1757.0499	0.0216625831070929
1755.633	0.0213380373446336
1754.216	0.0213700045446038
1752.799	0.0208563486875281
1751.382	0.0216842954888147
1749.9651	0.0217253996928004
1748.5481	0.0215293573884252
1747.1311	0.0219971629521892
1745.7141	0.0219617544107984
1744.2972	0.0218434322946717
1742.8802	0.0224216784279199
1741.4632	0.022791980438355
1740.0462	0.0231110245832465
1738.6292	0.0223338978358746
1737.2123	0.0232752044808815
1735.7953	0.022996730839222
1734.3783	0.0231038415071786
1732.9613	0.0239374705250319
1731.5444	0.0240560940236659
1730.1274	0.0238558883922642
1728.7104	0.024392469399486
1727.2934	0.0246979794527339
1725.8765	0.0251801125022154
1724.4595	0.0243869819139891
1723.0425	0.024011458124997
1721.6255	0.024703617123961
1720.2086	0.0244201742428196
1718.7916	0.0241945798186819
1717.3746	0.0245030860716471
1715.9576	0.025153251958652
1714.5407	0.0264727726711418
1713.1237	0.0261316940123748
1711.7067	0.0265646947750868
1710.2897	0.0263522642842925
1708.8728	0.0255313119124645
1707.4558	0.0260114388873321
1706.0388	0.0266317818850925
1704.6218	0.0270579507642851
1703.2049	0.0272152732115381
1701.7879	0.0271791239052192
1700.3709	0.0265720980498015
1698.9539	0.0279909237935357
1697.537	0.027971160563572
1696.12	0.0284127999339382
1694.703	0.0283771024442905
1693.286	0.0285391575469225
1691.869	0.0276453826310773
1690.4521	0.0285959823200593
1689.0351	0.0279290086745395
1687.6181	0.0289368523218832
1686.2011	0.0280332543749362
1684.7842	0.0280967288587872
1683.3672	0.0294564870572884
1681.9502	0.0291266150469211
1680.5332	0.0284645061026178
1679.1163	0.0284754014031655
1677.6993	0.0295109482501479
1676.2823	0.0293052934854567
1674.8653	0.0301518099596489
1673.4484	0.0303863883558135
1672.0314	0.0302030702663561
1670.6144	0.0303366355909736
1669.1974	0.0304152890095485
1667.7805	0.0300269582992244
1666.3635	0.0301590066381871
1664.9465	0.0304770848504314
1663.5295	0.0309959487522075
1662.1126	0.031381329111101
1660.6956	0.0316418776745343
1659.2786	0.0311578331964084
1657.8616	0.0315721390622594
1656.4447	0.0318304500133254
1655.0277	0.0306117631107681
1653.6107	0.0320663682515945
1652.1937	0.0334502365488815
1650.7768	0.0335653934432521
1649.3598	0.0336068926915364
1647.9428	0.0337862801894645
1646.5258	0.0345915061682731
1645.1088	0.0347794721045232
1643.6919	0.0350855011408938
1642.2749	0.0358693685450233
1640.8579	0.036040782179291
1639.4409	0.03654686773411
1638.024	0.0365807943860411
1636.607	0.0375065890095975
1635.19	0.0385458995051175
1633.773	0.0383695181026156
1632.3561	0.0397563052164301
1630.9391	0.0391853038654283
1629.5221	0.0401694942052684
1628.1051	0.0400786533825266
1626.6882	0.0403731709610169
1625.2712	0.0402438349946068
1623.8542	0.040869178635136
1622.4372	0.0414465570847688
1621.0203	0.0410535183592086
1619.6033	0.041715585262157
1618.1863	0.0420310146245029
1616.7693	0.042616205250087
1615.3524	0.0435347302377316
1613.9354	0.0439284466003992
1612.5184	0.0441328046096579
1611.1014	0.0437283376702031
1609.6845	0.0435474276258992
1608.2675	0.0439760277264576
1606.8505	0.0449360079305165
1605.4335	0.0461381364973176
1604.0166	0.0466799354698023
1602.5996	0.0466237947181698
1601.1826	0.0467485225217346
1599.7656	0.0470206076038278
1598.3486	0.047371419938994
1596.9317	0.046798934949932
1595.5147	0.0467725655663297
1594.0977	0.0464580491902518
1592.6807	0.0464450917462581
1591.2638	0.0453909966916879
1589.8468	0.0452668226555928
1588.4298	0.0454878054831962
1587.0128	0.0444832965437429
1585.5959	0.0443258424676859
1584.1789	0.0441867970855228
1582.7619	0.0439082290541251
1581.3449	0.0424806152463765
1579.928	0.0417301241269469
1578.511	0.0414855394147702
1577.094	0.0413016679885825
1575.677	0.0402106879188278
1574.2601	0.0403723546465355
1572.8431	0.0392475304141854
1571.4261	0.0391646897901108
1570.0091	0.0394637598723299
1568.5922	0.0384307713434986
1567.1752	0.0389820128894706
1565.7582	0.0382548685011962
1564.3412	0.0374881944100598
1562.9243	0.0371266772573491
1561.5073	0.0361235791362452
1560.0903	0.0343017503256283
1558.6733	0.0345398759550241
1557.2564	0.0341040952018253
1555.8394	0.033683565021894
1554.4224	0.0328038801824587
1553.0054	0.0321944232336704
1551.5885	0.0325111454504126
1550.1715	0.0322135495579263
1548.7545	0.0311704012354644
1547.3375	0.0310843963656485
1545.9205	0.0305676619889011
1544.5036	0.0299826466651398
1543.0866	0.0305706923445832
1541.6696	0.0300647140929876
1540.2526	0.0292868949659989
1538.8357	0.0298991975956875
1537.4187	0.0297211757344571
1536.0017	0.0294806856821897
1534.5847	0.0285994999561758
1533.1678	0.0290423918681744
1531.7508	0.0295113683352477
1530.3338	0.0288680548462837
1528.9168	0.0288835783884627
1527.4999	0.0291995650003024
1526.0829	0.0293717917053439
1524.6659	0.0299551048137893
1523.2489	0.0303321858968194
1521.832	0.0313702491097281
1520.415	0.0318743088374942
1518.998	0.0336242594429253
1517.581	0.0349145808615046
1516.1641	0.034523027998283
1514.7471	0.035726494798253
1513.3301	0.036006498687188
1511.9131	0.0358655882113156
1510.4962	0.0365805138126035
1509.0792	0.0363440617423987
1507.6622	0.0372351533835438
1506.2452	0.0372393935928912
1504.8283	0.0351531180675119
1503.4113	0.0356181608315314
1501.9943	0.0350671952789259
1500.5773	0.0339485168924846
1499.1603	0.033220696828192
1497.7434	0.0315361239124971
1496.3264	0.0316528984901209
1494.9094	0.0311365108696042
1493.4924	0.0309300185388149
1492.0755	0.0303844549671706
1490.6585	0.0293720193666134
1489.2415	0.0298910946320038
1487.8245	0.0304725893691746
1486.4076	0.030729450803942
1484.9906	0.031325141587282
1483.5736	0.0322896844880063
1482.1566	0.0318461045060838
1480.7397	0.0323383347006485
1479.3227	0.0327604143110361
1477.9057	0.032843464646158
1476.4887	0.0326491101750457
1475.0718	0.0332692508638626
1473.6548	0.033219752588013
1472.2378	0.0342612033788263
1470.8208	0.0343436336864043
1469.4039	0.0356921508599785
1467.9869	0.0363657208943631
1466.5699	0.0372848304183305
1465.1529	0.0378493952220442
1463.736	0.0384470226007431
1462.319	0.0390482439984241
1460.902	0.0393132432677124
1459.485	0.0399616870008254
1458.0681	0.0403679166873775
1456.6511	0.0415867602352366
1455.2341	0.0421326898577999
1453.8171	0.041650117552101
1452.4001	0.0425073227561589
1450.9832	0.0423533630212447
1449.5662	0.0426269400538544
1448.1492	0.042312290418663
1446.7322	0.0427822738405037
1445.3153	0.0427028443302871
1443.8983	0.0426339693493015
1442.4813	0.0430808774839075
1441.0643	0.0429692758047736
1439.6474	0.0426413878365502
1438.2304	0.0431159698154078
1436.8134	0.0430471131640247
1435.3964	0.0433243462196718
1433.9795	0.0443370066752971
1432.5625	0.044598153733414
1431.1455	0.0452308333030128
1429.7285	0.0452558966587389
1428.3116	0.0456259818892893
1426.8946	0.0462959004891936
1425.4776	0.0467008568677856
1424.0606	0.0463687737454074
1422.6437	0.0475127340878909
1421.2267	0.0470564199213356
1419.8097	0.0479624664503738
1418.3927	0.0481620473726215
1416.9758	0.0487409707147277
1415.5588	0.0480650407371533
1414.1418	0.0483085453466345
1412.7248	0.0491664306291196
1411.3079	0.0491065932551222
1409.8909	0.0495643119223009
1408.4739	0.0491060149383846
1407.0569	0.0487618179684755
1405.6399	0.0495516912258245
1404.223	0.0491097143970116
1402.806	0.0483381847619543
1401.389	0.0490194886032814
1399.972	0.0491561848911476
1398.5551	0.0490563323229256
1397.1381	0.0498921605645161
1395.7211	0.0496133071401614
1394.3041	0.0497994551623456
1392.8872	0.0502570196115612
1391.4702	0.0509304782050419
1390.0532	0.0512957101150309
1388.6362	0.0511167890105807
1387.2193	0.0526554389881809
1385.8023	0.0529183143195517
1384.3853	0.0533435573080862
1382.9683	0.0533095889003919
1381.5514	0.053744093130604
1380.1344	0.052942212139075
1378.7174	0.0520674898663005
1377.3004	0.0520738377829782
1375.8835	0.0517385409426518
1374.4665	0.0525421443794083
1373.0495	0.0527713964595612
1371.6325	0.0527026693796963
1370.2156	0.0538456086427755
1368.7986	0.0542083754471402
1367.3816	0.054631625856123
1365.9646	0.0546443802165024
1364.5477	0.0552346979344026
1363.1307	0.0553604357096603
1361.7137	0.055741493720614
1360.2967	0.0556330147307965
1358.8797	0.0553599910131379
1357.4628	0.0540396471406642
1356.0458	0.0547125828846073
1354.6288	0.0537943387363754
1353.2118	0.0535813564498816
1351.7949	0.0525992877881698
1350.3779	0.0530532762421467
1348.9609	0.0536049189787333
1347.5439	0.0520341868588675
1346.127	0.0528565792353909
1344.71	0.0532027868705161
1343.293	0.0532913426612594
1341.876	0.0537278284209378
1340.4591	0.0537607569542633
1339.0421	0.0543150571520471
1337.6251	0.0541974274294662
1336.2081	0.053627872771208
1334.7912	0.053208214831525
1333.3742	0.0535952827568705
1331.9572	0.053555996340324
1330.5402	0.0538188845152748
1329.1233	0.0525907141087232
1327.7063	0.0525200933117444
1326.2893	0.0519188769679437
1324.8723	0.0514393501920373
1323.4554	0.0510051888807517
1322.0384	0.0504414758690726
1320.6214	0.0491783069325558
1319.2044	0.0496515725914479
1317.7875	0.0492117908606524
1316.3705	0.0494922198907305
1314.9535	0.0488494804310832
1313.5365	0.0479715267850133
1312.1195	0.0474669352825203
1310.7026	0.0474989945462419
1309.2856	0.0481380972600976
1307.8686	0.0476244567142156
1306.4516	0.0479529795422109
1305.0347	0.0477019972676632
1303.6177	0.0472520382422804
1302.2007	0.0475800504071865
1300.7837	0.0482240487048868
1299.3668	0.0489282000379923
1297.9498	0.0479821217373191
1296.5328	0.0479378692217515
1295.1158	0.0479264624786093
1293.6989	0.0483721717663909
1292.2819	0.0480185703619556
1290.8649	0.0475087987656198
1289.4479	0.0482175237252216
1288.031	0.0476035947014507
1286.614	0.0484221755220797
1285.197	0.0477958201585171
1283.78	0.0484113703422994
1282.3631	0.0486871665150475
1280.9461	0.0487606857846351
1279.5291	0.0496905098543031
1278.1121	0.0500377339021107
1276.6952	0.0508986139192559
1275.2782	0.0502906434971421
1273.8612	0.0513279836500599
1272.4442	0.051716593012769
1271.0273	0.0515702457872058
1269.6103	0.0513440011363872
1268.1933	0.0523318964943559
1266.7763	0.0516214332699495
1265.3593	0.0513834671084913
1263.9424	0.0512923724010109
1262.5254	0.0511653171813495
1261.1084	0.0515106959461285
1259.6914	0.0502034629520028
1258.2745	0.0507219341625851
1256.8575	0.0518183044699973
1255.4405	0.0514012777175605
1254.0235	0.0512533294616736
1252.6066	0.0502207687703727
1251.1896	0.0507089832104875
1249.7726	0.0503223950705532
1248.3556	0.0505700623745979
1246.9387	0.0511714703252744
1245.5217	0.0502660641563175
1244.1047	0.0499594997746929
1242.6877	0.0500870546229709
1241.2708	0.0495292259554886
1239.8538	0.0495031755767249
1238.4368	0.0509809465332929
1237.0198	0.0506154667807183
1235.6029	0.0503958694913856
1234.1859	0.0513325782691166
1232.7689	0.0508775593695377
1231.3519	0.0500853079713119
1229.935	0.0499294701151239
1228.518	0.0495616516121703
1227.101	0.0478527045136789
1225.684	0.0483657983441236
1224.2671	0.0466490724749512
1222.8501	0.0469035065062066
1221.4331	0.0465406263312269
1220.0161	0.0453780207970412
1218.5991	0.0442341862227748
1217.1822	0.0443069087978307
1215.7652	0.044454590397431
1214.3482	0.0438385126436555
1212.9312	0.0437965807788818
1211.5143	0.043490283676279
1210.0973	0.0436662479221344
1208.6803	0.043142372023857
1207.2633	0.0423003156066672
1205.8464	0.0424178032138734
1204.4294	0.0417342777963448
1203.0124	0.041147612462234
1201.5954	0.0416220926809638
1200.1785	0.0401971795981535
1198.7615	0.0396858901207816
1197.3445	0.0395113236229431
1195.9275	0.0395641774982684
1194.5106	0.0385878154010572
1193.0936	0.0383081987918256
1191.6766	0.0374759712301831
1190.2596	0.0370897989612898
1188.8427	0.036677904253036
1187.4257	0.0364006889122457
1186.0087	0.0366700725961208
1184.5917	0.0361470600436536
1183.1748	0.0351588671636563
1181.7578	0.0360055467296043
1180.3408	0.0354138899621943
1178.9238	0.0352941811519893
1177.5069	0.0354827771647136
1176.0899	0.0360925416880949
1174.6729	0.0367722183964887
1173.2559	0.0382015532952215
1171.8389	0.0390719853706591
1170.422	0.0408951819059041
1169.005	0.0424288934052421
1167.588	0.0439045604025289
1166.171	0.0458804082264943
1164.7541	0.0481730123245682
1163.3371	0.0511735845783776
1161.9201	0.0535059540967245
1160.5031	0.0563081346584627
1159.0862	0.0596179314097976
1157.6692	0.0617124627913753
1156.2522	0.0634676566058296
1154.8352	0.065990219019711
1153.4183	0.0683925158387766
1152.0013	0.0695739649893918
1150.5843	0.0712241568145487
1149.1673	0.0720058284090385
1147.7504	0.0723100879231607
1146.3334	0.072295057045984
1144.9164	0.0716614100799181
1143.4994	0.0715720647692672
1142.0825	0.0691930942507417
1140.6655	0.0698393078514969
1139.2485	0.0688955360704957
1137.8315	0.0677496088396336
1136.4146	0.0669000865039797
1134.9976	0.0662692271286455
1133.5806	0.0647303417561762
1132.1636	0.0649370636440456
1130.7467	0.064459873172007
1129.3297	0.0650401427862076
1127.9127	0.0656138359483143
1126.4957	0.065730647389566
1125.0787	0.0660623006177841
1123.6618	0.066442403521278
1122.2448	0.0669555715803428
1120.8278	0.0665544717078693
1119.4108	0.0673904294362938
1117.9939	0.0676997854097866
1116.5769	0.0678471484064458
1115.1599	0.0677542468762031
1113.7429	0.0683659864980808
1112.326	0.0691466269217487
1110.909	0.0694188189635848
1109.492	0.0696586057552099
1108.075	0.0704216627358134
1106.6581	0.071132709053972
1105.2411	0.0718163412920722
1103.8241	0.0728366301801131
1102.4071	0.0730459343236419
1100.9902	0.0730371918791728
1099.5732	0.0740707397893925
1098.1562	0.0740297745372252
1096.7392	0.0745500144303422
1095.3223	0.0744298013071255
1093.9053	0.0754755787118261
1092.4883	0.0754692509525166
1091.0713	0.0769564390629154
1089.6544	0.0780105862027555
1088.2374	0.0803665519344628
1086.8204	0.0824305482313675
1085.4034	0.0841873039159909
1083.9865	0.0864899494973337
1082.5695	0.0888756193625744
1081.1525	0.091283977065875
1079.7355	0.093582701752934
1078.3185	0.095242096723595
1076.9016	0.0966706067902
1075.4846	0.0968490147073732
1074.0676	0.0959990609487746
1072.6506	0.093937132767639
1071.2337	0.0930748727825701
1069.8167	0.0914914328946224
1068.3997	0.0891848461975472
1066.9827	0.0878324818048356
1065.5658	0.0883146712018384
1064.1488	0.0873513944249127
1062.7318	0.0874414915989876
1061.3148	0.0886135461260632
1059.8979	0.0904135756900764
1058.4809	0.0909764912466944
1057.0639	0.0934164566314879
1055.6469	0.0948306168775618
1054.23	0.0976744018657992
1052.813	0.0985954805225286
1051.396	0.100210274728167
1049.979	0.1021332784671
1048.5621	0.104373679813568
1047.1451	0.106683301710488
1045.7281	0.108159864060499
1044.3111	0.111256969877816
1042.8942	0.112683842153214
1041.4772	0.114601231883782
1040.0602	0.11521035685464
1038.6432	0.117216628326785
1037.2263	0.119551531862687
1035.8093	0.121181834956515
1034.3923	0.122698861425901
1032.9753	0.125002233167907
1031.5583	0.127028395550269
1030.1414	0.128516490399427
1028.7244	0.130853480351034
1027.3074	0.133034681426057
1025.8904	0.134538408647916
1024.4735	0.136853783175376
1023.0565	0.138724661860101
1021.6395	0.141078994716936
1020.2225	0.143208487500364
1018.8056	0.144243055210806
1017.3886	0.14576306162099
1015.9716	0.146372903451586
1014.5546	0.147021237208707
1013.1377	0.147429588025842
1011.7207	0.148334742065573
1010.3037	0.147771216754085
1008.8867	0.148618034425994
1007.4698	0.147848834523279
1006.0528	0.148664578524436
1004.6358	0.149317563986579
1003.2188	0.149690965463336
1001.8019	0.150065686889418
1000.3849	0.151322205741261
998.9679	0.15296405757962
997.5509	0.15297612586085
996.134	0.154118455778298
994.717	0.15519098821298
993.3	0.15534790937426
991.883	0.15548896000782
990.4661	0.155532856353148
989.0491	0.155650501353798
987.6321	0.154780594855117
986.2151	0.154072300953024
984.7981	0.152497641534399
983.3812	0.151427867056749
981.9642	0.149057536639043
980.5472	0.14782825429824
979.1302	0.144654686977478
977.7133	0.143179791064195
976.2963	0.139657099815847
974.8793	0.137353690159511
973.4623	0.134625476933542
972.0454	0.132220790727456
970.6284	0.127774492512043
969.2114	0.126295920792839
967.7944	0.122038192520951
966.3775	0.120646582655618
964.9605	0.117328661431087
963.5435	0.114895689134986
962.1265	0.112469145374829
960.7096	0.110456722354003
959.2926	0.108242060932278
957.8756	0.105049177269544
956.4586	0.103509697673625
955.0417	0.10118184789196
953.6247	0.0995679209420718
952.2077	0.0978498103334726
950.7907	0.0959054562271212
949.3738	0.0942744816287722
947.9568	0.0928461748031556
946.5398	0.091363198472905
945.1228	0.0910759222166646
943.7059	0.0911965477359977
942.2889	0.0909043652459714
940.8719	0.0914744958750348
939.4549	0.0921508865063056
938.0379	0.0918636991779057
936.621	0.0922931460846428
935.204	0.091598699044865
933.787	0.0920587750501955
932.37	0.0926579632839562
930.9531	0.0924036086674914
929.5361	0.0924507420073576
928.1191	0.0912664174212317
926.7021	0.0914745966580597
925.2852	0.0925156240512485
923.8682	0.0923363505609428
922.4512	0.0912778069611327
921.0342	0.0911061779165728
919.6173	0.0911012838610269
918.2003	0.0901621696043623
916.7833	0.0901534085508311
915.3663	0.0890123851190196
913.9494	0.0886969038031032
912.5324	0.0877785925256437
911.1154	0.0877766010424181
909.6984	0.0862539895458117
908.2815	0.0849549380471845
906.8645	0.084557955287686
905.4475	0.0836727746260901
904.0305	0.0820406419961623
902.6136	0.0820316449646086
901.1966	0.0805970941644049
899.7796	0.0806451966818514
898.3626	0.0796438068406457
896.9457	0.0797249632781969
895.5287	0.0798439984565641
894.1117	0.0789354134918422
892.6947	0.0790143753435352
891.2777	0.0773990805294898
889.8608	0.0775855866056517
888.4438	0.0768848073810066
887.0268	0.0760166567372956
885.6098	0.0755488752676308
884.1929	0.0734538577710366
882.7759	0.0741427936376714
881.3589	0.0727405094353953
879.9419	0.0718538324330741
878.525	0.0713883404232888
877.108	0.0709441410767352
875.691	0.0715612920776283
874.274	0.0711632321390217
872.8571	0.0715055583771997
871.4401	0.0712370793862809
870.0231	0.0721015323738877
868.6061	0.0727312204117323
867.1892	0.0732822854069032
865.7722	0.0738050429630683
864.3552	0.0738445828302532
862.9382	0.0749963268012768
861.5213	0.0743083875438655
860.1043	0.0751152348891564
858.6873	0.0755285463310513
857.2703	0.0757920803002842
855.8534	0.0752060742916456
854.4364	0.0754682875526441
853.0194	0.0761803560588366
851.6024	0.0760254615481193
850.1855	0.0753469481075661
848.7685	0.0756742091791408
847.3515	0.0764544586738308
845.9345	0.0752218635231449
844.5175	0.0754443171802505
843.1006	0.0754360539386835
841.6836	0.0755265129652547
840.2666	0.0752546645761574
838.8496	0.0742458505056134
837.4327	0.0740050659206909
836.0157	0.0727912514841111
834.5987	0.0724723822050254
833.1817	0.0728995192478701
831.7648	0.0719340472742124
830.3478	0.0718466740266544
828.9308	0.071286866105749
827.5138	0.0696252970385588
826.0969	0.0706947382655697
824.6799	0.0699025533157609
823.2629	0.0695978169891581
821.8459	0.0689928486247886
820.429	0.0693714996315849
819.012	0.0693705857071038
817.595	0.069338564985364
816.178	0.0692849901768859
814.7611	0.0686850033130328
813.3441	0.0676047354782497
811.9271	0.0677722393871254
810.5101	0.0675979748588651
809.0932	0.0676769537671157
807.6762	0.0675153520652495
806.2592	0.0673595695314063
804.8422	0.0679280787380162
803.4253	0.0669343723546217
802.0083	0.0668034921638152
800.5913	0.0678618896663011
799.1743	0.0673041982613896
797.7573	0.0673439484075953
796.3404	0.0667584206912603
794.9234	0.0672798148673526
793.5064	0.0674282831714917
792.0894	0.0676504326497698
790.6725	0.0681629278846459
789.2555	0.0686636214124957
787.8385	0.068988282974269
786.4215	0.0694669270287992
785.0046	0.0689417258775456
783.5876	0.0697041184255394
782.1706	0.070892273927862
780.7536	0.0706710032168533
779.3367	0.0715308186595364
777.9197	0.0722377910625713
776.5027	0.0719843077547281
775.0857	0.0722621483149002
773.6688	0.0744012136421911
772.2518	0.0742944162064804
770.8348	0.0751730663160981
769.4178	0.0758526310759699
768.0009	0.076864674070835
766.5839	0.0785733606080337
765.1669	0.079087041641458
763.7499	0.079425435363852
762.333	0.0792285825582451
760.916	0.0799958829909313
759.499	0.0808104909847947
758.082	0.0799225913367447
756.6651	0.0793850634884485
755.2481	0.0790233596223766
753.8311	0.0792721649005741
752.4141	0.0784525582463585
750.9971	0.0772870878901522
749.5802	0.076684316366453
748.1632	0.0772515225031692
746.7462	0.0748556382837432
745.3292	0.0747585572082082
743.9123	0.0752406752179329
742.4953	0.0734301691102539
741.0783	0.0743150466271332
739.6613	0.0733501390931565
738.2444	0.0731571386892091
736.8274	0.0731807133285269
735.4104	0.0726738592370101
733.9934	0.0735867026320666
732.5765	0.0726389853187911
731.1595	0.0736791134138943
729.7425	0.0739674180702033
728.3255	0.073763519372935
726.9086	0.0746606049725336
725.4916	0.0746722396280692
724.0746	0.0752260194633516
722.6576	0.0758799556204596
721.2407	0.0757501560101464
719.8237	0.0769739369272608
718.4067	0.077690478734298
716.9897	0.0789002559529092
715.5728	0.0793419039934893
714.1558	0.0802734987683965
712.7388	0.0815026254080552
711.3218	0.0824071612900844
709.9049	0.0829631296932238
708.4879	0.0833902299617392
707.0709	0.0837415904019068
705.6539	0.0842081133346309
704.2369	0.0838198719995814
702.82	0.0841340454192735
701.403	0.0842100449231395
699.986	0.0846820902337709
698.569	0.0843598951919611
697.1521	0.0843012128074681
695.7351	0.08332686675648
694.3181	0.0834582098774815
692.9011	0.0830454961439863
691.4842	0.0829886662964378
690.0672	0.0829594078571571
688.6502	0.0830347523140725
687.2332	0.0827567171828011
685.8163	0.0834890580419527
684.3993	0.0835120917802066
682.9823	0.0830921114868882
681.5653	0.083164476523828
680.1484	0.0835481032907211
678.7314	0.0837549892509303
677.3144	0.083598512947311
675.8974	0.0830653114144617
674.4805	0.0836241073028957
673.0635	0.0836768633565574
671.6465	0.0837832681965392
670.2295	0.084474297373828
668.8126	0.0856323184508624
667.3956	0.0857109047068742
665.9786	0.0860979714666193
664.5616	0.0866689391296633
663.1447	0.0863450490030871
661.7277	0.0859661343273277
660.3107	0.0866891507725041
658.8937	0.0868521207004748
657.4767	0.0864781527739859
656.0598	0.0879377971966606
654.6428	0.0871541807685232
653.2258	0.088049785825188
651.8088	0.088604344336966
650.3919	0.0887241601573553
648.9749	0.0881390295328987
647.5579	0.0886834856180003
646.1409	0.0886194503202691
644.724	0.0888106075417599
643.307	0.0889194414794569
641.89	0.0890308693994549
640.473	0.0889755087533786
639.0561	0.0900104383234741
637.6391	0.0898182055350639
636.2221	0.0894001378817552
634.8051	0.0904295658507927
633.3882	0.0911713114109598
631.9712	0.0917684966623681
630.5542	0.0925958249663667
629.1372	0.092438925810366
627.7203	0.0925954659802179
626.3033	0.0932651016095152
624.8863	0.093882725689399
623.4693	0.0933988006773936
622.0524	0.0947798454691243
620.6354	0.0963714943628752
619.2184	0.097620353235692
617.8014	0.09757239089686
616.3845	0.0989679666068797
614.9675	0.100779613996704
613.5505	0.101317709613222
612.1335	0.102488856662864
610.7165	0.103286739353615
609.2996	0.104344310580573
607.8826	0.104706155607861
606.4656	0.105343202622988
605.0486	0.104488806916674
603.6317	0.105672669440439
602.2147	0.105161277643755
600.7977	0.105234794595755
599.3807	0.105871651458144
597.9638	0.105810447720909
596.5468	0.106189620156229
595.1298	0.105909988600363
593.7128	0.104927124254361
592.2959	0.105944581865376
590.8789	0.106832149537565
589.4619	0.106521562275977
588.0449	0.107389982487434
586.628	0.107974619652914
585.211	0.110028082620778
583.794	0.111175117737766
582.377	0.111744511660972
580.9601	0.112922437358189
579.5431	0.115834335319186
578.1261	0.117344614795857
576.7091	0.118465173873663
575.2922	0.119432576513731
573.8752	0.120283979467489
572.4582	0.119948675638736
571.0412	0.120328241256776
569.6243	0.120486007569989
568.2073	0.120133477593332
566.7903	0.120456159520693
565.3733	0.119698121839674
563.9563	0.120292111832129
562.5394	0.118992984681875
561.1224	0.119034043677156
559.7054	0.119781922522159
558.2884	0.118477142368065
556.8715	0.117692818945279
555.4545	0.117237389178007
554.0375	0.116934436961591
552.6205	0.116944422162097
551.2036	0.116866013527243
549.7866	0.116782743613966
548.3696	0.116022109763331
546.9526	0.11508486914218
545.5357	0.114958724490195
544.1187	0.115155436956612
542.7017	0.115892566377675
541.2847	0.116473926688306
539.8678	0.117081053834286
538.4508	0.117068332638854
537.0338	0.118427224584025
535.6168	0.119182528216846
534.1999	0.119229256026136
532.7829	0.121987116610401
531.3659	0.121387079122327
529.9489	0.122916277342198
528.532	0.123291947631271
527.115	0.124145986336863
525.698	0.125736404421266
524.281	0.126880155258974
522.8641	0.127553003557932
521.4471	0.126958526321038
520.0301	0.127351201343793
518.6131	0.126692635751437
517.1962	0.126700921088952
515.7792	0.127011983487436
514.3622	0.12706162122535
512.9452	0.126338248709487
511.5282	0.12772827886959
510.1113	0.12759765151354
508.6943	0.126972048442561
507.2773	0.127185590438612
505.8603	0.126513310753227
504.4434	0.125077318550884
503.0264	0.124790909717358
501.6094	0.124372283076458
500.1924	0.124785490360984
498.7755	0.125241985185545
497.3585	0.12474615442863
495.9415	0.125535267433487
494.5245	0.125614134848965
493.1076	0.125504827535222
491.6906	0.124697735096863
490.2736	0.125656745002282
488.8566	0.124718896422798
487.4397	0.124527318894438
486.0227	0.125335194874938
484.6057	0.126150472644915
483.1887	0.126600680526423
481.7718	0.126426777125766
480.3548	0.126493512818411
478.9378	0.127078799519635
477.5208	0.12659693594361
476.1039	0.126466186602213
474.6869	0.12613189950151
473.2699	0.126634436448139
471.8529	0.127021233281456
470.436	0.126449216660637
469.019	0.126614310488282
467.602	0.125665992952938
466.185	0.124395662223258
464.768	0.124616136636279
463.3511	0.124933010185165
461.9341	0.124156819391443
460.5171	0.124653838275298
459.1001	0.124696091225314
457.6832	0.123515267617159
456.2662	0.122803774536169
454.8492	0.123691760567591
453.4322	0.12366893788433
452.0153	0.123880594303765
450.5983	0.124137076945573
449.1813	0.123710031036405
447.7643	0.12540568223612
446.3474	0.127013649800322
444.9304	0.128247244067205
443.5134	0.130560604177992
442.0964	0.13181646218514
440.6795	0.132191816147156
439.2625	0.13215431422919
437.8455	0.132092109797649
436.4285	0.131747963591483
435.0116	0.131043359126126
433.5946	0.13158798224376
432.1776	0.13285143923258
430.7606	0.132850775302714
429.3437	0.133419133774903
427.9267	0.134427719806139
426.5097	0.134154670990237
425.0927	0.135460219671126
423.6758	0.135651979016655
422.2588	0.135188868080315
420.8418	0.134699842098029
419.4248	0.134521924814132
418.0078	0.135259032602885
416.5909	0.135578260363071
415.1739	0.136956858621357
413.7569	0.137282151221255
412.3399	0.137853237559656
410.923	0.137528819707547
409.506	0.138020804284513
408.089	0.137833143703614
406.672	0.139210180254083
405.2551	0.140200456717064
403.8381	0.141278552538356
402.4211	0.142305971341953
401.0041	0.142222549875091
