3994.4546	0.0180941256508673
3993.0377	0.0183911903223073
3991.6207	0.018613943779688
3990.2037	0.0181941395822298
3988.7867	0.017976347142103
3987.3698	0.0181992315226685
3985.9528	0.0176216088060425
3984.5358	0.0178413625205018
3983.1188	0.0184649481290235
3981.7019	0.0178189292249731
3980.2849	0.018061608601602
3978.8679	0.0188530933207446
3977.4509	0.0178852264174391
3976.034	0.018424577188507
3974.617	0.0183339987175481
3973.2	0.0189362907503557
3971.783	0.0183008355535501
3970.3661	0.0181534541516082
3968.9491	0.0177908510114102
3967.5321	0.0180973546391729
3966.1151	0.0185502263114139
3964.6982	0.018076040035975
3963.2812	0.0177367276188288
3961.8642	0.017881768176372
3960.4472	0.0183557813729022
3959.0303	0.0179457932747763
3957.6133	0.018539897888729
3956.1963	0.0170971382116496
3954.7793	0.0178346032420021
3953.3624	0.0179323849100773
3951.9454	0.0177090414391327
3950.5284	0.0177696768642565
3949.1114	0.0176603863638095
3947.6944	0.0184382170592277
3946.2775	0.0178379428619976
3944.8605	0.0179601096674774
3943.4435	0.018300380784676
3942.0265	0.0180970438245424
3940.6096	0.017577017011583
3939.1926	0.0181564883970943
3937.7756	0.0172903229529313
3936.3586	0.0178234641901415
3934.9417	0.0176929394941371
3933.5247	0.0178344252445397
3932.1077	0.0193135536888731
3930.6907	0.0179475271571199
3929.2738	0.0174499170935391
3927.8568	0.0179072345218733
3926.4398	0.0183833860139685
3925.0228	0.0184920340954298
3923.6059	0.0178080707001016
3922.1889	0.0178079740986176
3920.7719	0.0172490121915124
3919.3549	0.0176817441320636
3917.938	0.0176463805477076
3916.521	0.0176657391401734
3915.104	0.0175967637628193
3913.687	0.0174780904865703
3912.2701	0.0179004065678111
3910.8531	0.0183907103636061
3909.4361	0.0173585579233099
3908.0191	0.0174536121359245
3906.6022	0.0182120122309062
3905.1852	0.0173107675784257
3903.7682	0.0174447186315452
3902.3512	0.0173055956676075
3900.9342	0.0177201983918916
3899.5173	0.0180463511751349
3898.1003	0.0176998463760391
3896.6833	0.0179794165543056
3895.2663	0.0183631746091886
3893.8494	0.0180275346003148
3892.4324	0.0179629359627008
3891.0154	0.017319156139361
3889.5984	0.0177471938772993
3888.1815	0.0171804124573215
3886.7645	0.0172968686703579
3885.3475	0.0174141478113442
3883.9305	0.0172785581743073
3882.5136	0.0167687588893658
3881.0966	0.0179750858309369
3879.6796	0.0175802152248352
3878.2626	0.0183367389636174
3876.8457	0.0174841728732518
3875.4287	0.0180665826983347
3874.0117	0.0173412772040381
3872.5947	0.01793218444557
3871.1778	0.0177931113580001
3869.7608	0.0177093870298204
3868.3438	0.0177160874881646
3866.9268	0.0178169055430504
3865.5099	0.0175843594910318
3864.0929	0.0175389496626746
3862.6759	0.0170932361165388
3861.2589	0.0168470457647149
3859.842	0.017347586137477
3858.425	0.017176885296777
3857.008	0.0173896775062288
3855.591	0.017974662208786
3854.174	0.0174901464898093
3852.7571	0.0175472029908488
3851.3401	0.0176392060238799
3849.9231	0.0168615295808168
3848.5061	0.0172363369432124
3847.0892	0.0173896977428986
3845.6722	0.0162570252664665
3844.2552	0.0170597500900834
3842.8382	0.0175051737133278
3841.4213	0.0172707808057945
3840.0043	0.0171894846085326
3838.5873	0.0171134950356091
3837.1703	0.0179836673848901
3835.7534	0.0174248683890284
3834.3364	0.0169692127657548
3832.9194	0.0174293157384296
3831.5024	0.0173203222101965
3830.0855	0.0172746703770952
3828.6685	0.0173571754392362
3827.2515	0.0170915033614427
3825.8345	0.0175853461909855
3824.4176	0.0174985053348264
3823.0006	0.0172644419591529
3821.5836	0.0178005162925352
3820.1666	0.0176077358752944
3818.7497	0.0177400817599784
3817.3327	0.0169688971383295
3815.9157	0.0173470819882416
3814.4987	0.0170362186458219
3813.0818	0.0175763452166395
3811.6648	0.0175716061210842
3810.2478	0.0165968925165669
3808.8308	0.0164984391297478
3807.4138	0.0168810181939354
3805.9969	0.0179778848218333
3804.5799	0.016467087661432
3803.1629	0.0170205507350237
3801.7459	0.0166767137068581
3800.329	0.017435650420517
3798.912	0.0175619223011601
3797.495	0.0173110814165528
3796.078	0.0169957766671809
3794.6611	0.016223681430231
3793.2441	0.0171987754496258
3791.8271	0.016676003412327
3790.4101	0.0168999471009496
3788.9932	0.0168766317231499
3787.5762	0.0165381820877889
3786.1592	0.0166782865159295
3784.7422	0.0171896614606691
3783.3253	0.0163160039832545
3781.9083	0.0171288216418517
3780.4913	0.0169091820621819
3779.0743	0.0174108563056778
3777.6574	0.016970916690058
3776.2404	0.0170442044538485
3774.8234	0.0167540101889329
3773.4064	0.0172578122050663
3771.9895	0.0168718385890389
3770.5725	0.0170613783185222
3769.1555	0.0164417308401311
3767.7385	0.0164879713588066
3766.3216	0.0168989884246656
3764.9046	0.0168121373217766
3763.4876	0.0171294595684924
3762.0706	0.0161019554752978
3760.6536	0.0165603857297313
3759.2367	0.016595241805909
3757.8197	0.0160823508037171
3756.4027	0.0162724208567506
3754.9857	0.0171343880655219
3753.5688	0.0166790674524082
3752.1518	0.016445311188807
3750.7348	0.0176494294323666
3749.3178	0.0165394459775558
3747.9009	0.0165366625820695
3746.4839	0.01636018171071
3745.0669	0.0167958583139865
3743.6499	0.0163698840508528
3742.233	0.0165710259089371
3740.816	0.0168633961559603
3739.399	0.0170820921749719
3737.982	0.016514266456153
3736.5651	0.0163479914515253
3735.1481	0.0156604418469554
3733.7311	0.0159242903922289
3732.3141	0.0163224196189397
3730.8972	0.0163055470309474
3729.4802	0.0156672509476126
3728.0632	0.0167111982293497
3726.6462	0.0148453847096691
3725.2293	0.0161302751368303
3723.8123	0.0164521605089313
3722.3953	0.0158277577174027
3720.9783	0.0161350824442047
3719.5614	0.015934736942394
3718.1444	0.0160227952609859
3716.7274	0.0164990125661716
3715.3104	0.0153787754590644
3713.8935	0.0154715269298988
3712.4765	0.0154798242433427
3711.0595	0.0157822286598499
3709.6425	0.0164609126393318
3708.2255	0.0163214066418076
3706.8086	0.0163808096433452
3705.3916	0.0155197352345351
3703.9746	0.0165532675636095
3702.5576	0.0159145562956519
3701.1407	0.0163310341925365
3699.7237	0.0159520590465449
3698.3067	0.0163440201510172
3696.8897	0.0157125243245819
3695.4728	0.0155496669555786
3694.0558	0.0160528144185787
3692.6388	0.0157147565846049
3691.2218	0.0155306422670727
3689.8049	0.0154951361255481
3688.3879	0.015387494117839
3686.9709	0.0160960884631916
3685.5539	0.0159232989024776
3684.137	0.0158970814131374
3682.72	0.0161252764910051
3681.303	0.0158374010457957
3679.886	0.0161509882634669
3678.4691	0.0156604018568408
3677.0521	0.0162906452533016
3675.6351	0.0146930441371004
3674.2181	0.0153248784477072
3672.8012	0.0157514613138393
3671.3842	0.0150737443434578
3669.9672	0.0157744253763826
3668.5502	0.0163994600757219
3667.1333	0.0157883507844202
3665.7163	0.0151661014113293
3664.2993	0.0152449273370914
3662.8823	0.0165510398179364
3661.4653	0.01581463029606
3660.0484	0.01581190441112
3658.6314	0.0157206833858686
3657.2144	0.0158593641082883
3655.7974	0.0167585125115245
3654.3805	0.0160710437705955
3652.9635	0.0159302777865448
3651.5465	0.0162594588198017
3650.1295	0.0153984667332154
3648.7126	0.0165397536691081
3647.2956	0.0158774579834404
3645.8786	0.0163729404826606
3644.4616	0.0168735915516205
3643.0447	0.0164072609506495
3641.6277	0.0161714356860846
3640.2107	0.0163405295791526
3638.7937	0.0172881943778521
3637.3768	0.0168311136927167
3635.9598	0.0161303862154719
3634.5428	0.0163971351849684
3633.1258	0.0166341479582938
3631.7089	0.0167441680263327
3630.2919	0.0164318987568897
3628.8749	0.0172747010650584
3627.4579	0.0174096634212866
3626.041	0.0171691647493727
3624.624	0.0168235902962198
3623.207	0.0173044410825185
3621.79	0.0172765245629926
3620.3731	0.0176620293239372
3618.9561	0.0181385313288516
3617.5391	0.0176491737036654
3616.1221	0.017273340563152
3614.7051	0.0179065673897467
3613.2882	0.0181421530743163
3611.8712	0.0182916148869877
3610.4542	0.0179414626380791
3609.0372	0.0181667403272991
3607.6203	0.018776953375327
3606.2033	0.0182974977900192
3604.7863	0.0185802710747432
3603.3693	0.0183892727074761
3601.9524	0.0190973629102813
3600.5354	0.0190370180638476
3599.1184	0.0187864345956079
3597.7014	0.0184080780011688
3596.2845	0.0189082973659735
3594.8675	0.0191960509313708
3593.4505	0.0202517292531461
3592.0335	0.0190895404957202
3590.6166	0.0202369709559071
3589.1996	0.019418015989991
3587.7826	0.0199148775896868
3586.3656	0.0215817123321417
3584.9487	0.0200534217535951
3583.5317	0.0198600715227373
3582.1147	0.0211586249990923
3580.6977	0.0205193710590924
3579.2808	0.0214924268589828
3577.8638	0.0208628067130437
3576.4468	0.021589568155795
3575.0298	0.0215239093725842
3573.6129	0.020992582018174
3572.1959	0.0229308317610578
3570.7789	0.022115295676362
3569.3619	0.023034449321551
3567.9449	0.0229838729549675
3566.528	0.0232036158137112
3565.111	0.0231839746396611
3563.694	0.0236373562609734
3562.277	0.0239542741979914
3560.8601	0.0241152785694141
3559.4431	0.0240550966646413
3558.0261	0.0245616315027194
3556.6091	0.0242430683367801
3555.1922	0.0252110524733929
3553.7752	0.0248478364011762
3552.3582	0.0258088127655907
3550.9412	0.0249220674571066
3549.5243	0.0253216656806575
3548.1073	0.0253176610982284
3546.6903	0.0259892618395557
3545.2733	0.0268351478776672
3543.8564	0.0267636707988883
3542.4394	0.0258029665962138
3541.0224	0.0265920986326868
3539.6054	0.0274706416404256
3538.1885	0.0282428626351622
3536.7715	0.0283266873709206
3535.3545	0.0285089486696326
3533.9375	0.0280015914622376
3532.5206	0.0291136184647892
3531.1036	0.029204655067113
3529.6866	0.0290130106476026
3528.2696	0.0295719248710011
3526.8527	0.0298041693907578
3525.4357	0.0304768292661382
3524.0187	0.0309512521235824
3522.6017	0.0303450299606693
3521.1847	0.030045262474481
3519.7678	0.0309277588826425
3518.3508	0.0305613750466567
3516.9338	0.0313505845033404
3515.5168	0.032032150636253
3514.0999	0.0322904255835308
3512.6829	0.0322065525069773
3511.2659	0.0324683984978952
3509.8489	0.0325699688366831
3508.432	0.0330279783949638
3507.015	0.0325917168950867
3505.598	0.0334093504051611
3504.181	0.0342562891998044
3502.7641	0.0339730970757989
3501.3471	0.0343061946097913
3499.9301	0.0342929118455395
3498.5131	0.0345318299837536
3497.0962	0.0350274771678054
3495.6792	0.035042778717088
3494.2622	0.0356011667411868
3492.8452	0.0358722970323039
3491.4283	0.0359309604824253
3490.0113	0.0360956187352853
3488.5943	0.0370384989512494
3487.1773	0.0365429819241531
3485.7604	0.0367587841787416
3484.3434	0.037256744514317
3482.9264	0.0369173567136863
3481.5094	0.0383096025316564
3480.0925	0.03855183573917
3478.6755	0.038691926942511
3477.2585	0.0388524624504765
3475.8415	0.0386490949619019
3474.4245	0.0393710002794712
3473.0076	0.0390501341454416
3471.5906	0.0396047744998463
3470.1736	0.0392754405307538
3468.7566	0.0397469486050205
3467.3397	0.04013456572697
3465.9227	0.0413130221066041
3464.5057	0.0401666312082771
3463.0887	0.0407599556110125
3461.6718	0.041231812256194
3460.2548	0.0407687778984597
3458.8378	0.0410703926984577
3457.4208	0.0418847889779267
3456.0039	0.0423287660420789
3454.5869	0.0422390063444298
3453.1699	0.0428226871974887
3451.7529	0.0433017509470952
3450.336	0.042843033807403
3448.919	0.0431696722433696
3447.502	0.0434822790945688
3446.085	0.0441955568350196
3444.6681	0.0443914616779472
3443.2511	0.0441066177119373
3441.8341	0.0440109585406344
3440.4171	0.0448893322589299
3439.0002	0.0448717793132179
3437.5832	0.0449862929616694
3436.1662	0.0457652702482457
3434.7492	0.0446851994297093
3433.3323	0.0457614574899462
3431.9153	0.0456330394522274
3430.4983	0.0453454389214305
3429.0813	0.0462389968629289
3427.6643	0.0460826618844309
3426.2474	0.0462704457509324
3424.8304	0.0471136828100256
3423.4134	0.0470511690486309
3421.9964	0.0478951578694804
3420.5795	0.046834594372733
3419.1625	0.0479686969814137
3417.7455	0.0478403224705559
3416.3285	0.0482618941640847
3414.9116	0.0484043525150578
3413.4946	0.0481736945143662
3412.0776	0.0483556648347139
3410.6606	0.0487468274534013
3409.2437	0.0494874244534426
3407.8267	0.0492267443389878
3406.4097	0.0495797874175786
3404.9927	0.0499849643393802
3403.5758	0.0498665207739538
3402.1588	0.0506593927109953
3400.7418	0.0503513125892189
3399.3248	0.0507474536556416
3397.9079	0.0510121765506119
3396.4909	0.0510966285981696
3395.0739	0.0508235006608975
3393.6569	0.051208450679967
3392.24	0.0513723105595355
3390.823	0.0511871305733746
3389.406	0.0514863943832579
3387.989	0.0514930932660192
3386.5721	0.0514941475184128
3385.1551	0.0525400847803511
3383.7381	0.0527131779892229
3382.3211	0.0525826680318881
3380.9041	0.0527333136624715
3379.4872	0.0523341946669453
3378.0702	0.0524486403480232
3376.6532	0.0530115780990652
3375.2362	0.0536311373670327
3373.8193	0.053947595460401
3372.4023	0.053441008188573
3370.9853	0.0548555223315324
3369.5683	0.0541118740228697
3368.1514	0.0542135747580396
3366.7344	0.054354536343285
3365.3174	0.0544330560563541
3363.9004	0.0544781943186418
3362.4835	0.0547016072076598
3361.0665	0.0546443134570968
3359.6495	0.055147133116672
3358.2325	0.0549223459544314
3356.8156	0.0556242198007731
3355.3986	0.0551324630602283
3353.9816	0.0554049088909706
3352.5646	0.0556588434216683
3351.1477	0.0560143391454392
3349.7307	0.0562335873071525
3348.3137	0.0562991889670495
3346.8967	0.0563816763660571
3345.4798	0.0552878498993883
3344.0628	0.0563892262526654
3342.6458	0.0565687696168169
3341.2288	0.0563795051651348
3339.8119	0.0565779866318834
3338.3949	0.0571189209008944
3336.9779	0.0568723170561725
3335.5609	0.0563002346135468
3334.1439	0.0567713024198352
3332.727	0.0569576136630575
3331.31	0.0573001577390229
3329.893	0.0576938502844798
3328.476	0.0568040529317941
3327.0591	0.0572944491563516
3325.6421	0.057255179713547
3324.2251	0.0577134705741923
3322.8081	0.0576303469111471
3321.3912	0.0571191785992327
3319.9742	0.0582538416287064
3318.5572	0.058031178569567
3317.1402	0.0581643623870439
3315.7233	0.057774186106152
3314.3063	0.0583801122074614
3312.8893	0.0577212366173889
3311.4723	0.0581314794935313
3310.0554	0.058248050770495
3308.6384	0.0582733950903637
3307.2214	0.0584260706061507
3305.8044	0.0585173217303829
3304.3875	0.0579422573735451
3302.9705	0.0584951599189074
3301.5535	0.0577393177623732
3300.1365	0.0578015670812596
3298.7196	0.0590043042092139
3297.3026	0.0582174354444872
3295.8856	0.0588883089439254
3294.4686	0.0584781996679196
3293.0517	0.0584215267259575
3291.6347	0.0582309829049602
3290.2177	0.0579960246406523
3288.8007	0.0579269087611428
3287.3837	0.0585762398343911
3285.9668	0.0592897940735701
3284.5498	0.0583361624467039
3283.1328	0.0583829214231787
3281.7158	0.0587606786629556
3280.2989	0.0590812820142852
3278.8819	0.0590944794601634
3277.4649	0.0587935300766941
3276.0479	0.0587407652952332
3274.631	0.058934751522965
3273.214	0.0589302299852839
3271.797	0.0587517665500815
3270.38	0.0587771201247998
3268.9631	0.0579562297308538
3267.5461	0.0581211737828313
3266.1291	0.0587205020665457
3264.7121	0.0575242802141149
3263.2952	0.0587314794236355
3261.8782	0.059252287286643
3260.4612	0.0576135447848825
3259.0442	0.0585606840385231
3257.6273	0.0580460207527501
3256.2103	0.0583178675797652
3254.7933	0.0583862234608411
3253.3763	0.0587153473519099
3251.9594	0.0589126416233737
3250.5424	0.0582723209804279
3249.1254	0.0587398931046741
3247.7084	0.0590919471417333
3246.2915	0.0585181188596537
3244.8745	0.0586142930379298
3243.4575	0.0582183040236563
3242.0405	0.0588281802058666
3240.6235	0.0582710114956412
3239.2066	0.0582389769042154
3237.7896	0.0575596861750381
3236.3726	0.0588729961251848
3234.9556	0.0582245469122895
3233.5387	0.0586597766226226
3232.1217	0.0582077533633744
3230.7047	0.0581664847987567
3229.2877	0.05894021169866
3227.8708	0.0581573195726747
3226.4538	0.0583565576251528
3225.0368	0.058581634153273
3223.6198	0.0579088196307622
3222.2029	0.0572699937343593
3220.7859	0.0575204715221828
3219.3689	0.0570852704563954
3217.9519	0.058010315541104
3216.535	0.0579100601521105
3215.118	0.057241792560681
3213.701	0.0573365582082363
3212.284	0.0572187964396528
3210.8671	0.0568250869384868
3209.4501	0.0569331863913673
3208.0331	0.0562256754621315
3206.6161	0.0569765867215742
3205.1992	0.0560683291756964
3203.7822	0.0561259994465739
3202.3652	0.0561154624800488
3200.9482	0.0565719069584447
3199.5313	0.0562701018530405
3198.1143	0.0564202563616544
3196.6973	0.0557297141848868
3195.2803	0.0560276754874571
3193.8633	0.0559237952281327
3192.4464	0.0552327451290725
3191.0294	0.0563700728623044
3189.6124	0.0549968487581931
3188.1954	0.0547310064046237
3186.7785	0.055373814762725
3185.3615	0.0549721317347604
3183.9445	0.0552454979825753
3182.5275	0.054836664994389
3181.1106	0.0544833875014606
3179.6936	0.0539592708282521
3178.2766	0.0537903516821342
3176.8596	0.0542406361255098
3175.4427	0.053756318417804
3174.0257	0.054463318912307
3172.6087	0.0545415405938875
3171.1917	0.0542845351222064
3169.7748	0.0539031975261485
3168.3578	0.05378513552753
3166.9408	0.0533110989691709
3165.5238	0.052550706106946
3164.1069	0.0536524493870016
3162.6899	0.0536653920502877
3161.2729	0.0524043745754969
3159.8559	0.0528085579851121
3158.439	0.0525409116433086
3157.022	0.0523318004965178
3155.605	0.052656536027639
3154.188	0.05203720324004
3152.7711	0.0527441764499106
3151.3541	0.0514779898734672
3149.9371	0.0522496819845838
3148.5201	0.0517460648934855
3147.1031	0.0508297650712063
3145.6862	0.0513137099033067
3144.2692	0.0508612909101278
3142.8522	0.0511061314504271
3141.4352	0.0513782241459263
3140.0183	0.0507817658031545
3138.6013	0.0510361566699338
3137.1843	0.0507670807519849
3135.7673	0.0504391589191792
3134.3504	0.0509392599779284
3132.9334	0.0499075064319086
3131.5164	0.0496252175348538
3130.0994	0.0490636342026174
3128.6825	0.0500725631697489
3127.2655	0.0500892155775587
3125.8485	0.0492456141873026
3124.4315	0.0490683360353325
3123.0146	0.0484862290339342
3121.5976	0.048697425060993
3120.1806	0.0484916371677389
3118.7636	0.0482293013224708
3117.3467	0.0479574468292002
3115.9297	0.0478747931133021
3114.5127	0.047814497116254
3113.0957	0.0481101449133418
3111.6788	0.048636281872833
3110.2618	0.0478217790888856
3108.8448	0.0473683717316704
3107.4278	0.0477422424533993
3106.0109	0.0471305005464498
3104.5939	0.0470757102124403
3103.1769	0.0465664014166047
3101.7599	0.0465655314904987
3100.3429	0.046477080127895
3098.926	0.0466221987882804
3097.509	0.0463267748519451
3096.092	0.0459193960075999
3094.675	0.0466654077014559
3093.2581	0.0460537484568224
3091.8411	0.0457340899702922
3090.4241	0.0458502384761113
3089.0071	0.0452343733717729
3087.5902	0.0458277001582121
3086.1732	0.045940608025888
3084.7562	0.0461193613593074
3083.3392	0.0446095746380489
3081.9223	0.0445094954710722
3080.5053	0.0444362288296443
3079.0883	0.0440463979596773
3077.6713	0.0444755177582318
3076.2544	0.0442446635890558
3074.8374	0.0441279431352815
3073.4204	0.0443896793974859
3072.0034	0.0438864489479314
3070.5865	0.0433220551062703
3069.1695	0.0441759628593484
3067.7525	0.044138899230601
3066.3355	0.0440888209500779
3064.9186	0.0433136646672243
3063.5016	0.0435720231230088
3062.0846	0.0433072512670957
3060.6676	0.0427686136726962
3059.2507	0.0426012856334045
3057.8337	0.0423698945517182
3056.4167	0.0418639637999183
3054.9997	0.0420078872121182
3053.5827	0.0415810632412393
3052.1658	0.041930796135968
3050.7488	0.0415155201713663
3049.3318	0.0409937663063061
3047.9148	0.0415548246851716
3046.4979	0.0408855035637519
3045.0809	0.0413954882033406
3043.6639	0.040636059220476
3042.2469	0.0407992681814881
3040.83	0.0411106962521572
3039.413	0.0405983396141495
3037.996	0.0404032327064978
3036.579	0.0411208936755158
3035.1621	0.0403976340789742
3033.7451	0.0393656791764943
3032.3281	0.0402449245746034
3030.9111	0.0395758421912862
3029.4942	0.0395495957186901
3028.0772	0.0388788200431772
3026.6602	0.0390413493812524
3025.2432	0.0390049102430675
3023.8263	0.0395365571521971
3022.4093	0.0382294040255947
3020.9923	0.0392853187777253
3019.5753	0.0387253533881006
3018.1584	0.0387881483156828
3016.7414	0.0388955934164956
3015.3244	0.0381998681883576
3013.9074	0.0377963409344562
3012.4905	0.0385582362583786
3011.0735	0.0380195079341193
3009.6565	0.0381930933016782
3008.2395	0.0388340708434671
3006.8225	0.0378525334983637
3005.4056	0.0385784304607924
3003.9886	0.0381797608284172
3002.5716	0.0373492100669043
3001.1546	0.0378915738667799
2999.7377	0.0377841404201682
2998.3207	0.0376411228317748
2996.9037	0.0365598807251696
2995.4867	0.0373143075951479
2994.0698	0.0376514478456073
2992.6528	0.0367996964049231
2991.2358	0.0371280241741121
2989.8188	0.0376447557049166
2988.4019	0.0376252241735
2986.9849	0.037850736563576
2985.5679	0.0379744941786324
2984.1509	0.0378973616440442
2982.734	0.037733410945881
2981.317	0.0378386473788059
2979.9	0.0379322910485815
2978.483	0.0376608431799116
2977.0661	0.0376812202276587
2975.6491	0.0378625101317645
2974.2321	0.0386090414375981
2972.8151	0.039043844946836
2971.3982	0.0388196793517712
2969.9812	0.0396129726944325
2968.5642	0.039490036039271
2967.1472	0.0395979898903308
2965.7303	0.0399732447337357
2964.3133	0.0391725020348872
2962.8963	0.0401540270021072
2961.4793	0.0401925729362193
2960.0623	0.0403685427643712
2958.6454	0.0406221347871372
2957.2284	0.0402968299321627
2955.8114	0.0410305769807611
2954.3944	0.0407806209274632
2952.9775	0.0410114060748257
2951.5605	0.0417090462912962
2950.1435	0.0414713617201517
2948.7265	0.0418877846790314
2947.3096	0.0432475268942266
2945.8926	0.0436281677851897
2944.4756	0.0438380472740572
2943.0586	0.0436806849306854
2941.6417	0.0438523761168668
2940.2247	0.0448087537397142
2938.8077	0.0446798429078511
2937.3907	0.0448356305998074
2935.9738	0.0453349431946431
2934.5568	0.0460098306942796
2933.1398	0.0459081489810703
2931.7228	0.0459123347786255
2930.3059	0.0466069969714038
2928.8889	0.0464280210672818
2927.4719	0.0465445242447368
2926.0549	0.046628405401621
2924.638	0.0466542082716466
2923.221	0.0470489632086202
2921.804	0.0468225826485429
2920.387	0.0465161060247316
2918.9701	0.0470716937847013
2917.5531	0.0464984267680079
2916.1361	0.0461866828647463
2914.7191	0.046105907958994
2913.3021	0.0468053866928019
2911.8852	0.0455845837166574
2910.4682	0.0457959263082457
2909.0512	0.0467297815783404
2907.6342	0.0455101124431858
2906.2173	0.0457849302813726
2904.8003	0.0458773322954474
2903.3833	0.0454015116835717
2901.9663	0.0451825320573667
2900.5494	0.045418986329064
2899.1324	0.0461146646146382
2897.7154	0.0456594032310238
2896.2984	0.0452323772713275
2894.8815	0.04567563010954
2893.4645	0.0454778632512371
2892.0475	0.0457707856907261
2890.6305	0.0454486372743577
2889.2136	0.0449260437429863
2887.7966	0.0449230754795042
2886.3796	0.0452429188913598
2884.9626	0.0439307368387573
2883.5457	0.0441680814405516
2882.1287	0.04424663531703
2880.7117	0.0444589859554242
2879.2947	0.0449000576131112
2877.8778	0.0443815698147777
2876.4608	0.0438897547690435
2875.0438	0.0441209778091819
2873.6268	0.0433049564017455
2872.2099	0.0435185963798031
2870.7929	0.0442303971480763
2869.3759	0.0422588189986088
2867.9589	0.0432348827408162
2866.5419	0.0427014153781976
2865.125	0.0427297185717338
2863.708	0.0420330976060743
2862.291	0.0427737069578961
2860.874	0.0417178521376518
2859.4571	0.0420730180772507
2858.0401	0.041765094603148
2856.6231	0.041560513135276
2855.2061	0.0416999946863265
2853.7892	0.0412392084070033
2852.3722	0.0413074397286639
2850.9552	0.0414584691513608
2849.5382	0.0418782637163085
2848.1213	0.0410762862128234
2846.7043	0.0405354909199598
2845.2873	0.0405754709548114
2843.8703	0.0399120634748022
2842.4534	0.0396246835812413
2841.0364	0.0401132666386338
2839.6194	0.0398910364903705
2838.2024	0.039553708575043
2836.7855	0.0389710228781552
2835.3685	0.0389918770742683
2833.9515	0.039465227318673
2832.5345	0.0387323197655909
2831.1176	0.0392749263664208
2829.7006	0.0385180024591252
2828.2836	0.0389884296305896
2826.8666	0.0386760835355147
2825.4497	0.038515636563121
2824.0327	0.0381115388170911
2822.6157	0.0378732006769011
2821.1987	0.0388093905750001
2819.7817	0.0381716946956865
2818.3648	0.0381747053524738
2816.9478	0.037594590426471
2815.5308	0.0374125475307083
2814.1138	0.0367853704930122
2812.6969	0.037841839857881
2811.2799	0.036418085917685
2809.8629	0.0368232054198933
2808.4459	0.0375243319236737
2807.029	0.0375849848264054
2805.612	0.0369743686875697
2804.195	0.0373196806453879
2802.778	0.0370729182084867
2801.3611	0.0362672454729898
2799.9441	0.0363071056898101
2798.5271	0.0368078730703348
2797.1101	0.0368149550814797
2795.6932	0.0364822676540654
2794.2762	0.0359511709820101
2792.8592	0.0359854917843041
2791.4422	0.0357876524867338
2790.0253	0.036416793615206
2788.6083	0.0365779610549104
2787.1913	0.0360869718979319
2785.7743	0.0353751095760868
2784.3574	0.0362529536829258
2782.9404	0.0357273779408385
2781.5234	0.0348167739789125
2780.1064	0.0361811144001752
2778.6895	0.0352908192277408
2777.2725	0.0357322394597519
2775.8555	0.0358070051754093
2774.4385	0.035498010797314
2773.0215	0.0355203732558076
2771.6046	0.0357931029992263
2770.1876	0.0349310554880704
2768.7706	0.0353271673842016
2767.3536	0.0344809430780637
2765.9367	0.0356961047478902
2764.5197	0.0345485267732687
2763.1027	0.0353147429913658
2761.6857	0.0352782741763239
2760.2688	0.0349159526519303
2758.8518	0.0353888452131483
2757.4348	0.0351137109771241
2756.0178	0.0353961020813696
2754.6009	0.0344824114686646
2753.1839	0.0349607942709232
2751.7669	0.0347066006605052
2750.3499	0.0354015119107167
2748.933	0.0355710180817723
2747.516	0.0341733058587701
2746.099	0.0349267414244864
2744.682	0.0344667476394973
2743.2651	0.0343866604763945
2741.8481	0.0346255361826285
2740.4311	0.0346840125205135
2739.0141	0.0344312423642702
2737.5972	0.0346384902305301
2736.1802	0.0339345416178609
2734.7632	0.0344261009996666
2733.3462	0.0346222924128865
2731.9293	0.0341528689941686
2730.5123	0.0346573472915835
2729.0953	0.0345669481654331
2727.6783	0.035103364315791
2726.2613	0.0348054191096881
2724.8444	0.0338788420338994
2723.4274	0.034637481157265
2722.0104	0.0345806650445555
2720.5934	0.0340778582175723
2719.1765	0.0343991440025855
2717.7595	0.0345671434763722
2716.3425	0.0341902506469443
2714.9255	0.0342531252744726
2713.5086	0.0332353487998474
2712.0916	0.0340456368582794
2710.6746	0.0336485633793707
2709.2576	0.0339556056418944
2707.8407	0.0336356177970521
2706.4237	0.0336253000876206
2705.0067	0.0330721920568979
2703.5897	0.0342395844965443
2702.1728	0.0340043078765169
2700.7558	0.0332633041580759
2699.3388	0.0337732525898666
2697.9218	0.0332426329903337
2696.5049	0.0335213356086059
2695.0879	0.033457312984143
2693.6709	0.0335777736790119
2692.2539	0.0329072776992204
2690.837	0.0333651130605409
2689.42	0.0334294477672736
2688.003	0.0334619509473207
2686.586	0.0331064285936473
2685.1691	0.0331695280127557
2683.7521	0.0328998931216868
2682.3351	0.0327244680452105
2680.9181	0.0332893934084989
2679.5011	0.0332579869939693
2678.0842	0.0331257499080215
2676.6672	0.033148811188319
2675.2502	0.0328620508536545
2673.8332	0.0335984498724621
2672.4163	0.0327306768628038
2670.9993	0.0325796116617205
2669.5823	0.0328038299100771
2668.1653	0.0330583838599976
2666.7484	0.0323077274872312
2665.3314	0.0324898259396072
2663.9144	0.0327722628402229
2662.4974	0.0333084885173723
2661.0805	0.0330904525169106
2659.6635	0.0331381425041122
2658.2465	0.0327619376682778
2656.8295	0.0330528858832805
2655.4126	0.0326323039620493
2653.9956	0.0323828762948035
2652.5786	0.032418445083005
2651.1616	0.0321479306492943
2649.7447	0.0323624155483356
2648.3277	0.0333074548460341
2646.9107	0.0324370598871699
2645.4937	0.0322059148068781
2644.0768	0.0332236069601832
2642.6598	0.0322572725112013
2641.2428	0.0315676647505131
2639.8258	0.0319869071089825
2638.4089	0.0322322682136902
2636.9919	0.031996797628502
2635.5749	0.0321957891513369
2634.1579	0.0324302877774535
2632.741	0.031913873267551
2631.324	0.0324004455985149
2629.907	0.0317994822470089
2628.49	0.0315117046003279
2627.073	0.0320114758711633
2625.6561	0.0314810085215039
2624.2391	0.0313933710618615
2622.8221	0.0322476566031394
2621.4051	0.0317510087627436
2619.9882	0.0323495941942976
2618.5712	0.0311420461985336
2617.1542	0.0310133449693294
2615.7372	0.0308556500047709
2614.3203	0.0312190690347908
2612.9033	0.0312290063232716
2611.4863	0.0306656935045749
2610.0693	0.0302528484165453
2608.6524	0.0311575573018325
2607.2354	0.031301108045
2605.8184	0.0313237765748921
2604.4014	0.0306855087384996
2602.9845	0.0307715343352279
2601.5675	0.0306921614593951
2600.1505	0.0313712813763182
2598.7335	0.0302185410677703
2597.3166	0.0307112307269041
2595.8996	0.0302485880279615
2594.4826	0.030563159372086
2593.0656	0.0296918586023834
2591.6487	0.0300838238104331
2590.2317	0.0300699252080422
2588.8147	0.0307899482681064
2587.3977	0.0301484984840293
2585.9808	0.0304282585100925
2584.5638	0.0303678965990791
2583.1468	0.0300341285030452
2581.7298	0.030608418299661
2580.3128	0.0295853306410854
2578.8959	0.0303414672669476
2577.4789	0.0300302573317937
2576.0619	0.0294259481424595
2574.6449	0.0304537520849046
2573.228	0.0298564713105424
2571.811	0.02911686647933
2570.394	0.0305515464531425
2568.977	0.0301958765072632
2567.5601	0.0299197227930916
2566.1431	0.0293981063887219
2564.7261	0.029921693872741
2563.3091	0.0296722703648144
2561.8922	0.0295921742159538
2560.4752	0.0289889645616929
2559.0582	0.0290829910205091
2557.6412	0.0297427420442712
2556.2243	0.0295338018670471
2554.8073	0.0297858234423747
2553.3903	0.0295232657051701
2551.9733	0.0295686901106092
2550.5564	0.0290412030614994
2549.1394	0.029224570868304
2547.7224	0.0288912467677212
2546.3054	0.0292852984913994
2544.8885	0.0292714614459906
2543.4715	0.0291538083891458
2542.0545	0.0294113469525411
2540.6375	0.0285448918513457
2539.2206	0.0288967963523748
2537.8036	0.0282875487010571
2536.3866	0.0285251391269416
2534.9696	0.0292507304004888
2533.5526	0.0287158202868108
2532.1357	0.0287334100130762
2530.7187	0.028972675916642
2529.3017	0.0288005167933912
2527.8847	0.0290614182788526
2526.4678	0.0294308875261176
2525.0508	0.0290678579782671
2523.6338	0.0284728696238977
2522.2168	0.0288973793646651
2520.7999	0.0288157548460994
2519.3829	0.0280445411604626
2517.9659	0.0286902035052332
2516.5489	0.0285667832979398
2515.132	0.0281561259280968
2513.715	0.0282224307293211
2512.298	0.0289867839369496
2510.881	0.0283496955441415
2509.4641	0.0285977221913982
2508.0471	0.0280993196671413
2506.6301	0.0283538199279211
2505.2131	0.0285228947514239
2503.7962	0.0281806819207279
2502.3792	0.0283073312103098
2500.9622	0.029023935956112
2499.5452	0.0284433263965101
2498.1283	0.0288722274041141
2496.7113	0.0277860601477892
2495.2943	0.0283852413979131
2493.8773	0.0283500706246978
2492.4604	0.0281827258551418
2491.0434	0.0286973704435966
2489.6264	0.0288673393676208
2488.2094	0.0285347026079068
2486.7924	0.028815408790709
2485.3755	0.0272466502221336
2483.9585	0.0285366700290919
2482.5415	0.0281437387009608
2481.1245	0.0281436429983321
2479.7076	0.0279918337311772
2478.2906	0.027420459701542
2476.8736	0.0271359665766581
2475.4566	0.0275621835015086
2474.0397	0.0279781533150916
2472.6227	0.0275690571297534
2471.2057	0.0272061529950162
2469.7887	0.0277750115707662
2468.3718	0.0273733602666834
2466.9548	0.0274163039615952
2465.5378	0.0269902279360494
2464.1208	0.0277166034731677
2462.7039	0.0273608094156895
2461.2869	0.0279429784686698
2459.8699	0.0278722622451886
2458.4529	0.0279042693408231
2457.036	0.0278799652312622
2455.619	0.0279685141610199
2454.202	0.0270630210733298
2452.785	0.0282871743057672
2451.3681	0.0281903739681866
2449.9511	0.0271979932613011
2448.5341	0.0287281727730479
2447.1171	0.0278491995622999
2445.7002	0.0273618009614026
2444.2832	0.027777111080359
2442.8662	0.0266197402894568
2441.4492	0.0270668203291951
2440.0322	0.0275742461919605
2438.6153	0.0269678602465739
2437.1983	0.0272414461382195
2435.7813	0.0279531198130188
2434.3643	0.0279679302570555
2432.9474	0.0276017883625053
2431.5304	0.0268369863180691
2430.1134	0.0271301399192868
2428.6964	0.0272598719966976
2427.2795	0.0265662242466956
2425.8625	0.027655488957149
2424.4455	0.0266148023385886
2423.0285	0.0271015253350511
2421.6116	0.0271791067733482
2420.1946	0.0269150861379809
2418.7776	0.0267562732514649
2417.3606	0.0270902204430947
2415.9437	0.0265930757266552
2414.5267	0.0268983082364472
2413.1097	0.027534304519432
2411.6927	0.0269202518055882
2410.2758	0.0271266318045571
2408.8588	0.0267996981392926
2407.4418	0.026824996731649
2406.0248	0.0269649902513783
2404.6079	0.0260746930281586
2403.1909	0.0269744263576196
2401.7739	0.0264007688035147
2400.3569	0.0264461895452589
2398.94	0.0261758889756189
2397.523	0.0261865490801751
2396.106	0.0263996412480319
2394.689	0.0263401707233822
2393.272	0.026043491872143
2391.8551	0.0266570668576038
2390.4381	0.0259109107040839
2389.0211	0.0270045255287535
2387.6041	0.0265848827234078
2386.1872	0.0264181860053972
2384.7702	0.0265704348310126
2383.3532	0.0257792051299364
2381.9362	0.0259379451404788
2380.5193	0.0268029249790088
2379.1023	0.026291605482588
2377.6853	0.0262270786013756
2376.2683	0.0263780489564454
2374.8514	0.0261410216766404
2373.4344	0.0262620022468624
2372.0174	0.0253598290113114
2370.6004	0.0256017572456563
2369.1835	0.026174203749261
2367.7665	0.02565280424562
2366.3495	0.0260892405609308
2364.9325	0.0259371704416668
2363.5156	0.0259647564496265
2362.0986	0.0254809968571972
2360.6816	0.0262597091407795
2359.2646	0.0255683297840418
2357.8477	0.0263658053522445
2356.4307	0.0262673390252225
2355.0137	0.0262411115730182
2353.5967	0.0272699235300509
2352.1798	0.0262405619724014
2350.7628	0.0260756617074664
2349.3458	0.0261400753839145
2347.9288	0.0267949498279082
2346.5118	0.0261309234337347
2345.0949	0.0272032490638724
2343.6779	0.0271806939466187
2342.2609	0.0263647578501759
2340.8439	0.0263878007152177
2339.427	0.0257997257466031
2338.01	0.0252751783148733
2336.593	0.0256852342578486
2335.176	0.0260820037575594
2333.7591	0.0261608106541691
2332.3421	0.0261974377683538
2330.9251	0.0262159072505678
2329.5081	0.0264947523753961
2328.0912	0.0262414642798298
2326.6742	0.0258466222469935
2325.2572	0.0263458297682897
2323.8402	0.0259587525125646
2322.4233	0.0261531520232469
2321.0063	0.026595452802878
2319.5893	0.026476745641982
2318.1723	0.0268489397838615
2316.7554	0.0256928992056177
2315.3384	0.0255268549557133
2313.9214	0.0267397423816953
2312.5044	0.0254436669171817
2311.0875	0.0258117534657811
2309.6705	0.0259841424502139
2308.2535	0.0251808863355306
2306.8365	0.0259727490393943
2305.4196	0.0255652373342745
2304.0026	0.0256817106371855
2302.5856	0.0259049217897149
2301.1686	0.0259887952476262
2299.7516	0.0262798197615669
2298.3347	0.0258624495722724
2296.9177	0.0257481417741777
2295.5007	0.025338771860367
2294.0837	0.0255265507026588
2292.6668	0.0256530248395536
2291.2498	0.0249630740412821
2289.8328	0.025392218613262
2288.4158	0.0254807166297
2286.9989	0.0255114335563347
2285.5819	0.0261443783165622
2284.1649	0.0262362757696341
2282.7479	0.0270319655991525
2281.331	0.0258760220559426
2279.914	0.0256766440574308
2278.497	0.0248361201190239
2277.08	0.0253522061460915
2275.6631	0.0246389664806735
2274.2461	0.0252075182398549
2272.8291	0.0253663330931982
2271.4121	0.0259373142937998
2269.9952	0.025284091945169
2268.5782	0.0244505301498719
2267.1612	0.0248902796718019
2265.7442	0.0241735698555098
2264.3273	0.0250338021932724
2262.9103	0.0249510770059118
2261.4933	0.0235246864519205
2260.0763	0.0251212598809206
2258.6594	0.0244735583414807
2257.2424	0.0245859758072193
2255.8254	0.0245608134278786
2254.4084	0.0244855116327086
2252.9914	0.0235676230107955
2251.5745	0.0251694334928949
2250.1575	0.0244407590405756
2248.7405	0.025419995319121
2247.3235	0.0242137276165194
2245.9066	0.0242427324948503
2244.4896	0.0239641453903857
2243.0726	0.0243719516883109
2241.6556	0.0243204519836979
2240.2387	0.0238101794030123
2238.8217	0.0244025605123206
2237.4047	0.0241218216413155
2235.9877	0.0241568703022365
2234.5708	0.023048112277224
2233.1538	0.0244279819786898
2231.7368	0.0241038444940095
2230.3198	0.0248717054952246
2228.9029	0.0239086940418127
2227.4859	0.0246026392416808
2226.0689	0.0239221624139655
2224.6519	0.0245807615568633
2223.235	0.0250809569229132
2221.818	0.0243013299491881
2220.401	0.0235901539837288
2218.984	0.0244290575658029
2217.5671	0.0241609449534868
2216.1501	0.0241860028452482
2214.7331	0.0242205221093823
2213.3161	0.0236515067444838
2211.8992	0.0239800406621607
2210.4822	0.0237560358626001
2209.0652	0.0233632578329034
2207.6482	0.0248629534496843
2206.2312	0.024282382565908
2204.8143	0.0246199460192636
2203.3973	0.0250939579139834
2201.9803	0.024359426722394
2200.5633	0.0243973553757023
2199.1464	0.0248577673854658
2197.7294	0.0234166203762881
2196.3124	0.0245742162837443
2194.8954	0.0245693642006697
2193.4785	0.0248941171750791
2192.0615	0.0251955960081128
2190.6445	0.0251252928734086
2189.2275	0.0250550884039058
2187.8106	0.025096068910544
2186.3936	0.0250185335260641
2184.9766	0.0239345158894418
2183.5596	0.0247030659544656
2182.1427	0.0241070101180321
2180.7257	0.0239980158584974
2179.3087	0.0240919543648193
2177.8917	0.0240020539850697
2176.4748	0.0240101554593159
2175.0578	0.0235850811601405
2173.6408	0.0239211873919432
2172.2238	0.0233250515239361
2170.8069	0.0234917536176197
2169.3899	0.0234221549706661
2167.9729	0.0240089499149884
2166.5559	0.0244607106122328
2165.139	0.0241580585775843
2163.722	0.0244055654372683
2162.305	0.0244593412497472
2160.888	0.0237251620837246
2159.471	0.0230786364222128
2158.0541	0.0216817547614132
2156.6371	0.0219187043537024
2155.2201	0.0211081390707259
2153.8031	0.0207389124714818
2152.3862	0.0219390265087408
2150.9692	0.0217279576761332
2149.5522	0.0224753306940431
2148.1352	0.0226353695722063
2146.7183	0.0231342312357528
2145.3013	0.0227618548916842
2143.8843	0.022983264305988
2142.4673	0.023029463523158
2141.0504	0.0225585369691582
2139.6334	0.0236251868856593
2138.2164	0.0234680642644972
2136.7994	0.0227970797244945
2135.3825	0.022533965332548
2133.9655	0.0217542755345248
2132.5485	0.0223496368403202
2131.1315	0.0218495826459236
2129.7146	0.0220966052835168
2128.2976	0.0225003237581096
2126.8806	0.0229347087454572
2125.4636	0.0231049470559888
2124.0467	0.0224893092372334
2122.6297	0.0236723310372999
2121.2127	0.0236112250227104
2119.7957	0.0238913829156916
2118.3788	0.0241629805175971
2116.9618	0.0240685031034372
2115.5448	0.0238145575664687
2114.1278	0.024033378949419
2112.7108	0.0241023496106214
2111.2939	0.0241413227196627
2109.8769	0.0234976370225429
2108.4599	0.0226653567489092
2107.0429	0.0230934333038524
2105.626	0.0240529669315089
2104.209	0.0239315373187728
2102.792	0.0237200229773941
2101.375	0.0235009291576535
2099.9581	0.0238654993546748
2098.5411	0.0239865805686317
2097.1241	0.0239468953143358
2095.7071	0.023324682721134
2094.2902	0.023044492506391
2092.8732	0.0229209848122331
2091.4562	0.0237014964023749
2090.0392	0.0235486376720956
2088.6223	0.023770400432534
2087.2053	0.023831064025683
2085.7883	0.0235880007907502
2084.3713	0.0227200064065112
2082.9544	0.0244386771906357
2081.5374	0.0234477873573185
2080.1204	0.0237090535088533
2078.7034	0.0232582881650792
2077.2865	0.0234581177235324
2075.8695	0.0240154036811664
2074.4525	0.0233340392630618
2073.0355	0.0233381427337238
2071.6186	0.0235677650223869
2070.2016	0.0231442700461508
2068.7846	0.0229719654851428
2067.3676	0.0244108048553003
2065.9506	0.0232246440299421
2064.5337	0.0230713875284308
2063.1167	0.0233901514845997
2061.6997	0.0234098105635635
2060.2827	0.0233837097150897
2058.8658	0.0236258741465239
2057.4488	0.0241883416019887
2056.0318	0.0231833777474759
2054.6148	0.0236793546782639
2053.1979	0.0228810514594707
2051.7809	0.0231424755905005
2050.3639	0.0233002363753117
2048.9469	0.0226200660963984
2047.53	0.0221995333901461
2046.113	0.0220330083969553
2044.696	0.0221317820818581
2043.279	0.0221438870523488
2041.8621	0.0219511898523803
2040.4451	0.0226842537758687
2039.0281	0.0222209029412144
2037.6111	0.0225395308282769
2036.1942	0.0222827154785907
2034.7772	0.0222004375687698
2033.3602	0.0219198009680787
2031.9432	0.02231949600899
2030.5263	0.0215455894245356
2029.1093	0.0213579990243547
2027.6923	0.0208757102086887
2026.2753	0.0215955958023968
2024.8584	0.0213971082462828
2023.4414	0.0205192738101194
2022.0244	0.0207306075900301
2020.6074	0.021812675931905
2019.1904	0.0212746436013373
2017.7735	0.0208505653958194
2016.3565	0.0212518147611149
2014.9395	0.020261412244325
2013.5225	0.0195144385126161
2012.1056	0.0189740858974776
2010.6886	0.0191016309570941
2009.2716	0.0198460849267792
2007.8546	0.0198661341627029
2006.4377	0.0203453527954473
2005.0207	0.0201914885513777
2003.6037	0.0197904759612983
2002.1867	0.0202593100860715
2000.7698	0.0208175487792403
1999.3528	0.021425934623679
1997.9358	0.0210664263708523
1996.5188	0.0207451751647771
1995.1019	0.0210022002059928
1993.6849	0.0205436076729681
1992.2679	0.0204659265286705
1990.8509	0.0211791556601808
1989.434	0.020455438182896
1988.017	0.0204075277771597
1986.6	0.0218064588928488
1985.183	0.0221019770178389
1983.7661	0.021903393411024
1982.3491	0.0216698397362474
1980.9321	0.022061888885463
1979.5151	0.0213323984980594
1978.0982	0.0212601170736918
1976.6812	0.0202796068338264
1975.2642	0.0196561440668012
1973.8472	0.0192215978896574
1972.4302	0.0198603218744599
1971.0133	0.0204367618706223
1969.5963	0.0199721311410627
1968.1793	0.019739476497003
1966.7623	0.0203858228901631
1965.3454	0.0203565570995175
1963.9284	0.0206912963502595
1962.5114	0.0210550295960417
1961.0944	0.0203481008715552
1959.6775	0.0201866364515782
1958.2605	0.0204112820811211
1956.8435	0.0199026834603183
1955.4265	0.0206498992625778
1954.0096	0.0200406279128946
1952.5926	0.0212378730422596
1951.1756	0.021243226209182
1949.7586	0.0216138613755224
1948.3417	0.0212627521466142
1946.9247	0.0199437105696452
1945.5077	0.0217823866266572
1944.0907	0.0208160941881718
1942.6738	0.020747512489573
1941.2568	0.0212767127896103
1939.8398	0.0213749138328075
1938.4228	0.0215561520588784
1937.0059	0.0213382541980597
1935.5889	0.0209167015045754
1934.1719	0.0220929299213147
1932.7549	0.020589567745723
1931.338	0.0212691974966817
1929.921	0.021395670222431
1928.504	0.0208555137370291
1927.087	0.0213669271226563
1925.67	0.0211942333885628
1924.2531	0.0213932078436959
1922.8361	0.0219180008185942
1921.4191	0.0216288338082583
1920.0021	0.0217617927342856
1918.5852	0.0214105642084539
1917.1682	0.021160330293444
1915.7512	0.0210824628797063
1914.3342	0.0211605240323836
1912.9173	0.0221628902986222
1911.5003	0.0209645803552715
1910.0833	0.0215857631579179
1908.6663	0.020989172573907
1907.2494	0.0223937113760722
1905.8324	0.0223479558804857
1904.4154	0.0216327337151313
1902.9984	0.0229687420786135
1901.5815	0.0228500775144282
1900.1645	0.0214450144607629
1898.7475	0.0215590354770121
1897.3305	0.0220318867131815
1895.9136	0.0215465229813231
1894.4966	0.0220264993882362
1893.0796	0.0217331490338098
1891.6626	0.0218362297373946
1890.2457	0.0208300616184512
1888.8287	0.0211399233320735
1887.4117	0.0220701741821587
1885.9947	0.0219046990967664
1884.5778	0.0215020656382534
1883.1608	0.0220208989592251
1881.7438	0.0218881700558233
1880.3268	0.0222997775881898
1878.9098	0.0216199497969906
1877.4929	0.021477727363382
1876.0759	0.0221175123944336
1874.6589	0.020914671894454
1873.2419	0.0210909958702053
1871.825	0.020814009395054
1870.408	0.0215799464321042
1868.991	0.0215633509649259
1867.574	0.0209421111242556
1866.1571	0.0214537022018097
1864.7401	0.0217709060050171
1863.3231	0.021161940401488
1861.9061	0.0220928284941948
1860.4892	0.0220655430154039
1859.0722	0.0216442504553836
1857.6552	0.0219247958130959
1856.2382	0.0219841563859072
1854.8213	0.0214627406212803
1853.4043	0.0217574316411283
1851.9873	0.0223644434611674
1850.5703	0.0210878796129285
1849.1534	0.0212952658205051
1847.7364	0.0214633519116313
1846.3194	0.021150312012881
1844.9024	0.0209687638618966
1843.4855	0.0213271960536372
1842.0685	0.0212009480300671
1840.6515	0.0217404468912277
1839.2345	0.0219257242826288
1837.8176	0.0212543824724315
1836.4006	0.0213183734109109
1834.9836	0.0208248517679173
1833.5666	0.0217800129855383
1832.1496	0.0210994835612084
1830.7327	0.0213128054207575
1829.3157	0.0204439041121198
1827.8987	0.0203625625380472
1826.4817	0.0215794271014478
1825.0648	0.021034555099362
1823.6478	0.0217517249274482
1822.2308	0.020732608392106
1820.8138	0.0207376619027483
1819.3969	0.0208230028529549
1817.9799	0.0210626535931035
1816.5629	0.0212296463442425
1815.1459	0.0210203684120886
1813.729	0.0207739042878385
1812.312	0.0214214075508822
1810.895	0.0211613523334516
1809.478	0.0204504054743735
1808.0611	0.02084814945688
1806.6441	0.0208874693102486
1805.2271	0.0208376111217853
1803.8101	0.0215328985927082
1802.3932	0.0209409083533465
1800.9762	0.0210901897910534
1799.5592	0.0216609852978991
1798.1422	0.0210885473496171
1796.7253	0.0206107575705864
1795.3083	0.0212324952728041
1793.8913	0.021522926558639
1792.4743	0.0213352360350091
1791.0574	0.0217712219571082
1789.6404	0.0219312547738646
1788.2234	0.0207221063149401
1786.8064	0.0213554265554671
1785.3894	0.0213553914364325
1783.9725	0.0208119785350197
1782.5555	0.0221766735862883
1781.1385	0.0207701297249687
1779.7215	0.02097171536705
1778.3046	0.0216558106059878
1776.8876	0.0206135195158495
1775.4706	0.0218452143798318
1774.0536	0.0214561561411251
1772.6367	0.0214879705147005
1771.2197	0.021216709236605
1769.8027	0.0214627135159577
1768.3857	0.0216400552729008
1766.9688	0.0212364083038432
1765.5518	0.0222548683854832
1764.1348	0.0218274176484176
1762.7178	0.0219662028424962
1761.3009	0.021762068343671
1759.8839	0.0211914938657999
1758.4669	0.0218145627666984
1757.0499	0.0220748787220175
1755.633	0.0224742146643424
1754.216	0.0223391203685511
1752.799	0.0222300241783853
1751.382	0.0225920878567272
1749.9651	0.0228578316394735
1748.5481	0.0228050077659338
1747.1311	0.0224054203534466
1745.7141	0.0229723702890316
1744.2972	0.0234938712094579
1742.8802	0.0242182856197266
1741.4632	0.0237413815685903
1740.0462	0.023778731051167
1738.6292	0.0235043112844304
1737.2123	0.0250010870263722
1735.7953	0.0241768771498145
1734.3783	0.0245943515602409
1732.9613	0.0248052862205257
1731.5444	0.0250700062620031
1730.1274	0.0252573579377836
1728.7104	0.0250045854926968
1727.2934	0.0248624347136386
1725.8765	0.0250776730758848
1724.4595	0.0254175844782416
1723.0425	0.0256013943417906
1721.6255	0.0259495562538721
1720.2086	0.0258695323142477
1718.7916	0.0262215269940937
1717.3746	0.0261193807102541
1715.9576	0.0272397991088781
1714.5407	0.0269951121833797
1713.1237	0.0268031674282955
1711.7067	0.027372080939284
1710.2897	0.0282798987999955
1708.8728	0.0274793446113395
1707.4558	0.0273190871358483
1706.0388	0.0274990756832659
1704.6218	0.0275947984120559
1703.2049	0.0280483224244869
1701.7879	0.0284982980712785
1700.3709	0.0281968992773698
1698.9539	0.0286819287819453
1697.537	0.0286359688029063
1696.12	0.0286525921020788
1694.703	0.0289778222132287
1693.286	0.0296625750757747
1691.869	0.0298583829724178
1690.4521	0.029455825225212
1689.0351	0.0298478108835056
1687.6181	0.0291281585675575
1686.2011	0.02984885882934
1684.7842	0.0295560173403654
1683.3672	0.0296732747374869
1681.9502	0.0304255682865776
1680.5332	0.0303874334046385
1679.1163	0.0307405486967775
1677.6993	0.0306645024905783
1676.2823	0.0306802305205034
1674.8653	0.0306183763313838
1673.4484	0.030831333796777
1672.0314	0.0314532905802949
1670.6144	0.0315893245363493
1669.1974	0.0309915449252423
1667.7805	0.0310780252453096
1666.3635	0.0313437710613013
1664.9465	0.0324761141281117
1663.5295	0.0314080711632752
1662.1126	0.0318435997239875
1660.6956	0.0321263010232731
1659.2786	0.0319162934918393
1657.8616	0.0323762701118825
1656.4447	0.0325202374474198
1655.0277	0.0327863764979885
1653.6107	0.0335984783572086
1652.1937	0.0345176689065563
1650.7768	0.0349276575759062
1649.3598	0.0345523711367558
1647.9428	0.035058783755991
1646.5258	0.0354456588429667
1645.1088	0.0359116855297679
1643.6919	0.0361318486052473
1642.2749	0.0369326273485392
1640.8579	0.0373722498870184
1639.4409	0.0378945910805076
1638.024	0.038993553976189
1636.607	0.0392235150685631
1635.19	0.0397537165925365
1633.773	0.0404832947013816
1632.3561	0.0405464471277252
1630.9391	0.0408196884522234
1629.5221	0.0420787937113071
1628.1051	0.0417313380268148
1626.6882	0.0423455948822681
1625.2712	0.0425286227547218
1623.8542	0.0433999018663258
1622.4372	0.0431915202524702
1621.0203	0.0434778046104083
1619.6033	0.0438571822583058
1618.1863	0.0442834000984428
1616.7693	0.0448305171750232
1615.3524	0.0451327010473107
1613.9354	0.0455246469878946
1612.5184	0.0457909510027405
1611.1014	0.0459492833553859
1609.6845	0.0462189892780204
1608.2675	0.047075225163467
1606.8505	0.0482083632315176
1605.4335	0.0483522587676047
1604.0166	0.048995423796495
1602.5996	0.0488272121566836
1601.1826	0.0481703239374125
1599.7656	0.0497050835853668
1598.3486	0.0494779624228276
1596.9317	0.0490632628016734
1595.5147	0.0487843335740875
1594.0977	0.0489876587401568
1592.6807	0.0492889776997098
1591.2638	0.0489684726066809
1589.8468	0.0472981090326655
1588.4298	0.0479667755752777
1587.0128	0.0475327788871236
1585.5959	0.0470955247593268
1584.1789	0.0458550656422338
1582.7619	0.0457847268485583
1581.3449	0.0453085226193288
1579.928	0.0449617452254324
1578.511	0.0438158489397911
1577.094	0.0435455798970399
1575.677	0.04341362955379
1574.2601	0.0424632087037129
1572.8431	0.0420401540098639
1571.4261	0.0413819752655178
1570.0091	0.0412956507598546
1568.5922	0.0405612953210846
1567.1752	0.0394102815881979
1565.7582	0.0399499385400069
1564.3412	0.0386386253842173
1562.9243	0.0383013835313805
1561.5073	0.0381167202058839
1560.0903	0.0369172483836854
1558.6733	0.0357281442189444
1557.2564	0.0357632560059044
1555.8394	0.0346113264365642
1554.4224	0.0346798028865357
1553.0054	0.0345316552482819
1551.5885	0.0338724755288023
1550.1715	0.0341412686900361
1548.7545	0.0337117366539489
1547.3375	0.0324843113187872
1545.9205	0.0315705555917869
1544.5036	0.0312746284716798
1543.0866	0.0319279704762967
1541.6696	0.0309149112965718
1540.2526	0.0307071159201538
1538.8357	0.0305280461914212
1537.4187	0.0299005707358277
1536.0017	0.0296945185616252
1534.5847	0.0307140586425761
1533.1678	0.0299401884508368
1531.7508	0.0300033388295189
1530.3338	0.0306441405362298
1528.9168	0.0306047756156806
1527.4999	0.0308133045781499
1526.0829	0.0311649588919316
1524.6659	0.0319326314988208
1523.2489	0.0317341745459374
1521.832	0.0330819534727635
1520.415	0.033557624161158
1518.998	0.0342897093143505
1517.581	0.0349233919856827
1516.1641	0.0361129178430858
1514.7471	0.0362505853971457
1513.3301	0.0372355124538553
1511.9131	0.0379753973188997
1510.4962	0.038092977778974
1509.0792	0.0383171606816744
1507.6622	0.0384820793266989
1506.2452	0.0386464006354314
1504.8283	0.0382491743135359
1503.4113	0.0369271932743777
1501.9943	0.0370313158604398
1500.5773	0.0352427768245412
1499.1603	0.0354867322665163
1497.7434	0.0339987938929535
1496.3264	0.0329025148074465
1494.9094	0.0326750094719465
1493.4924	0.0326357656230838
1492.0755	0.0319422852337452
1490.6585	0.031207487009581
1489.2415	0.0308940422544549
1487.8245	0.0323476357548044
1486.4076	0.0321924061847464
1484.9906	0.0321649661003055
1483.5736	0.0334130911422753
1482.1566	0.0332739172948667
1480.7397	0.0337612243239652
1479.3227	0.0335725175606404
1477.9057	0.0341992767200272
1476.4887	0.0334448551564152
1475.0718	0.0344413389921028
1473.6548	0.0340185768181691
1472.2378	0.035091569118151
1470.8208	0.0355235504845272
1469.4039	0.0368790140182972
1467.9869	0.0376465235388508
1466.5699	0.0383054337584464
1465.1529	0.0385277295137232
1463.736	0.0400481960843275
1462.319	0.0407935566425845
1460.902	0.0418152786843493
1459.485	0.0414471835402637
1458.0681	0.0428415743673358
1456.6511	0.0429058972907521
1455.2341	0.0441303253925955
1453.8171	0.0438305290469348
1452.4001	0.0446367303126347
1450.9832	0.0436846249884564
1449.5662	0.0440870485428277
1448.1492	0.044106775467086
1446.7322	0.0451226551608058
1445.3153	0.044277218414172
1443.8983	0.0441689165858217
1442.4813	0.043956339036706
1441.0643	0.0447809248612205
1439.6474	0.0442414004749872
1438.2304	0.0445386009636373
1436.8134	0.0448316854908662
1435.3964	0.0452705927250124
1433.9795	0.0452003942801378
1432.5625	0.0464919966181561
1431.1455	0.0464065557998164
1429.7285	0.0474715787267991
1428.3116	0.047626510595251
1426.8946	0.0478015869507429
1425.4776	0.0486651031721585
1424.0606	0.0482177712343588
1422.6437	0.0494112554235185
1421.2267	0.0495891337683786
1419.8097	0.0491407965237142
1418.3927	0.0495961832324743
1416.9758	0.0502622227503752
1415.5588	0.0500133060941243
1414.1418	0.0501985261886775
1412.7248	0.0501595050876482
1411.3079	0.0508020743507971
1409.8909	0.0494083908438584
1408.4739	0.0502783598830208
1407.0569	0.050519032391361
1405.6399	0.0506948347216772
1404.223	0.0501208946509266
1402.806	0.0507140455981975
1401.389	0.0510078839510748
1399.972	0.0511123401764031
1398.5551	0.0516198799487361
1397.1381	0.051099324138585
1395.7211	0.0506014200165351
1394.3041	0.0517084086589679
1392.8872	0.052068677241959
1391.4702	0.0523514529066453
1390.0532	0.0526335256485072
1388.6362	0.0535296840397243
1387.2193	0.0539403841567554
1385.8023	0.0536851542846865
1384.3853	0.0550867412169447
1382.9683	0.0542979499090804
1381.5514	0.0543127930359983
1380.1344	0.054407361209645
1378.7174	0.0537263073241872
1377.3004	0.0545774136445861
1375.8835	0.0537599790716436
1374.4665	0.0542868772721769
1373.0495	0.0543135283031756
1371.6325	0.0547599687559176
1370.2156	0.0553972826957825
1368.7986	0.0560897367633968
1367.3816	0.0563688423781461
1365.9646	0.0566927973357709
1364.5477	0.0572098766807687
1363.1307	0.058548919116933
1361.7137	0.0584718665417452
1360.2967	0.0571955090031425
1358.8797	0.0578819035516593
1357.4628	0.0570697933336288
1356.0458	0.0560783530647944
1354.6288	0.0564253054318454
1353.2118	0.0548745759702379
1351.7949	0.0546465260023582
1350.3779	0.0544151901271002
1348.9609	0.0543371140421754
1347.5439	0.0538774495781641
1346.127	0.0545862900422524
1344.71	0.0539556245928981
1343.293	0.0549495705502714
1341.876	0.0549813218554262
1340.4591	0.0554055661941337
1339.0421	0.0558318228461323
1337.6251	0.055234792900386
1336.2081	0.0559230759009076
1334.7912	0.0558610386332209
1333.3742	0.0559919999351287
1331.9572	0.0561858292541764
1330.5402	0.0552986424354465
1329.1233	0.0542905471668352
1327.7063	0.0538346267951936
1326.2893	0.0534306174330175
1324.8723	0.0531168579105081
1323.4554	0.0528138842379099
1322.0384	0.0520188511380509
1320.6214	0.0517636171809548
1319.2044	0.0508806172943543
1317.7875	0.0510676496046149
1316.3705	0.0504650760625442
1314.9535	0.0501743730583003
1313.5365	0.0492788294181556
1312.1195	0.0495851377353615
1310.7026	0.0493473353242915
1309.2856	0.0494216881777493
1307.8686	0.0493252499488472
1306.4516	0.0485848278766447
1305.0347	0.0487590781969877
1303.6177	0.0496433723591178
1302.2007	0.0488975854350351
1300.7837	0.0491641550203581
1299.3668	0.0498324556070797
1297.9498	0.0498096677030712
1296.5328	0.0503415618262676
1295.1158	0.0488593202326026
1293.6989	0.0497025095407163
1292.2819	0.049708783626373
1290.8649	0.0495198439531866
1289.4479	0.0498275797906918
1288.031	0.0496616070130393
1286.614	0.0492753457168824
1285.197	0.0501055326529529
1283.78	0.0493881840780783
1282.3631	0.050671991122966
1280.9461	0.0507281137713803
1279.5291	0.0516979086670827
1278.1121	0.0522021015394737
1276.6952	0.0526900993450066
1275.2782	0.0537788143549835
1273.8612	0.0533342759092368
1272.4442	0.0541623634721393
1271.0273	0.0538847762050395
1269.6103	0.0538313138579673
1268.1933	0.0541744260292501
1266.7763	0.053414398079325
1265.3593	0.0542962537052137
1263.9424	0.0536091947183343
1262.5254	0.052819868735508
1261.1084	0.0524272235025186
1259.6914	0.0532229828435721
1258.2745	0.0528409814016591
1256.8575	0.054176218922448
1255.4405	0.0537219338992983
1254.0235	0.0532211320537664
1252.6066	0.0535959812553819
1251.1896	0.053203568074445
1249.7726	0.0529412074222081
1248.3556	0.0523666208187011
1246.9387	0.0522353901040257
1245.5217	0.0519683521963375
1244.1047	0.0522135960393335
1242.6877	0.0519418714772632
1241.2708	0.0516895448390055
1239.8538	0.0522362595245062
1238.4368	0.0514569553790252
1237.0198	0.0534186639602044
1235.6029	0.0527048256914694
1234.1859	0.0526514652068213
1232.7689	0.0523732381232917
1231.3519	0.0511892983894295
1229.935	0.0520092300930015
1228.518	0.0508403591422626
1227.101	0.0510610334964873
1225.684	0.0503878949643814
1224.2671	0.0494244231047016
1222.8501	0.0483107324855191
1221.4331	0.0475322340045935
1220.0161	0.0467636334086819
1218.5991	0.0466822982562597
1217.1822	0.0465226593401368
1215.7652	0.0464186139735958
1214.3482	0.0448642446636038
1212.9312	0.0451189128350077
1211.5143	0.0457279476922054
1210.0973	0.0453527853790908
1208.6803	0.0452342201275272
1207.2633	0.0445341884453126
1205.8464	0.0433851231981599
1204.4294	0.0437855811559536
1203.0124	0.0428599120631468
1201.5954	0.0430711869037497
1200.1785	0.0427711298890882
1198.7615	0.042466838781873
1197.3445	0.0413684287313304
1195.9275	0.0413643335055835
1194.5106	0.0405349212133917
1193.0936	0.0396598086620611
1191.6766	0.0388195039476932
1190.2596	0.039548993315041
1188.8427	0.0380389077111391
1187.4257	0.0376706172694416
1186.0087	0.037352070515748
1184.5917	0.0380248823197886
1183.1748	0.0373211162073571
1181.7578	0.0373019772097418
1180.3408	0.0370414148950631
1178.9238	0.0378788565181958
1177.5069	0.037833731576539
1176.0899	0.0382497262960572
1174.6729	0.0391379793306102
1173.2559	0.0401366441389634
1171.8389	0.0404488041111857
1170.422	0.0419128739775999
1169.005	0.0430728262197658
1167.588	0.0451183479304436
1166.171	0.0480962987301772
1164.7541	0.0495357786728466
1163.3371	0.0528248994283458
1161.9201	0.0549117408223383
1160.5031	0.0578629999616059
1159.0862	0.060185484046452
1157.6692	0.0637653691497874
1156.2522	0.0657329436261154
1154.8352	0.0682714354217786
1153.4183	0.0702991094689919
1152.0013	0.0719484393554634
1150.5843	0.0720838634768013
1149.1673	0.0735772470028739
1147.7504	0.0740349212870932
1146.3334	0.0743794801085662
1144.9164	0.0730920572722713
1143.4994	0.0735438402284217
1142.0825	0.0729356541911124
1140.6655	0.071203305560538
1139.2485	0.0707266258880112
1137.8315	0.0691630334689353
1136.4146	0.067497094514304
1134.9976	0.0669021020027385
1133.5806	0.0668999701505295
1132.1636	0.06717615272949
1130.7467	0.066215634023627
1129.3297	0.0666380898858453
1127.9127	0.0678167540388148
1126.4957	0.0677658282768085
1125.0787	0.0676390410510618
1123.6618	0.0689695191322219
1122.2448	0.0690163960319692
1120.8278	0.0695124628784936
1119.4108	0.0687196521729073
1117.9939	0.0695719551853694
1116.5769	0.0705541180469173
1115.1599	0.0695328885017536
1113.7429	0.0697062106642581
1112.326	0.0702329912506
1110.909	0.0706681557425487
1109.492	0.0718421806508681
1108.075	0.0716543218681589
1106.6581	0.0735816803098684
1105.2411	0.0741584834472801
1103.8241	0.0742721865319243
1102.4071	0.0753310221977436
1100.9902	0.0749429597279908
1099.5732	0.076443727405338
1098.1562	0.0763280368220269
1096.7392	0.076201243540847
1095.3223	0.0758551347615255
1093.9053	0.0770696831990156
1092.4883	0.0773705379533312
1091.0713	0.0775801390093647
1089.6544	0.080371566697404
1088.2374	0.0815708004537718
1086.8204	0.0839679591040539
1085.4034	0.0856148105165543
1083.9865	0.0886780113350465
1082.5695	0.0911430423777774
1081.1525	0.0930971508169217
1079.7355	0.0962508651305337
1078.3185	0.0971242130328679
1076.9016	0.098796974463384
1075.4846	0.0983688856526812
1074.0676	0.0988329749000019
1072.6506	0.0974854428286995
1071.2337	0.0949560533734619
1069.8167	0.0934180690312957
1068.3997	0.0917348681324955
1066.9827	0.090124143949627
1065.5658	0.0898134183178888
1064.1488	0.0891947537897111
1062.7318	0.0902028033928255
1061.3148	0.0913113302259815
1059.8979	0.0928728940777852
1058.4809	0.0938189400493036
1057.0639	0.096102334526422
1055.6469	0.0969482805916182
1054.23	0.0993694146659888
1052.813	0.100380477790506
1051.396	0.103283991909659
1049.979	0.104910024160444
1048.5621	0.107222337190317
1047.1451	0.108599705912932
1045.7281	0.110257556696521
1044.3111	0.111866501763717
1042.8942	0.113590756357359
1041.4772	0.115554017724188
1040.0602	0.118319639740021
1038.6432	0.119659096725949
1037.2263	0.121425885090239
1035.8093	0.123632610915334
1034.3923	0.125388924875018
1032.9753	0.127301033844614
1031.5583	0.129860439795506
1030.1414	0.131796112043848
1028.7244	0.134447700104643
1027.3074	0.13580868245906
1025.8904	0.137864803325509
1024.4735	0.140291266566949
1023.0565	0.141820050567642
1021.6395	0.144368011249261
1020.2225	0.146252116589341
1018.8056	0.147574434377928
1017.3886	0.149476573226993
1015.9716	0.150833052431154
1014.5546	0.150125711298391
1013.1377	0.151248177675073
1011.7207	0.152125989346239
1010.3037	0.151250167697917
1008.8867	0.151931836440874
1007.4698	0.152345187382747
1006.0528	0.152031381428315
1004.6358	0.153042156473167
1003.2188	0.153718510114708
1001.8019	0.153852070245609
1000.3849	0.155157235004757
998.9679	0.155236671281565
997.5509	0.156966334486501
996.134	0.156806783847228
994.717	0.158349357768121
993.3	0.159429481695071
991.883	0.158835364381074
990.4661	0.159155192610635
989.0491	0.158808837996371
987.6321	0.15803724007874
986.2151	0.157398899019615
984.7981	0.156767142068286
983.3812	0.155262361549521
981.9642	0.15350113996425
980.5472	0.151365689999842
979.1302	0.148225186765191
977.7133	0.146964676228573
976.2963	0.143663876754962
974.8793	0.141641612879922
973.4623	0.138383852396406
972.0454	0.135890630840127
970.6284	0.132491174094562
969.2114	0.129592436876262
967.7944	0.127344715642808
966.3775	0.123789880802176
964.9605	0.120931433854811
963.5435	0.118581178513007
962.1265	0.116276926590661
960.7096	0.11261945251387
959.2926	0.111311586082706
957.8756	0.109122672058767
956.4586	0.106852973057698
955.0417	0.104470934195407
953.6247	0.102342397196919
952.2077	0.100647429768157
950.7907	0.0986171355025167
949.3738	0.0962993272250037
947.9568	0.095373931140349
946.5398	0.0948024045157164
945.1228	0.0940794681719682
943.7059	0.0932325911305926
942.2889	0.0935368846549233
940.8719	0.0939646972568505
939.4549	0.0938448581348132
938.0379	0.0939407579024955
936.621	0.0947398206167731
935.204	0.095087784571062
933.787	0.0943730275167326
932.37	0.0949144342980931
930.9531	0.0947256851134156
929.5361	0.0943258414066193
928.1191	0.0947916672242725
926.7021	0.0941037308873662
925.2852	0.0944679725402726
923.8682	0.0937104752033968
922.4512	0.094189132839688
921.0342	0.093523217060137
919.6173	0.0922882170565382
918.2003	0.0929880589072218
916.7833	0.0915479276563598
915.3663	0.092371192761103
913.9494	0.0907973697192899
912.5324	0.090424107571051
911.1154	0.0901162445101042
909.6984	0.0883905052883479
908.2815	0.0879549042757832
906.8645	0.0865768113502071
905.4475	0.0857073018938977
904.0305	0.084786340919497
902.6136	0.0842134513154695
901.1966	0.0826996117095904
899.7796	0.0823535022039118
898.3626	0.0831029529707791
896.9457	0.0822833657074816
895.5287	0.0810823208682373
894.1117	0.080943379544671
892.6947	0.0807309846785061
891.2777	0.0799306116758637
889.8608	0.0788143958069115
888.4438	0.0780909799941787
887.0268	0.0772596066002254
885.6098	0.0763078259939715
884.1929	0.0758750624817397
882.7759	0.0753923200823
881.3589	0.0743001229333395
879.9419	0.0735207446861758
878.525	0.0729810838820105
877.108	0.0721197779044101
875.691	0.072024104600053
874.274	0.0727024412072583
872.8571	0.0721643854662179
871.4401	0.0731043792254266
870.0231	0.0734594454894653
868.6061	0.0735885893525268
867.1892	0.0749605933932192
865.7722	0.0748270380008833
864.3552	0.075301301217837
862.9382	0.0756255166139238
861.5213	0.0757259601882192
860.1043	0.0774804642032327
858.6873	0.0764595824585806
857.2703	0.0781005454035572
855.8534	0.0769067341383378
854.4364	0.0766514222738892
853.0194	0.0772757111241575
851.6024	0.0778679378100716
850.1855	0.0783194721346054
848.7685	0.0776327378375741
847.3515	0.0774173327157315
845.9345	0.0775180406274762
844.5175	0.0770617412923709
843.1006	0.0768725168585857
841.6836	0.0762639747468063
840.2666	0.076122977380063
838.8496	0.0759258122208493
837.4327	0.0757205670532141
836.0157	0.075266905866067
834.5987	0.0743708628403153
833.1817	0.0739944403556667
831.7648	0.0731722909991473
830.3478	0.0734524101884538
828.9308	0.0722239177631894
827.5138	0.072311068927765
826.0969	0.0710205065219951
824.6799	0.0718803967772795
823.2629	0.0718463058454157
821.8459	0.0722841238290919
820.429	0.0709403743337304
819.012	0.0716069770779446
817.595	0.0705669953815168
816.178	0.07140477687428
814.7611	0.0702604811875629
813.3441	0.0702013362981646
811.9271	0.0690709411262641
810.5101	0.0697626901099452
809.0932	0.0699453562216341
807.6762	0.0694809585148667
806.2592	0.0686017373804907
804.8422	0.0693411650577658
803.4253	0.0687689822335629
802.0083	0.0681587929628664
800.5913	0.0686543896247972
799.1743	0.0686361626181976
797.7573	0.0689751025217236
796.3404	0.0687385214587981
794.9234	0.0697702094039382
793.5064	0.069243335972954
792.0894	0.0685184880482367
790.6725	0.0688591184663505
789.2555	0.069200698531804
787.8385	0.069555204908123
786.4215	0.069733283923048
785.0046	0.0699824368826858
783.5876	0.0712072408340779
782.1706	0.0714394938061021
780.7536	0.0717077020528171
779.3367	0.0720724692165658
777.9197	0.0725965372766332
776.5027	0.0738335293837954
775.0857	0.0746274974933498
773.6688	0.0742229591964011
772.2518	0.0751595241504155
770.8348	0.0763447199166143
769.4178	0.0774789805121235
768.0009	0.0791161953746752
766.5839	0.0794019629446306
765.1669	0.0804065177707176
763.7499	0.0807349074620505
762.333	0.0803664867747701
760.916	0.0807249543638375
759.499	0.081173636635825
758.082	0.0812568639993256
756.6651	0.0811896695379844
755.2481	0.0809419233958055
753.8311	0.0810462939519588
752.4141	0.0798703135644706
750.9971	0.0784780199169985
749.5802	0.0786740027720162
748.1632	0.0768919413404479
746.7462	0.0766460526251363
745.3292	0.075825939420939
743.9123	0.0754652556923675
742.4953	0.0751778684299314
741.0783	0.0755739879966601
739.6613	0.0747221187277083
738.2444	0.0737434317374059
736.8274	0.0746719891466729
735.4104	0.0742047656405471
733.9934	0.075348340796663
732.5765	0.0742158029375599
731.1595	0.0742760923467655
729.7425	0.0743551710308571
728.3255	0.0754354320095025
726.9086	0.0750430750682853
725.4916	0.0767644574294303
724.0746	0.0766658813390633
722.6576	0.0773028697508736
721.2407	0.0781507936176672
719.8237	0.0790603361484844
718.4067	0.0797461686501106
716.9897	0.0794725136191781
715.5728	0.0810831647578117
714.1558	0.0819714609415614
712.7388	0.0821815460818319
711.3218	0.082836079735526
709.9049	0.0842963791228041
708.4879	0.0844893451702156
707.0709	0.0850994375987853
705.6539	0.085931290571497
704.2369	0.0864296991914015
702.82	0.0864275373117525
701.403	0.0859077977930062
699.986	0.0855967625441986
698.569	0.0855787194903562
697.1521	0.0854607848916998
695.7351	0.0848502950643737
694.3181	0.0843062323308851
692.9011	0.0842583731505406
691.4842	0.0839511259037604
690.0672	0.0846377247281232
688.6502	0.0845111388000177
687.2332	0.084585384497002
685.8163	0.0856604981096698
684.3993	0.0843641900405322
682.9823	0.0842681747168283
681.5653	0.0847251996292559
680.1484	0.0849115067636603
678.7314	0.0852741395188465
677.3144	0.0849617946262181
675.8974	0.0856457567402342
674.4805	0.0857904952412366
673.0635	0.0861509176830619
671.6465	0.0864468354214712
670.2295	0.0864807054882728
668.8126	0.0862985579742212
667.3956	0.0861609683312887
665.9786	0.087068578350541
664.5616	0.0881584073128407
663.1447	0.0877357960901233
661.7277	0.0868596238910342
660.3107	0.0883394961845088
658.8937	0.0885373948358934
657.4767	0.0880562244896132
656.0598	0.0885875037744024
654.6428	0.0889681372958565
653.2258	0.0898259812512959
651.8088	0.089409002016026
650.3919	0.0894987723212498
648.9749	0.0895263448615741
647.5579	0.090295118340528
646.1409	0.0906047606843293
644.724	0.0913133703837449
643.307	0.0914704278564129
641.89	0.0918379411667339
640.473	0.0915126797527726
639.0561	0.0920194693675783
637.6391	0.0918537881822383
636.2221	0.0913122852037914
634.8051	0.0925104965855833
633.3882	0.0919507384623007
631.9712	0.0924743220867677
630.5542	0.0924169746970776
629.1372	0.0926474082713513
627.7203	0.0949065955833027
626.3033	0.0945599437547818
624.8863	0.0956865601094734
623.4693	0.09678501131635
622.0524	0.0967920655857676
620.6354	0.0976933579308344
619.2184	0.0988193452482912
617.8014	0.10037234698615
616.3845	0.100526253684942
614.9675	0.102279741581216
613.5505	0.102980575201617
612.1335	0.103938310262821
610.7165	0.104938149285354
609.2996	0.105473577076821
607.8826	0.105545012359947
606.4656	0.105892179799323
605.0486	0.107297197050943
603.6317	0.106731498032959
602.2147	0.107908613023214
600.7977	0.107743447526333
599.3807	0.106852340474326
597.9638	0.10747285240997
596.5468	0.107308406596846
595.1298	0.107500074682306
593.7128	0.10815187120082
592.2959	0.107051624524151
590.8789	0.108012834065947
589.4619	0.10875451982312
588.0449	0.109994778612965
586.628	0.110144729324072
585.211	0.111684623889054
583.794	0.112410468001147
582.377	0.113407346545498
580.9601	0.115819901601476
579.5431	0.117121191165696
578.1261	0.117843877057837
576.7091	0.119894433941226
575.2922	0.122136560088933
573.8752	0.122639396223148
572.4582	0.123455779936513
571.0412	0.124212619755594
569.6243	0.123151305033528
568.2073	0.123694360274699
566.7903	0.121743626589707
565.3733	0.122287305670744
563.9563	0.121971950940881
562.5394	0.121813755813245
561.1224	0.120529240549937
559.7054	0.119865035367482
558.2884	0.119634281457695
556.8715	0.118965871574605
555.4545	0.119157774332603
554.0375	0.118688997067145
552.6205	0.117848820443001
551.2036	0.118251171281957
549.7866	0.117570738080506
548.3696	0.116999356392389
546.9526	0.116711637288209
545.5357	0.116546979233008
544.1187	0.116866849694522
542.7017	0.117792302755847
541.2847	0.118246194945081
539.8678	0.118320078998784
538.4508	0.119863765972629
537.0338	0.119790455116217
535.6168	0.120634422587996
534.1999	0.121976607815428
532.7829	0.122738155934464
531.3659	0.123631969789488
529.9489	0.124287227575553
528.532	0.126348080324866
527.115	0.12601000232623
525.698	0.127148818879112
524.281	0.127908730586417
522.8641	0.129113035430978
521.4471	0.12899894834826
520.0301	0.128222349497722
518.6131	0.128969380545007
517.1962	0.129473060012619
515.7792	0.129077413010778
514.3622	0.129131171018288
512.9452	0.128317743028719
511.5282	0.127938198082465
510.1113	0.128211438384316
508.6943	0.129126272828157
507.2773	0.128746987973465
505.8603	0.128749040954593
504.4434	0.12780155686293
503.0264	0.127724516717914
501.6094	0.126974347760723
500.1924	0.126954787733635
498.7755	0.12716934611281
497.3585	0.127457966854229
495.9415	0.126561461359549
494.5245	0.126037258405248
493.1076	0.126111329059148
491.6906	0.12524777756067
490.2736	0.126166799831695
488.8566	0.126009353280194
487.4397	0.125961244514255
486.0227	0.126728924794751
484.6057	0.126624464755978
483.1887	0.12660610804046
481.7718	0.127455565971936
480.3548	0.128052255856809
478.9378	0.128155700088394
477.5208	0.128594417826745
476.1039	0.128055964882508
474.6869	0.128232418035582
473.2699	0.127249616493111
471.8529	0.127391458622188
470.436	0.126385801281014
469.019	0.125893989917238
467.602	0.125337379779453
466.185	0.125623519589399
464.768	0.126358579580958
463.3511	0.124814028509839
461.9341	0.124891105828247
460.5171	0.12534928357985
459.1001	0.125115264508439
457.6832	0.125721546715426
456.2662	0.124700448978013
454.8492	0.125918150741445
453.4322	0.125647311026834
452.0153	0.126881431198145
450.5983	0.127088254153916
449.1813	0.126972667855749
447.7643	0.126753741072824
446.3474	0.127422073570882
444.9304	0.12905454871208
443.5134	0.129105842237165
442.0964	0.130096120092436
440.6795	0.131281482618138
439.2625	0.13176770080984
437.8455	0.132509185841202
436.4285	0.133208147935794
435.0116	0.133989373042854
433.5946	0.135156846499494
432.1776	0.135494865840741
430.7606	0.134207152744833
429.3437	0.134764461126167
427.9267	0.134395455777772
426.5097	0.134624985846209
425.0927	0.136012425868883
423.6758	0.136066773711074
422.2588	0.137544401659218
420.8418	0.13591407073362
419.4248	0.136859535056462
418.0078	0.137132310729494
416.5909	0.137016251313586
415.1739	0.136200621655317
413.7569	0.135482502863468
412.3399	0.136175480465672
410.923	0.137437536375997
409.506	0.13952255296705
408.089	0.138905898110866
406.672	0.140191901871075
405.2551	0.139194317101994
403.8381	0.138869012748057
402.4211	0.139349649837196
401.0041	0.139054354474288
