3994.4546	0.0146390168702265
3993.0377	0.0154248214990876
3991.6207	0.0147409578806888
3990.2037	0.0148085211024731
3988.7867	0.0144536128184645
3987.3698	0.0140265821547645
3985.9528	0.0143461837579284
3984.5358	0.0149350003958402
3983.1188	0.0148325743726886
3981.7019	0.0149003283623047
3980.2849	0.0141597345035296
3978.8679	0.0153007325124253
3977.4509	0.0143901770396855
3976.034	0.0149110131341929
3974.617	0.0141280061899343
3973.2	0.0143730784289844
3971.783	0.0145401327696959
3970.3661	0.0141541824082759
3968.9491	0.0151541129114357
3967.5321	0.0147056151350137
3966.1151	0.0145648217697126
3964.6982	0.0143336734309378
3963.2812	0.0143375825375512
3961.8642	0.0149366067168369
3960.4472	0.0148046350085553
3959.0303	0.0140386752047954
3957.6133	0.0143074717624552
3956.1963	0.0137238544749956
3954.7793	0.0137995325891073
3953.3624	0.0140860984365894
3951.9454	0.0137993514088558
3950.5284	0.0145890492996207
3949.1114	0.0152379271179763
3947.6944	0.0144062717203337
3946.2775	0.0142521954515407
3944.8605	0.0147132290401831
3943.4435	0.0146082166785656
3942.0265	0.0144115700911491
3940.6096	0.0146634438731745
3939.1926	0.0149243422959327
3937.7756	0.0146016224746375
3936.3586	0.0139235780002046
3934.9417	0.0139481709836962
3933.5247	0.0139657252687463
3932.1077	0.014560670982389
3930.6907	0.0141424999271291
3929.2738	0.0143817708869611
3927.8568	0.0141777317263242
3926.4398	0.0142823426872266
3925.0228	0.0138549932523523
3923.6059	0.01455903762926
3922.1889	0.0139897223662216
3920.7719	0.0141560192172636
3919.3549	0.01443906835424
3917.938	0.0139950228160043
3916.521	0.0142863084160698
3915.104	0.0144044733179302
3913.687	0.0144860253400223
3912.2701	0.0146702965129727
3910.8531	0.014070851534544
3909.4361	0.0142679800126348
3908.0191	0.0137558839596541
3906.6022	0.014179234328245
3905.1852	0.0139279664890873
3903.7682	0.0142759893145149
3902.3512	0.014658794178984
3900.9342	0.0140927477849519
3899.5173	0.0141480713882106
3898.1003	0.0142430438153526
3896.6833	0.0142161013735003
3895.2663	0.0139598444882813
3893.8494	0.0141033247742533
3892.4324	0.0140813059624118
3891.0154	0.0135378698182118
3889.5984	0.0142298531800518
3888.1815	0.0139491073925158
3886.7645	0.013621621054199
3885.3475	0.014103436092401
3883.9305	0.0137397872342059
3882.5136	0.0142946666793367
3881.0966	0.0139806652722267
3879.6796	0.014381835198284
3878.2626	0.0141537471401231
3876.8457	0.0139005188226972
3875.4287	0.0135486792228012
3874.0117	0.0130080862891126
3872.5947	0.0135348296327175
3871.1778	0.0137032845403771
3869.7608	0.0144354259611509
3868.3438	0.0142497418300572
3866.9268	0.0137810189486403
3865.5099	0.0144020906379273
3864.0929	0.0139937583491339
3862.6759	0.0133159551630902
3861.2589	0.0133620626526635
3859.842	0.0138259618746786
3858.425	0.0135043690666287
3857.008	0.0132630026261972
3855.591	0.0136077590918347
3854.174	0.0139981544126702
3852.7571	0.0141126191375224
3851.3401	0.0141543186032245
3849.9231	0.0141071869625572
3848.5061	0.0128855780830497
3847.0892	0.0135891705222213
3845.6722	0.0136441589774232
3844.2552	0.0139675139449698
3842.8382	0.013632745547242
3841.4213	0.0143263089446883
3840.0043	0.0134731674618433
3838.5873	0.0139238450395233
3837.1703	0.0137661868867877
3835.7534	0.0132527874192992
3834.3364	0.0137435307052468
3832.9194	0.0138510682198469
3831.5024	0.0143270080527247
3830.0855	0.0135539347902765
3828.6685	0.0138721584713644
3827.2515	0.0141144460630719
3825.8345	0.0141342574385011
3824.4176	0.0138071363927366
3823.0006	0.0139795442425813
3821.5836	0.0136425189052419
3820.1666	0.0141525265249467
3818.7497	0.0134761350439043
3817.3327	0.013776514472734
3815.9157	0.0139060832943548
3814.4987	0.0137530370346504
3813.0818	0.0135506930234564
3811.6648	0.0135987450544424
3810.2478	0.0136786113159605
3808.8308	0.0139415225386906
3807.4138	0.0135169094424113
3805.9969	0.0140866416209534
3804.5799	0.0136689353144956
3803.1629	0.0134255915039768
3801.7459	0.0134139947071574
3800.329	0.0131387450331713
3798.912	0.0136628503139604
3797.495	0.013619061157853
3796.078	0.0137256651090331
3794.6611	0.0134399401903267
3793.2441	0.0129358795827877
3791.8271	0.0131940859052438
3790.4101	0.0128811778234927
3788.9932	0.0132580685240146
3787.5762	0.0135552385382269
3786.1592	0.0133608516343057
3784.7422	0.0132843360515467
3783.3253	0.0130060227653337
3781.9083	0.0130708571004749
3780.4913	0.0132351405584551
3779.0743	0.0133652062483809
3777.6574	0.0129957269640142
3776.2404	0.0140051329864155
3774.8234	0.012891273128748
3773.4064	0.0136358918688909
3771.9895	0.0133966288398252
3770.5725	0.0130969185572367
3769.1555	0.012945815413686
3767.7385	0.0129292351508168
3766.3216	0.0142607524543127
3764.9046	0.0131009223374734
3763.4876	0.0134930828101078
3762.0706	0.0130381754888262
3760.6536	0.0132163092689554
3759.2367	0.0132572993412306
3757.8197	0.0131485001154941
3756.4027	0.013464346360485
3754.9857	0.0128542573648875
3753.5688	0.0127471774034605
3752.1518	0.0137969687320309
3750.7348	0.0141554025881911
3749.3178	0.0136086239570318
3747.9009	0.0130566143852312
3746.4839	0.0129211593448587
3745.0669	0.0130845108811931
3743.6499	0.0129030751652209
3742.233	0.0128201311580615
3740.816	0.0132296955039567
3739.399	0.0133846924838942
3737.982	0.0133975268369322
3736.5651	0.0129870131488629
3735.1481	0.0129291279818899
3733.7311	0.0122791261315243
3732.3141	0.0134527683526143
3730.8972	0.0129252937962898
3729.4802	0.0129321735048059
3728.0632	0.0123606929913167
3726.6462	0.0131938300602464
3725.2293	0.0133982381453401
3723.8123	0.0124539490008307
3722.3953	0.0125301008609861
3720.9783	0.012825193329037
3719.5614	0.0127034528525456
3718.1444	0.0124312466568122
3716.7274	0.0129141786796116
3715.3104	0.012717026071678
3713.8935	0.0131775774332253
3712.4765	0.0127369598275815
3711.0595	0.01304437811846
3709.6425	0.0123452179064198
3708.2255	0.0132476835543132
3706.8086	0.012647189421323
3705.3916	0.0128980662576676
3703.9746	0.012698319424086
3702.5576	0.0128146071115364
3701.1407	0.0127777906220004
3699.7237	0.0120935887633001
3698.3067	0.0131105372724736
3696.8897	0.0126403264843852
3695.4728	0.0127391320343601
3694.0558	0.0124753404252039
3692.6388	0.0125556835455888
3691.2218	0.0123795768610781
3689.8049	0.0123424727400526
3688.3879	0.0129261615679575
3686.9709	0.0129690715057817
3685.5539	0.0125318538926292
3684.137	0.0135287310105455
3682.72	0.0124655912851743
3681.303	0.012035779885977
3679.886	0.0125415342158768
3678.4691	0.0125655384787203
3677.0521	0.0120306272322691
3675.6351	0.0126893870780305
3674.2181	0.0128552842457681
3672.8012	0.0125612221233965
3671.3842	0.012483473406296
3669.9672	0.0125342062997534
3668.5502	0.0124213771752024
3667.1333	0.0122782090220844
3665.7163	0.0123536968604406
3664.2993	0.0124599579687003
3662.8823	0.0124668996831078
3661.4653	0.012709084271649
3660.0484	0.0123646836560319
3658.6314	0.0121339998125758
3657.2144	0.012718381844277
3655.7974	0.0124744971154329
3654.3805	0.0119069321520395
3652.9635	0.0121893927231614
3651.5465	0.0124362159247203
3650.1295	0.0125587161402397
3648.7126	0.0127814947995968
3647.2956	0.0126124057188855
3645.8786	0.0141326950939772
3644.4616	0.0132734202306479
3643.0447	0.0132645865495424
3641.6277	0.0130017783201981
3640.2107	0.0127055714736663
3638.7937	0.0130455973611614
3637.3768	0.0125009535769282
3635.9598	0.0133773151621448
3634.5428	0.0131715801683939
3633.1258	0.0129992439969563
3631.7089	0.0134223540982425
3630.2919	0.0131653690973657
3628.8749	0.0131264538182234
3627.4579	0.0138686512523592
3626.041	0.0134817922380236
3624.624	0.0138207436745173
3623.207	0.0132418638137555
3621.79	0.013848569483003
3620.3731	0.0138384827913493
3618.9561	0.013408996561462
3617.5391	0.0136437721148472
3616.1221	0.014208788078061
3614.7051	0.014347323748241
3613.2882	0.0148677704956158
3611.8712	0.014144251281089
3610.4542	0.0148684857567866
3609.0372	0.0146771753347479
3607.6203	0.0148602638272915
3606.2033	0.0145603853609425
3604.7863	0.014634729675298
3603.3693	0.0143134611144324
3601.9524	0.0148816286384995
3600.5354	0.014958287298774
3599.1184	0.0147903308697616
3597.7014	0.0155833161598895
3596.2845	0.015182993626413
3594.8675	0.01521641520443
3593.4505	0.0154845834933132
3592.0335	0.0157658308270042
3590.6166	0.0156493058184779
3589.1996	0.0154043522383373
3587.7826	0.0155577237129625
3586.3656	0.0162043690897512
3584.9487	0.0161101531701797
3583.5317	0.0165605421010024
3582.1147	0.0158844463185035
3580.6977	0.0169737484888837
3579.2808	0.0165715341303156
3577.8638	0.0165965359962231
3576.4468	0.0166844854991758
3575.0298	0.0168052786381663
3573.6129	0.0169138687970326
3572.1959	0.0173726375138714
3570.7789	0.0175167241637617
3569.3619	0.0176236948304076
3567.9449	0.0175150895972296
3566.528	0.0180496116983144
3565.111	0.0188159430210824
3563.694	0.0186467543513873
3562.277	0.0185537623483679
3560.8601	0.0186780871056104
3559.4431	0.019121149613502
3558.0261	0.0191229384687982
3556.6091	0.0200098814385043
3555.1922	0.019726595004797
3553.7752	0.019431193081261
3552.3582	0.0199281454907357
3550.9412	0.0209604750967173
3549.5243	0.020010149220874
3548.1073	0.0206408004192709
3546.6903	0.021059996884266
3545.2733	0.0211834292168012
3543.8564	0.0212387147041119
3542.4394	0.0214661820097278
3541.0224	0.0213321174912424
3539.6054	0.0217204290421608
3538.1885	0.0216626125406327
3536.7715	0.0222960833336737
3535.3545	0.0225508280588404
3533.9375	0.0220671314075236
3532.5206	0.0222646535205785
3531.1036	0.0225248154037284
3529.6866	0.0226633304767203
3528.2696	0.02267830977693
3526.8527	0.0236992510356534
3525.4357	0.0237064666877769
3524.0187	0.0232967440195583
3522.6017	0.024418074995585
3521.1847	0.0240079554496752
3519.7678	0.0245839643201704
3518.3508	0.0247647307282007
3516.9338	0.0245136638387964
3515.5168	0.0252175547980067
3514.0999	0.0248257935085877
3512.6829	0.0252199062851923
3511.2659	0.0254063284759876
3509.8489	0.0259218727063238
3508.432	0.0255080541018384
3507.015	0.0255406327326747
3505.598	0.0269300657337646
3504.181	0.0265779022514883
3502.7641	0.026243211469873
3501.3471	0.0263875927162824
3499.9301	0.0268903804230227
3498.5131	0.0276595442219722
3497.0962	0.027444566600611
3495.6792	0.0280183636131781
3494.2622	0.0278325456216009
3492.8452	0.0283067704237496
3491.4283	0.0281920547848254
3490.0113	0.0285633347489881
3488.5943	0.0288689106005606
3487.1773	0.028829227073842
3485.7604	0.0289033905572156
3484.3434	0.029888376224635
3482.9264	0.0294485937018954
3481.5094	0.0302759661711543
3480.0925	0.0299102412037248
3478.6755	0.0306345416097865
3477.2585	0.03022705122227
3475.8415	0.0305846702646981
3474.4245	0.030508080385095
3473.0076	0.0305570540744531
3471.5906	0.0314196018515377
3470.1736	0.0319018646491022
3468.7566	0.0311096276650558
3467.3397	0.0318478262233247
3465.9227	0.031531135433323
3464.5057	0.0318234227613837
3463.0887	0.0320106338482666
3461.6718	0.0325537896925384
3460.2548	0.032836546443718
3458.8378	0.0328032910868283
3457.4208	0.0328563647466592
3456.0039	0.0327750619943493
3454.5869	0.0331460653007404
3453.1699	0.0334713601849767
3451.7529	0.034430817996355
3450.336	0.0341880365668318
3448.919	0.0340051878348285
3447.502	0.0344726580897414
3446.085	0.0347957932335834
3444.6681	0.0349865796414814
3443.2511	0.0350639189566417
3441.8341	0.0353254883263672
3440.4171	0.0350011697228639
3439.0002	0.035651381276701
3437.5832	0.0356478357214503
3436.1662	0.0359044822379223
3434.7492	0.0358195733151625
3433.3323	0.0360828683801227
3431.9153	0.0367425606317905
3430.4983	0.0357767351099362
3429.0813	0.0368483756413497
3427.6643	0.036559294647607
3426.2474	0.0366129447675693
3424.8304	0.0369916188475997
3423.4134	0.0370988048925601
3421.9964	0.0369682959960623
3420.5795	0.036841978731311
3419.1625	0.0378335259639128
3417.7455	0.0375729202089176
3416.3285	0.0380785704318248
3414.9116	0.0377370547219749
3413.4946	0.0383410602030879
3412.0776	0.0386831775230241
3410.6606	0.0385433689238966
3409.2437	0.038930849716541
3407.8267	0.0388977867822518
3406.4097	0.0394303822715669
3404.9927	0.0396953140016607
3403.5758	0.0392341910225232
3402.1588	0.0401547739371546
3400.7418	0.0399183217164398
3399.3248	0.0400334759556529
3397.9079	0.0395384942052149
3396.4909	0.0406498617376794
3395.0739	0.0403928823486835
3393.6569	0.0402563725779305
3392.24	0.0413683796246306
3390.823	0.0407142866584613
3389.406	0.0406311706736216
3387.989	0.040695814905861
3386.5721	0.0407805129785251
3385.1551	0.0410452427903053
3383.7381	0.0413339851773605
3382.3211	0.0418783970036512
3380.9041	0.0412679829595597
3379.4872	0.0421971902058304
3378.0702	0.0420857082410038
3376.6532	0.0421327411020855
3375.2362	0.0423076182410768
3373.8193	0.042813524464139
3372.4023	0.0421538742835447
3370.9853	0.0423614045999126
3369.5683	0.0423075607695697
3368.1514	0.0431153260600116
3366.7344	0.0422002449688392
3365.3174	0.0426818767490234
3363.9004	0.0434956209015608
3362.4835	0.0435314262572599
3361.0665	0.0429370018091645
3359.6495	0.0439000007092693
3358.2325	0.0435170911517747
3356.8156	0.0433351908723794
3355.3986	0.0442540195054454
3353.9816	0.0435109098564157
3352.5646	0.0440459470207654
3351.1477	0.0448141952901863
3349.7307	0.044144626667159
3348.3137	0.0441584324653765
3346.8967	0.044633025780205
3345.4798	0.0443269351058767
3344.0628	0.044120279153005
3342.6458	0.0444688187776778
3341.2288	0.044454385585422
3339.8119	0.0447798610542087
3338.3949	0.0442068371488172
3336.9779	0.0446590999476049
3335.5609	0.0448846567869323
3334.1439	0.0446948114298269
3332.727	0.0447955446723544
3331.31	0.0448857256047958
3329.893	0.0448925292107234
3328.476	0.0454349089273801
3327.0591	0.0452964769814333
3325.6421	0.0456389987453984
3324.2251	0.0453877089133762
3322.8081	0.0451969415299615
3321.3912	0.0452721373023388
3319.9742	0.0457282989369599
3318.5572	0.0457893780759831
3317.1402	0.0458737184132058
3315.7233	0.045982289535206
3314.3063	0.0459035840505557
3312.8893	0.0461502415190578
3311.4723	0.0461134211722471
3310.0554	0.04585588657928
3308.6384	0.045079335380969
3307.2214	0.0457232394669285
3305.8044	0.0461146405238394
3304.3875	0.046476068799956
3302.9705	0.0463999839426985
3301.5535	0.0457204502897272
3300.1365	0.0456053225543593
3298.7196	0.04613061762469
3297.3026	0.0467501552497743
3295.8856	0.0456315316924245
3294.4686	0.0461010087730302
3293.0517	0.0454888099386061
3291.6347	0.0460777488783752
3290.2177	0.0460877613155885
3288.8007	0.0459384133721161
3287.3837	0.0458518900772836
3285.9668	0.0460432111826407
3284.5498	0.046095900715748
3283.1328	0.0456486812983764
3281.7158	0.0459620340596931
3280.2989	0.0463540573348
3278.8819	0.0459505684981465
3277.4649	0.0462683826237631
3276.0479	0.0465666052946714
3274.631	0.0464410317514426
3273.214	0.0458844657521594
3271.797	0.0465688302565781
3270.38	0.0462777483196709
3268.9631	0.0469019574045646
3267.5461	0.0469114905569185
3266.1291	0.0463313035910054
3264.7121	0.0454111362441283
3263.2952	0.0462811389653909
3261.8782	0.0457610050765352
3260.4612	0.0459079434499156
3259.0442	0.0464639683524827
3257.6273	0.0459325145176476
3256.2103	0.046029856978352
3254.7933	0.0462507214227757
3253.3763	0.04569950552406
3251.9594	0.0461100926527329
3250.5424	0.0457277832928935
3249.1254	0.0466069356688812
3247.7084	0.0456796980404898
3246.2915	0.0465263308685839
3244.8745	0.0457850420766474
3243.4575	0.0462453331934599
3242.0405	0.0460186104086542
3240.6235	0.045615537287283
3239.2066	0.0455395331012004
3237.7896	0.0452485005187151
3236.3726	0.0461439657587323
3234.9556	0.0461169384796559
3233.5387	0.0458073818719094
3232.1217	0.0456697456064777
3230.7047	0.0456719589501136
3229.2877	0.0457771162681547
3227.8708	0.0462828940474307
3226.4538	0.0455340434161861
3225.0368	0.0454746161351257
3223.6198	0.0459865209489312
3222.2029	0.045664373122821
3220.7859	0.0454566325137765
3219.3689	0.0451040066620604
3217.9519	0.0449268698026962
3216.535	0.0448751327621701
3215.118	0.0455068410293946
3213.701	0.0451993577883881
3212.284	0.0453398043302099
3210.8671	0.0448519899672286
3209.4501	0.0449898263556507
3208.0331	0.0452539048283026
3206.6161	0.0442488513497828
3205.1992	0.0447356444654425
3203.7822	0.0445880251334271
3202.3652	0.0443249026733444
3200.9482	0.0447709236024489
3199.5313	0.04429168469297
3198.1143	0.0436191284598405
3196.6973	0.0446860565986867
3195.2803	0.0434676983613568
3193.8633	0.0440226865640657
3192.4464	0.0433128872542466
3191.0294	0.0434603241650326
3189.6124	0.0436212266656963
3188.1954	0.0429980528477417
3186.7785	0.0435522925967016
3185.3615	0.0434394020657397
3183.9445	0.0433506709692858
3182.5275	0.0430913913180402
3181.1106	0.043504491532844
3179.6936	0.0426283301510854
3178.2766	0.0432307704602908
3176.8596	0.0429690621483183
3175.4427	0.0421611515894659
3174.0257	0.0437491650346128
3172.6087	0.0427242283614348
3171.1917	0.0428939623413906
3169.7748	0.042320955387332
3168.3578	0.0424801313138171
3166.9408	0.0415873897206656
3165.5238	0.0417696904241673
3164.1069	0.0422644370926771
3162.6899	0.0421522452171174
3161.2729	0.0423600162802033
3159.8559	0.0415405640329457
3158.439	0.041827422730601
3157.022	0.0417008150991569
3155.605	0.0413257173990665
3154.188	0.0410193310153558
3152.7711	0.0411216864910382
3151.3541	0.0413443438119278
3149.9371	0.0411669612245676
3148.5201	0.0410818613316602
3147.1031	0.0408467123007352
3145.6862	0.0406933031402062
3144.2692	0.0412763764646433
3142.8522	0.0404602538335024
3141.4352	0.0396908396452029
3140.0183	0.0403937895489598
3138.6013	0.039752851635911
3137.1843	0.0400275731872624
3135.7673	0.0399450429574455
3134.3504	0.0399090192325582
3132.9334	0.0396571263508772
3131.5164	0.0397782335136203
3130.0994	0.0398778083993197
3128.6825	0.039094118454247
3127.2655	0.0390341773746569
3125.8485	0.0393020348019797
3124.4315	0.0391160987065921
3123.0146	0.0383823291955645
3121.5976	0.038987293871611
3120.1806	0.0388923317868448
3118.7636	0.0388223352803529
3117.3467	0.0383606336501476
3115.9297	0.0382352484126551
3114.5127	0.0379526268708319
3113.0957	0.0376884758918838
3111.6788	0.0379156623032691
3110.2618	0.0380744075616068
3108.8448	0.0373744349885075
3107.4278	0.0372478906883399
3106.0109	0.0368655246388432
3104.5939	0.0370994608834079
3103.1769	0.0374595295357431
3101.7599	0.0369359044713535
3100.3429	0.03680803957093
3098.926	0.0371706290149699
3097.509	0.037281023502449
3096.092	0.0362886689842679
3094.675	0.0361353517096402
3093.2581	0.0363251895779227
3091.8411	0.0366227616177692
3090.4241	0.0365263019839203
3089.0071	0.036078932136173
3087.5902	0.0359562466896351
3086.1732	0.0355231007432197
3084.7562	0.0355711875066523
3083.3392	0.0354322054905711
3081.9223	0.0352814087154119
3080.5053	0.0353064788352194
3079.0883	0.0349786557953825
3077.6713	0.0350279213465818
3076.2544	0.0348923398352366
3074.8374	0.0352545329499599
3073.4204	0.0347906645202475
3072.0034	0.0344992535258072
3070.5865	0.0343287030669511
3069.1695	0.0345649386936417
3067.7525	0.0344646186822643
3066.3355	0.0341940466888368
3064.9186	0.0340387021954238
3063.5016	0.0337669574559661
3062.0846	0.0336189109846772
3060.6676	0.0337422558641902
3059.2507	0.0341623263328553
3057.8337	0.0340335336920583
3056.4167	0.0335431084643984
3054.9997	0.0335561851093658
3053.5827	0.0332679631708879
3052.1658	0.0328469069159612
3050.7488	0.0326643514354556
3049.3318	0.0326213036247916
3047.9148	0.0333180385280042
3046.4979	0.0323309906758113
3045.0809	0.0333716381914771
3043.6639	0.0326924104082301
3042.2469	0.0329214154571714
3040.83	0.031727604417907
3039.413	0.0319516293563643
3037.996	0.0316333604221399
3036.579	0.0319082853838794
3035.1621	0.0318715582822317
3033.7451	0.0318784273130625
3032.3281	0.0317535363857869
3030.9111	0.031157532713734
3029.4942	0.0311481734138196
3028.0772	0.030309517621922
3026.6602	0.0313313925194956
3025.2432	0.0312556480212368
3023.8263	0.0307101559511074
3022.4093	0.0303916985634922
3020.9923	0.0313168016767303
3019.5753	0.0313876156325038
3018.1584	0.0306172354999565
3016.7414	0.0304209758921021
3015.3244	0.0306964640028005
3013.9074	0.0304273990651837
3012.4905	0.030329062055713
3011.0735	0.0303093801245521
3009.6565	0.0302780257696245
3008.2395	0.0302287265606772
3006.8225	0.0297664745504788
3005.4056	0.030387927163616
3003.9886	0.0305839415336955
3002.5716	0.0297430912525942
3001.1546	0.0298307397190288
2999.7377	0.0301436212836166
2998.3207	0.0298364959667062
2996.9037	0.0298294401778592
2995.4867	0.0288327285059057
2994.0698	0.0299213876482047
2992.6528	0.0290914036635558
2991.2358	0.0288939541278549
2989.8188	0.0302908838598554
2988.4019	0.0289157620273003
2986.9849	0.0295874008003344
2985.5679	0.0304195773182459
2984.1509	0.0301358813686492
2982.734	0.0303348221166996
2981.317	0.0297705996332054
2979.9	0.0296288494066457
2978.483	0.030026588622395
2977.0661	0.0303641927389584
2975.6491	0.0303444988225379
2974.2321	0.0302234858527024
2972.8151	0.0309259057433216
2971.3982	0.0304120773409194
2969.9812	0.0309054581331698
2968.5642	0.0312366519508643
2967.1472	0.0309598130255186
2965.7303	0.0310157137175578
2964.3133	0.0309882223801584
2962.8963	0.0316460571149243
2961.4793	0.0309809361259361
2960.0623	0.0317321263432762
2958.6454	0.0315705563194929
2957.2284	0.0319602693898467
2955.8114	0.0323044770984546
2954.3944	0.0322799273073557
2952.9775	0.0324280392493368
2951.5605	0.0323918830246175
2950.1435	0.0326026305989695
2948.7265	0.0329324995138548
2947.3096	0.0337023831292234
2945.8926	0.0337697245887946
2944.4756	0.0335204908069051
2943.0586	0.0343883560721733
2941.6417	0.0342961309496663
2940.2247	0.035123591493598
2938.8077	0.0349410688341067
2937.3907	0.0349205951582487
2935.9738	0.0354694478009812
2934.5568	0.0356346928805424
2933.1398	0.0359154376661244
2931.7228	0.0357766788438784
2930.3059	0.0365963684596327
2928.8889	0.0359219899419711
2927.4719	0.0365703224236355
2926.0549	0.03658091217293
2924.638	0.0360165124657387
2923.221	0.0364715996010703
2921.804	0.0360457259197129
2920.387	0.036122018484725
2918.9701	0.0362856236151985
2917.5531	0.0363241347388826
2916.1361	0.0363992061593171
2914.7191	0.0365937153169632
2913.3021	0.0362825960014374
2911.8852	0.0367558108441028
2910.4682	0.0362721813261374
2909.0512	0.0358410473792917
2907.6342	0.0365238073094052
2906.2173	0.0358788276778969
2904.8003	0.0350895722901254
2903.3833	0.0356641174210915
2901.9663	0.0352132511553701
2900.5494	0.0366049072043598
2899.1324	0.0352870217144148
2897.7154	0.0356980415656869
2896.2984	0.0358960760700273
2894.8815	0.0352511525585785
2893.4645	0.0360809966646837
2892.0475	0.0355143320236517
2890.6305	0.0359595132950443
2889.2136	0.0355261851224586
2887.7966	0.0356102330623813
2886.3796	0.0353566521637571
2884.9626	0.0348559044740051
2883.5457	0.0355740698324447
2882.1287	0.0356092375982689
2880.7117	0.0352506024060617
2879.2947	0.0352487278428623
2877.8778	0.0339144227963047
2876.4608	0.0348349927909451
2875.0438	0.0349377762375743
2873.6268	0.0343857240741681
2872.2099	0.0336934116701502
2870.7929	0.0342558884697488
2869.3759	0.0337588829519358
2867.9589	0.0340157895011102
2866.5419	0.0335787678737256
2865.125	0.0334119464739339
2863.708	0.0336340596079343
2862.291	0.0332363043898894
2860.874	0.0330967302577957
2859.4571	0.0329475785638372
2858.0401	0.0325264235881844
2856.6231	0.0324191077946138
2855.2061	0.0326893026783908
2853.7892	0.0327396668538006
2852.3722	0.0326481400180643
2850.9552	0.0320595105283984
2849.5382	0.0320051343339075
2848.1213	0.0326007567095606
2846.7043	0.0320620916321716
2845.2873	0.0322372649803634
2843.8703	0.0318599288785834
2842.4534	0.0315068909432593
2841.0364	0.0318034122738701
2839.6194	0.0320203177016005
2838.2024	0.0317354384956849
2836.7855	0.0315027652002997
2835.3685	0.0314696602023868
2833.9515	0.0313908155294337
2832.5345	0.0312574701913273
2831.1176	0.0305739727886107
2829.7006	0.0305209880642541
2828.2836	0.0311057978346912
2826.8666	0.0310037639305679
2825.4497	0.030403855794289
2824.0327	0.0298226627556088
2822.6157	0.030222281915216
2821.1987	0.0310828492458057
2819.7817	0.0301045656126328
2818.3648	0.0298396314556446
2816.9478	0.0300584249147664
2815.5308	0.0299690528850294
2814.1138	0.0294641647020649
2812.6969	0.0300296120400701
2811.2799	0.0295017750922313
2809.8629	0.0298584118909008
2808.4459	0.029950986022015
2807.029	0.0299626295190269
2805.612	0.0295099619435129
2804.195	0.0293719591178424
2802.778	0.0291139142082
2801.3611	0.0290155049394652
2799.9441	0.0298311367530791
2798.5271	0.0281401437760008
2797.1101	0.0289747472787164
2795.6932	0.0292351042230019
2794.2762	0.0296921763711546
2792.8592	0.0284339344994675
2791.4422	0.0284625317390729
2790.0253	0.028538277131957
2788.6083	0.0281099128765572
2787.1913	0.0279210115862451
2785.7743	0.0280956440225707
2784.3574	0.0291417053458004
2782.9404	0.0283343731995502
2781.5234	0.0287680850500276
2780.1064	0.0281406874238601
2778.6895	0.0278893033368502
2777.2725	0.0281019251448
2775.8555	0.0282276459754531
2774.4385	0.0280403304367309
2773.0215	0.0285646436697634
2771.6046	0.028260775497833
2770.1876	0.0276153437935991
2768.7706	0.0278371659861512
2767.3536	0.0279958883004508
2765.9367	0.0283775665550142
2764.5197	0.0278391336102331
2763.1027	0.0285040733858632
2761.6857	0.0276104259487709
2760.2688	0.0278002666313833
2758.8518	0.0276138622687784
2757.4348	0.0280859141381455
2756.0178	0.0279759864870003
2754.6009	0.0279907305330658
2753.1839	0.0284707102387111
2751.7669	0.0275846352731149
2750.3499	0.0282634144462177
2748.933	0.0279144947020464
2747.516	0.0280442700600745
2746.099	0.0278188403659688
2744.682	0.0269758907777323
2743.2651	0.0274914165688444
2741.8481	0.0273314557519895
2740.4311	0.0273510699361543
2739.0141	0.0273724892449297
2737.5972	0.0276879318909663
2736.1802	0.0272055437435909
2734.7632	0.0275802121444723
2733.3462	0.0275528029024874
2731.9293	0.0275287658505318
2730.5123	0.0270983811794681
2729.0953	0.0278061378558872
2727.6783	0.0268620583933547
2726.2613	0.0268751192886298
2724.8444	0.0277161173447536
2723.4274	0.0273503399357251
2722.0104	0.0273991953579719
2720.5934	0.0273577675841538
2719.1765	0.0274861727121669
2717.7595	0.0272587565847468
2716.3425	0.0271492794379146
2714.9255	0.0271045772141331
2713.5086	0.0268697211113953
2712.0916	0.0273549333631461
2710.6746	0.0268810600416082
2709.2576	0.0272371928965145
2707.8407	0.0268124402964796
2706.4237	0.0265602552992573
2705.0067	0.0271163119926496
2703.5897	0.0270711269498729
2702.1728	0.0268981453564889
2700.7558	0.0268130168418687
2699.3388	0.0272325342525729
2697.9218	0.0269464793081776
2696.5049	0.0266277651680082
2695.0879	0.0267497559958208
2693.6709	0.0272839325793925
2692.2539	0.0267673709089093
2690.837	0.0270702273335908
2689.42	0.0268200425673153
2688.003	0.0271479307489378
2686.586	0.0265960593338916
2685.1691	0.0269983929472729
2683.7521	0.0269104185058571
2682.3351	0.026936410377207
2680.9181	0.0262119141609373
2679.5011	0.0268782040717271
2678.0842	0.0265014580594058
2676.6672	0.0259663229723737
2675.2502	0.0268449054505907
2673.8332	0.0259477254154554
2672.4163	0.0262670809228724
2670.9993	0.0267291659526398
2669.5823	0.0262909980935812
2668.1653	0.0264580156587791
2666.7484	0.0264117589089368
2665.3314	0.0266352373628237
2663.9144	0.0265973445744385
2662.4974	0.0266436405074096
2661.0805	0.0263038547588721
2659.6635	0.0264221775889281
2658.2465	0.0262249515428605
2656.8295	0.026371994194762
2655.4126	0.0263221802290135
2653.9956	0.0256770108971277
2652.5786	0.0261047960146545
2651.1616	0.0260156195127635
2649.7447	0.0260195882428807
2648.3277	0.0257080020114012
2646.9107	0.0264680026532734
2645.4937	0.0260114222993984
2644.0768	0.0251101307442397
2642.6598	0.0262581179669146
2641.2428	0.0253548711466186
2639.8258	0.0251437942191316
2638.4089	0.0253907717103289
2636.9919	0.025777561399231
2635.5749	0.0252784393076391
2634.1579	0.0251963742326295
2632.741	0.0257394543325842
2631.324	0.0254545501457239
2629.907	0.0255094955755388
2628.49	0.0255164098960374
2627.073	0.0249771792578198
2625.6561	0.0249459785059202
2624.2391	0.0254870430243095
2622.8221	0.025300274135961
2621.4051	0.0254505091706638
2619.9882	0.0250049391933901
2618.5712	0.0252014361597178
2617.1542	0.0250578637420005
2615.7372	0.0245379637132893
2614.3203	0.0249590995683766
2612.9033	0.0244801746902142
2611.4863	0.0249251328398829
2610.0693	0.0248339707280152
2608.6524	0.0248318798394099
2607.2354	0.0242160446070352
2605.8184	0.0249011539019361
2604.4014	0.0244565802587828
2602.9845	0.0242896967270403
2601.5675	0.0245640457553038
2600.1505	0.0244990332712313
2598.7335	0.0241273703422863
2597.3166	0.0252625478713997
2595.8996	0.0242457345089459
2594.4826	0.0238535771877417
2593.0656	0.0236617223360433
2591.6487	0.0240725251796077
2590.2317	0.0239424600201192
2588.8147	0.0242222060712297
2587.3977	0.0235806925676914
2585.9808	0.0237020175614694
2584.5638	0.0242966144238354
2583.1468	0.0244193446667702
2581.7298	0.0241602234588472
2580.3128	0.024307966231579
2578.8959	0.024245939062944
2577.4789	0.0246295909707938
2576.0619	0.0239611089466154
2574.6449	0.0235275492690214
2573.228	0.0242594431574567
2571.811	0.0235307978573033
2570.394	0.0237259282299737
2568.977	0.0234581745912161
2567.5601	0.0234819015837122
2566.1431	0.0236178818256671
2564.7261	0.0236039204984951
2563.3091	0.023832188254212
2561.8922	0.0232492416821709
2560.4752	0.0235156780641822
2559.0582	0.0234571556777175
2557.6412	0.0237104741416652
2556.2243	0.0234622992958696
2554.8073	0.0238441007471657
2553.3903	0.0240088585095066
2551.9733	0.0237442555650354
2550.5564	0.0232810110049093
2549.1394	0.0230246614025428
2547.7224	0.0234686881560801
2546.3054	0.02395397841123
2544.8885	0.0235668483039383
2543.4715	0.0228851984404577
2542.0545	0.0231221178949796
2540.6375	0.0233898548342226
2539.2206	0.0235029886061334
2537.8036	0.0237459588360268
2536.3866	0.0229654967758796
2534.9696	0.0231321850682569
2533.5526	0.0231473490316244
2532.1357	0.0229857481149497
2530.7187	0.023440566677912
2529.3017	0.0237204392622611
2527.8847	0.023083943017029
2526.4678	0.0231249916579901
2525.0508	0.0235652459314263
2523.6338	0.0236483436908012
2522.2168	0.023562194955588
2520.7999	0.0229110873460605
2519.3829	0.0224533717378121
2517.9659	0.0228919065274527
2516.5489	0.0228935060719312
2515.132	0.0228126767738965
2513.715	0.0223486786028819
2512.298	0.0225719424746936
2510.881	0.0224558230773101
2509.4641	0.0228154510903023
2508.0471	0.0226841477158864
2506.6301	0.0228055278982466
2505.2131	0.0225791360287425
2503.7962	0.0229243645835878
2502.3792	0.0222972689120221
2500.9622	0.0222287909765477
2499.5452	0.0226320751418968
2498.1283	0.0227398961803266
2496.7113	0.0232590310450994
2495.2943	0.0222690452000187
2493.8773	0.0231698171093598
2492.4604	0.022444400737863
2491.0434	0.0229009486981282
2489.6264	0.0227527139046894
2488.2094	0.0228453187891464
2486.7924	0.0221339519613208
2485.3755	0.0225643165683209
2483.9585	0.0228755306823495
2482.5415	0.022906630417444
2481.1245	0.0222809446508496
2479.7076	0.0230975917547132
2478.2906	0.0220534602066446
2476.8736	0.022452047354659
2475.4566	0.0225585325092871
2474.0397	0.0223915637381501
2472.6227	0.021946512599532
2471.2057	0.0218356961283149
2469.7887	0.022149055628588
2468.3718	0.0223112576637256
2466.9548	0.0221992946012146
2465.5378	0.0225112848082213
2464.1208	0.0228584417255471
2462.7039	0.022440268032228
2461.2869	0.0222612644806231
2459.8699	0.0223913893904067
2458.4529	0.0221846228313511
2457.036	0.0226069325787651
2455.619	0.0217344488525329
2454.202	0.0221991957937442
2452.785	0.02227688170975
2451.3681	0.0224419153949301
2449.9511	0.0217439224124915
2448.5341	0.0219742560296404
2447.1171	0.0221251971696757
2445.7002	0.0219411362019672
2444.2832	0.0224679126971635
2442.8662	0.0219943170527527
2441.4492	0.0215380512478273
2440.0322	0.0223468831122067
2438.6153	0.0217103610476938
2437.1983	0.0216124295668387
2435.7813	0.0217304814630766
2434.3643	0.0220421788033469
2432.9474	0.0219347457975478
2431.5304	0.0221277358449974
2430.1134	0.0220586833613399
2428.6964	0.0218619047219919
2427.2795	0.0215762998373198
2425.8625	0.0222619136057909
2424.4455	0.02176486211516
2423.0285	0.0213651686134394
2421.6116	0.0214122139326708
2420.1946	0.0220415595746696
2418.7776	0.0217900002863009
2417.3606	0.0216511626030989
2415.9437	0.0209492507443578
2414.5267	0.0208360015505789
2413.1097	0.0209280574920351
2411.6927	0.0216208520978265
2410.2758	0.0216689836521485
2408.8588	0.0213507512499877
2407.4418	0.021221982318933
2406.0248	0.0216231456504223
2404.6079	0.0214909711217763
2403.1909	0.0215395633914557
2401.7739	0.0214103760443248
2400.3569	0.0214768208399173
2398.94	0.0209321709939498
2397.523	0.0211922571119725
2396.106	0.0218154358784515
2394.689	0.0211910805704501
2393.272	0.0213792293955072
2391.8551	0.021255196119504
2390.4381	0.0211333737841744
2389.0211	0.0209296344284165
2387.6041	0.0215729263567375
2386.1872	0.0215349515777793
2384.7702	0.0207553841426242
2383.3532	0.0216435625660154
2381.9362	0.0207420921533592
2380.5193	0.0214177338607759
2379.1023	0.0211735096721501
2377.6853	0.0213691594591688
2376.2683	0.0211547635988707
2374.8514	0.0217067639665929
2373.4344	0.0209998496391578
2372.0174	0.020680185469399
2370.6004	0.0203833079496757
2369.1835	0.0208587098441842
2367.7665	0.0208231980813793
2366.3495	0.0208441495590271
2364.9325	0.020904481860293
2363.5156	0.0209795235572144
2362.0986	0.0207605135917805
2360.6816	0.0210223736982779
2359.2646	0.0218246539397511
2357.8477	0.02134883747664
2356.4307	0.0201583095926448
2355.0137	0.0209681765388845
2353.5967	0.0211120191957124
2352.1798	0.0206266253572006
2350.7628	0.0212767291127804
2349.3458	0.0216188274539462
2347.9288	0.020945728633106
2346.5118	0.0209900036480626
2345.0949	0.0213127113991517
2343.6779	0.021333345173325
2342.2609	0.0209346587930359
2340.8439	0.0208046604226159
2339.427	0.0204091131546883
2338.01	0.0204335776641186
2336.593	0.0201282332804296
2335.176	0.0199117526034165
2333.7591	0.0208625407448972
2332.3421	0.0209658489485748
2330.9251	0.0215929239451212
2329.5081	0.0206124741802859
2328.0912	0.0210666725378584
2326.6742	0.0210176711369495
2325.2572	0.020565385305513
2323.8402	0.0212560755454337
2322.4233	0.0213507155141504
2321.0063	0.0212508756901211
2319.5893	0.0213888012270908
2318.1723	0.02103206113909
2316.7554	0.0205641816446943
2315.3384	0.0206695577782664
2313.9214	0.0207078148394494
2312.5044	0.0213734073514596
2311.0875	0.0212465724716427
2309.6705	0.0207559515379517
2308.2535	0.0206360209196347
2306.8365	0.0204735461035726
2305.4196	0.0209366607848469
2304.0026	0.0203670366583947
2302.5856	0.0201410983152875
2301.1686	0.0203163967669342
2299.7516	0.020469220929451
2298.3347	0.0209424283143129
2296.9177	0.021155486012603
2295.5007	0.0205350172906848
2294.0837	0.0210582872265226
2292.6668	0.0202138876215678
2291.2498	0.020934169218948
2289.8328	0.0211393019478575
2288.4158	0.0210551959056623
2286.9989	0.0214532610991987
2285.5819	0.0209305851772366
2284.1649	0.0208256591625121
2282.7479	0.0212775966144664
2281.331	0.0206260754470105
2279.914	0.0204684341945612
2278.497	0.0204005422951024
2277.08	0.0204736549298035
2275.6631	0.0202987271684576
2274.2461	0.0202223541464361
2272.8291	0.0202324779252615
2271.4121	0.0197873964135808
2269.9952	0.020975356781364
2268.5782	0.0200293438143355
2267.1612	0.0202151572331502
2265.7442	0.0205207671943497
2264.3273	0.0197168706624653
2262.9103	0.020773549155735
2261.4933	0.0203623597791191
2260.0763	0.0201232145003858
2258.6594	0.0198586036056724
2257.2424	0.0203019807465884
2255.8254	0.0202438057959834
2254.4084	0.0200877030703121
2252.9914	0.0192814760465134
2251.5745	0.0194699071769842
2250.1575	0.0197703892286759
2248.7405	0.0198990666734055
2247.3235	0.0199870658052312
2245.9066	0.0200101905670351
2244.4896	0.0195709726147098
2243.0726	0.0196844089521297
2241.6556	0.0198647002848772
2240.2387	0.0200825906325462
2238.8217	0.0196830447280475
2237.4047	0.0197172551918294
2235.9877	0.0195241006119605
2234.5708	0.0193474554568925
2233.1538	0.0197185551451627
2231.7368	0.0195754790156777
2230.3198	0.0196329062914691
2228.9029	0.0197045834362306
2227.4859	0.0204324611858934
2226.0689	0.0204344330785882
2224.6519	0.0202849975776927
2223.235	0.0192323905896444
2221.818	0.0188908441795241
2220.401	0.0200281442355787
2218.984	0.0197654648116793
2217.5671	0.0190617505086411
2216.1501	0.0194404801141587
2214.7331	0.0192898156918833
2213.3161	0.0196427159415174
2211.8992	0.0191065456061331
2210.4822	0.0193240172771625
2209.0652	0.0195989347903144
2207.6482	0.0197725145682322
2206.2312	0.0199280861115386
2204.8143	0.0198573076247515
2203.3973	0.0203863601125657
2201.9803	0.0199285537346599
2200.5633	0.0201350417680928
2199.1464	0.0200112388305203
2197.7294	0.0199822300078636
2196.3124	0.0201910538112102
2194.8954	0.0198514454876383
2193.4785	0.0211660326606098
2192.0615	0.0206359577191144
2190.6445	0.0212473388048971
2189.2275	0.0210981855655722
2187.8106	0.020547970278012
2186.3936	0.0202331942883268
2184.9766	0.0204140243437504
2183.5596	0.0201925982888463
2182.1427	0.0198759997952052
2180.7257	0.0197811441715259
2179.3087	0.0195678503085202
2177.8917	0.0195839177297542
2176.4748	0.0201099781104759
2175.0578	0.019644313460934
2173.6408	0.0191340683208924
2172.2238	0.0189915184733066
2170.8069	0.0189036659117693
2169.3899	0.0190488452280076
2167.9729	0.0187760544034209
2166.5559	0.019002150706746
2165.139	0.0193214827503838
2163.722	0.0195910136372688
2162.305	0.0196584947099534
2160.888	0.0190503442605609
2159.471	0.0183338634418502
2158.0541	0.018430464832238
2156.6371	0.0180768773250066
2155.2201	0.018048640320765
2153.8031	0.0178652363986441
2152.3862	0.0185302016271742
2150.9692	0.0188313379354965
2149.5522	0.0182563611533392
2148.1352	0.0184530506801155
2146.7183	0.0181557695944508
2145.3013	0.0184137345030731
2143.8843	0.0188930784232718
2142.4673	0.0186848419803894
2141.0504	0.0191055380176232
2139.6334	0.0190379756243911
2138.2164	0.0189009334822989
2136.7994	0.0189414140600194
2135.3825	0.0185604762768658
2133.9655	0.0186014406149261
2132.5485	0.0188385236836015
2131.1315	0.0184522930480999
2129.7146	0.0184939956989489
2128.2976	0.0190036880899073
2126.8806	0.0188402178835646
2125.4636	0.018636809329303
2124.0467	0.0188783463805816
2122.6297	0.018755913050272
2121.2127	0.0195701338721184
2119.7957	0.0194190767344921
2118.3788	0.0194159262423217
2116.9618	0.0195293573576547
2115.5448	0.0189099368496688
2114.1278	0.0195751000116251
2112.7108	0.019445572340972
2111.2939	0.0200332986745304
2109.8769	0.0185731642366154
2108.4599	0.0194483410598346
2107.0429	0.0194122292541472
2105.626	0.0190099149638793
2104.209	0.0194968301807655
2102.792	0.0197945862702549
2101.375	0.0198215132212979
2099.9581	0.0193581886564151
2098.5411	0.0194240319104204
2097.1241	0.0190586593784003
2095.7071	0.0191849230984097
2094.2902	0.0186686635421545
2092.8732	0.0186016183553269
2091.4562	0.0189023533059414
2090.0392	0.0190741794428913
2088.6223	0.0189401475137958
2087.2053	0.01874702676239
2085.7883	0.019513426466323
2084.3713	0.0190390334188548
2082.9544	0.0191102018489287
2081.5374	0.0190220193560782
2080.1204	0.0190616331690948
2078.7034	0.0179463808532788
2077.2865	0.0187034593580593
2075.8695	0.0190836435787429
2074.4525	0.0192517770484018
2073.0355	0.0190074963463231
2071.6186	0.0188916370390822
2070.2016	0.0187303627404865
2068.7846	0.0190698584414497
2067.3676	0.0194560779074842
2065.9506	0.0188717976307129
2064.5337	0.0180484175892985
2063.1167	0.0190029981833479
2061.6997	0.0187107373752448
2060.2827	0.0195019002167233
2058.8658	0.0189468986958393
2057.4488	0.0195038320153776
2056.0318	0.0191882808904001
2054.6148	0.0193995922332853
2053.1979	0.0197114486978865
2051.7809	0.0190449062731694
2050.3639	0.0193243229355791
2048.9469	0.0188296037516713
2047.53	0.0181510994326661
2046.113	0.0183859035076658
2044.696	0.0183615899958121
2043.279	0.0184436496308779
2041.8621	0.0192572263995946
2040.4451	0.018364804613992
2039.0281	0.017802035960287
2037.6111	0.0186367469296614
2036.1942	0.0184588459185522
2034.7772	0.0187203440400728
2033.3602	0.0179737852478153
2031.9432	0.0183925941006446
2030.5263	0.0182691144160718
2029.1093	0.0175903769678104
2027.6923	0.0172482033054055
2026.2753	0.017772286889304
2024.8584	0.0176001535255659
2023.4414	0.018271115164153
2022.0244	0.0178934190787606
2020.6074	0.0177168540642724
2019.1904	0.0182922595953537
2017.7735	0.0174221657159369
2016.3565	0.0176846890736804
2014.9395	0.0165085740174726
2013.5225	0.0163918983566282
2012.1056	0.0159118293070782
2010.6886	0.0171988388554879
2009.2716	0.0167957045592871
2007.8546	0.0172858679348902
2006.4377	0.0169471918519616
2005.0207	0.016404553462483
2003.6037	0.0170991971964102
2002.1867	0.0177787282124486
2000.7698	0.0174099879010709
1999.3528	0.0174479056377972
1997.9358	0.017666820259637
1996.5188	0.0172877219934333
1995.1019	0.0171377690509521
1993.6849	0.0169417779913822
1992.2679	0.0167730812460523
1990.8509	0.0169183490844897
1989.434	0.0175193135917426
1988.017	0.0182328700623105
1986.6	0.0187389939928961
1985.183	0.0191685455849435
1983.7661	0.0177061482308044
1982.3491	0.018155403914751
1980.9321	0.0184147620942793
1979.5151	0.0183316626001538
1978.0982	0.0177062296182122
1976.6812	0.0175088471849366
1975.2642	0.0178249653660465
1973.8472	0.0166702161314512
1972.4302	0.0175160671631999
1971.0133	0.0172631837088703
1969.5963	0.0175634125676834
1968.1793	0.0163009627425197
1966.7623	0.0166050275390982
1965.3454	0.0167518073025315
1963.9284	0.0170844129296008
1962.5114	0.0175588535026917
1961.0944	0.0171439788512105
1959.6775	0.0177846506695488
1958.2605	0.0174386337319771
1956.8435	0.0167857622180208
1955.4265	0.0172058205160374
1954.0096	0.0172311500584957
1952.5926	0.0187123568757787
1951.1756	0.0180516673432686
1949.7586	0.0179328730239433
1948.3417	0.0179250959893119
1946.9247	0.0170866768767158
1945.5077	0.0175669964407606
1944.0907	0.0170732074887124
1942.6738	0.0170146510899827
1941.2568	0.0177254196544844
1939.8398	0.0180907856272822
1938.4228	0.017684348594417
1937.0059	0.0177421087352014
1935.5889	0.0171358443736054
1934.1719	0.0173805385167575
1932.7549	0.0166662242482082
1931.338	0.0177301243878887
1929.921	0.0176677497435571
1928.504	0.0169223352169096
1927.087	0.0173515807332452
1925.67	0.017475008072631
1924.2531	0.0174542044301506
1922.8361	0.0176251164858055
1921.4191	0.0176579721806116
1920.0021	0.0183424163074679
1918.5852	0.0174229258954809
1917.1682	0.0177496242658251
1915.7512	0.0175529707676434
1914.3342	0.0178780735024215
1912.9173	0.0185410425924211
1911.5003	0.0172614365017407
1910.0833	0.0172726161041925
1908.6663	0.0175882131291796
1907.2494	0.0178424528202546
1905.8324	0.0184637167058575
1904.4154	0.0180139752748363
1902.9984	0.0175039484226804
1901.5815	0.0178714490803427
1900.1645	0.0181565903866252
1898.7475	0.0186753086240015
1897.3305	0.0179573033177479
1895.9136	0.0174445931232277
1894.4966	0.0172227593445159
1893.0796	0.0177875193515638
1891.6626	0.0173739731207997
1890.2457	0.0179784083977311
1888.8287	0.0180956232292983
1887.4117	0.018224888979612
1885.9947	0.0179365091441538
1884.5778	0.0174706692157543
1883.1608	0.0173265514509629
1881.7438	0.0173535256554542
1880.3268	0.0172759625424775
1878.9098	0.0176753926919873
1877.4929	0.0172249838437111
1876.0759	0.0172839097338383
1874.6589	0.0170686389386277
1873.2419	0.0173901257597889
1871.825	0.0171812762937012
1870.408	0.0175166400988278
1868.991	0.0173632594049078
1867.574	0.0177493647826806
1866.1571	0.0174208686396379
1864.7401	0.0178401136649521
1863.3231	0.017790951404997
1861.9061	0.0182028219663996
1860.4892	0.0177457705215597
1859.0722	0.0177783907458262
1857.6552	0.0177713777899844
1856.2382	0.0171426244679988
1854.8213	0.0174075247326884
1853.4043	0.0170444475353104
1851.9873	0.0173067737913073
1850.5703	0.0175527206483769
1849.1534	0.017774818640538
1847.7364	0.0176106747632413
1846.3194	0.0168134022777564
1844.9024	0.0172366247602877
1843.4855	0.0173006682933757
1842.0685	0.0177673922515901
1840.6515	0.0173415819994906
1839.2345	0.0169805459188949
1837.8176	0.0171124208913074
1836.4006	0.0174925306029527
1834.9836	0.0177015407709623
1833.5666	0.0171800807826873
1832.1496	0.0167220665311643
1830.7327	0.0175951326264584
1829.3157	0.0175082559559391
1827.8987	0.0172403448640032
1826.4817	0.0172919731278515
1825.0648	0.0172907067769804
1823.6478	0.0172432937057719
1822.2308	0.0166772948424232
1820.8138	0.0172695941829591
1819.3969	0.0167286637376242
1817.9799	0.0170066130675647
1816.5629	0.0172448833088103
1815.1459	0.0168145874708272
1813.729	0.0167806606679934
1812.312	0.0165838792032574
1810.895	0.0167387782174474
1809.478	0.0169741402141639
1808.0611	0.0168922085233042
1806.6441	0.0165924728957925
1805.2271	0.0164290311802423
1803.8101	0.0177267181753094
1802.3932	0.0173400538128758
1800.9762	0.0166014658712597
1799.5592	0.0171395358697521
1798.1422	0.017350704003131
1796.7253	0.0171342561974853
1795.3083	0.0174359581008186
1793.8913	0.0163659372419788
1792.4743	0.0173019142348301
1791.0574	0.0170570812078005
1789.6404	0.0171948255575617
1788.2234	0.0170803925008904
1786.8064	0.0171741649998963
1785.3894	0.0176397800355957
1783.9725	0.0178889837387696
1782.5555	0.016645470138992
1781.1385	0.0175702224432245
1779.7215	0.0175550431955483
1778.3046	0.0176623854131732
1776.8876	0.0172787737575194
1775.4706	0.0170892460134268
1774.0536	0.0176284963130483
1772.6367	0.0174175951229315
1771.2197	0.0170459453164446
1769.8027	0.0172766525283076
1768.3857	0.0170851110832983
1766.9688	0.0173526473597137
1765.5518	0.0169774296822632
1764.1348	0.0171318895345844
1762.7178	0.0174100003375419
1761.3009	0.0174241772560061
1759.8839	0.0176309682001775
1758.4669	0.0174809555397655
1757.0499	0.0176776925722439
1755.633	0.0177032105918101
1754.216	0.0177763913948396
1752.799	0.0180647000999481
1751.382	0.0180999104815284
1749.9651	0.0180217599276737
1748.5481	0.0181702125822613
1747.1311	0.0185681690081874
1745.7141	0.0191486785968561
1744.2972	0.0187639019197281
1742.8802	0.0188602892766809
1741.4632	0.0188840267136444
1740.0462	0.0197535357999559
1738.6292	0.0193812260057642
1737.2123	0.0195167793927743
1735.7953	0.0192428742224584
1734.3783	0.0196639730718773
1732.9613	0.0196887278310126
1731.5444	0.0196827721522863
1730.1274	0.0198977397914622
1728.7104	0.0196650533153523
1727.2934	0.0202753903842129
1725.8765	0.0204516769064843
1724.4595	0.0206176886832997
1723.0425	0.0198821084968964
1721.6255	0.0207350868367841
1720.2086	0.020387228994812
1718.7916	0.0212795531519994
1717.3746	0.0209284960856737
1715.9576	0.0213895801030922
1714.5407	0.021444641874772
1713.1237	0.0213645315740809
1711.7067	0.0221672869129234
1710.2897	0.0219674155363193
1708.8728	0.0222054493702801
1707.4558	0.0217844454044378
1706.0388	0.0225824582966511
1704.6218	0.0222669843782245
1703.2049	0.0226531164489385
1701.7879	0.0223970205920939
1700.3709	0.0224953603670158
1698.9539	0.0224813120596069
1697.537	0.0230367178729922
1696.12	0.023213977219882
1694.703	0.0232951852897582
1693.286	0.0231061593856169
1691.869	0.0232930755773569
1690.4521	0.0234682288414598
1689.0351	0.0233997665810829
1687.6181	0.0237868362128938
1686.2011	0.0235773832165885
1684.7842	0.023909103768375
1683.3672	0.0240033400994683
1681.9502	0.023698753212931
1680.5332	0.0235956803106753
1679.1163	0.0232559811701091
1677.6993	0.0238129306592553
1676.2823	0.0239506330232629
1674.8653	0.0244439409101034
1673.4484	0.0249224454345094
1672.0314	0.024510853164264
1670.6144	0.0249447680044612
1669.1974	0.0252791646784222
1667.7805	0.0249867065033861
1666.3635	0.0252814204672982
1664.9465	0.0253256990285055
1663.5295	0.0255375260251316
1662.1126	0.0257332005114325
1660.6956	0.0261461533867693
1659.2786	0.0259343469324755
1657.8616	0.025502916190718
1656.4447	0.0259504094014265
1655.0277	0.0268068667876285
1653.6107	0.0266618793754523
1652.1937	0.0273494124215367
1650.7768	0.0272563316035259
1649.3598	0.0269898501395412
1647.9428	0.0275950558080483
1646.5258	0.0283570094439067
1645.1088	0.0291157060436081
1643.6919	0.0291277123137382
1642.2749	0.0293227482302467
1640.8579	0.0296242639822539
1639.4409	0.0293371134224981
1638.024	0.0310351751059838
1636.607	0.0311585028886555
1635.19	0.0318859104906235
1633.773	0.0328557589014775
1632.3561	0.0324203120706045
1630.9391	0.0322455649358016
1629.5221	0.0329904640108476
1628.1051	0.0330821334258489
1626.6882	0.0335043632220657
1625.2712	0.0337995473578699
1623.8542	0.0337886686803588
1622.4372	0.0346404149053409
1621.0203	0.0349603141225761
1619.6033	0.0349914868109023
1618.1863	0.0351538723225917
1616.7693	0.0357501100074722
1615.3524	0.0357965857074552
1613.9354	0.0360251883361005
1612.5184	0.0367075759577556
1611.1014	0.0366530043685761
1609.6845	0.0369140148815016
1608.2675	0.037788462035547
1606.8505	0.0376762713861776
1605.4335	0.0380698733769328
1604.0166	0.038797065855925
1602.5996	0.0392036207622743
1601.1826	0.0394778520009377
1599.7656	0.0394753342286615
1598.3486	0.0385352138369861
1596.9317	0.0393233407788633
1595.5147	0.0393553586416485
1594.0977	0.0385242186054013
1592.6807	0.0385084709278354
1591.2638	0.0385445068925326
1589.8468	0.0376504796746696
1588.4298	0.0378699368909777
1587.0128	0.0381652932557658
1585.5959	0.0369057095741177
1584.1789	0.0371168253338125
1582.7619	0.0364976922252551
1581.3449	0.0359465885095585
1579.928	0.0357642124124903
1578.511	0.0350261377629608
1577.094	0.034560233690314
1575.677	0.0343834881327681
1574.2601	0.0336895218204568
1572.8431	0.0328832189532414
1571.4261	0.0331153276575298
1570.0091	0.0331730573216779
1568.5922	0.0332016598238498
1567.1752	0.03214473108766
1565.7582	0.0312017133036373
1564.3412	0.0310535442823215
1562.9243	0.0307154425616656
1561.5073	0.030375174611319
1560.0903	0.0296221082078615
1558.6733	0.0293071450634167
1557.2564	0.0284485974941835
1555.8394	0.0281071015482793
1554.4224	0.027861609534358
1553.0054	0.0267755777452719
1551.5885	0.0270649917896999
1550.1715	0.0269262473276319
1548.7545	0.0265184590077973
1547.3375	0.0267965574749067
1545.9205	0.0257701070070587
1544.5036	0.0260148534604699
1543.0866	0.0250948186361991
1541.6696	0.0248306111849948
1540.2526	0.0249780658771464
1538.8357	0.0249652520667588
1537.4187	0.0248384180729892
1536.0017	0.0245355421798971
1534.5847	0.0242921496565296
1533.1678	0.0236916016224289
1531.7508	0.0247157265707315
1530.3338	0.0246200706555214
1528.9168	0.0238407774596396
1527.4999	0.0243818295416306
1526.0829	0.0248446409893668
1524.6659	0.0242144372043736
1523.2489	0.025640610193411
1521.832	0.0266504728749134
1520.415	0.0267698922481881
1518.998	0.02738026545365
1517.581	0.0286080294798009
1516.1641	0.0287706835529951
1514.7471	0.0296105350244458
1513.3301	0.0294183120155358
1511.9131	0.030033189285153
1510.4962	0.0308733228623692
1509.0792	0.0303529952598675
1507.6622	0.0305920712246972
1506.2452	0.0315832775332911
1504.8283	0.0299775100115057
1503.4113	0.0296542255796558
1501.9943	0.028883310104655
1500.5773	0.028541334517266
1499.1603	0.028197994733458
1497.7434	0.0266249526316273
1496.3264	0.0271477902239794
1494.9094	0.0263139957464929
1493.4924	0.026195168009378
1492.0755	0.0256424480192571
1490.6585	0.0250096572617348
1489.2415	0.0253397921855116
1487.8245	0.0257669367105999
1486.4076	0.0254905431466712
1484.9906	0.0262643986957281
1483.5736	0.0266975988399862
1482.1566	0.0267736947890764
1480.7397	0.0269229557166748
1479.3227	0.0270886059176247
1477.9057	0.0266153454831922
1476.4887	0.0268903834786521
1475.0718	0.0269649165546506
1473.6548	0.0276632026790985
1472.2378	0.0279552632795753
1470.8208	0.0286195019280413
1469.4039	0.0291698622619014
1467.9869	0.0296270107243836
1466.5699	0.0298999585390445
1465.1529	0.0310593282004196
1463.736	0.0320240522474129
1462.319	0.0319974639882865
1460.902	0.0327153587293814
1459.485	0.0330292135175508
1458.0681	0.033943136028228
1456.6511	0.0340318131964289
1455.2341	0.0347104352141669
1453.8171	0.0353174501513486
1452.4001	0.035086147463667
1450.9832	0.0353636750090898
1449.5662	0.035057075166347
1448.1492	0.035219732259468
1446.7322	0.0351523083260828
1445.3153	0.0349497897603792
1443.8983	0.0352030660764459
1442.4813	0.0350223978060313
1441.0643	0.0358463237725963
1439.6474	0.0351451079420763
1438.2304	0.0352432676484371
1436.8134	0.035819338133008
1435.3964	0.0363536654054249
1433.9795	0.0366133729258392
1432.5625	0.036855690615354
1431.1455	0.0373852739759775
1429.7285	0.0377942818136802
1428.3116	0.0384618788392542
1426.8946	0.0380486748212695
1425.4776	0.0388958203758383
1424.0606	0.0387432665384849
1422.6437	0.039524817678284
1421.2267	0.0390228588590614
1419.8097	0.0392733626828724
1418.3927	0.0397532765774807
1416.9758	0.0396755216604218
1415.5588	0.0405451146816235
1414.1418	0.0399617420209636
1412.7248	0.040011206261129
1411.3079	0.0397451532165532
1409.8909	0.0404488790962454
1408.4739	0.0403122316874711
1407.0569	0.0400866339045556
1405.6399	0.0404741761705916
1404.223	0.0400329916624368
1402.806	0.0400927839510417
1401.389	0.0405664801181651
1399.972	0.040636234384201
1398.5551	0.0403473374740572
1397.1381	0.0413025482013805
1395.7211	0.0408368457431859
1394.3041	0.0406599874036309
1392.8872	0.0413673223200194
1391.4702	0.0419095140687166
1390.0532	0.0425529927651221
1388.6362	0.0423986080469319
1387.2193	0.0433886209831919
1385.8023	0.0435344261020845
1384.3853	0.0436803833692055
1382.9683	0.0438744680075565
1381.5514	0.0435246615772225
1380.1344	0.0435524573736223
1378.7174	0.0435582518045137
1377.3004	0.0430048074576652
1375.8835	0.0431325480994813
1374.4665	0.0435597509475383
1373.0495	0.0429132158291351
1371.6325	0.0440319204159028
1370.2156	0.0442058806362728
1368.7986	0.0441702701055662
1367.3816	0.0449283721670843
1365.9646	0.0454357408201729
1364.5477	0.0454405218121539
1363.1307	0.0461536476080228
1361.7137	0.0458909821999334
1360.2967	0.0459317579857282
1358.8797	0.0461176587288646
1357.4628	0.0447167232193477
1356.0458	0.0443372017835397
1354.6288	0.0433283717140261
1353.2118	0.0441959986669191
1351.7949	0.0434595697422779
1350.3779	0.0432374830597272
1348.9609	0.0433461759120449
1347.5439	0.0430817777891973
1346.127	0.0431431036054311
1344.71	0.0436696140513002
1343.293	0.0433580613398646
1341.876	0.0447700428530428
1340.4591	0.0443245213811483
1339.0421	0.0447446449982564
1337.6251	0.0446658510142168
1336.2081	0.0445464033596068
1334.7912	0.0438920593313423
1333.3742	0.0442464467603048
1331.9572	0.043852559876147
1330.5402	0.0440654640038927
1329.1233	0.0440752540066801
1327.7063	0.0431952534202776
1326.2893	0.0425701522326435
1324.8723	0.0423130192545718
1323.4554	0.0419112841062838
1322.0384	0.0414774687020652
1320.6214	0.0414382930798162
1319.2044	0.0408015334615412
1317.7875	0.0407934981683609
1316.3705	0.0404741883012798
1314.9535	0.0403120200403108
1313.5365	0.0403922773368652
1312.1195	0.0397798886181983
1310.7026	0.0395111395459697
1309.2856	0.0390206548797196
1307.8686	0.0392390424473926
1306.4516	0.0394638868194229
1305.0347	0.0393003594305534
1303.6177	0.0395155518793116
1302.2007	0.0395660685882436
1300.7837	0.0395496532992289
1299.3668	0.0397265632920372
1297.9498	0.0391136326232113
1296.5328	0.0393878018051983
1295.1158	0.0398343864070524
1293.6989	0.0392620172286469
1292.2819	0.0400866375056766
1290.8649	0.0390842978349944
1289.4479	0.0397688347090916
1288.031	0.0393003954406985
1286.614	0.0396226574414288
1285.197	0.0393984574078284
1283.78	0.0400289337825412
1282.3631	0.0399928624891524
1280.9461	0.0404616088726014
1279.5291	0.0409751932890905
1278.1121	0.0415862066955838
1276.6952	0.0416919104531776
1275.2782	0.0419730760211473
1273.8612	0.0426161215387078
1272.4442	0.0437424575463182
1271.0273	0.0432586688864704
1269.6103	0.0438265869327051
1268.1933	0.0433580099766608
1266.7763	0.0432412817612308
1265.3593	0.0431570878287917
1263.9424	0.0430555450401151
1262.5254	0.0429148597101816
1261.1084	0.0427602039634927
1259.6914	0.0429074204840555
1258.2745	0.042714693605904
1256.8575	0.0425376990775093
1255.4405	0.0425039262659367
1254.0235	0.0428807468445417
1252.6066	0.0428140599117831
1251.1896	0.0422002617527895
1249.7726	0.0425307801792105
1248.3556	0.0419407018015699
1246.9387	0.0418440853206413
1245.5217	0.0409348512256764
1244.1047	0.0415412903921122
1242.6877	0.0410105727861163
1241.2708	0.0413055618829939
1239.8538	0.0418541513351136
1238.4368	0.0418969673626043
1237.0198	0.0424512681782186
1235.6029	0.04204767971858
1234.1859	0.0425106865266824
1232.7689	0.0424145717021096
1231.3519	0.0419214310803243
1229.935	0.042109455572241
1228.518	0.0411428007229332
1227.101	0.0400753928445358
1225.684	0.0396767515133018
1224.2671	0.03962395949375
1222.8501	0.0385526558909608
1221.4331	0.0385035526927548
1220.0161	0.0379517851929337
1218.5991	0.0369399317295965
1217.1822	0.0368779104883112
1215.7652	0.0362358950735403
1214.3482	0.0363379692627897
1212.9312	0.0365689115430734
1211.5143	0.0358062981012195
1210.0973	0.0363724985630597
1208.6803	0.0358716120887833
1207.2633	0.0351632719610846
1205.8464	0.0350593430343983
1204.4294	0.0347809637439543
1203.0124	0.0349061909456504
1201.5954	0.0339268926746386
1200.1785	0.034261166996684
1198.7615	0.0333019971903787
1197.3445	0.0330698164856491
1195.9275	0.0324980315923345
1194.5106	0.0325340985094191
1193.0936	0.0322204152932401
1191.6766	0.0317481662163534
1190.2596	0.0312278233467439
1188.8427	0.0309758812801828
1187.4257	0.0307758225169602
1186.0087	0.0300986902058431
1184.5917	0.0292367978839588
1183.1748	0.0301604941316901
1181.7578	0.029287924244551
1180.3408	0.0293345735135387
1178.9238	0.0293605761073662
1177.5069	0.029966237333904
1176.0899	0.0308263937728319
1174.6729	0.0308349840895533
1173.2559	0.0315716093857684
1171.8389	0.0324632510223688
1170.422	0.0341357111613217
1169.005	0.0342179663299266
1167.588	0.0364839209322278
1166.171	0.0373936542129356
1164.7541	0.0399198789457003
1163.3371	0.0416926100741737
1161.9201	0.0440489356789676
1160.5031	0.0460969348731962
1159.0862	0.0481496906412543
1157.6692	0.0508721370544312
1156.2522	0.0529277058225346
1154.8352	0.0538927653809275
1153.4183	0.055011451872131
1152.0013	0.0569671096521405
1150.5843	0.0578787671065022
1149.1673	0.0583310334727826
1147.7504	0.0586021591649383
1146.3334	0.0590607008772213
1144.9164	0.0588780376513668
1143.4994	0.0584942696994203
1142.0825	0.0578097403093489
1140.6655	0.0574818681517238
1139.2485	0.0560567531526324
1137.8315	0.0548906714496817
1136.4146	0.0544188412173651
1134.9976	0.0537140183632533
1133.5806	0.0538208445969983
1132.1636	0.0531393080744681
1130.7467	0.053520758874642
1129.3297	0.0540260211650124
1127.9127	0.0537609543232175
1126.4957	0.0538618894684433
1125.0787	0.0546914500513671
1123.6618	0.0550558840176943
1122.2448	0.0548362926202288
1120.8278	0.05469198605285
1119.4108	0.0555376864627037
1117.9939	0.0552430851592081
1116.5769	0.0552053319137907
1115.1599	0.0558507681469621
1113.7429	0.0559301910180694
1112.326	0.0563425259932604
1110.909	0.0570520085203509
1109.492	0.0574014738866721
1108.075	0.0574016909223708
1106.6581	0.0581822882008311
1105.2411	0.0585704965883855
1103.8241	0.0588395940576973
1102.4071	0.0599987520636434
1100.9902	0.0602552330305284
1099.5732	0.0606453661898895
1098.1562	0.0600327839150418
1096.7392	0.0608210688788745
1095.3223	0.061074926551808
1093.9053	0.0611997966466576
1092.4883	0.0620425767811419
1091.0713	0.0628455032332276
1089.6544	0.0640177783546204
1088.2374	0.0660362270599324
1086.8204	0.0667947575029651
1085.4034	0.0691417448686772
1083.9865	0.0704399030833789
1082.5695	0.0721403451719142
1081.1525	0.0753010863115834
1079.7355	0.0760995831027508
1078.3185	0.0776424939056393
1076.9016	0.0789331720982183
1075.4846	0.0783219221490854
1074.0676	0.0789093824664704
1072.6506	0.0770274333648735
1071.2337	0.0753740830718047
1069.8167	0.0743389113410306
1068.3997	0.0725899524124713
1066.9827	0.0714693853278772
1065.5658	0.0715552995717573
1064.1488	0.0717340719572966
1062.7318	0.0713942997906551
1061.3148	0.0727584622005155
1059.8979	0.073359793037948
1058.4809	0.0742254802289154
1057.0639	0.0763099102799865
1055.6469	0.0772593069713027
1054.23	0.0789328623719355
1052.813	0.0805094620345167
1051.396	0.0818015809407129
1049.979	0.0832638578674604
1048.5621	0.0846597854373891
1047.1451	0.0868306773552909
1045.7281	0.0882263300113326
1044.3111	0.0887374398235976
1042.8942	0.0911606042736251
1041.4772	0.0927620154013008
1040.0602	0.0943911406736844
1038.6432	0.0957136186324235
1037.2263	0.0973580603103313
1035.8093	0.0990929240265782
1034.3923	0.100049188924528
1032.9753	0.101053529760122
1031.5583	0.102355869304617
1030.1414	0.104918441373588
1028.7244	0.107346070087717
1027.3074	0.108202423764295
1025.8904	0.109849676321992
1024.4735	0.111345745755573
1023.0565	0.113722667896777
1021.6395	0.114823997474984
1020.2225	0.116153087878389
1018.8056	0.117110202829969
1017.3886	0.117871014061383
1015.9716	0.119326889469592
1014.5546	0.120005150131923
1013.1377	0.120096004833035
1011.7207	0.120433417452238
1010.3037	0.120091180698059
1008.8867	0.120968864264411
1007.4698	0.121436587266237
1006.0528	0.12099439285014
1004.6358	0.121022909925609
1003.2188	0.122135434566114
1001.8019	0.122160679813613
1000.3849	0.12259528731009
998.9679	0.124492968337436
997.5509	0.124911766222809
996.134	0.125547430586663
994.717	0.126281130361552
993.3	0.125828930037772
991.883	0.126580230631414
990.4661	0.127148735302756
989.0491	0.126157169218258
987.6321	0.125778915533985
986.2151	0.124603849393251
984.7981	0.124413373216933
983.3812	0.123054905429095
981.9642	0.121689371672382
980.5472	0.120264939728509
979.1302	0.117970548609816
977.7133	0.116363349300871
976.2963	0.11425808779466
974.8793	0.112077154353216
973.4623	0.109742727376727
972.0454	0.107743209670184
970.6284	0.10539590664671
969.2114	0.103605686494344
967.7944	0.10087177867655
966.3775	0.0987844916413645
964.9605	0.0960779140232208
963.5435	0.0944667929640283
962.1265	0.0925497378672997
960.7096	0.090176773978377
959.2926	0.0883553568398337
957.8756	0.0863846919992261
956.4586	0.0850242319789192
955.0417	0.083106216593877
953.6247	0.0811253318619344
952.2077	0.0797564630360264
950.7907	0.0791377789963446
949.3738	0.0775141030531145
947.9568	0.076979734627721
946.5398	0.0753309928786852
945.1228	0.07518215710258
943.7059	0.0746636414849301
942.2889	0.0747469223033865
940.8719	0.0751490112197304
939.4549	0.075128291009963
938.0379	0.0750680332070727
936.621	0.0753242512409378
935.204	0.0753939480006226
933.787	0.0758453205373056
932.37	0.0756826441747279
930.9531	0.075801971566311
929.5361	0.0752737642810761
928.1191	0.0757253130525796
926.7021	0.07554661928541
925.2852	0.0756242476550789
923.8682	0.0750628943855735
922.4512	0.0751892030800007
921.0342	0.0749023689613876
919.6173	0.0747144159032323
918.2003	0.0742009987011742
916.7833	0.0733522759307037
915.3663	0.073074801172057
913.9494	0.0732115921844841
912.5324	0.0727040097063181
911.1154	0.0716069997079374
909.6984	0.0708805761132112
908.2815	0.0697748245113425
906.8645	0.0693760154205747
905.4475	0.0686544891787833
904.0305	0.0676355030705038
902.6136	0.0676505370306026
901.1966	0.0674270094426486
899.7796	0.0664641525513189
898.3626	0.0665376962857973
896.9457	0.0657559888675387
895.5287	0.065342152127177
894.1117	0.0646697500623615
892.6947	0.0642570389087862
891.2777	0.0638946882381366
889.8608	0.0631491625354457
888.4438	0.0627915145149503
887.0268	0.0619607007551106
885.6098	0.0617867139508722
884.1929	0.0610916924811914
882.7759	0.0606191455890337
881.3589	0.0606092330941672
879.9419	0.0598087141864434
878.525	0.0590684065445066
877.108	0.0586601369234337
875.691	0.0584198136199495
874.274	0.0580642388098889
872.8571	0.0589666218752962
871.4401	0.0592203503755137
870.0231	0.0591653292458095
868.6061	0.0595624528375625
867.1892	0.0604343525698233
865.7722	0.0601907274585629
864.3552	0.0606797906531075
862.9382	0.0613029442196465
861.5213	0.0615497500090165
860.1043	0.0611634006298073
858.6873	0.061818954270686
857.2703	0.0625885759817427
855.8534	0.0618193140116214
854.4364	0.0616090726719258
853.0194	0.0621084680779665
851.6024	0.0617605869088892
850.1855	0.0624838559474786
848.7685	0.0620492231679861
847.3515	0.0620031409450108
845.9345	0.0620209115614414
844.5175	0.0616330592929457
843.1006	0.0622421389170094
841.6836	0.0616780960594842
840.2666	0.0615797218479406
838.8496	0.0611541978240371
837.4327	0.0612375435766433
836.0157	0.0601625942262154
834.5987	0.059780830745837
833.1817	0.0592485466907112
831.7648	0.0593430575790335
830.3478	0.0589015877564918
828.9308	0.0585481354940529
827.5138	0.0575500924882081
826.0969	0.0585468971733616
824.6799	0.0578160645560292
823.2629	0.0574532059939126
821.8459	0.0570454910576037
820.429	0.0575344563460507
819.012	0.0573790919729928
817.595	0.0574866550174639
816.178	0.0562244176453433
814.7611	0.0564671972060269
813.3441	0.0567132828271495
811.9271	0.0561568378509966
810.5101	0.0560885895478541
809.0932	0.0559378196996972
807.6762	0.0558250300783579
806.2592	0.0554258202335931
804.8422	0.0554898993052076
803.4253	0.0546640155706733
802.0083	0.0554331054409518
800.5913	0.0554374190177901
799.1743	0.0547544480336632
797.7573	0.0556695564861488
796.3404	0.05537583582642
794.9234	0.0560520149467097
793.5064	0.055273219365265
792.0894	0.0559493734332933
790.6725	0.0552736875156681
789.2555	0.0559829601724901
787.8385	0.0558587457001027
786.4215	0.0560516712667618
785.0046	0.057065737045138
783.5876	0.0573738155522047
782.1706	0.0573603503808124
780.7536	0.0577868126873705
779.3367	0.0579517196952499
777.9197	0.058442831609916
776.5027	0.0591832223614699
775.0857	0.0596078835086071
773.6688	0.0602123079377694
772.2518	0.0615568022545851
770.8348	0.062123096658635
769.4178	0.0621776152228972
768.0009	0.0628556542582975
766.5839	0.0634372087598483
765.1669	0.0645238127139268
763.7499	0.0647942513764145
762.333	0.0658505957529478
760.916	0.0657633652024798
759.499	0.0652986439729425
758.082	0.0653391503106216
756.6651	0.0648799891601811
755.2481	0.0645365203776378
753.8311	0.0652116420621551
752.4141	0.0642491845045831
750.9971	0.0634815039369391
749.5802	0.062361134967287
748.1632	0.0620698149650379
746.7462	0.0624085212757267
745.3292	0.0610951829234852
743.9123	0.0606920682269228
742.4953	0.0607886575019982
741.0783	0.0600864675394546
739.6613	0.0597126000482169
738.2444	0.0595052380722203
736.8274	0.0596913353959408
735.4104	0.0591888927370551
733.9934	0.0598594580032898
732.5765	0.0600551511788356
731.1595	0.0607431188143847
729.7425	0.0606560070783451
728.3255	0.0615241388347229
726.9086	0.061038937239716
725.4916	0.0609792592570498
724.0746	0.061864574815679
722.6576	0.0618967616556581
721.2407	0.0621292199197357
719.8237	0.0634842159037683
718.4067	0.0635204045397115
716.9897	0.0641366780606418
715.5728	0.0656008905058061
714.1558	0.0661258363982965
712.7388	0.0658051744345204
711.3218	0.0667358811184795
709.9049	0.0673015015081693
708.4879	0.0677367022488722
707.0709	0.0685614908924032
705.6539	0.069116923285742
704.2369	0.0695911182136061
702.82	0.0685624053273851
701.403	0.0687238471228714
699.986	0.0680795806773756
698.569	0.0685434174230469
697.1521	0.0683492061411385
695.7351	0.0677451784054711
694.3181	0.0678104613408388
692.9011	0.0675493745283698
691.4842	0.067889525935792
690.0672	0.0682387996312016
688.6502	0.0681883404659942
687.2332	0.0676999958560077
685.8163	0.068134851857733
684.3993	0.0688836439814395
682.9823	0.0678965075577911
681.5653	0.0682294246091417
680.1484	0.0683823483946382
678.7314	0.0682941662496432
677.3144	0.0688235964080396
675.8974	0.0688686899278239
674.4805	0.0684706888821031
673.0635	0.0689712028851138
671.6465	0.068942270766767
670.2295	0.0692845038695781
668.8126	0.0695203135523653
667.3956	0.070408120019958
665.9786	0.0702283072190945
664.5616	0.0705869181792359
663.1447	0.0706064467919738
661.7277	0.0704432197705643
660.3107	0.0698475847395166
658.8937	0.0706732649673168
657.4767	0.0711015501956702
656.0598	0.0705898760031088
654.6428	0.0708108130455592
653.2258	0.0711408670934576
651.8088	0.0710108636406051
650.3919	0.0722471168864091
648.9749	0.0715080512523277
647.5579	0.0723968218641324
646.1409	0.0728190212472838
644.724	0.0727529264777963
643.307	0.0732514238525113
641.89	0.073205031454395
640.473	0.0739643553331847
639.0561	0.0736839870836996
637.6391	0.0736059733919095
636.2221	0.0742049267194428
634.8051	0.0737265558438293
633.3882	0.0737873205437977
631.9712	0.0747943321983346
630.5542	0.0752293575133817
629.1372	0.0752099660750335
627.7203	0.0758897351721762
626.3033	0.0766392550037749
624.8863	0.0768177067101203
623.4693	0.076925898891375
622.0524	0.0773586160121141
620.6354	0.0781412232311332
619.2184	0.0799532195955795
617.8014	0.0809428694139138
616.3845	0.0815365785403496
614.9675	0.0824079852687869
613.5505	0.0828011922111287
612.1335	0.0833442430417249
610.7165	0.0835234366290596
609.2996	0.0848432334308629
607.8826	0.084956617404456
606.4656	0.0854846954286368
605.0486	0.0858049159353578
603.6317	0.0861540213828181
602.2147	0.0863164725433969
600.7977	0.0864347903227885
599.3807	0.0862325595861046
597.9638	0.0864112157847653
596.5468	0.0859327211572439
595.1298	0.0865404104212817
593.7128	0.086697052844109
592.2959	0.0858101429798631
590.8789	0.0865571957997231
589.4619	0.0874521794808546
588.0449	0.087602255478343
586.628	0.0890298675138044
585.211	0.0891847434072293
583.794	0.0908993394263401
582.377	0.0921865542332976
580.9601	0.0925061561819705
579.5431	0.0939360509984294
578.1261	0.0946042227006702
576.7091	0.0956738112751113
575.2922	0.0974113147846223
573.8752	0.0979678088699921
572.4582	0.0988758501349008
571.0412	0.099293760775604
569.6243	0.098980351242773
568.2073	0.0986232162832049
566.7903	0.0983050915834256
565.3733	0.098261771414276
563.9563	0.0974320973849578
562.5394	0.0969221392481153
561.1224	0.0967364393011328
559.7054	0.09565549601793
558.2884	0.0960080853944337
556.8715	0.0959512765227443
555.4545	0.0956928430453753
554.0375	0.0958403562776852
552.6205	0.0952023571640725
551.2036	0.0943083497258219
549.7866	0.094263665884433
548.3696	0.0936853075465418
546.9526	0.0926888512798443
545.5357	0.0940593739294965
544.1187	0.0939137584750249
542.7017	0.0936801668908558
541.2847	0.0947702032531653
539.8678	0.0951844428833865
538.4508	0.0952211791445599
537.0338	0.0966618243068856
535.6168	0.0967037619914686
534.1999	0.0975283054015946
532.7829	0.0983634447736953
531.3659	0.099852057616045
529.9489	0.100236295536756
528.532	0.100824936447702
527.115	0.101225428724205
525.698	0.102352843424785
524.281	0.103520933821491
522.8641	0.103378134284443
521.4471	0.103460511016765
520.0301	0.103662603534948
518.6131	0.103501836416862
517.1962	0.103606982168531
515.7792	0.104044880870678
514.3622	0.103233173141888
512.9452	0.103596135713066
511.5282	0.10418944527929
510.1113	0.10411538818196
508.6943	0.103729288103046
507.2773	0.103306217469478
505.8603	0.102940188242594
504.4434	0.102392042972216
503.0264	0.102078494410079
501.6094	0.102480067291217
500.1924	0.102578230111531
498.7755	0.102778407540143
497.3585	0.102201233950857
495.9415	0.101733074827947
494.5245	0.10160724644179
493.1076	0.101589287755781
491.6906	0.1013350441827
490.2736	0.100600583712171
488.8566	0.100726158623862
487.4397	0.100762800172822
486.0227	0.10123309694774
484.6057	0.100842690399434
483.1887	0.101915754920923
481.7718	0.102887492374551
480.3548	0.103223824777142
478.9378	0.103745300270631
477.5208	0.104025445106076
476.1039	0.102609876726982
474.6869	0.103199313688458
473.2699	0.103037500429626
471.8529	0.102859519143515
470.436	0.103163747799462
469.019	0.101896799787571
467.602	0.101544751779919
466.185	0.10097882295479
464.768	0.100643947568492
463.3511	0.100905804490266
461.9341	0.101770824995541
460.5171	0.101313822703468
459.1001	0.101112594290584
457.6832	0.101513612288503
456.2662	0.101455104864873
454.8492	0.102463297576405
453.4322	0.10207113873007
452.0153	0.102164406034589
450.5983	0.102308706478337
449.1813	0.101515441511581
447.7643	0.102010461650873
446.3474	0.103434906575067
444.9304	0.104207901413726
443.5134	0.104540340807474
442.0964	0.105942484526567
440.6795	0.10652632283826
439.2625	0.107107646449051
437.8455	0.107684038054542
436.4285	0.108033897182468
435.0116	0.108812987567282
433.5946	0.108544861539774
432.1776	0.109543825279059
430.7606	0.109837119402909
429.3437	0.109411247309334
427.9267	0.110155805048058
426.5097	0.111182483985949
425.0927	0.111469521790865
423.6758	0.112135260932898
422.2588	0.112642635426377
420.8418	0.111813042149568
419.4248	0.11202792127441
418.0078	0.112562279243368
416.5909	0.112517741237531
415.1739	0.11162191419877
413.7569	0.111424039613417
412.3399	0.112492328859679
410.923	0.113032019043545
409.506	0.11488593507044
408.089	0.115605056808125
406.672	0.11483839555424
405.2551	0.114609252755653
403.8381	0.114009362020948
402.4211	0.114114459732808
401.0041	0.113972626216813
