3994.4546	0.0208241088121662
3993.0377	0.0214124841656699
3991.6207	0.0217103249838585
3990.2037	0.021598240902737
3988.7867	0.0218794531660734
3987.3698	0.0214428614057101
3985.9528	0.0202559830153587
3984.5358	0.0217526790211215
3983.1188	0.0209136713547419
3981.7019	0.021056464104107
3980.2849	0.0212630500457109
3978.8679	0.0211328730881857
3977.4509	0.0204316816632878
3976.034	0.0206738116722507
3974.617	0.020318135272762
3973.2	0.0211551758784119
3971.783	0.0206962188741113
3970.3661	0.0217696367749964
3968.9491	0.0214129399812037
3967.5321	0.0217270481927798
3966.1151	0.0214498320075077
3964.6982	0.0214752921210928
3963.2812	0.0208698533754214
3961.8642	0.0218434832292253
3960.4472	0.0223882900800132
3959.0303	0.0203381345428634
3957.6133	0.0214017916340256
3956.1963	0.021524311065786
3954.7793	0.02148174674881
3953.3624	0.021947320385785
3951.9454	0.0217096674171828
3950.5284	0.0207800528764464
3949.1114	0.0213702776573136
3947.6944	0.0212878712483653
3946.2775	0.0219485269402726
3944.8605	0.0211508121102325
3943.4435	0.0209686911745951
3942.0265	0.0201460767371103
3940.6096	0.0199226752175823
3939.1926	0.0207402518677193
3937.7756	0.0200315202022782
3936.3586	0.0202137199854951
3934.9417	0.0210626647737267
3933.5247	0.021373358266611
3932.1077	0.0209045336829817
3930.6907	0.0206855160808029
3929.2738	0.0211979949777559
3927.8568	0.0213832977689392
3926.4398	0.0212644849029501
3925.0228	0.0208415998300528
3923.6059	0.0220116886786064
3922.1889	0.020464882824236
3920.7719	0.0209233751339653
3919.3549	0.0215494348460618
3917.938	0.0212412091891864
3916.521	0.0209788957110824
3915.104	0.0202317681526155
3913.687	0.0206628930904808
3912.2701	0.0209727005768548
3910.8531	0.0213823638954873
3909.4361	0.0208016730267636
3908.0191	0.0216229202626486
3906.6022	0.0202942017966968
3905.1852	0.0205486057839087
3903.7682	0.0206150510359191
3902.3512	0.0211339413505378
3900.9342	0.0212112559349736
3899.5173	0.0208231914096286
3898.1003	0.021030699383689
3896.6833	0.0204089628938035
3895.2663	0.0213334284848435
3893.8494	0.0208716679092324
3892.4324	0.0207482246817991
3891.0154	0.021103899304379
3889.5984	0.0194168161185499
3888.1815	0.0199159335696928
3886.7645	0.0206934526528182
3885.3475	0.0203126551964702
3883.9305	0.0207249077518792
3882.5136	0.0198925582285708
3881.0966	0.0208415276141338
3879.6796	0.0201435608442972
3878.2626	0.0204467550162328
3876.8457	0.0204047264229112
3875.4287	0.0200441381237979
3874.0117	0.0212166886022071
3872.5947	0.0209207030881384
3871.1778	0.0214216602333012
3869.7608	0.020419773894627
3868.3438	0.0209593689015548
3866.9268	0.0201096239717998
3865.5099	0.0200015352893367
3864.0929	0.0212253197627639
3862.6759	0.0209393750447192
3861.2589	0.0198574616848944
3859.842	0.021048591518243
3858.425	0.0202995441425837
3857.008	0.0208521334883116
3855.591	0.020692519267902
3854.174	0.0205424758008545
3852.7571	0.0209646238163263
3851.3401	0.0215686122357396
3849.9231	0.0206409852444954
3848.5061	0.0210401068303781
3847.0892	0.0206092161733478
3845.6722	0.0195465491465977
3844.2552	0.0206778268484376
3842.8382	0.0200326349288041
3841.4213	0.0200305571123501
3840.0043	0.0212167440120301
3838.5873	0.0202768783015066
3837.1703	0.0207698815674375
3835.7534	0.0200840310199534
3834.3364	0.0210031303438725
3832.9194	0.020582380663212
3831.5024	0.021372202954152
3830.0855	0.0207641079558466
3828.6685	0.0203252880364879
3827.2515	0.020504266685977
3825.8345	0.0214112907816757
3824.4176	0.0202814248614263
3823.0006	0.0202117298529741
3821.5836	0.0208025339478754
3820.1666	0.0197223159174294
3818.7497	0.0206375596157056
3817.3327	0.0202083338437993
3815.9157	0.0209964939810006
3814.4987	0.0204198694459884
3813.0818	0.0200592988640318
3811.6648	0.0209042001646394
3810.2478	0.0200552467552416
3808.8308	0.0208955781811505
3807.4138	0.0203676674940536
3805.9969	0.0208379108051689
3804.5799	0.0197277567333979
3803.1629	0.0199629558245744
3801.7459	0.0206874283613702
3800.329	0.0199827705212055
3798.912	0.0200144500712593
3797.495	0.0201983534838337
3796.078	0.0200955107644599
3794.6611	0.0200214269738902
3793.2441	0.0208020339010024
3791.8271	0.0205464403452419
3790.4101	0.0203451244861703
3788.9932	0.019519692902735
3787.5762	0.0195439011791473
3786.1592	0.0202789075939013
3784.7422	0.0206572663485249
3783.3253	0.0203668234966302
3781.9083	0.0193469804103571
3780.4913	0.020093003360168
3779.0743	0.0195199904653681
3777.6574	0.0200471728169728
3776.2404	0.0192209418474516
3774.8234	0.0202565364707684
3773.4064	0.0206514649223763
3771.9895	0.0200464387821895
3770.5725	0.0198343439717831
3769.1555	0.0202887670306355
3767.7385	0.0199286011556634
3766.3216	0.0200710388768015
3764.9046	0.0203063932455258
3763.4876	0.0188527871975409
3762.0706	0.0193691843452246
3760.6536	0.0200717884996733
3759.2367	0.0205203703376148
3757.8197	0.0205075861877554
3756.4027	0.0202158093495376
3754.9857	0.0193148926628993
3753.5688	0.0201513993880951
3752.1518	0.020146042277046
3750.7348	0.0197739503614694
3749.3178	0.0194320357422077
3747.9009	0.0187144848911221
3746.4839	0.0204087224463354
3745.0669	0.0202621436506951
3743.6499	0.0201854376895187
3742.233	0.0200071184875466
3740.816	0.0201118665406902
3739.399	0.019843250074064
3737.982	0.020873017578453
3736.5651	0.0190022144988167
3735.1481	0.0196111405878095
3733.7311	0.0199280766616964
3732.3141	0.019660029427842
3730.8972	0.0188601096251352
3729.4802	0.0198159785109289
3728.0632	0.0188901472488813
3726.6462	0.0197741483077046
3725.2293	0.0191722078058358
3723.8123	0.0204006843346488
3722.3953	0.0192577230269993
3720.9783	0.019058949769051
3719.5614	0.0190143353537944
3718.1444	0.0180894589944057
3716.7274	0.0190523379080653
3715.3104	0.0193910467414931
3713.8935	0.0190222819870054
3712.4765	0.0197442774290813
3711.0595	0.0193672400621027
3709.6425	0.0195604776272783
3708.2255	0.0196049876983613
3706.8086	0.0199408364979392
3705.3916	0.0196339012675049
3703.9746	0.0187273452044705
3702.5576	0.0195934852496913
3701.1407	0.020130037491899
3699.7237	0.0186661146968023
3698.3067	0.0189278908969573
3696.8897	0.0184117341940126
3695.4728	0.0181988563415057
3694.0558	0.0192529100516154
3692.6388	0.0202450922465493
3691.2218	0.0193424269142287
3689.8049	0.0181157926904591
3688.3879	0.0187853953679332
3686.9709	0.0191598827746763
3685.5539	0.0181567447276713
3684.137	0.0194608185904358
3682.72	0.0192791506725777
3681.303	0.0192491341605561
3679.886	0.0195205728699767
3678.4691	0.0195203068133823
3677.0521	0.0189026974109738
3675.6351	0.0189041950861387
3674.2181	0.0189226140341151
3672.8012	0.0188355761340499
3671.3842	0.0194315335128465
3669.9672	0.0190729128202303
3668.5502	0.0188217445881316
3667.1333	0.0187624992862989
3665.7163	0.0185918762803141
3664.2993	0.0189212710567832
3662.8823	0.0187722353617942
3661.4653	0.0187969904065766
3660.0484	0.0183705786364123
3658.6314	0.0189557371903014
3657.2144	0.0188893469218668
3655.7974	0.0196046925769672
3654.3805	0.0194081465724708
3652.9635	0.0194286031436383
3651.5465	0.0193254269607637
3650.1295	0.0189491854559256
3648.7126	0.0194044513143562
3647.2956	0.0206880425463229
3645.8786	0.0198370676039787
3644.4616	0.0193900802478072
3643.0447	0.0187283875602607
3641.6277	0.0207747387847762
3640.2107	0.0193866157852932
3638.7937	0.0198237333049322
3637.3768	0.0196825029417079
3635.9598	0.0193912829674085
3634.5428	0.0200547720807349
3633.1258	0.0206389451142723
3631.7089	0.0202000406800221
3630.2919	0.0208230123176864
3628.8749	0.0201372458355305
3627.4579	0.021180400925953
3626.041	0.020102516043095
3624.624	0.0206448759046105
3623.207	0.0199516676438864
3621.79	0.0215372166199835
3620.3731	0.0210208206291216
3618.9561	0.0208252305048871
3617.5391	0.0209587973089094
3616.1221	0.0216026621095839
3614.7051	0.0207953761698046
3613.2882	0.0218817109007731
3611.8712	0.0219553930772048
3610.4542	0.0216514482142343
3609.0372	0.0220822701906237
3607.6203	0.0218448198869284
3606.2033	0.0221319713666626
3604.7863	0.0220071000316469
3603.3693	0.0234678981386454
3601.9524	0.021724968398486
3600.5354	0.0231372603523605
3599.1184	0.0228314947871637
3597.7014	0.0232355749082225
3596.2845	0.0233650219302922
3594.8675	0.0232894408902051
3593.4505	0.0231693618090381
3592.0335	0.023371705871286
3590.6166	0.0232753828478035
3589.1996	0.0242896667329881
3587.7826	0.024070349121768
3586.3656	0.0248010605555862
3584.9487	0.0248402413884351
3583.5317	0.0251170574096843
3582.1147	0.0251614372299329
3580.6977	0.0242187995352311
3579.2808	0.0259395520535265
3577.8638	0.024844316831111
3576.4468	0.0257192422218732
3575.0298	0.0258936881795119
3573.6129	0.0265151857583187
3572.1959	0.0267776067248748
3570.7789	0.0275501860956859
3569.3619	0.0272716792565883
3567.9449	0.0276422974822831
3566.528	0.0283726559831015
3565.111	0.0285388766884162
3563.694	0.0277225677655914
3562.277	0.0282699384160012
3560.8601	0.028737537058279
3559.4431	0.028658731905628
3558.0261	0.0289864441613113
3556.6091	0.0302825470532975
3555.1922	0.0289352664551651
3553.7752	0.0294122140655701
3552.3582	0.0296864265867691
3550.9412	0.0306853421207455
3549.5243	0.0311370612916757
3548.1073	0.031612725537171
3546.6903	0.0318815244499132
3545.2733	0.031082956558427
3543.8564	0.0320125859326404
3542.4394	0.0323060073394976
3541.0224	0.0323180059103653
3539.6054	0.0336434956960421
3538.1885	0.0328090784396248
3536.7715	0.0343485698697018
3535.3545	0.0338650009791457
3533.9375	0.0341843576189413
3532.5206	0.0339362791252158
3531.1036	0.0356867589085308
3529.6866	0.0356536931073046
3528.2696	0.0351620207872266
3526.8527	0.0354686596354288
3525.4357	0.0352617974278751
3524.0187	0.0355101711564483
3522.6017	0.0369468258297952
3521.1847	0.0359150170931098
3519.7678	0.036823987301527
3518.3508	0.0371385680328335
3516.9338	0.0367605572032403
3515.5168	0.0373950269868586
3514.0999	0.0377803929268967
3512.6829	0.0382444994287198
3511.2659	0.0389109982379629
3509.8489	0.0393070879868636
3508.432	0.0389496877410963
3507.015	0.0392353163408436
3505.598	0.0400855833152396
3504.181	0.0404544540792883
3502.7641	0.0406938170769003
3501.3471	0.0408812264363867
3499.9301	0.0408854938177843
3498.5131	0.0407511049171857
3497.0962	0.0411374453202214
3495.6792	0.0422521095933958
3494.2622	0.0425298491348627
3492.8452	0.0436027000428697
3491.4283	0.0427482827093867
3490.0113	0.0430950298206102
3488.5943	0.0440689062231512
3487.1773	0.0431527754231507
3485.7604	0.0435556444526819
3484.3434	0.0460767000404365
3482.9264	0.0448773586430991
3481.5094	0.0450602746526856
3480.0925	0.0450384390187329
3478.6755	0.0463268660112627
3477.2585	0.0456767954528057
3475.8415	0.0457513366787221
3474.4245	0.0464077744209301
3473.0076	0.047450109834335
3471.5906	0.0472219800834334
3470.1736	0.0478587475214458
3468.7566	0.0475720736366816
3467.3397	0.0477209415977889
3465.9227	0.0485772056109725
3464.5057	0.0480885065931356
3463.0887	0.0494382092923373
3461.6718	0.0494487694667055
3460.2548	0.049230412293869
3458.8378	0.0491848277424282
3457.4208	0.0504774664393804
3456.0039	0.0499045765049889
3454.5869	0.0502343543434228
3453.1699	0.0513137136806078
3451.7529	0.0510222609170879
3450.336	0.0515431440977734
3448.919	0.0513872765833864
3447.502	0.052089885170376
3446.085	0.0516175733105877
3444.6681	0.0520597227738631
3443.2511	0.0524240862761636
3441.8341	0.0527085721876329
3440.4171	0.0529320729115165
3439.0002	0.0538604151520203
3437.5832	0.054274171515309
3436.1662	0.0540579149604223
3434.7492	0.0544338092541944
3433.3323	0.0553125383721815
3431.9153	0.0550738488890505
3430.4983	0.0549583765234615
3429.0813	0.0560035017497505
3427.6643	0.0557537164427503
3426.2474	0.0557572667258445
3424.8304	0.0561659754077317
3423.4134	0.0559150739464873
3421.9964	0.0575175239672909
3420.5795	0.0569429702964664
3419.1625	0.0569963032914627
3417.7455	0.0574998211411968
3416.3285	0.0578083295207256
3414.9116	0.0582249630842455
3413.4946	0.058691947153466
3412.0776	0.0586674160821108
3410.6606	0.0585748093725077
3409.2437	0.0590047886161708
3407.8267	0.0599323870055589
3406.4097	0.0595293094413331
3404.9927	0.0596727038618192
3403.5758	0.0594064372046155
3402.1588	0.0601880782995621
3400.7418	0.0593368093865302
3399.3248	0.0611976034392685
3397.9079	0.0606583516795593
3396.4909	0.0606042549571618
3395.0739	0.0614829923407495
3393.6569	0.0604103737672897
3392.24	0.0618476421082079
3390.823	0.061232653509581
3389.406	0.0615243912821387
3387.989	0.0619152664490744
3386.5721	0.0627498750126196
3385.1551	0.0623431775811963
3383.7381	0.0627406088858029
3382.3211	0.0631510812361256
3380.9041	0.0623590483152676
3379.4872	0.0630356998352603
3378.0702	0.0635753056132572
3376.6532	0.0625317095126662
3375.2362	0.0639018865209239
3373.8193	0.0639198149427124
3372.4023	0.0636496571735152
3370.9853	0.0641332197031778
3369.5683	0.0648007529223222
3368.1514	0.0644404302940089
3366.7344	0.0647735996007379
3365.3174	0.0651755591699077
3363.9004	0.0651946843821464
3362.4835	0.0648080223924696
3361.0665	0.0657875479873581
3359.6495	0.0651939284103978
3358.2325	0.0657707092414247
3356.8156	0.0659629564604727
3355.3986	0.0668067967316277
3353.9816	0.0660345345280508
3352.5646	0.0661614770964649
3351.1477	0.0664423098875748
3349.7307	0.0675030139678687
3348.3137	0.0672165369290767
3346.8967	0.0666092688130317
3345.4798	0.0678204324582839
3344.0628	0.0671101032262945
3342.6458	0.0678096126399397
3341.2288	0.0676940276830618
3339.8119	0.0678133763205623
3338.3949	0.0686678304412237
3336.9779	0.0677452291398166
3335.5609	0.0681456665948932
3334.1439	0.068486054110644
3332.727	0.0677153244380184
3331.31	0.0683960999574254
3329.893	0.068832428887649
3328.476	0.0690243443226946
3327.0591	0.0689884863741268
3325.6421	0.0685402919848166
3324.2251	0.0686449674225118
3322.8081	0.069214137556654
3321.3912	0.0684842700792423
3319.9742	0.0679852506099616
3318.5572	0.0692990996784532
3317.1402	0.0690531433663572
3315.7233	0.0687340910460268
3314.3063	0.0698724573156628
3312.8893	0.068998696785028
3311.4723	0.0690830980115496
3310.0554	0.0697452589050253
3308.6384	0.0692185313842584
3307.2214	0.0698748561889712
3305.8044	0.0697909957734235
3304.3875	0.0688851835259988
3302.9705	0.0701236619551535
3301.5535	0.0696854514322879
3300.1365	0.0701069574207973
3298.7196	0.0695207080791947
3297.3026	0.0690511083562278
3295.8856	0.0702923924347941
3294.4686	0.0703503449544425
3293.0517	0.0698640278241721
3291.6347	0.0690835177582486
3290.2177	0.0703339126317313
3288.8007	0.0704392187977282
3287.3837	0.0697456112685144
3285.9668	0.0706431293197163
3284.5498	0.0700675327370047
3283.1328	0.0705073185192301
3281.7158	0.069295699299232
3280.2989	0.0704390658122475
3278.8819	0.0699266466001895
3277.4649	0.0704883245792678
3276.0479	0.0696751147509236
3274.631	0.0700455267179592
3273.214	0.0705895425372564
3271.797	0.0709620037825872
3270.38	0.0704972067546511
3268.9631	0.0697891137630835
3267.5461	0.0703034747856118
3266.1291	0.070407732308515
3264.7121	0.071130190902961
3263.2952	0.070445343665022
3261.8782	0.0709483569147855
3260.4612	0.0712027916577546
3259.0442	0.0698764596288597
3257.6273	0.0708094469280813
3256.2103	0.0689425612449958
3254.7933	0.0712119776714678
3253.3763	0.0690642127673008
3251.9594	0.0702772154521057
3250.5424	0.070392548185353
3249.1254	0.070425904102501
3247.7084	0.0691131332516364
3246.2915	0.0692856582185668
3244.8745	0.0694059739179146
3243.4575	0.070347648616559
3242.0405	0.0697713881675734
3240.6235	0.0697454522045954
3239.2066	0.0699356336425045
3237.7896	0.0702896388878379
3236.3726	0.0705037564397414
3234.9556	0.0692936328920298
3233.5387	0.0695189601908123
3232.1217	0.0690003609301669
3230.7047	0.0698774151891921
3229.2877	0.0698033830439668
3227.8708	0.0689713200935732
3226.4538	0.0689185344611523
3225.0368	0.0696997539674827
3223.6198	0.0688441345853031
3222.2029	0.0686282047817883
3220.7859	0.0691155502367042
3219.3689	0.069721024825225
3217.9519	0.0693971994400557
3216.535	0.0690034629253784
3215.118	0.0686092428647813
3213.701	0.0681412166250715
3212.284	0.0684613343527063
3210.8671	0.0688501214678696
3209.4501	0.0690481088267208
3208.0331	0.068005719159993
3206.6161	0.0677755895564802
3205.1992	0.0680815387926716
3203.7822	0.0683869419655878
3202.3652	0.0675708548314459
3200.9482	0.0677377334975647
3199.5313	0.0672934643545954
3198.1143	0.0671888211727722
3196.6973	0.0673440308261409
3195.2803	0.0667918863775481
3193.8633	0.0660670093223289
3192.4464	0.0670425598018247
3191.0294	0.0656731200480388
3189.6124	0.0670654215904757
3188.1954	0.0665522201732503
3186.7785	0.0668164588661477
3185.3615	0.0654622839397593
3183.9445	0.0647207148153327
3182.5275	0.0659869828258428
3181.1106	0.0654993403017081
3179.6936	0.0655696781614811
3178.2766	0.0644072651863305
3176.8596	0.0653639804045375
3175.4427	0.0640835200234856
3174.0257	0.0645551016961757
3172.6087	0.0646650660606443
3171.1917	0.0649524364661667
3169.7748	0.0638770329414202
3168.3578	0.0636030959139254
3166.9408	0.0639871538980957
3165.5238	0.0643531487917842
3164.1069	0.0636308243287469
3162.6899	0.0630884101837342
3161.2729	0.063177695518606
3159.8559	0.0621806281996189
3158.439	0.0632825407795584
3157.022	0.0627459933518099
3155.605	0.0626469082159938
3154.188	0.0618002469383356
3152.7711	0.0610285872389361
3151.3541	0.0622112305269408
3149.9371	0.0602491597402804
3148.5201	0.0608912067533537
3147.1031	0.0619159473484096
3145.6862	0.0612946494953663
3144.2692	0.0612976869216879
3142.8522	0.0605702362665346
3141.4352	0.0603019187656717
3140.0183	0.0604605726530824
3138.6013	0.0610376310640959
3137.1843	0.0606684372821072
3135.7673	0.0610341845962362
3134.3504	0.0599145831398477
3132.9334	0.0599135678549006
3131.5164	0.060678844551592
3130.0994	0.0599172929879412
3128.6825	0.0591014635624795
3127.2655	0.0581702421898173
3125.8485	0.0586399972741228
3124.4315	0.0576167345497677
3123.0146	0.0578986094840191
3121.5976	0.0589593142878645
3120.1806	0.0582988688023381
3118.7636	0.0582077991996889
3117.3467	0.0578377446885141
3115.9297	0.0575279320211637
3114.5127	0.05787688651249
3113.0957	0.0570146733974365
3111.6788	0.0569669622548148
3110.2618	0.057025286415082
3108.8448	0.056103605673908
3107.4278	0.0565858741228612
3106.0109	0.0564472152563693
3104.5939	0.0558122435758766
3103.1769	0.0561030170419231
3101.7599	0.0557684689724495
3100.3429	0.0551149571688949
3098.926	0.0555368051844404
3097.509	0.0550921923867876
3096.092	0.0545547085819973
3094.675	0.054026636382726
3093.2581	0.0545971913567734
3091.8411	0.0540203721076726
3090.4241	0.0540407584233143
3089.0071	0.054236745260289
3087.5902	0.0537954960059714
3086.1732	0.0540045433851421
3084.7562	0.0533100664300348
3083.3392	0.053548580074116
3081.9223	0.0533190432790257
3080.5053	0.0528244507138081
3079.0883	0.0526016073974264
3077.6713	0.0524989393354091
3076.2544	0.0527965673463652
3074.8374	0.0534472142208548
3073.4204	0.0529782997643962
3072.0034	0.0524287092326515
3070.5865	0.0521176630244232
3069.1695	0.0514330037624559
3067.7525	0.0516469733768133
3066.3355	0.0506919760732572
3064.9186	0.0511533991511665
3063.5016	0.0503996679694586
3062.0846	0.0508439948593525
3060.6676	0.0507440697839005
3059.2507	0.0499834206414276
3057.8337	0.0500106169936661
3056.4167	0.0494905839314648
3054.9997	0.04975556443852
3053.5827	0.0491408249282911
3052.1658	0.0501823635255073
3050.7488	0.0492231511022626
3049.3318	0.0497031032463096
3047.9148	0.0498960190431328
3046.4979	0.0494148334400538
3045.0809	0.0488721232343682
3043.6639	0.0492310401646087
3042.2469	0.048392678435001
3040.83	0.0487161743418748
3039.413	0.0479518209109934
3037.996	0.0475252246052317
3036.579	0.0484257621733973
3035.1621	0.046747549586185
3033.7451	0.0477099396257377
3032.3281	0.0466040159563072
3030.9111	0.0468972931890503
3029.4942	0.0470492605059955
3028.0772	0.0463947276516786
3026.6602	0.0465967067446252
3025.2432	0.0467169637043289
3023.8263	0.0464871928600384
3022.4093	0.0471070850980667
3020.9923	0.0456814169043408
3019.5753	0.0455699770693927
3018.1584	0.0457670596852972
3016.7414	0.0447629375948256
3015.3244	0.0463165227744283
3013.9074	0.0463150888345742
3012.4905	0.0456089000015321
3011.0735	0.0448021428535963
3009.6565	0.0439555617710994
3008.2395	0.0454253685883612
3006.8225	0.044740470964768
3005.4056	0.0458720302553663
3003.9886	0.0446518982577133
3002.5716	0.0444196063294234
3001.1546	0.0454204227897168
2999.7377	0.0445217421388014
2998.3207	0.0442364057619039
2996.9037	0.0444608554590629
2995.4867	0.0448567910598368
2994.0698	0.0449807069575455
2992.6528	0.0448413594105032
2991.2358	0.0448073389814783
2989.8188	0.0450300273182013
2988.4019	0.0434723290865864
2986.9849	0.0447109680452863
2985.5679	0.0439645999629178
2984.1509	0.0445032105323977
2982.734	0.0453620898431276
2981.317	0.0449569672853397
2979.9	0.0452109267313643
2978.483	0.0458795211215817
2977.0661	0.0450147880216628
2975.6491	0.0453983520416369
2974.2321	0.0465431515736265
2972.8151	0.0458942359602768
2971.3982	0.0454229343682391
2969.9812	0.045673657849445
2968.5642	0.0471982943274754
2967.1472	0.0476113171672949
2965.7303	0.0475375257537229
2964.3133	0.0471088853607629
2962.8963	0.0466986031483061
2961.4793	0.0468902721249148
2960.0623	0.0481287321632005
2958.6454	0.0489790285366289
2957.2284	0.0482203890615298
2955.8114	0.0489087358671688
2954.3944	0.0490929330501539
2952.9775	0.0501321239989754
2951.5605	0.0501189863587807
2950.1435	0.0502069742199649
2948.7265	0.0500015176415859
2947.3096	0.0507597144421199
2945.8926	0.0508274940499313
2944.4756	0.0518041879990769
2943.0586	0.0525939956721442
2941.6417	0.0525341301799593
2940.2247	0.0523322482686835
2938.8077	0.0522612806655353
2937.3907	0.0533987623208409
2935.9738	0.0542642832447661
2934.5568	0.0548274744731613
2933.1398	0.0552234390278934
2931.7228	0.0552151275417469
2930.3059	0.0549856685605747
2928.8889	0.055929937582671
2927.4719	0.0570383655815643
2926.0549	0.0565830563529662
2924.638	0.0558501604705796
2923.221	0.0557849259188137
2921.804	0.0552506793551261
2920.387	0.05560208959805
2918.9701	0.0559125151300496
2917.5531	0.0558935674571838
2916.1361	0.0568084877580909
2914.7191	0.055149591575867
2913.3021	0.0551543120709076
2911.8852	0.0557263142822664
2910.4682	0.0554222086208947
2909.0512	0.0543185353153402
2907.6342	0.0554984212292257
2906.2173	0.0541503295486195
2904.8003	0.054694264737294
2903.3833	0.054307802274893
2901.9663	0.0546911086287963
2900.5494	0.0540033524159521
2899.1324	0.0540876585791752
2897.7154	0.0543314932800402
2896.2984	0.0542905304602015
2894.8815	0.0542055828518587
2893.4645	0.0537048954731861
2892.0475	0.0542971484448922
2890.6305	0.0533818223280295
2889.2136	0.0536713710458959
2887.7966	0.0544691567914054
2886.3796	0.0534911589386209
2884.9626	0.0533347935194995
2883.5457	0.0527600861883369
2882.1287	0.0531028501570545
2880.7117	0.0529672600645915
2879.2947	0.0524637791461668
2877.8778	0.0518653314847047
2876.4608	0.0522500832609054
2875.0438	0.0520641380674124
2873.6268	0.0522848778085264
2872.2099	0.0515741848178431
2870.7929	0.0511796850270553
2869.3759	0.0519266029352763
2867.9589	0.0506216218549569
2866.5419	0.0512163502165496
2865.125	0.0504631867471546
2863.708	0.050345673809875
2862.291	0.0502368575475338
2860.874	0.0505601583508819
2859.4571	0.0500333284099677
2858.0401	0.0503015126243373
2856.6231	0.0492547216343495
2855.2061	0.0503551988429628
2853.7892	0.0488226230588325
2852.3722	0.0496293978601767
2850.9552	0.0495666601569171
2849.5382	0.0484131122827096
2848.1213	0.0481995982645189
2846.7043	0.0485905924496001
2845.2873	0.0480968292129464
2843.8703	0.0487263063082623
2842.4534	0.0483971893594773
2841.0364	0.0473821971021854
2839.6194	0.0481016905348158
2838.2024	0.0473462662493466
2836.7855	0.0466167737185792
2835.3685	0.0471473143946797
2833.9515	0.0463946450571032
2832.5345	0.0466341415283206
2831.1176	0.046493541268675
2829.7006	0.0450742128793167
2828.2836	0.0460944542678316
2826.8666	0.0449677515296969
2825.4497	0.0454343930038828
2824.0327	0.0458748358457732
2822.6157	0.0455793687832966
2821.1987	0.0453420099379733
2819.7817	0.0441067006086076
2818.3648	0.0436717407644327
2816.9478	0.0439929227448907
2815.5308	0.0436931509250439
2814.1138	0.0449894235521722
2812.6969	0.044223701648158
2811.2799	0.044746035346382
2809.8629	0.0444032480175512
2808.4459	0.0435001732764025
2807.029	0.0427443789285831
2805.612	0.0434185660875192
2804.195	0.043241490689124
2802.778	0.0427250398901115
2801.3611	0.0429808061142466
2799.9441	0.0439818357060853
2798.5271	0.0434253694174568
2797.1101	0.0428043826078824
2795.6932	0.0430933587122533
2794.2762	0.0425952585572708
2792.8592	0.0427658770196735
2791.4422	0.0425295053065683
2790.0253	0.0425998142948668
2788.6083	0.0427541249056059
2787.1913	0.0422500970925343
2785.7743	0.0423633987676331
2784.3574	0.0421991557053875
2782.9404	0.0424445068672313
2781.5234	0.0422200376004398
2780.1064	0.042344283971995
2778.6895	0.0420354377973068
2777.2725	0.0417845166473553
2775.8555	0.0416992251288533
2774.4385	0.0422561971299775
2773.0215	0.0414560599401583
2771.6046	0.0420190222225209
2770.1876	0.04143615274646
2768.7706	0.0406314158231977
2767.3536	0.0417650367708231
2765.9367	0.0407445417407548
2764.5197	0.0418362287147074
2763.1027	0.0411641044025364
2761.6857	0.0407243316930604
2760.2688	0.0413311791124379
2758.8518	0.0410260956713301
2757.4348	0.0420032325688808
2756.0178	0.041132783482627
2754.6009	0.0405996992469173
2753.1839	0.0405172693850452
2751.7669	0.0415384578429748
2750.3499	0.0411503621814974
2748.933	0.0413290306890278
2747.516	0.0407496422411169
2746.099	0.0404890508869348
2744.682	0.0408600182291319
2743.2651	0.0404113014048466
2741.8481	0.0401870165210509
2740.4311	0.040606844327893
2739.0141	0.0411214962615733
2737.5972	0.0401667694514311
2736.1802	0.0406196318218872
2734.7632	0.0406082941631069
2733.3462	0.0409575630011953
2731.9293	0.0407623109148181
2730.5123	0.040388320490438
2729.0953	0.0407443631535404
2727.6783	0.0407270161953222
2726.2613	0.0408392135515669
2724.8444	0.0395917194533184
2723.4274	0.0405731216318323
2722.0104	0.0399326552775952
2720.5934	0.0400962432198461
2719.1765	0.0404646989139827
2717.7595	0.0399016841987515
2716.3425	0.0403902133915259
2714.9255	0.0394015357570127
2713.5086	0.040260522089971
2712.0916	0.0402514712913443
2710.6746	0.0388708169321597
2709.2576	0.0397598559763853
2707.8407	0.0402227686365994
2706.4237	0.0402672979763838
2705.0067	0.0394568059485296
2703.5897	0.0396521652526884
2702.1728	0.0402422358840488
2700.7558	0.039697686698751
2699.3388	0.0400769416472219
2697.9218	0.0392226523700083
2696.5049	0.0395469429655138
2695.0879	0.0386923840911148
2693.6709	0.0396926888811231
2692.2539	0.0390957919280852
2690.837	0.0387507095704214
2689.42	0.0387728013043024
2688.003	0.0395461872973449
2686.586	0.0392260152823775
2685.1691	0.0395203694174876
2683.7521	0.0384176911121304
2682.3351	0.0393662040309489
2680.9181	0.039321458997501
2679.5011	0.0397055366825968
2678.0842	0.0394046899114347
2676.6672	0.038430973808098
2675.2502	0.0387630485861601
2673.8332	0.0396257571062034
2672.4163	0.0388590768308921
2670.9993	0.0393952885917876
2669.5823	0.037735385035495
2668.1653	0.0385846566656836
2666.7484	0.0391997755505224
2665.3314	0.0382716661906871
2663.9144	0.0391280913136481
2662.4974	0.0386809676944955
2661.0805	0.0380047977158114
2659.6635	0.0390188830951
2658.2465	0.0379796862954027
2656.8295	0.0385539878813589
2655.4126	0.0383312555613428
2653.9956	0.0382455723122599
2652.5786	0.0390208729303029
2651.1616	0.0378634946115939
2649.7447	0.038575798542088
2648.3277	0.0377125683891269
2646.9107	0.0379194461200073
2645.4937	0.0381945787185851
2644.0768	0.0385994627118933
2642.6598	0.0381562790423852
2641.2428	0.0377480952966198
2639.8258	0.037693745851022
2638.4089	0.0383073047551302
2636.9919	0.0377223355624303
2635.5749	0.0374154367884227
2634.1579	0.0378056359633852
2632.741	0.0372039685475953
2631.324	0.0374423912752556
2629.907	0.0362307841782153
2628.49	0.037680389115933
2627.073	0.036807409838798
2625.6561	0.0368623069676016
2624.2391	0.0373600751313824
2622.8221	0.0374395096057257
2621.4051	0.0364842943206361
2619.9882	0.0370596069712513
2618.5712	0.0368840026421741
2617.1542	0.0372846291920943
2615.7372	0.0365471941465645
2614.3203	0.0366582958837719
2612.9033	0.0365832076205689
2611.4863	0.0371861691505632
2610.0693	0.0370538787521552
2608.6524	0.0366353866745779
2607.2354	0.0363938056131496
2605.8184	0.0367162624579679
2604.4014	0.0361542819075103
2602.9845	0.0357389046563747
2601.5675	0.0353569515707474
2600.1505	0.0362047437455708
2598.7335	0.035285859854931
2597.3166	0.0360321619200698
2595.8996	0.0363167112389668
2594.4826	0.035882000451982
2593.0656	0.0362962599618338
2591.6487	0.0362300761491003
2590.2317	0.0358731651528822
2588.8147	0.0357477715694348
2587.3977	0.0356301588206505
2585.9808	0.0349872744975449
2584.5638	0.0350919252083535
2583.1468	0.0354257199378872
2581.7298	0.035370806350769
2580.3128	0.0358639820638515
2578.8959	0.035466455578203
2577.4789	0.0357111605792029
2576.0619	0.0351004822791066
2574.6449	0.0354440824208649
2573.228	0.0346591104959248
2571.811	0.0345213383593511
2570.394	0.0355394875405301
2568.977	0.0346083601315891
2567.5601	0.0348672608816709
2566.1431	0.0347389714276499
2564.7261	0.0349955601619212
2563.3091	0.0355350422226819
2561.8922	0.0347295228330298
2560.4752	0.0349489533351774
2559.0582	0.0345674717155922
2557.6412	0.0340839626835424
2556.2243	0.0346639002153708
2554.8073	0.0339502574269105
2553.3903	0.0342774510991224
2551.9733	0.0346619058233811
2550.5564	0.0336057628271528
2549.1394	0.0342773326246828
2547.7224	0.0333941373323362
2546.3054	0.0349804291501577
2544.8885	0.0342875362873985
2543.4715	0.0339884301945062
2542.0545	0.033492681057258
2540.6375	0.03388671677922
2539.2206	0.0329366060210706
2537.8036	0.0341624723208416
2536.3866	0.0339891795528969
2534.9696	0.0333511977153148
2533.5526	0.0342112430056279
2532.1357	0.0346945081083821
2530.7187	0.0331454096230584
2529.3017	0.033078457844108
2527.8847	0.0330152450098288
2526.4678	0.0325839183863601
2525.0508	0.0341229736086982
2523.6338	0.0339349510535747
2522.2168	0.033829195913597
2520.7999	0.0336715869950305
2519.3829	0.0336778172640638
2517.9659	0.033609132736187
2516.5489	0.0335412276127604
2515.132	0.0329985642442363
2513.715	0.033199447323621
2512.298	0.0338943116510123
2510.881	0.0331824742086032
2509.4641	0.033406520731716
2508.0471	0.0337736362473837
2506.6301	0.0334197511997265
2505.2131	0.033761954500936
2503.7962	0.0327961906830752
2502.3792	0.0326628549597289
2500.9622	0.0330255600491181
2499.5452	0.0336124029703178
2498.1283	0.0332460847540171
2496.7113	0.0341282716105533
2495.2943	0.0336314706491235
2493.8773	0.033586853706274
2492.4604	0.0330523454324893
2491.0434	0.0336773031662172
2489.6264	0.0335029332533732
2488.2094	0.0328808065413959
2486.7924	0.0325734304411209
2485.3755	0.0324897624108841
2483.9585	0.0333774440000124
2482.5415	0.0325595386668799
2481.1245	0.0321027256453183
2479.7076	0.0319158610516629
2478.2906	0.0322412330131783
2476.8736	0.0315694541306287
2475.4566	0.0321192336799589
2474.0397	0.0328057264431891
2472.6227	0.0329130760929994
2471.2057	0.0327426327444544
2469.7887	0.0322983783879696
2468.3718	0.032219698842135
2466.9548	0.0333487041258907
2465.5378	0.032851927357452
2464.1208	0.0322129796581404
2462.7039	0.0325024802881834
2461.2869	0.032617841973093
2459.8699	0.0328151060568576
2458.4529	0.0324642562499207
2457.036	0.0324045046428916
2455.619	0.0330049927933843
2454.202	0.0326382713741917
2452.785	0.0328110362731992
2451.3681	0.0322342813334388
2449.9511	0.0315237507009214
2448.5341	0.0320013263627743
2447.1171	0.0323917321481453
2445.7002	0.0323053998316707
2444.2832	0.0323682050129252
2442.8662	0.0320073945646623
2441.4492	0.0323081885151688
2440.0322	0.031298006286446
2438.6153	0.0318918394738351
2437.1983	0.0317798774077217
2435.7813	0.0324197733441072
2434.3643	0.0322952725123508
2432.9474	0.0321186151271477
2431.5304	0.0314534227454557
2430.1134	0.0318986702472531
2428.6964	0.0314854740436672
2427.2795	0.0323357034518977
2425.8625	0.0307959955067243
2424.4455	0.0311780104558523
2423.0285	0.0308920378842031
2421.6116	0.0312963268110138
2420.1946	0.0313659764856342
2418.7776	0.0319179262015588
2417.3606	0.0312576529682639
2415.9437	0.0309901450941618
2414.5267	0.0311543946657628
2413.1097	0.0318190539712332
2411.6927	0.0318615985126896
2410.2758	0.0315189309961503
2408.8588	0.0314830269025454
2407.4418	0.0316004030277099
2406.0248	0.0305660164952157
2404.6079	0.030869197439323
2403.1909	0.0305301348861656
2401.7739	0.0306159197603493
2400.3569	0.0315881924714372
2398.94	0.031160729471716
2397.523	0.0315564656969283
2396.106	0.0307626105430857
2394.689	0.0312528948243279
2393.272	0.0309441726579296
2391.8551	0.0304022471827386
2390.4381	0.0303180390606506
2389.0211	0.0301429722758776
2387.6041	0.0318062196324239
2386.1872	0.0299947823460247
2384.7702	0.0317082766108403
2383.3532	0.0304922003913042
2381.9362	0.0313790681082679
2380.5193	0.0314952469756293
2379.1023	0.0306154841846545
2377.6853	0.0314183053599055
2376.2683	0.0310957584757187
2374.8514	0.0305313420568186
2373.4344	0.0306504410518785
2372.0174	0.0311169632480529
2370.6004	0.0304785775459893
2369.1835	0.0301146258221772
2367.7665	0.0306113150579695
2366.3495	0.0312587203736538
2364.9325	0.0311121743805979
2363.5156	0.0309477582580601
2362.0986	0.0305525229964733
2360.6816	0.0305122174447745
2359.2646	0.0311977077874252
2357.8477	0.0302733029453903
2356.4307	0.0305029187551807
2355.0137	0.0305098915513319
2353.5967	0.0307381692062711
2352.1798	0.0306525253761879
2350.7628	0.031239290743905
2349.3458	0.0304736480885043
2347.9288	0.0310744960110102
2346.5118	0.0312570155778733
2345.0949	0.0313504827542332
2343.6779	0.0319020330525713
2342.2609	0.0300371025031513
2340.8439	0.0313141408594084
2339.427	0.0304072925417826
2338.01	0.0303693273299128
2336.593	0.0301574079180911
2335.176	0.0304288551719263
2333.7591	0.0304057326074202
2332.3421	0.0304880812406576
2330.9251	0.0307615790355251
2329.5081	0.0301704800879359
2328.0912	0.0312144364503502
2326.6742	0.0305391858027268
2325.2572	0.0325054367156874
2323.8402	0.0320043678515458
2322.4233	0.0317024301664212
2321.0063	0.0318042690799782
2319.5893	0.0307422493817086
2318.1723	0.0303110615791903
2316.7554	0.0301494578006531
2315.3384	0.0302830030339726
2313.9214	0.0310456106192517
2312.5044	0.0300321499148377
2311.0875	0.0292082890291407
2309.6705	0.0301590951567841
2308.2535	0.0304356981442225
2306.8365	0.0302447126891749
2305.4196	0.0310274576069603
2304.0026	0.0292235107519797
2302.5856	0.0299809532440497
2301.1686	0.0303051347640486
2299.7516	0.0303964259658963
2298.3347	0.0298242249909923
2296.9177	0.0298266004516277
2295.5007	0.0300395818300671
2294.0837	0.0303061909438786
2292.6668	0.0307457888372947
2291.2498	0.0296606474614902
2289.8328	0.0300888286873452
2288.4158	0.0296097557501711
2286.9989	0.0288830763521467
2285.5819	0.0294171594126004
2284.1649	0.0306309842545271
2282.7479	0.0301671185906504
2281.331	0.030472796837407
2279.914	0.0302568825212313
2278.497	0.0304134833347564
2277.08	0.029518278031663
2275.6631	0.0293685315407609
2274.2461	0.0294282192042092
2272.8291	0.0300001292654666
2271.4121	0.0291418934203656
2269.9952	0.0302061439207161
2268.5782	0.0298175472661705
2267.1612	0.0299462366086486
2265.7442	0.0300387329450105
2264.3273	0.0284255551992939
2262.9103	0.0296140205147971
2261.4933	0.0278201325507148
2260.0763	0.0289940207764667
2258.6594	0.0280768636574815
2257.2424	0.0287628805577458
2255.8254	0.0281476269444101
2254.4084	0.0291641579205313
2252.9914	0.0280782229661273
2251.5745	0.0283752791519195
2250.1575	0.0286263251717374
2248.7405	0.0289661922027186
2247.3235	0.0287966766455681
2245.9066	0.0282069359042563
2244.4896	0.0283585920975756
2243.0726	0.0289173535748005
2241.6556	0.0286544751143609
2240.2387	0.0292340554908049
2238.8217	0.0289168414707108
2237.4047	0.0288091144408013
2235.9877	0.0283259993058843
2234.5708	0.0286241725247617
2233.1538	0.0277836244850891
2231.7368	0.0289814807891804
2230.3198	0.0293113277346433
2228.9029	0.0286031418489676
2227.4859	0.0286335693803226
2226.0689	0.0285111811218108
2224.6519	0.0294422448852883
2223.235	0.0284578206349959
2221.818	0.0289212098883471
2220.401	0.0287464996445279
2218.984	0.0283124696797072
2217.5671	0.0281678938193325
2216.1501	0.0284813674722683
2214.7331	0.0276446105426352
2213.3161	0.0279859843816445
2211.8992	0.0275786710526196
2210.4822	0.0283375317681353
2209.0652	0.0290338585682115
2207.6482	0.028735876505733
2206.2312	0.0280123452075802
2204.8143	0.0276512060077271
2203.3973	0.0281934723400188
2201.9803	0.0295635883245989
2200.5633	0.0289859489070069
2199.1464	0.0282503179105808
2197.7294	0.0285640307809067
2196.3124	0.0271764223690905
2194.8954	0.028452805342918
2193.4785	0.0278139987869421
2192.0615	0.0280586179455041
2190.6445	0.0281296127432661
2189.2275	0.0285352631207026
2187.8106	0.0282722821626357
2186.3936	0.0287152940124459
2184.9766	0.0275559898686122
2183.5596	0.0275966462476689
2182.1427	0.0266367788738351
2180.7257	0.026339116124064
2179.3087	0.0264059110871115
2177.8917	0.0271828081680751
2176.4748	0.0271783168274018
2175.0578	0.0278122402045126
2173.6408	0.0282093867632561
2172.2238	0.0280644217306635
2170.8069	0.028763345573295
2169.3899	0.0288175370209742
2167.9729	0.0281914405075886
2166.5559	0.0306196713752695
2165.139	0.0287839229908048
2163.722	0.0282666785996299
2162.305	0.0286557407047017
2160.888	0.0282856376789405
2159.471	0.0268298078573455
2158.0541	0.0258885469294478
2156.6371	0.025021061584698
2155.2201	0.0243488139781191
2153.8031	0.0238031713070169
2152.3862	0.0244251713305654
2150.9692	0.0245457118980185
2149.5522	0.0258287682215118
2148.1352	0.026074175904943
2146.7183	0.0263008129457588
2145.3013	0.0267741695961826
2143.8843	0.0273816567957245
2142.4673	0.026668563402529
2141.0504	0.0257832842144213
2139.6334	0.0266046448474763
2138.2164	0.0262585203031364
2136.7994	0.0270787616252222
2135.3825	0.0260656593658563
2133.9655	0.0261732591212763
2132.5485	0.0261670781074317
2131.1315	0.0259675446287731
2129.7146	0.0267232010611087
2128.2976	0.0273652357581996
2126.8806	0.0274214806878
2125.4636	0.0280499177393988
2124.0467	0.0277153835220078
2122.6297	0.027722597751447
2121.2127	0.0271059640796935
2119.7957	0.0273432088645154
2118.3788	0.0281972671663088
2116.9618	0.0278158995284666
2115.5448	0.027799575575287
2114.1278	0.0279154320206587
2112.7108	0.0283941520264992
2111.2939	0.0272738629468232
2109.8769	0.028183983459304
2108.4599	0.027418520409815
2107.0429	0.0267634146741984
2105.626	0.0277675298404137
2104.209	0.0281588939152108
2102.792	0.0274372326613063
2101.375	0.0278512946788719
2099.9581	0.0283761458935021
2098.5411	0.0273908966537865
2097.1241	0.0277512786574459
2095.7071	0.0278207499192788
2094.2902	0.026887819550896
2092.8732	0.0264934631016625
2091.4562	0.0273300500622631
2090.0392	0.0272384288486056
2088.6223	0.0270448913307919
2087.2053	0.0275072626806714
2085.7883	0.0276287489985924
2084.3713	0.0277802152057479
2082.9544	0.02803810762402
2081.5374	0.0278843183730652
2080.1204	0.0278007902916638
2078.7034	0.0280029487894008
2077.2865	0.0274224646390465
2075.8695	0.0277377630658638
2074.4525	0.0283401579547331
2073.0355	0.0272887674130971
2071.6186	0.0277226454118987
2070.2016	0.0275017204935178
2068.7846	0.0282581506998202
2067.3676	0.0266615562550582
2065.9506	0.0260574099819359
2064.5337	0.0266469211719213
2063.1167	0.0277883686649108
2061.6997	0.0263210243932961
2060.2827	0.0261751535486135
2058.8658	0.0266747416355991
2057.4488	0.0259232151463872
2056.0318	0.0263491296153748
2054.6148	0.0254407857131864
2053.1979	0.0270667999115912
2051.7809	0.0263070164583166
2050.3639	0.0276270558373047
2048.9469	0.0268582706937333
2047.53	0.0267396702863757
2046.113	0.0262029447025288
2044.696	0.0267125624328096
2043.279	0.0254503373477894
2041.8621	0.0260513733686581
2040.4451	0.026068902830274
2039.0281	0.026011022095298
2037.6111	0.0268829875976898
2036.1942	0.0261206316849679
2034.7772	0.0262940396045354
2033.3602	0.0253238449954258
2031.9432	0.0259668445983481
2030.5263	0.0253729641297756
2029.1093	0.0248957276346265
2027.6923	0.0248326002445647
2026.2753	0.0243325803274827
2024.8584	0.0244873344728909
2023.4414	0.0239139075267752
2022.0244	0.0234395751459157
2020.6074	0.0235854061909505
2019.1904	0.0228423358291721
2017.7735	0.0232822898845488
2016.3565	0.0229514123840941
2014.9395	0.02259769829461
2013.5225	0.0222507031879988
2012.1056	0.0226729577569755
2010.6886	0.0225323091798818
2009.2716	0.0222930017084701
2007.8546	0.0234956869626294
2006.4377	0.0220899569497834
2005.0207	0.0223965834845814
2003.6037	0.0230030290399789
2002.1867	0.0236172964938598
2000.7698	0.0238619344531726
1999.3528	0.0234171206104743
1997.9358	0.0241647448866312
1996.5188	0.0240736932162172
1995.1019	0.0254192857049473
1993.6849	0.0239906838312181
1992.2679	0.0238809958913827
1990.8509	0.0245745944895679
1989.434	0.0242428418325402
1988.017	0.0240686281217165
1986.6	0.0242468188355732
1985.183	0.0253510214575568
1983.7661	0.0247136903098875
1982.3491	0.0246193719800463
1980.9321	0.0242874496441804
1979.5151	0.0247393069691906
1978.0982	0.0244862181239871
1976.6812	0.0236166707142745
1975.2642	0.0218338077998053
1973.8472	0.0214973931485819
1972.4302	0.0223466960052766
1971.0133	0.0221124649110902
1969.5963	0.0229040045399339
1968.1793	0.0229315811439116
1966.7623	0.0232456028920387
1965.3454	0.0234614959227697
1963.9284	0.0233765555838347
1962.5114	0.0230765433216501
1961.0944	0.0221848246779636
1959.6775	0.0220653447865634
1958.2605	0.0226426284084336
1956.8435	0.0224313097328165
1955.4265	0.0223975528181462
1954.0096	0.0234362467651525
1952.5926	0.0243817776428679
1951.1756	0.023864950050522
1949.7586	0.0240942782625062
1948.3417	0.0243436790779191
1946.9247	0.0244053053136192
1945.5077	0.0239445581011564
1944.0907	0.0247510615664974
1942.6738	0.0242327320110067
1941.2568	0.0245021876108079
1939.8398	0.0247518651760537
1938.4228	0.0237653602752465
1937.0059	0.0238202347442667
1935.5889	0.0251001780328029
1934.1719	0.0237948459631129
1932.7549	0.0247764077364904
1931.338	0.0249433936086248
1929.921	0.0242766814315975
1928.504	0.0245466279927104
1927.087	0.0249057872517535
1925.67	0.0246746893363119
1924.2531	0.0255309550474627
1922.8361	0.0247296848812908
1921.4191	0.0245327772447316
1920.0021	0.0247690486387827
1918.5852	0.0243969873170813
1917.1682	0.0241199392238533
1915.7512	0.0243982260065666
1914.3342	0.0246574072080144
1912.9173	0.0242852823413765
1911.5003	0.0247350407842727
1910.0833	0.0252836930372252
1908.6663	0.0255695357229027
1907.2494	0.025710062474172
1905.8324	0.024789798400602
1904.4154	0.0251996871322796
1902.9984	0.0249458185734147
1901.5815	0.0234801413864453
1900.1645	0.0244570196528846
1898.7475	0.0248419376269227
1897.3305	0.0247186542762466
1895.9136	0.0263612896487846
1894.4966	0.0262398903928106
1893.0796	0.0258822808791187
1891.6626	0.0258940588543503
1890.2457	0.0262548119269068
1888.8287	0.025133710409526
1887.4117	0.02592266605839
1885.9947	0.0252339544939338
1884.5778	0.0257688263995817
1883.1608	0.0236743581314193
1881.7438	0.0259898901548857
1880.3268	0.0251051310051892
1878.9098	0.0249918650570964
1877.4929	0.0245219620112734
1876.0759	0.0250926063140569
1874.6589	0.0253377028303081
1873.2419	0.0249857653892838
1871.825	0.0250288155517582
1870.408	0.0254583658649259
1868.991	0.024531319647081
1867.574	0.0248836885168059
1866.1571	0.025604998961115
1864.7401	0.0248394282202345
1863.3231	0.0255274844816606
1861.9061	0.0248543978883568
1860.4892	0.024286783030183
1859.0722	0.0250938981826832
1857.6552	0.0255015773964031
1856.2382	0.0246455925177507
1854.8213	0.0247909654023186
1853.4043	0.0253558352718491
1851.9873	0.025198918497867
1850.5703	0.0256580851595153
1849.1534	0.0242769547963935
1847.7364	0.0255828653076791
1846.3194	0.025184773348359
1844.9024	0.0248191775865995
1843.4855	0.0243897473211394
1842.0685	0.025292722241269
1840.6515	0.0244542946173596
1839.2345	0.0250582001891885
1837.8176	0.0252538399794349
1836.4006	0.0254599612516447
1834.9836	0.024895255958512
1833.5666	0.0241212227656865
1832.1496	0.0244536784707062
1830.7327	0.0243965684130039
1829.3157	0.0251120767935635
1827.8987	0.024556837732266
1826.4817	0.0251616153956451
1825.0648	0.0243355084855752
1823.6478	0.0248007277940316
1822.2308	0.0244226928747444
1820.8138	0.022968070673814
1819.3969	0.0244224072437057
1817.9799	0.0240405193994286
1816.5629	0.0240425090842418
1815.1459	0.0238103451471958
1813.729	0.0252319426235532
1812.312	0.0232112692463124
1810.895	0.0240051419977198
1809.478	0.0237066192259919
1808.0611	0.024202031803318
1806.6441	0.0252894266659908
1805.2271	0.0244935980836128
1803.8101	0.0238186601048637
1802.3932	0.0244100019911765
1800.9762	0.024266615714129
1799.5592	0.0244890083842741
1798.1422	0.023828231353996
1796.7253	0.0243224638585482
1795.3083	0.0241072262287655
1793.8913	0.0243456368906482
1792.4743	0.0243983201768378
1791.0574	0.0243272616951645
1789.6404	0.0248828966912742
1788.2234	0.025067874657655
1786.8064	0.0245530957622593
1785.3894	0.0252588907034145
1783.9725	0.0242658683441679
1782.5555	0.024817123865747
1781.1385	0.0254595223278592
1779.7215	0.0249020785583775
1778.3046	0.0252399536084112
1776.8876	0.0255915867577264
1775.4706	0.0248511263767896
1774.0536	0.0253486544915312
1772.6367	0.0246337694142652
1771.2197	0.0246999607305583
1769.8027	0.0253878374091477
1768.3857	0.0249015647455099
1766.9688	0.0256156467862538
1765.5518	0.0250184775261082
1764.1348	0.0259288985690549
1762.7178	0.0256967342987346
1761.3009	0.0255227839656935
1759.8839	0.0246627544107757
1758.4669	0.0260065889192928
1757.0499	0.0252409148867441
1755.633	0.0247870574476956
1754.216	0.0257018716314711
1752.799	0.0260025773937209
1751.382	0.0256696394611405
1749.9651	0.0273839104004198
1748.5481	0.0260591755170539
1747.1311	0.0271446832900246
1745.7141	0.0262660379530725
1744.2972	0.0282350565560186
1742.8802	0.0271372487434964
1741.4632	0.0276316785322532
1740.0462	0.0268704608382988
1738.6292	0.027793119557903
1737.2123	0.0286635983895904
1735.7953	0.0284976014392154
1734.3783	0.0284221736470237
1732.9613	0.0283360288623464
1731.5444	0.0291272209861447
1730.1274	0.0279741663974534
1728.7104	0.0297113403617416
1727.2934	0.0291468191075007
1725.8765	0.0293945551806842
1724.4595	0.0296210564967154
1723.0425	0.030112941440368
1721.6255	0.0297364880044745
1720.2086	0.0302043355578405
1718.7916	0.0300549076431937
1717.3746	0.030115022601817
1715.9576	0.0309352156034087
1714.5407	0.0324851216051702
1713.1237	0.0319316150902697
1711.7067	0.0312377861456278
1710.2897	0.0319221710326066
1708.8728	0.0317913164943777
1707.4558	0.032286317680684
1706.0388	0.032673911425986
1704.6218	0.031387348938344
1703.2049	0.0331908689471015
1701.7879	0.0329261687228549
1700.3709	0.0334330833319
1698.9539	0.0333554076925291
1697.537	0.0338833562091033
1696.12	0.0344091382351496
1694.703	0.0339748030804662
1693.286	0.0332318302859657
1691.869	0.0342253091482355
1690.4521	0.0342804034369001
1689.0351	0.0348761480711053
1687.6181	0.0349258997292011
1686.2011	0.0355329144940638
1684.7842	0.0347620708189951
1683.3672	0.035436770178606
1681.9502	0.0348687756803925
1680.5332	0.0352580217852981
1679.1163	0.035046396287358
1677.6993	0.0358211395736367
1676.2823	0.0357807415245592
1674.8653	0.0355808395969524
1673.4484	0.036146226312981
1672.0314	0.0362012405011239
1670.6144	0.0363103807778761
1669.1974	0.036158745608746
1667.7805	0.0363662366071355
1666.3635	0.0369908443276741
1664.9465	0.0371626819761812
1663.5295	0.0384265907458951
1662.1126	0.0382070579436393
1660.6956	0.0377533501959032
1659.2786	0.0386448837451806
1657.8616	0.0382206562301497
1656.4447	0.0385829052115246
1655.0277	0.0391197504733396
1653.6107	0.0390009408282453
1652.1937	0.0395000006899832
1650.7768	0.0403987207099162
1649.3598	0.0407946311541125
1647.9428	0.040133068256253
1646.5258	0.0414992892154826
1645.1088	0.0420795462727825
1643.6919	0.0422211812144784
1642.2749	0.0432398462984745
1640.8579	0.0437012982979994
1639.4409	0.0441313249785854
1638.024	0.0449237800254564
1636.607	0.0457993769965183
1635.19	0.0466576587465203
1633.773	0.0479910635825749
1632.3561	0.0475319745689573
1630.9391	0.0487708467883171
1629.5221	0.0486137946514847
1628.1051	0.0492978336670332
1626.6882	0.0498346097800445
1625.2712	0.0506887502040212
1623.8542	0.0507093803916048
1622.4372	0.0512859588783454
1621.0203	0.0523225736972904
1619.6033	0.0517888622570584
1618.1863	0.0520521764042465
1616.7693	0.0514554644681726
1615.3524	0.051769230149894
1613.9354	0.0534001516732527
1612.5184	0.052839720618808
1611.1014	0.0528805923502109
1609.6845	0.0535756743711127
1608.2675	0.0552405591622971
1606.8505	0.0551453239552138
1605.4335	0.0567737404788271
1604.0166	0.0566459173527411
1602.5996	0.0573229928133811
1601.1826	0.0581346799239591
1599.7656	0.0574842215566156
1598.3486	0.0586048425160614
1596.9317	0.0578467699724511
1595.5147	0.0565686146460583
1594.0977	0.0571052817164861
1592.6807	0.0564839906219669
1591.2638	0.0557864468495687
1589.8468	0.0560581110251588
1588.4298	0.0545425888033806
1587.0128	0.0554643687409081
1585.5959	0.054182563103329
1584.1789	0.0539489496292781
1582.7619	0.0532681519759482
1581.3449	0.0529839498634631
1579.928	0.0519794649220281
1578.511	0.0510550125155288
1577.094	0.0509987676073854
1575.677	0.0497001416588253
1574.2601	0.0488687652682352
1572.8431	0.0487663511640652
1571.4261	0.0491914813831079
1570.0091	0.0484331860822961
1568.5922	0.0477629568731934
1567.1752	0.0469498207750406
1565.7582	0.046448948992438
1564.3412	0.044671981683854
1562.9243	0.0445469362905892
1561.5073	0.0437344823401671
1560.0903	0.0441377338874548
1558.6733	0.042408283094975
1557.2564	0.0413254046696252
1555.8394	0.0404279350153961
1554.4224	0.0408093599841866
1553.0054	0.0397058411814405
1551.5885	0.0393567333352526
1550.1715	0.0380819763521857
1548.7545	0.0382090901094252
1547.3375	0.0376707342009684
1545.9205	0.0365868330874622
1544.5036	0.0370301872219783
1543.0866	0.0365803719688673
1541.6696	0.0361721561386658
1540.2526	0.036036642086834
1538.8357	0.034716321484414
1537.4187	0.0349922277432886
1536.0017	0.0349660963253205
1534.5847	0.0350492496205029
1533.1678	0.0355315230671374
1531.7508	0.0352703832643267
1530.3338	0.0350608387951292
1528.9168	0.0357334680963265
1527.4999	0.034580119396262
1526.0829	0.035213079851914
1524.6659	0.0354628680080759
1523.2489	0.0369665259981155
1521.832	0.0376430114373934
1520.415	0.0392391416930834
1518.998	0.0396308246170731
1517.581	0.040137111665049
1516.1641	0.0420335311690274
1514.7471	0.0432699632496788
1513.3301	0.0418670874117854
1511.9131	0.0439331562240356
1510.4962	0.0440692545256548
1509.0792	0.044456189253236
1507.6622	0.0453231806757971
1506.2452	0.0446931342412594
1504.8283	0.0455069139595694
1503.4113	0.0435890916323638
1501.9943	0.0419595340953347
1500.5773	0.0419059652408448
1499.1603	0.0403409270696422
1497.7434	0.0386820423042089
1496.3264	0.0383278514846965
1494.9094	0.0372411805850446
1493.4924	0.0373250670853427
1492.0755	0.0368567636360119
1490.6585	0.035970411849529
1489.2415	0.036477072023809
1487.8245	0.0372352455189554
1486.4076	0.0371229163090428
1484.9906	0.0375677539810883
1483.5736	0.037895040650151
1482.1566	0.0387041675095008
1480.7397	0.0397967441304048
1479.3227	0.0391736887155474
1477.9057	0.0403794373834071
1476.4887	0.0400509141033647
1475.0718	0.0400646865981953
1473.6548	0.0405143311341074
1472.2378	0.0415123099894763
1470.8208	0.0416814686373352
1469.4039	0.0433566766614075
1467.9869	0.0437441838816691
1466.5699	0.0450318358379532
1465.1529	0.0455870942289311
1463.736	0.0469922170346721
1462.319	0.0476103423098265
1460.902	0.0492395335493722
1459.485	0.0488308778366041
1458.0681	0.0497293133022202
1456.6511	0.0510151856985401
1455.2341	0.0507393769681953
1453.8171	0.0512365925298054
1452.4001	0.0511054882220367
1450.9832	0.0525346778182265
1449.5662	0.051236277393104
1448.1492	0.0526410718471578
1446.7322	0.0517719369602621
1445.3153	0.0524483119074858
1443.8983	0.051270996243778
1442.4813	0.0513345024868364
1441.0643	0.0516131129712209
1439.6474	0.0515813254857107
1438.2304	0.0519374296363914
1436.8134	0.0529728619320153
1435.3964	0.0530860258360469
1433.9795	0.0529588159009745
1432.5625	0.0541736820578823
1431.1455	0.0549010513734587
1429.7285	0.0553038516829161
1428.3116	0.0550070199342409
1426.8946	0.0561379992073979
1425.4776	0.0565584098092908
1424.0606	0.0570221246466916
1422.6437	0.0576047956118517
1421.2267	0.0578055897427546
1419.8097	0.0592070934726663
1418.3927	0.0588760330768928
1416.9758	0.0581609386580721
1415.5588	0.0582431109156302
1414.1418	0.0597367096571199
1412.7248	0.0594399708829039
1411.3079	0.0586379780199681
1409.8909	0.0583196938327373
1408.4739	0.0598852645380656
1407.0569	0.0587569509598543
1405.6399	0.0597469231955388
1404.223	0.0595243577502417
1402.806	0.0595207708287
1401.389	0.060043148887289
1399.972	0.0602033604539352
1398.5551	0.0602530921278284
1397.1381	0.0604989371736431
1395.7211	0.0601625057108912
1394.3041	0.0609530098999636
1392.8872	0.0610968173463365
1391.4702	0.0611203998932652
1390.0532	0.0617092774534199
1388.6362	0.0631383223870695
1387.2193	0.0637757650097866
1385.8023	0.0635550651062163
1384.3853	0.0650507344388918
1382.9683	0.064422008602278
1381.5514	0.0633087575440471
1380.1344	0.063077966420549
1378.7174	0.064021348682771
1377.3004	0.0632997417043542
1375.8835	0.0640684031610754
1374.4665	0.0635604451980694
1373.0495	0.0639027746505271
1371.6325	0.0640345543236319
1370.2156	0.0653576178309127
1368.7986	0.0660859434956627
1367.3816	0.0660093540024501
1365.9646	0.0668507417125158
1364.5477	0.067315404749254
1363.1307	0.0679363023152725
1361.7137	0.0678595495234986
1360.2967	0.0668504863445351
1358.8797	0.0666355858708751
1357.4628	0.0673132988914333
1356.0458	0.0652000225062341
1354.6288	0.0649750975750498
1353.2118	0.0648299527859761
1351.7949	0.0640810960547294
1350.3779	0.0636718242428246
1348.9609	0.0632575893973339
1347.5439	0.0633419298412987
1346.127	0.0638985324734637
1344.71	0.0644912901864685
1343.293	0.0641070753825823
1341.876	0.065045190530276
1340.4591	0.0653095120634623
1339.0421	0.0648111200691145
1337.6251	0.065284266321637
1336.2081	0.0647193214459668
1334.7912	0.0650652309849613
1333.3742	0.0647307061119596
1331.9572	0.0645249523102812
1330.5402	0.0634488023567879
1329.1233	0.0644399809541339
1327.7063	0.0636457570114575
1326.2893	0.0629042105193769
1324.8723	0.0625690645995599
1323.4554	0.0620423100019209
1322.0384	0.0619763131887355
1320.6214	0.0612674769634966
1319.2044	0.0602710470196073
1317.7875	0.0598727088714406
1316.3705	0.0592208198203583
1314.9535	0.0585545521186884
1313.5365	0.0576111763067484
1312.1195	0.0579449566979713
1310.7026	0.0579369872689707
1309.2856	0.0585337369618158
1307.8686	0.0584999463451128
1306.4516	0.0573021929262581
1305.0347	0.0570679391449792
1303.6177	0.0579002089786842
1302.2007	0.0583928754172755
1300.7837	0.057947924484245
1299.3668	0.0578613916790892
1297.9498	0.0581703904053108
1296.5328	0.0585688715261017
1295.1158	0.0582100844670108
1293.6989	0.0587677873445011
1292.2819	0.0571476661218844
1290.8649	0.0570741230884291
1289.4479	0.0584529023840941
1288.031	0.0578370094236642
1286.614	0.0577889890525111
1285.197	0.0586781662445722
1283.78	0.0585132711823335
1282.3631	0.0596465842701559
1280.9461	0.0603698091795455
1279.5291	0.0595507224416628
1278.1121	0.0604434640099413
1276.6952	0.0611154426740665
1275.2782	0.0613991465390452
1273.8612	0.0621274767004607
1272.4442	0.0636325397078955
1271.0273	0.063114373983758
1269.6103	0.0639738482684437
1268.1933	0.0637002100821428
1266.7763	0.0633361219224115
1265.3593	0.0626248745384704
1263.9424	0.0625422025999064
1262.5254	0.0623602164559776
1261.1084	0.0617887790203829
1259.6914	0.0622598684630464
1258.2745	0.0627856872738052
1256.8575	0.0621469136630467
1255.4405	0.0615773688751587
1254.0235	0.060951325451491
1252.6066	0.0627515916722318
1251.1896	0.0619778752842472
1249.7726	0.0618511969748962
1248.3556	0.0610252243448083
1246.9387	0.0599302971265061
1245.5217	0.0601650760863678
1244.1047	0.0600705292405037
1242.6877	0.0606106682906442
1241.2708	0.0606610150217097
1239.8538	0.0617749844967841
1238.4368	0.0607698944409081
1237.0198	0.061436082267728
1235.6029	0.0617758879135594
1234.1859	0.0615339069420863
1232.7689	0.0623807198346406
1231.3519	0.0620624105570073
1229.935	0.0602931466731962
1228.518	0.0596413734323002
1227.101	0.0590965469124748
1225.684	0.0586723122683064
1224.2671	0.0575663559632697
1222.8501	0.0566935508843811
1221.4331	0.0556829950388868
1220.0161	0.0564582407414685
1218.5991	0.0542528385321238
1217.1822	0.0548748077712914
1215.7652	0.0545826122366139
1214.3482	0.0533945142632402
1212.9312	0.0545312079062308
1211.5143	0.0527266764492613
1210.0973	0.0525024532416226
1208.6803	0.0521604707418145
1207.2633	0.0507881051130032
1205.8464	0.0514154362182888
1204.4294	0.0516441354969434
1203.0124	0.0505349905966307
1201.5954	0.0503087212740893
1200.1785	0.0491526832889755
1198.7615	0.0493338087800838
1197.3445	0.0487962557711136
1195.9275	0.0483307499444746
1194.5106	0.0477207460772878
1193.0936	0.0469746325035632
1191.6766	0.0474020804643294
1190.2596	0.0461349078977891
1188.8427	0.0461881979757052
1187.4257	0.0441953271267992
1186.0087	0.0440386409468986
1184.5917	0.0447018239138521
1183.1748	0.0430310936405212
1181.7578	0.0444439333173367
1180.3408	0.043743007569607
1178.9238	0.0434421487759648
1177.5069	0.0449554054886836
1176.0899	0.0450943888021471
1174.6729	0.0457959364485019
1173.2559	0.0475255201292629
1171.8389	0.0480425288581848
1170.422	0.0494416526006719
1169.005	0.0516027439421791
1167.588	0.053156946859666
1166.171	0.0570507422779053
1164.7541	0.059393812254912
1163.3371	0.0613710475337659
1161.9201	0.0640384286857147
1160.5031	0.0685509768192374
1159.0862	0.0713849572996404
1157.6692	0.0753117661024074
1156.2522	0.0778760273782434
1154.8352	0.0809957306900724
1153.4183	0.082670093247981
1152.0013	0.0837413304396384
1150.5843	0.0852583179697361
1149.1673	0.0872252376215616
1147.7504	0.0881472961977996
1146.3334	0.0881008976111713
1144.9164	0.087592754398414
1143.4994	0.0861560015521994
1142.0825	0.0850664976783941
1140.6655	0.0837876414243265
1139.2485	0.0828086483545332
1137.8315	0.0815830735032394
1136.4146	0.0810756127289862
1134.9976	0.0803151453431652
1133.5806	0.0792168507482174
1132.1636	0.0786159391723384
1130.7467	0.0793415138300509
1129.3297	0.07921439930448
1127.9127	0.0791823146931084
1126.4957	0.0802770086497432
1125.0787	0.0797831892523043
1123.6618	0.0814464902633579
1122.2448	0.0817578803620059
1120.8278	0.0815780049251904
1119.4108	0.0814773818078634
1117.9939	0.0821529736129244
1116.5769	0.0823704543327903
1115.1599	0.0828722322531832
1113.7429	0.0830335528280924
1112.326	0.0831837454696787
1110.909	0.084414389631355
1109.492	0.0836122322203287
1108.075	0.0855597027599583
1106.6581	0.0866023881845101
1105.2411	0.0872524623913215
1103.8241	0.0881981627278307
1102.4071	0.0883329510433729
1100.9902	0.0894113174494378
1099.5732	0.0898263647286767
1098.1562	0.089348669007916
1096.7392	0.0896876187094382
1095.3223	0.0895812948982314
1093.9053	0.0906867261677649
1092.4883	0.0912051925581513
1091.0713	0.0932368719937448
1089.6544	0.0935629805017311
1088.2374	0.0967976637748249
1086.8204	0.0995442621878659
1085.4034	0.101686685451379
1083.9865	0.10360413161335
1082.5695	0.107853319827811
1081.1525	0.110167741141527
1079.7355	0.112949552091468
1078.3185	0.115090289073708
1076.9016	0.117449656638847
1075.4846	0.115918742168439
1074.0676	0.116733216815368
1072.6506	0.114703033449335
1071.2337	0.112887079323576
1069.8167	0.110097927037885
1068.3997	0.107182129647876
1066.9827	0.106624943881716
1065.5658	0.105139606772722
1064.1488	0.106376283643361
1062.7318	0.106125169042733
1061.3148	0.10767720316291
1059.8979	0.109555075605526
1058.4809	0.111132296095319
1057.0639	0.112450950767689
1055.6469	0.115343871721727
1054.23	0.117115173919405
1052.813	0.119040074952068
1051.396	0.121102223564562
1049.979	0.123600582955949
1048.5621	0.125288391166291
1047.1451	0.128419269841787
1045.7281	0.130078510135395
1044.3111	0.132007175589205
1042.8942	0.135090751707909
1041.4772	0.136899047774953
1040.0602	0.139656513655008
1038.6432	0.141194354601229
1037.2263	0.144203334289776
1035.8093	0.14662717149068
1034.3923	0.148806018502818
1032.9753	0.150317634958282
1031.5583	0.153637338814709
1030.1414	0.157037658237444
1028.7244	0.158438402871161
1027.3074	0.161896547396747
1025.8904	0.164247069089033
1024.4735	0.166403380371343
1023.0565	0.169519961192696
1021.6395	0.17207137346879
1020.2225	0.173431944436938
1018.8056	0.175075938842371
1017.3886	0.177081326307733
1015.9716	0.177536747210831
1014.5546	0.178647205091405
1013.1377	0.179266802324354
1011.7207	0.180635159069434
1010.3037	0.179802726213589
1008.8867	0.180487491694789
1007.4698	0.180940086450524
1006.0528	0.181799525623453
1004.6358	0.181760289068736
1003.2188	0.182173770547625
1001.8019	0.182883386047571
1000.3849	0.18366847808034
998.9679	0.185190752223152
997.5509	0.185762876349851
996.134	0.186961202159956
994.717	0.187178630792749
993.3	0.188192319670015
991.883	0.189328216514809
990.4661	0.189453417564963
989.0491	0.188542144119276
987.6321	0.188507138923942
986.2151	0.186084723508577
984.7981	0.185940878814121
983.3812	0.183029109898685
981.9642	0.181251126596768
980.5472	0.178823611790644
979.1302	0.175918870810195
977.7133	0.173443385909119
976.2963	0.170129980613088
974.8793	0.167991239288908
973.4623	0.163562944371757
972.0454	0.159767574861325
970.6284	0.157123387813295
969.2114	0.153054068505912
967.7944	0.150108023231388
966.3775	0.146022434864404
964.9605	0.142874181766169
963.5435	0.139835046658537
962.1265	0.136999159661488
960.7096	0.133117687093661
959.2926	0.129769667392281
957.8756	0.127724915344327
956.4586	0.125986567168023
955.0417	0.122741486416091
953.6247	0.120168993673503
952.2077	0.118260990174948
950.7907	0.115641807206443
949.3738	0.114066162853133
947.9568	0.111683506311124
946.5398	0.111869887166897
945.1228	0.109639688917055
943.7059	0.109428276916904
942.2889	0.10997047549247
940.8719	0.109998368867275
939.4549	0.109704369007906
938.0379	0.109857480803526
936.621	0.110727359140809
935.204	0.111295031051194
933.787	0.111574511735006
932.37	0.111483041226648
930.9531	0.111205184950546
929.5361	0.11091295776299
928.1191	0.110505151566178
926.7021	0.110622751729045
925.2852	0.111186141288612
923.8682	0.111386831609037
922.4512	0.109884904143809
921.0342	0.109117711945733
919.6173	0.109074048173215
918.2003	0.108351509539113
916.7833	0.107977661035644
915.3663	0.107445651149581
913.9494	0.107031116838735
912.5324	0.106445929891104
911.1154	0.105396799023396
909.6984	0.104584715656038
908.2815	0.102222488883221
906.8645	0.102013709948382
905.4475	0.0996070753838481
904.0305	0.0998639576443686
902.6136	0.0977181433075091
901.1966	0.0963115748606978
899.7796	0.0971800244754007
898.3626	0.0964348810611623
896.9457	0.0949221628673216
895.5287	0.0936510025960294
894.1117	0.0942546966302529
892.6947	0.0927255807217644
891.2777	0.0925502955119764
889.8608	0.092335435529532
888.4438	0.0916798394169533
887.0268	0.0903526595400221
885.6098	0.0894133840184402
884.1929	0.0873728192194647
882.7759	0.0871971500814745
881.3589	0.0863811229332653
879.9419	0.0845446816051098
878.525	0.0851950808573002
877.108	0.084008535117138
875.691	0.0843454318901067
874.274	0.0841879533679917
872.8571	0.0852349286286812
871.4401	0.0850018951153917
870.0231	0.0855218592183111
868.6061	0.0862189634452604
867.1892	0.0866516615556673
865.7722	0.0871587755933508
864.3552	0.0869659830413579
862.9382	0.0886681696109233
861.5213	0.0891594209963609
860.1043	0.0897251802641534
858.6873	0.0898961048171171
857.2703	0.0900635625343832
855.8534	0.0903631964962072
854.4364	0.0905787424517273
853.0194	0.0900790600328218
851.6024	0.0904144162724383
850.1855	0.0897080554804318
848.7685	0.090275231086857
847.3515	0.0899010610710922
845.9345	0.0903241998890992
844.5175	0.0901403900814296
843.1006	0.0898086733204254
841.6836	0.0895670196555088
840.2666	0.0888370757940883
838.8496	0.0885352803339562
837.4327	0.0872215374672063
836.0157	0.0876073421525626
834.5987	0.0867297364962657
833.1817	0.0864826814095834
831.7648	0.0859801746696511
830.3478	0.0849726830159531
828.9308	0.0851284097183147
827.5138	0.0843829561622216
826.0969	0.0847909385574468
824.6799	0.0830946239362655
823.2629	0.0838600561689251
821.8459	0.0822128467526009
820.429	0.082341898891018
819.012	0.0823712829434344
817.595	0.081545597244131
816.178	0.0815527488071434
814.7611	0.0819898020266292
813.3441	0.0812469877628696
811.9271	0.0814002652358753
810.5101	0.080838686860859
809.0932	0.0806699884699449
807.6762	0.0802189908333557
806.2592	0.0804519573557395
804.8422	0.0799773089594848
803.4253	0.0797528141589135
802.0083	0.0794538296204706
800.5913	0.0798528377379411
799.1743	0.0798365336434272
797.7573	0.0799344897488465
796.3404	0.0802860025757248
794.9234	0.0800815404857281
793.5064	0.0805072179734141
792.0894	0.07983911170883
790.6725	0.0802799061876289
789.2555	0.0809529791540885
787.8385	0.0810050958506327
786.4215	0.0826796144940016
785.0046	0.0820613330297364
783.5876	0.0829183399993861
782.1706	0.0823570684175093
780.7536	0.0833655356716669
779.3367	0.0844162769337812
777.9197	0.0848937033935727
776.5027	0.0859849206773199
775.0857	0.0864709319044793
773.6688	0.0879519595522414
772.2518	0.0890009006323901
770.8348	0.0892920437713837
769.4178	0.0905841126002279
768.0009	0.0917904942823779
766.5839	0.0927566961703082
765.1669	0.0936349338304037
763.7499	0.0943362547257188
762.333	0.0952498680210214
760.916	0.0964911715466944
759.499	0.095001285243558
758.082	0.0950269721946142
756.6651	0.0947308123899048
755.2481	0.0945092223937974
753.8311	0.0942782362298098
752.4141	0.0936293359271704
750.9971	0.0923675613275566
749.5802	0.0912026292688155
748.1632	0.0913776575903049
746.7462	0.0900339737940082
745.3292	0.0886417146780502
743.9123	0.087698143596949
742.4953	0.0884348664235118
741.0783	0.0874189067941383
739.6613	0.0870294832851013
738.2444	0.0865439489100223
736.8274	0.0863927947408813
735.4104	0.0876605428919503
733.9934	0.0864918687189903
732.5765	0.0878245280407359
731.1595	0.0865554836106636
729.7425	0.0875306281206679
728.3255	0.0877170194436211
726.9086	0.0886586010759855
725.4916	0.0897104608120915
724.0746	0.0892559767795098
722.6576	0.0900910424855461
721.2407	0.091951203539728
719.8237	0.0913274688110984
718.4067	0.0935066735260315
716.9897	0.0944059194835188
715.5728	0.0942311985615895
714.1558	0.0955256832628277
712.7388	0.0969589831773858
711.3218	0.0965876427490212
709.9049	0.0992834999360274
708.4879	0.0994552471570972
707.0709	0.0988072872659003
705.6539	0.101177186590197
704.2369	0.101654455685706
702.82	0.100791992691238
701.403	0.100707742998676
699.986	0.0996829840470132
698.569	0.100026473439629
697.1521	0.0995320286363816
695.7351	0.0992315603189643
694.3181	0.0986392419899614
692.9011	0.0986248950936378
691.4842	0.0974074739183637
690.0672	0.0990239486448202
688.6502	0.0985860993805995
687.2332	0.0990958320125301
685.8163	0.0982639131837459
684.3993	0.0993665274926952
682.9823	0.0990164707442572
681.5653	0.0993288886944051
680.1484	0.0998020327817681
678.7314	0.0997070212313406
677.3144	0.099404863437546
675.8974	0.0996221894598814
674.4805	0.0998116850456728
673.0635	0.0997182515870175
671.6465	0.101031492065574
670.2295	0.100961518933661
668.8126	0.101748406663071
667.3956	0.102449120497826
665.9786	0.102814239030869
664.5616	0.101756055347281
663.1447	0.102442585489851
661.7277	0.102809355263345
660.3107	0.102538758881212
658.8937	0.103623174667372
657.4767	0.104492881228265
656.0598	0.105187091180316
654.6428	0.104769177128109
653.2258	0.104885236666384
651.8088	0.104837171553591
650.3919	0.105379406917056
648.9749	0.10584362300037
647.5579	0.106824800483124
646.1409	0.106936165322763
644.724	0.10707565044258
643.307	0.106887731287414
641.89	0.107934260903499
640.473	0.108314123795867
639.0561	0.107873703108837
637.6391	0.107882331130137
636.2221	0.108484243158303
634.8051	0.107847949298366
633.3882	0.10824766732459
631.9712	0.107314656686304
630.5542	0.108460723496863
629.1372	0.11016391781725
627.7203	0.110315293433914
626.3033	0.111352660379329
624.8863	0.112881361571107
623.4693	0.112840223453377
622.0524	0.113837587597514
620.6354	0.115977497817234
619.2184	0.116413552426174
617.8014	0.117391930786108
616.3845	0.118632451690227
614.9675	0.119977172900213
613.5505	0.120894759970446
612.1335	0.121807683809616
610.7165	0.123285265789827
609.2996	0.123832396753102
607.8826	0.124654854868428
606.4656	0.124644942990436
605.0486	0.125519873105151
603.6317	0.126654592132841
602.2147	0.125882786201851
600.7977	0.125590464382044
599.3807	0.126027304239292
597.9638	0.125973951513666
596.5468	0.125908713684069
595.1298	0.125206718555631
593.7128	0.125279113307847
592.2959	0.127086242895855
590.8789	0.127111596913562
589.4619	0.127900234711452
588.0449	0.129526560926341
586.628	0.130167020224882
585.211	0.130509790585687
583.794	0.13251494347348
582.377	0.133961399647635
580.9601	0.1355520598374
579.5431	0.138229756472705
578.1261	0.140075754596633
576.7091	0.142020174245745
575.2922	0.143577535369754
573.8752	0.14461457796732
572.4582	0.144390818842117
571.0412	0.144746695412899
569.6243	0.145877067539771
568.2073	0.145129640148203
566.7903	0.143621358769078
565.3733	0.143601738421322
563.9563	0.143701815795411
562.5394	0.143814433607109
561.1224	0.142409849525688
559.7054	0.142994791557594
558.2884	0.142465968756629
556.8715	0.141059559198383
555.4545	0.14096596422332
554.0375	0.139668121456445
552.6205	0.139461485140464
551.2036	0.138887681835501
549.7866	0.137596302533999
548.3696	0.137813497470146
546.9526	0.138293592792948
545.5357	0.138409770755812
544.1187	0.137921769507709
542.7017	0.137773094191898
541.2847	0.138387829867138
539.8678	0.138729680887905
538.4508	0.139709818801937
537.0338	0.141391995991985
535.6168	0.1409396967972
534.1999	0.142994868724934
532.7829	0.143778491549675
531.3659	0.144275409952752
529.9489	0.146714782225649
528.532	0.147121187533498
527.115	0.148800840064143
525.698	0.149329267048234
524.281	0.150292977657326
522.8641	0.15128972296912
521.4471	0.152064625285176
520.0301	0.151171278203134
518.6131	0.151086152177201
517.1962	0.151755497437528
515.7792	0.151515420452487
514.3622	0.150878794981919
512.9452	0.151171985012483
511.5282	0.150480433382927
510.1113	0.150045121907075
508.6943	0.150274121244117
507.2773	0.150777116869618
505.8603	0.150487639333662
504.4434	0.149776188840092
503.0264	0.149722187149201
501.6094	0.149262528348232
500.1924	0.148965892486801
498.7755	0.147760432693541
497.3585	0.148278303036121
495.9415	0.148620711065306
494.5245	0.148327125301735
493.1076	0.148140338533814
491.6906	0.147495925575614
490.2736	0.148420032333086
488.8566	0.148696192121305
487.4397	0.148302229959772
486.0227	0.148431433907631
484.6057	0.148265493126973
483.1887	0.147849466322913
481.7718	0.148226099132047
480.3548	0.148689418554826
478.9378	0.14901017150837
477.5208	0.149333718566002
476.1039	0.148618312407782
474.6869	0.149325857639299
473.2699	0.149177247796324
471.8529	0.149570515875054
470.436	0.146711366386995
469.019	0.146720869740796
467.602	0.145858857485978
466.185	0.146947433256642
464.768	0.146357472989664
463.3511	0.146414785625517
461.9341	0.146251228841062
460.5171	0.145649681523465
459.1001	0.146076703050223
457.6832	0.145883718784543
456.2662	0.146110638104242
454.8492	0.146342966059506
453.4322	0.147169715041299
452.0153	0.146962845472502
450.5983	0.146445348306511
449.1813	0.147560952178844
447.7643	0.14759703782594
446.3474	0.14925171169864
444.9304	0.149602956017417
443.5134	0.150535191062963
442.0964	0.151450862662941
440.6795	0.152313483567494
439.2625	0.153240786785709
437.8455	0.15378456704572
436.4285	0.155806921692729
435.0116	0.157430368570485
433.5946	0.158084519411628
432.1776	0.156702426822954
430.7606	0.15665972554227
429.3437	0.156356200494927
427.9267	0.155780656626862
426.5097	0.154852794303829
425.0927	0.15601481726215
423.6758	0.156644449361309
422.2588	0.158297314341815
420.8418	0.158617832244229
419.4248	0.157796159071237
418.0078	0.157619745806778
416.5909	0.158581833519549
415.1739	0.158728705509516
413.7569	0.158507555721061
412.3399	0.158893440108009
410.923	0.159605092018629
409.506	0.1604422972844
408.089	0.160529313157749
406.672	0.15988171112233
405.2551	0.160893262640522
403.8381	0.160529388227839
402.4211	0.1612762540296
401.0041	0.163072983069456
